
Birth-death simulation object with 726 species and 500 extant species

Details for some species:

Extinction times (NA means extant)
[1] 75.09228 43.64248       NA 30.76886 61.07052 54.09032


Speciation times 
[1] 95.83699 77.16845 75.20054 76.28377 70.22642 59.34573


Species parents (NA for initial)
[1] NA  1  1  2  2  2


Species status (extinct or extant)
[1] "extinct" "extinct" "extant"  "extinct" "extinct" "extinct"


For more details on vector y, try sim$y, with y one of
TE TS PAR EXTANT



$TE
  [1] 75.09228449 43.64247863          NA 30.76885887 61.07052361 54.09031566          NA 48.25436177 69.79053893
 [10] 40.68441584 30.32960613 15.79281745          NA          NA          NA 54.57803313 42.60701787          NA
 [19]          NA          NA 28.10316258 49.72008511 49.09299922 25.42264949 15.07480555          NA          NA
 [28] 30.22490116          NA 11.85162935          NA 15.63744112          NA          NA  1.90094248          NA
 [37] 46.29399749  4.24481365 14.71841376 52.99673383 52.72237488          NA 42.32994569 23.30175054          NA
 [46] 32.52578081 40.45425644 35.20201558 30.17064801          NA          NA          NA 42.98864126          NA
 [55] 39.14227195 35.99953134          NA 20.98402278 42.37180293 31.39965778 27.78356903 30.55677179 16.70246746
 [64]          NA 13.35861818  0.52248872          NA          NA 42.84864576          NA          NA  2.28029645
 [73] 15.12006584          NA          NA          NA 42.64992000          NA 47.98622900          NA          NA
 [82] 44.22518342 23.47790971          NA 14.16702312 28.47207926 29.34722089          NA  6.43376748 37.29279854
 [91] 32.70123809 17.96939202          NA          NA          NA 14.18825462          NA  4.32329982          NA
[100]          NA          NA 19.98484147  4.59198232          NA          NA          NA 43.79214957          NA
[109] 33.97916797 28.06738955          NA          NA          NA          NA 40.26144426 21.07370369 10.50543265
[118]          NA 31.00428948          NA          NA 34.74455250          NA 10.14314905  8.62896745 27.36766324
[127] 16.60188408 32.75868544 18.13951175          NA 39.30838833 33.67385590  9.74269086  3.01675930          NA
[136] 16.22727089 11.71065610          NA          NA 15.63901525          NA 12.84810658 17.91649389 14.75076845
[145]          NA 14.13412575  7.62391920          NA 30.55314478          NA 22.70844641          NA          NA
[154]  5.11398357  5.12607777          NA 23.66589965 31.24172577          NA          NA 14.23873040          NA
[163]  1.59349914 13.23896729 22.55887998 22.08661078 20.95797203  5.03919153  2.87478667          NA  1.52126272
[172]          NA 16.70177295 20.15843973  2.38343378          NA  2.21167734          NA 29.05924810 18.19106438
[181]  0.44863858          NA 12.51914998          NA          NA  9.35260612          NA          NA          NA
[190] 22.77212749          NA          NA          NA          NA 11.58703028 11.12374395  7.66128863          NA
[199]          NA          NA          NA          NA          NA  3.65984621          NA 16.68566571          NA
[208] 21.90226713 21.41986501 15.66136165 12.91408216          NA          NA 25.80662101          NA 13.73836019
[217]          NA          NA          NA          NA  4.82617745 15.13914071          NA 23.14346853 19.88951540
[226]          NA  0.72815640  9.60027121  3.55230303          NA 11.74437792          NA 27.26353768  0.92110439
[235]          NA          NA          NA 18.04783320 11.33064509          NA          NA 18.61099372          NA
[244]          NA          NA          NA          NA          NA          NA          NA 16.09031718          NA
[253]          NA          NA          NA          NA          NA  2.74147449          NA          NA          NA
[262] 23.14446135          NA          NA          NA          NA          NA  6.41957891          NA          NA
[271]  1.08306763 11.04591322          NA          NA  3.69752303          NA  9.40771372  2.12148081 10.03550311
[280]          NA          NA          NA  0.35142064 12.49937005          NA          NA          NA 14.15160116
[289] 21.29771155          NA          NA          NA          NA          NA          NA  9.36166091          NA
[298]          NA          NA          NA          NA          NA  4.03920604          NA          NA  4.21074457
[307] 14.47646212          NA          NA          NA          NA          NA          NA          NA          NA
[316]          NA          NA          NA 10.89473939          NA          NA  0.75433139  8.44964647  2.51104556
[325] 21.76632242 14.84351614          NA  0.12344484 10.73126200          NA          NA          NA 21.86794865
[334]          NA          NA 13.89389092          NA          NA          NA          NA          NA          NA
[343]          NA          NA  9.37027765  2.65062843          NA          NA          NA          NA          NA
[352]          NA          NA          NA          NA 16.70264250  4.88581585          NA          NA          NA
[361]          NA          NA          NA          NA  9.11029621 16.37683220          NA  4.39459727          NA
[370]          NA  2.39256691          NA          NA          NA          NA          NA          NA          NA
[379]          NA          NA          NA          NA          NA          NA          NA 14.18337262          NA
[388]          NA          NA 16.95450405 10.12488964          NA  3.63980383          NA          NA          NA
[397]  5.69394048          NA          NA  7.29347041          NA          NA          NA          NA  2.59725069
[406]  0.73617169          NA  3.27468666  7.37048813 14.73988239          NA          NA          NA          NA
[415]          NA          NA 13.04436662          NA          NA 10.23208154          NA 11.35168616          NA
[424]          NA  6.53499697          NA  3.72021341          NA          NA          NA          NA          NA
[433]  3.63715488          NA 12.97320055          NA          NA  1.89655230          NA          NA          NA
[442]          NA          NA  6.00815276          NA          NA          NA          NA          NA 12.32533510
[451]          NA          NA 10.15590950          NA          NA          NA          NA          NA          NA
[460]          NA          NA          NA          NA          NA          NA          NA          NA          NA
[469]          NA          NA  0.09057598          NA          NA          NA          NA          NA          NA
[478]          NA          NA          NA          NA          NA          NA          NA          NA          NA
[487]          NA 10.44078919          NA  4.10840896          NA  8.08167969          NA          NA  2.11804393
[496]  7.50946543          NA  7.43407794          NA          NA          NA          NA          NA          NA
[505]          NA          NA          NA          NA          NA          NA          NA          NA          NA
[514]  3.18910665          NA          NA          NA          NA          NA          NA          NA  5.18381366
[523]          NA          NA          NA          NA          NA  8.37659550  9.88103196          NA          NA
[532]          NA          NA  3.37727877          NA          NA  0.38092479          NA          NA          NA
[541]  8.12805683  2.03590212          NA          NA          NA  0.63016182          NA          NA          NA
[550]          NA          NA          NA          NA          NA          NA          NA  5.71682776          NA
[559]          NA          NA          NA  2.37282988          NA          NA          NA          NA          NA
[568]          NA          NA          NA          NA          NA  4.27977337          NA          NA          NA
[577]          NA          NA          NA          NA  7.40502299          NA          NA  2.18662951          NA
[586]          NA          NA          NA          NA          NA  1.65115090          NA  3.08406017  0.25552509
[595]          NA          NA          NA          NA          NA          NA          NA  6.75939778          NA
[604]          NA          NA          NA          NA          NA          NA          NA          NA          NA
[613]          NA          NA          NA          NA          NA          NA          NA          NA          NA
[622]          NA          NA          NA          NA          NA          NA          NA          NA          NA
[631]          NA          NA          NA          NA          NA          NA  0.15269360          NA  3.02295914
[640]          NA          NA          NA          NA          NA          NA          NA          NA          NA
[649]          NA          NA          NA          NA  1.47162003          NA          NA          NA          NA
[658]          NA          NA          NA          NA          NA          NA          NA          NA          NA
[667]          NA          NA          NA          NA          NA  3.13037862          NA          NA          NA
[676]          NA          NA          NA          NA          NA          NA  0.22283610          NA          NA
[685]          NA          NA          NA          NA  3.69582742  2.30411932          NA          NA          NA
[694]          NA          NA          NA          NA          NA          NA          NA          NA          NA
[703]          NA          NA          NA          NA          NA          NA          NA          NA          NA
[712]          NA          NA          NA          NA          NA          NA          NA          NA          NA
[721]          NA          NA          NA          NA          NA          NA

$TS
  [1] 95.83698952 77.16844874 75.20054038 76.28376829 70.22641970 59.34573114 54.94741411 49.25106894 73.35654053
 [10] 67.86850179 64.25609593 39.90346325 67.34867742 66.66576200 62.41363110 60.97235777 45.97853370 15.31854644
 [19]  3.77170531  3.23072610 60.18509012 57.09549745 53.82942203 47.44633166 22.42634781 11.66310324  1.18544463
 [28] 64.38682036 39.71855783 33.26943905 29.54099860 20.91453143  9.60906390  6.88550014  6.01205608  5.55649966
 [37] 52.05338188 38.03846533 34.52047633 59.89011635 53.75833335 52.49500182 45.74316393 44.86892449 37.38749323
 [46] 33.60197526 53.57204768 50.91646746 31.13282578 14.83270071 10.02625625  3.39588063 60.26235208 57.48491242
 [55] 50.20021782 43.00901270 56.25622524 31.37602829 43.51925538 38.84854029 32.82761339 31.79792899 26.07604194
 [64] 22.84370364 14.56323673 12.44845264  9.51525817  3.07412820 51.27466334 48.45230134 30.54951464 29.33976726
 [73] 23.58826363 23.45104682  3.84417704  1.83223697 54.37363250 52.83494460 51.02058341 28.52099492 14.03275975
 [82] 50.53684456 45.86860279 45.58372117 53.65021493 40.94214837 36.90033161 20.67917370 51.15358096 48.11939811
 [91] 45.69750289 34.22161561 25.68260325 21.99594703 17.37202083 16.96214168 15.85939443  7.53221827  3.19682353
[100] 43.11433848 36.84670758 21.97101248 14.29814782 12.58612610  9.10553678  9.19608914 48.23373570 47.98223182
[109] 47.80508000 41.98843380 41.74441626 31.85427024 27.96591062 25.89154052 45.35236959 40.44479818 37.51616300
[118] 24.66161856 46.14661656 37.62674379 43.63617084 44.25568472 36.24796949 35.71899055 41.49240514 35.21081094
[127] 44.02110653 44.46216096 35.01574852 35.85542691 41.47468311 39.34440759 32.12657632 23.25439908 23.24133301
[136] 21.45339300 12.14090183  2.97644810 42.53741037 42.32422481 36.41984707 21.27190246 38.79452879 30.60716345
[145] 25.87919357 25.62734380 22.02247737 31.17663621 34.70881054 25.36200763 23.48754375 17.41913108  4.13883828
[154] 21.23214627 16.98764396 11.40033640 37.80904898 35.83881673 28.49608026 27.80596067 15.81795453 37.10847392
[163] 34.55622905 32.97223642 23.22980003 24.08490258 23.59302961 13.18615536 10.68426031  4.81215083  7.82318013
[172]  7.12949185 33.71184068 30.93324751 25.91270152 17.91922694 17.12207397 12.00761566 36.37200143 33.07930091
[181] 22.45645938 19.58353441 30.53492612 23.10598733 11.16376674 10.59578883 35.61047621 24.47985920 15.93284294
[190] 28.38928719 17.90370495 13.15153726  2.92549685  2.05975478 24.22534320 21.78264438 15.01415916 13.59723790
[199]  1.37056595 23.85781407 18.45224200 29.30141333  1.70626642 33.68839201 30.77946961 27.32841214 24.56737862
[208] 31.10024484 26.78942992 20.25173665 14.72394196 30.26605188 16.56809300 28.88965858 21.45021210 24.90600856
[217] 27.93494536 15.20022850  9.80223562 32.74134081 28.02730782 15.57338304 15.35341559 32.58332066 24.36358746
[226] 21.33682587 31.35166016 32.44289853  7.98872839 23.25546885 21.27594271 20.06470296 28.66185729 24.74783821
[235] 19.64152716 14.93337576 12.64973747 31.70887678 27.00027014 25.31472589 23.29967575 29.10578502 28.91447001
[244] 23.11474013 22.76275456 15.72981407 28.84293683  5.26024720 29.42683314 21.64560499 19.85452228  2.91957162
[253] 17.25893765 18.80972198 17.85522277 17.40764270 13.17928273 10.06313488 11.23974457 16.72811936  5.34917421
[262] 25.31265670 24.82146666 11.86410139  7.79877489 24.16406391 27.52506455 26.58350387 22.95516408 19.37773890
[271]  8.44759745 21.02388531 20.50208828 22.92031080 12.37921678  8.56226447 20.98767310 19.69653662 12.13806886
[280] 10.22921509  8.66084220  1.45493422 13.37819461 12.65383512  9.43257444  3.48552871 27.00378061 24.66358959
[289] 22.35652422  2.98224992  2.61402560  0.30080196  1.26252285 20.00416155 24.84170701 12.10932120 12.71362443
[298] 10.86643429  3.31063932 10.72757248  3.84486010 17.82699484 14.36058722 13.32632313 23.06576844 11.04043183
[307] 16.00943807 11.18110178  8.48482933 14.45511525 11.35252515 21.38737498 20.40978488 10.39472528  0.42110976
[316] 15.23452724 13.10498726  7.76231965 13.37257307  6.37704674 20.89612615  7.68092619 21.16512352 23.02103861
[325] 22.15774738 17.85501996 22.96902608 22.58512572 14.08267802  4.10573314  1.81307145 20.00957709 22.45550524
[334] 20.18414042 15.20465280 18.68731150 10.01802337  9.26850452  4.42438447 21.06377890  4.56599132  1.30124576
[343]  7.65370673  6.80794642 10.35137944  6.70460399  5.98183082  1.09031407 18.58068284 17.33850326 13.41184326
[352]  8.35679416  2.04047078  7.65478923  4.06597679 21.57153224 13.81581402 20.03332025  7.81533399  5.99114718
[361]  1.78403385 10.73259531  9.31663526 21.91877757 15.18297409 21.44853841  9.10131733 20.51995076  3.13742509
[370] 21.96709578 19.17583438 12.08502538  5.76920761  3.69701585  3.39146457  2.64928445 18.38427939 21.25419768
[379] 14.39430661  2.48381737 16.56563823 12.96582001 10.26501762 12.99271567 17.96203192 17.95499666 15.55593612
[388] 15.06516297  0.48700649 19.26683189 11.60089952 13.97006031 14.15716522  9.83424114 14.81297158  4.90431489
[397] 15.68599126 12.40285566 11.34821823 11.21005143  6.37687286 17.00927749  9.09980594 19.70093458  4.86945257
[406]  5.92076821  4.63225091  7.16837899  9.19385070 18.99579198  3.55764506 16.55448942 13.37319627 10.18244416
[415]  3.68481198  5.30615488 14.86855421 17.71199729  8.74518609 13.08419885  4.89435002 17.86848416  7.59388942
[424]  2.36424200 14.98475789  7.68201273  4.75923408  1.88957416  0.60177570 13.08982490  5.91915435 17.74770841
[433]  9.20636017  4.92586361 17.35685207 12.77091489  1.13011935 17.26073060  6.56427419  5.17908648 17.44592468
[442]  0.96367164 13.24942406 10.07083856 17.24138338  5.06954199 10.30334279 10.97325623 15.58844230 12.81968955
[451] 12.48712512  3.37704527 16.19650071 15.83153376 14.83879800  5.94287747  5.31800282  1.60699677  1.70799993
[460]  2.28037363 16.19143093 13.62263453  7.27475443  4.64756838  9.67962009  3.47270263  2.35016357 10.49016993
[469]  5.67560384  6.87490798  4.84271749  4.49231445  3.87457837 15.22008398  8.47588602  5.07897532  2.42595248
[478] 10.34676903 15.08503175  7.80513291 12.66826794  9.13713145 12.42571839 13.27573383  7.03925596 10.73114888
[487]  9.27370464 10.47648845  9.78166862 14.03626509  1.42871709 11.49870478  8.36680343  7.04727531  3.67311351
[496] 13.96888400  2.64578410  9.73282668 12.25818630  6.11972626  2.72709321  5.85216289  3.98999737  8.01075412
[505]  5.83938347  4.75932544  5.93123821  8.36965591  0.23996366 10.82014745  7.91011511  1.86323452 11.05949460
[514]  9.45485549 12.69381104  9.47994528  6.44037373  3.44831272  2.38885269  1.08246814 12.10263087 11.20309598
[523]  1.18286779  4.94070595  1.98686335  5.46948871  2.75881911 12.81804729 11.04357402  9.04282827  4.57032622
[532]  2.80734624  9.67018188  8.78582800  4.90859068  4.59639270  0.48002164  5.55471777 12.51533026  9.79868470
[541]  8.57117605 10.83506619  6.88629719 12.09301564  7.42227675  1.57667594  7.80353731  1.49309208  0.19767136
[550]  9.45378535  6.98097187  9.86335670  5.86014451  3.24148903  8.07803599  0.90324201 10.73825605  7.35361299
[559] 10.79436207 11.36695676  6.07195731  9.79360446  0.52527015  2.67165489  5.26913988  8.70530857  0.10359113
[568]  2.40017454  6.92025265  3.94907867  5.56837191  4.25015842  5.30742452  4.35449040  2.87980882  0.54969816
[577]  7.98572164  7.52571433  3.48571667  0.38079229  8.22093661  5.37825850  3.08983174  8.73151271  4.86629040
[586]  3.76059527  0.21520586  8.52397251  8.84310825  8.86193349  6.60649840  0.10508240  6.20993104  3.00550231
[595]  9.81311585  4.45536050  0.78617055  5.02131514  0.04852802  7.52180703  4.24495790  7.88297105  8.00438291
[604]  7.36708529  5.19458720  1.40195900  7.17037019  5.41961802  1.89611529  7.34207303  1.90988172  8.90654964
[613]  1.77855205  0.26089500  6.51790096  0.95968076  8.85288949  5.31343242  4.16150662  4.08740830  4.88180292
[622]  1.16989788  8.27206788  0.58314375  1.77815392  0.74988069  8.05093431  6.27927949  3.78786929  1.21465797
[631]  2.62435965  0.92599315  7.87837349  7.47493218  7.09876824  7.67079985  3.61123940  3.72358696  6.06943553
[640]  5.55691583  4.95513089  5.42291495  5.19006784  0.85305979  2.13759160  5.04566160  6.86012852  7.10884633
[649]  4.60161465  1.92585403  5.32214451  0.35373379  2.62490200  4.24309172  5.16865473  0.51243803  6.61344196
[658]  4.27553750  3.62089350  2.95661307  5.37010388  3.73834613  4.17870542  3.12488201  4.10294937  4.51660953
[667]  3.22400826  4.61696792  3.85169138  2.59914618  4.54846012  3.81771910  2.46847671  3.07550661  3.61026355
[676]  2.34670569  3.01515057  2.54890215  0.18585318  3.90394988  1.08427270  4.47962310  3.82167072  2.51753562
[685]  4.36415175  4.30032013  3.66638369  0.88089855  3.96622926  3.96706296  0.29928097  3.12671860  2.34855578
[694]  3.63332501  3.33906870  0.27435841  2.42062865  0.08318397  0.31554939  1.54748393  0.95169634  1.99839599
[703]  3.27608581  0.75098088  2.52403816  1.22208539  1.82180363  0.74445423  0.64406427  0.11149314  0.69111714
[712]  0.07257341  1.73857101  2.66105229  1.21835088  2.46775811  2.17952358  0.02248965  2.46083156  1.96347938
[721]  0.51474725  0.04345341  0.12400942  1.51498144  0.42063089  0.20795125

$PAR
  [1]  NA   1   1   2   2   2   2   2   4   4   4   4   3   3   3   3   3   3   3   3  10  13  13  13  13  13  13  14
 [29]  14  14  14  14  14  14  14  14  28  28  28  11  11  11  11  11  11  11  15  15  15  15  15  15  16  16  53  53
 [57]  21  21  54  54  54  54  54  54  54  54  54  54  22  57  57  57  57  57  57  57   7   7   7   7   7  77  77  77
 [85]  23  85  85  85  47  78  78  78  78  78  78  78  78  78  78  42  42  42  42  42  42  89  79  55  55  70  70  70
[113]  70  70  90  90  90 108 109 109  17  43  91  91  84  84 115  44  44 128 121 121 121 121 121 121 121 121 100 100
[141] 100 100 139 139 139 139 139 140 111 111 111 111 111 125 125 125  86  12  12  12  29 143 143 143 143  38  38  38
[169]  38  38 120 120 117 117 117 117 117 117  45  45  45  45 162 162 162 162  87 101 101 141 141 141 141 141 123 123
[197] 123 123 123 124 124 187 187 126 129 129 129 149 163 163 163  39  39  92  92 173 204 204 204  46  30  30  30 180
[225] 164 164  61 220 220 133 133 133 112 112 112 112 112  62  58  58  58 227 227 227 227 227 148 148 208 205 205 205
[253] 144  71  71  71  71  71 212  31  31 249 249 249 249 202 242 242 242 243 243 247 247  80  80  80 159 159 221 221
[281] 113 217 160 160 160 160 267 267 267 267 267 267 287 239 209 268 175 175 175 114 114 145 145 145 150 240 216 295
[309] 263 234 234 207 207 207 207 188 188 188 195 266 200 200  73 151  74  74 241 241 241 241 241 230 134 134 134 135
[337] 135 135 135 244 244 244 184 184 305 305 305 327 269 269 269 269 269  64  64 245 245 328 328 328 328 181 181  25
[365]  25 289 147  94  94 102 364 364 364 364 364 364 136 215 215 215 366 312 226 231 142 142 378 378 340 272 272 277
[393] 321 321 368 368 273 273 273 273 273 313 313 334 334 232 232 358 294 404 278 182 182 182 182 270 410 254 254 349
[421] 349 377 377 377 385 385 176 176 176 191 191 255 255 255 326 302 302 432 432 432 418 418 441 441 256 350 438 253
[449] 445 445 445 445 155 155 155 260 260 260 213 381 412 412 412 412 461 461 461 189 189  97  97  97 454 246 246 246
[477] 246 397 223 223  18  18 316 474 335 218 218 365 365 388 388 425 425 425 236 455 455  50 395 310 310 379 379 303
[505] 103 393 490  81 198 351 351 351 413 413 304 304 304 304 304 304 484 443 443 257 317 430 384 382 382 382 382 382
[533] 436 436 436 297 297 515 481 481 481 237 539 451 451  66 483 398 398 275 275 296 521 521 544 544 178 178 264 156
[561] 156 560 560 399 259 185 513 298 510 510 559 559 362 362 486 486 300 300 300 300 169 169 468 314 478 478 478 383
[589] 444 258 258  51 337 337 552 540 540 489 489 465 533 516 285 363 363 338 433 433 106 482 482 105 105 105 367 403
[617] 530 612 534 534 419 281 541 588 309 309 475 508 508 493 623 627 504 504 504 603 603 511 633 633 633 171 359 359
[645] 318 634 558 463 648 648 494 494 485 551 569 647 344 346 346 346 657 591 401 500 639 456 406 505 373 571 640  36
[673] 526 642 582 582 661 261 643 476 535 421 585 464 668 668 649 536 666 472 472 682 682 686 658 658 663 619 153 665
[701] 503 570 301 374 415 411 375 695 695  99  68 193 575 532 532 564 564 564 631 684 717 702 428 361 700 520

$EXTANT
  [1] FALSE FALSE  TRUE FALSE FALSE FALSE  TRUE FALSE FALSE FALSE FALSE FALSE  TRUE  TRUE  TRUE FALSE FALSE  TRUE  TRUE
 [20]  TRUE FALSE FALSE FALSE FALSE FALSE  TRUE  TRUE FALSE  TRUE FALSE  TRUE FALSE  TRUE  TRUE FALSE  TRUE FALSE FALSE
 [39] FALSE FALSE FALSE  TRUE FALSE FALSE  TRUE FALSE FALSE FALSE FALSE  TRUE  TRUE  TRUE FALSE  TRUE FALSE FALSE  TRUE
 [58] FALSE FALSE FALSE FALSE FALSE FALSE  TRUE FALSE FALSE  TRUE  TRUE FALSE  TRUE  TRUE FALSE FALSE  TRUE  TRUE  TRUE
 [77] FALSE  TRUE FALSE  TRUE  TRUE FALSE FALSE  TRUE FALSE FALSE FALSE  TRUE FALSE FALSE FALSE FALSE  TRUE  TRUE  TRUE
 [96] FALSE  TRUE FALSE  TRUE  TRUE  TRUE FALSE FALSE  TRUE  TRUE  TRUE FALSE  TRUE FALSE FALSE  TRUE  TRUE  TRUE  TRUE
[115] FALSE FALSE FALSE  TRUE FALSE  TRUE  TRUE FALSE  TRUE FALSE FALSE FALSE FALSE FALSE FALSE  TRUE FALSE FALSE FALSE
[134] FALSE  TRUE FALSE FALSE  TRUE  TRUE FALSE  TRUE FALSE FALSE FALSE  TRUE FALSE FALSE  TRUE FALSE  TRUE FALSE  TRUE
[153]  TRUE FALSE FALSE  TRUE FALSE FALSE  TRUE  TRUE FALSE  TRUE FALSE FALSE FALSE FALSE FALSE FALSE FALSE  TRUE FALSE
[172]  TRUE FALSE FALSE FALSE  TRUE FALSE  TRUE FALSE FALSE FALSE  TRUE FALSE  TRUE  TRUE FALSE  TRUE  TRUE  TRUE FALSE
[191]  TRUE  TRUE  TRUE  TRUE FALSE FALSE FALSE  TRUE  TRUE  TRUE  TRUE  TRUE  TRUE FALSE  TRUE FALSE  TRUE FALSE FALSE
[210] FALSE FALSE  TRUE  TRUE FALSE  TRUE FALSE  TRUE  TRUE  TRUE  TRUE FALSE FALSE  TRUE FALSE FALSE  TRUE FALSE FALSE
[229] FALSE  TRUE FALSE  TRUE FALSE FALSE  TRUE  TRUE  TRUE FALSE FALSE  TRUE  TRUE FALSE  TRUE  TRUE  TRUE  TRUE  TRUE
[248]  TRUE  TRUE  TRUE FALSE  TRUE  TRUE  TRUE  TRUE  TRUE  TRUE FALSE  TRUE  TRUE  TRUE FALSE  TRUE  TRUE  TRUE  TRUE
[267]  TRUE FALSE  TRUE  TRUE FALSE FALSE  TRUE  TRUE FALSE  TRUE FALSE FALSE FALSE  TRUE  TRUE  TRUE FALSE FALSE  TRUE
[286]  TRUE  TRUE FALSE FALSE  TRUE  TRUE  TRUE  TRUE  TRUE  TRUE FALSE  TRUE  TRUE  TRUE  TRUE  TRUE  TRUE FALSE  TRUE
[305]  TRUE FALSE FALSE  TRUE  TRUE  TRUE  TRUE  TRUE  TRUE  TRUE  TRUE  TRUE  TRUE  TRUE FALSE  TRUE  TRUE FALSE FALSE
[324] FALSE FALSE FALSE  TRUE FALSE FALSE  TRUE  TRUE  TRUE FALSE  TRUE  TRUE FALSE  TRUE  TRUE  TRUE  TRUE  TRUE  TRUE
[343]  TRUE  TRUE FALSE FALSE  TRUE  TRUE  TRUE  TRUE  TRUE  TRUE  TRUE  TRUE  TRUE FALSE FALSE  TRUE  TRUE  TRUE  TRUE
[362]  TRUE  TRUE  TRUE FALSE FALSE  TRUE FALSE  TRUE  TRUE FALSE  TRUE  TRUE  TRUE  TRUE  TRUE  TRUE  TRUE  TRUE  TRUE
[381]  TRUE  TRUE  TRUE  TRUE  TRUE FALSE  TRUE  TRUE  TRUE FALSE FALSE  TRUE FALSE  TRUE  TRUE  TRUE FALSE  TRUE  TRUE
[400] FALSE  TRUE  TRUE  TRUE  TRUE FALSE FALSE  TRUE FALSE FALSE FALSE  TRUE  TRUE  TRUE  TRUE  TRUE  TRUE FALSE  TRUE
[419]  TRUE FALSE  TRUE FALSE  TRUE  TRUE FALSE  TRUE FALSE  TRUE  TRUE  TRUE  TRUE  TRUE FALSE  TRUE FALSE  TRUE  TRUE
[438] FALSE  TRUE  TRUE  TRUE  TRUE  TRUE FALSE  TRUE  TRUE  TRUE  TRUE  TRUE FALSE  TRUE  TRUE FALSE  TRUE  TRUE  TRUE
[457]  TRUE  TRUE  TRUE  TRUE  TRUE  TRUE  TRUE  TRUE  TRUE  TRUE  TRUE  TRUE  TRUE  TRUE FALSE  TRUE  TRUE  TRUE  TRUE
[476]  TRUE  TRUE  TRUE  TRUE  TRUE  TRUE  TRUE  TRUE  TRUE  TRUE  TRUE  TRUE FALSE  TRUE FALSE  TRUE FALSE  TRUE  TRUE
[495] FALSE FALSE  TRUE FALSE  TRUE  TRUE  TRUE  TRUE  TRUE  TRUE  TRUE  TRUE  TRUE  TRUE  TRUE  TRUE  TRUE  TRUE  TRUE
[514] FALSE  TRUE  TRUE  TRUE  TRUE  TRUE  TRUE  TRUE FALSE  TRUE  TRUE  TRUE  TRUE  TRUE FALSE FALSE  TRUE  TRUE  TRUE
[533]  TRUE FALSE  TRUE  TRUE FALSE  TRUE  TRUE  TRUE FALSE FALSE  TRUE  TRUE  TRUE FALSE  TRUE  TRUE  TRUE  TRUE  TRUE
[552]  TRUE  TRUE  TRUE  TRUE  TRUE FALSE  TRUE  TRUE  TRUE  TRUE FALSE  TRUE  TRUE  TRUE  TRUE  TRUE  TRUE  TRUE  TRUE
[571]  TRUE  TRUE FALSE  TRUE  TRUE  TRUE  TRUE  TRUE  TRUE  TRUE FALSE  TRUE  TRUE FALSE  TRUE  TRUE  TRUE  TRUE  TRUE
[590]  TRUE FALSE  TRUE FALSE FALSE  TRUE  TRUE  TRUE  TRUE  TRUE  TRUE  TRUE FALSE  TRUE  TRUE  TRUE  TRUE  TRUE  TRUE
[609]  TRUE  TRUE  TRUE  TRUE  TRUE  TRUE  TRUE  TRUE  TRUE  TRUE  TRUE  TRUE  TRUE  TRUE  TRUE  TRUE  TRUE  TRUE  TRUE
[628]  TRUE  TRUE  TRUE  TRUE  TRUE  TRUE  TRUE  TRUE  TRUE FALSE  TRUE FALSE  TRUE  TRUE  TRUE  TRUE  TRUE  TRUE  TRUE
[647]  TRUE  TRUE  TRUE  TRUE  TRUE  TRUE FALSE  TRUE  TRUE  TRUE  TRUE  TRUE  TRUE  TRUE  TRUE  TRUE  TRUE  TRUE  TRUE
[666]  TRUE  TRUE  TRUE  TRUE  TRUE  TRUE FALSE  TRUE  TRUE  TRUE  TRUE  TRUE  TRUE  TRUE  TRUE  TRUE FALSE  TRUE  TRUE
[685]  TRUE  TRUE  TRUE  TRUE FALSE FALSE  TRUE  TRUE  TRUE  TRUE  TRUE  TRUE  TRUE  TRUE  TRUE  TRUE  TRUE  TRUE  TRUE
[704]  TRUE  TRUE  TRUE  TRUE  TRUE  TRUE  TRUE  TRUE  TRUE  TRUE  TRUE  TRUE  TRUE  TRUE  TRUE  TRUE  TRUE  TRUE  TRUE
[723]  TRUE  TRUE  TRUE  TRUE

