
Birth-death simulation object with 715 species and 500 extant species

Details for some species:

Extinction times (NA means extant)
[1] 70.42615 70.81616 75.12342 35.67371 70.28751 35.82631


Speciation times 
[1] 88.76749 78.69348 77.62562 77.38527 71.90821 68.98084


Species parents (NA for initial)
[1] NA  1  2  2  4  4


Species status (extinct or extant)
[1] "extinct" "extinct" "extinct" "extinct" "extinct" "extinct"


For more details on vector y, try sim$y, with y one of
TE TS PAR EXTANT



$TE
  [1] 70.42614897 70.81615532 75.12342111 35.67370982 70.28750634 35.82630542 52.05256965 52.74384138 15.82145732
 [10] 46.91773612 37.48803268 32.40034108 58.35883801  3.07074998 50.44324878 37.57000414          NA 25.20990778
 [19] 30.46697325 29.78812910 49.96765859 49.63658905 55.29203374 51.06988708 30.55077250 14.15646937 48.99576247
 [28] 17.46676702          NA 48.42704785 27.48514745  8.44542251          NA 25.10265879 35.22224710 40.43327575
 [37] 33.06061500          NA 29.70098968 57.35518545 36.22279518          NA  5.57350226 31.87330745          NA
 [46] 52.27448582 30.51090638          NA          NA          NA 42.45122932          NA 23.53569780 36.85954805
 [55] 29.10195294 20.49208253 51.62540690          NA 25.61604588          NA          NA 27.36337164          NA
 [64]          NA          NA  1.91116563          NA          NA 14.67209949          NA          NA          NA
 [73]          NA  4.30251380 11.50306989          NA          NA          NA 44.80728985 15.01351828 28.95191009
 [82] 17.14619471          NA          NA          NA          NA 21.17350971 31.98966704          NA          NA
 [91]          NA          NA 31.82011919          NA  3.70135523 37.66126396 44.66782735  5.30549223 21.33964354
[100]          NA          NA          NA          NA 26.40211729  1.01596993 14.72509275          NA 19.38876993
[109] 14.93763299          NA 24.75637771          NA          NA          NA          NA 26.16403694          NA
[118]          NA          NA          NA 12.79069095          NA          NA 16.43971070 22.56960448 28.26848262
[127] 30.29125575          NA          NA          NA          NA          NA 17.40598105          NA          NA
[136]  9.52870771          NA 34.78368857 23.62061034          NA          NA 29.10734800          NA          NA
[145]          NA 27.32561870          NA          NA 19.15610818          NA          NA          NA  9.59499934
[154]          NA          NA          NA          NA          NA          NA          NA 23.32484238  1.59084304
[163] 18.02451408          NA  3.55045023          NA          NA          NA 26.30272367 16.78848489  9.77905823
[172]          NA  8.38326901          NA  1.81308430          NA          NA  6.51292825 23.46914472 17.50265683
[181]          NA  9.81155359  8.79034946          NA          NA 14.99420433 19.01348940          NA          NA
[190]  6.23144992  2.50309331  4.29048889 14.98866117  9.21233579          NA          NA  7.73660298  9.56627121
[199] 12.75313813  6.85303041          NA          NA 21.80877822  9.78611318          NA 14.01485213 21.62956122
[208]          NA          NA          NA          NA          NA  4.55516349 20.36780585          NA  4.30162759
[217]          NA  6.46975846  6.26285780          NA  2.11170587 22.99958658  7.08909121  6.38975427  3.07359938
[226]          NA 23.95057544  8.80380433 13.29921208 26.97781476          NA  6.79468146          NA          NA
[235] 16.20847290          NA 23.06725688          NA  1.89830902 17.16953274          NA  3.10483244          NA
[244]          NA 13.24839556          NA 18.19732495          NA          NA  2.48625899          NA          NA
[253]          NA          NA          NA          NA  8.01457108          NA          NA          NA          NA
[262]          NA          NA          NA          NA          NA          NA          NA  7.78957137  0.52089683
[271]  5.29977527  8.24360678          NA 14.41432760          NA          NA          NA          NA 13.08145877
[280]          NA          NA          NA          NA          NA          NA 15.41036407          NA          NA
[289]          NA          NA          NA          NA          NA  6.22930736          NA          NA          NA
[298] 13.59046603 11.49853851          NA          NA          NA          NA          NA          NA          NA
[307]          NA          NA  5.13417882          NA  9.74196063  4.18741720          NA          NA 12.23023143
[316]          NA          NA          NA 10.14663521          NA          NA          NA  7.38759656          NA
[325]          NA          NA          NA          NA  9.98614231  2.15706835          NA          NA          NA
[334]          NA          NA          NA          NA  4.90074804          NA          NA  7.45865392          NA
[343]          NA          NA          NA          NA          NA  2.81392786          NA          NA          NA
[352] 14.41971115          NA  6.06433703 15.62624741          NA 12.49352153          NA 12.91051531  9.84253462
[361]          NA          NA  2.02041389          NA          NA          NA          NA          NA          NA
[370]          NA          NA 14.21227451 14.48704280          NA          NA          NA          NA  3.58348393
[379]          NA          NA          NA  8.92107249          NA          NA 11.06422941          NA          NA
[388] 11.04036512          NA 11.03969911          NA          NA          NA          NA  3.75352071  4.37548125
[397] 14.32988186          NA          NA          NA          NA          NA          NA          NA  9.00799402
[406]          NA          NA          NA          NA          NA          NA          NA          NA          NA
[415]          NA          NA          NA          NA          NA  1.16887986          NA  1.00855537          NA
[424]  9.71283786  8.74780981          NA          NA          NA  1.96213500          NA          NA          NA
[433]          NA          NA          NA          NA          NA          NA          NA          NA          NA
[442]          NA          NA          NA          NA          NA  1.63306386          NA  0.07641015          NA
[451]          NA          NA  0.21254629          NA  1.55215629          NA          NA          NA  0.98947054
[460]  0.23263198          NA          NA 11.49888842          NA          NA          NA          NA  2.99173559
[469]          NA          NA          NA          NA          NA          NA          NA          NA          NA
[478]          NA          NA  7.56917137          NA          NA          NA          NA          NA          NA
[487]          NA          NA          NA          NA          NA          NA          NA          NA  6.88159135
[496]          NA          NA          NA  5.21191521          NA  9.90747379          NA          NA          NA
[505]          NA          NA          NA          NA          NA          NA          NA          NA          NA
[514]  9.52705130  9.31970343  4.06918773          NA          NA          NA 12.60865781          NA          NA
[523]          NA          NA          NA  1.20708175          NA          NA          NA          NA          NA
[532]  1.99825169          NA  0.91082214          NA          NA          NA          NA          NA          NA
[541]          NA          NA          NA  8.27284647          NA  5.39173467          NA          NA  5.98064093
[550]          NA          NA          NA  5.34441201          NA          NA          NA          NA          NA
[559]          NA          NA          NA  6.98085889          NA  4.06155757          NA  1.73425064          NA
[568]          NA          NA          NA          NA          NA          NA          NA          NA          NA
[577]          NA          NA          NA          NA          NA          NA          NA          NA          NA
[586]          NA          NA          NA          NA          NA  3.72330105          NA          NA          NA
[595]  4.03713074  0.92261144          NA          NA          NA          NA          NA          NA          NA
[604]          NA          NA          NA          NA  3.76412901          NA          NA          NA          NA
[613]          NA          NA          NA          NA          NA          NA  4.16773140          NA          NA
[622]          NA          NA          NA          NA          NA          NA          NA          NA          NA
[631]          NA          NA          NA          NA          NA          NA          NA          NA          NA
[640]          NA          NA          NA          NA          NA          NA          NA          NA          NA
[649]          NA          NA          NA          NA          NA          NA          NA          NA          NA
[658]          NA          NA          NA          NA          NA          NA          NA          NA          NA
[667]          NA          NA  3.73631323          NA          NA          NA          NA          NA          NA
[676]          NA          NA          NA          NA          NA          NA          NA          NA          NA
[685]          NA          NA          NA          NA          NA          NA          NA          NA          NA
[694]          NA          NA          NA          NA          NA          NA          NA          NA          NA
[703]          NA          NA  1.60184394          NA          NA          NA          NA          NA          NA
[712]          NA          NA          NA          NA

$TS
  [1] 88.767485747 78.693477137 77.625622985 77.385269215 71.908211301 68.980838066 68.749110257 66.921930181
  [9] 65.134589004 47.571342237 42.516026291 42.387061703 63.733334067 58.006803459 56.375217693 51.412427256
 [17] 47.619683443 40.569171411 36.900206445 63.070009561 65.692043205 55.674953753 58.576454561 53.381307436
 [25] 52.214705158 61.567241636 59.095333417 39.876768919 39.259453922 61.455696405 61.142215920 59.486906636
 [33] 44.620572642 30.812735937 51.523787308 45.171275254 36.299736876 24.091208069 50.682102855 58.974102738
 [41] 56.527439689 42.107278145 41.333512047 39.153761382 17.079755128 56.519004233 50.469647842  5.667245996
 [49]  5.545512264  4.651686156 54.856571711 53.208158801 52.240214015 37.808023104 56.382099968 54.669353342
 [57] 53.248670594 51.749633151 29.755772121 53.359280936 55.674144247 51.618562120 36.801816723 32.441176292
 [65] 32.305558241 29.586113157 26.378972638 21.161479201 50.657589919 48.062886418 28.002862977 50.044495570
 [73] 17.577926848 15.225359193 11.831094623  9.378130751  8.746701473  7.515234466 48.120527898 39.271197444
 [81] 36.025579154 31.268615491 19.738858074 14.210607956  5.166341652 27.017396189 26.020105900 43.117702535
 [89] 31.149778363 24.880083233 24.565659814  9.492397735 46.372640071 43.498791548 38.499796901 40.164541785
 [97] 46.964132926 21.723705616 42.533834894 33.514211663 34.370155088 18.773410825  5.230853019 45.609627764
[105] 20.405135295 42.198868737 20.335838822 41.081668983 40.165284832 36.630827507 31.767052316 18.239893957
[113] 13.315906205 11.987801192 10.236411530 36.685560102 11.400801986  7.752688099  5.384614365  0.876259855
[121] 39.441770838 35.014797673 38.570039237 27.816177283 24.515943045 36.468895857 36.453231323 34.873463560
[129] 19.000151376  6.131225333 29.253071074 28.645483272 20.499126172 18.014195237 15.896827943 10.243210896
[137]  7.016389556 40.956851456 35.953704037 37.074779097 32.186356939 31.828324066 37.958090208 39.790663364
[145] 23.730509542 36.662702881 36.208495422 28.296081634 27.696592175 24.698810332 20.328310645  5.990781495
[153] 26.562403219 13.418294883 24.716299414 39.026491301 10.133972723  6.496956316  6.097045122 26.134695322
[161] 29.791177322 11.843033186 20.274789919 18.327140896  6.973570776 15.243647692 17.761405868 15.260679646
[169] 30.916154519 21.240943136 14.711801569  9.814371482  8.704467087  5.670562523  4.121197820  0.454047680
[177] 29.577330354 33.764312905 34.781589137 32.809533278 31.913386938 33.610763267 15.385190229 13.970377277
[185] 24.015828979 31.887657028 20.363600506 13.350997931 11.521264866  6.499739864 31.605369671 28.705677177
[193] 25.822756645 12.029536638 10.819861639  4.303457966 26.195178993 25.053134526 26.188475307 13.758498872
[201]  6.825536643  2.478978583 32.423497783 19.495417466 16.182091226 26.304926859 31.663686916 30.497387071
[209] 20.828750650 20.776193486 14.841510206 13.681504727  8.856732702 26.892368901 24.632934727 17.210479548
[217] 11.372891701 21.821683395 10.979766698  8.623543676  3.222416528 29.172143863 26.316085497 21.648496747
[225] 15.814676959 13.077803434 29.314050879 28.409840152 25.437018475 27.194487911 24.957786992 17.228471564
[233] 12.879992446  5.770302028 29.204737441 27.927182468 26.564196620 28.641609803  6.018329808 19.177753528
[241]  2.187904040 25.892176367 28.600204362 19.060412347 14.785866159 12.131943760 26.195451072 19.977754820
[249] 21.099219398 16.086876316 21.507490578 14.864480605 19.083650828  3.235204434 12.886734927 26.821893720
[257] 12.249954698  7.001141773  5.055093199 10.566767110 27.183700858 20.101510298 14.924176063 13.459973483
[265]  5.015135595  1.522117072 16.740870852  8.885231161  8.048350908  1.690567191 24.054090887 23.277180837
[273] 26.747243797 24.125603683  0.307899689 23.051312460  6.836598856  1.559791509 20.618497809 13.564499998
[281] 10.713527668  5.665419199  1.055499106 24.618433743 18.036547808 17.726811576 14.701260958 21.688789236
[289]  8.680541049  8.351930502 25.185228479 15.273319162 14.901088353 22.235837587  8.161207503 20.885058110
[297] 25.718043969 20.596538364 20.159933153 11.683750298 11.621930301 10.905526210  4.847398461  3.356852816
[305]  0.145475714 14.855807766 23.292661946 18.471283693 19.509314739 19.848975434 11.519914428 10.096276027
[313]  6.929936346  3.352940150 18.452761467 11.879859627  9.534076308  7.527434118 18.924519012  2.648575328
[321] 24.435965758 23.249767641 20.251059368 16.416302821  9.823831519  4.483655942 12.576381296 11.620932275
[329] 10.350739357  4.514223269  3.529412780  3.104173899  2.726300899  2.384208925 17.153260490 17.165431543
[337] 13.533237898 10.801923806 15.020909722 12.950848554 21.309564284 10.818226576  5.403629957  0.825538981
[345] 20.260976082 15.749787488  5.318036988 11.027896529  3.336392838 22.716490611 15.455528446 15.341821210
[353]  6.376104744 13.578553829 20.726237784  6.169360619 12.509510922 11.003119007 13.840749436 21.527085802
[361] 13.415747185 17.651899419  2.573941942  0.263223046  0.261221924 13.192827765  6.391024905  4.834946300
[369]  4.015138521 20.265460427  6.109977878 19.118144121 14.748802483  1.490545310 15.768129147 13.270124063
[377] 18.988583967  6.868167178  7.623732290  3.713124153 12.307010746 10.377163936 17.287015418  3.151124660
[385] 19.160133746 14.966313048  5.683406081 16.138018064  9.549332183 17.985823296 19.472557855 16.429878431
[393] 14.720026159 13.529919374  7.850772178 13.573479393 14.574144026  5.623471215  1.681904013 16.104258120
[401]  3.486957465  0.445242006 11.051083242 12.413218163 12.877762350 15.444674565  0.197960808  4.936415653
[409] 17.991651811  3.748496522  1.521796099 17.554778114  2.824656175 16.915366771 15.627993105  6.925076237
[417]  0.966131144 15.032176229  6.594101296  9.679798034  6.219689523 16.610034721  1.048805265 13.280678915
[425] 12.045340963  8.577853266  3.363029875 12.407550690 12.327865977  2.711125092 15.772949324 14.880467107
[433]  6.208783282  5.127725911 11.652647582 10.659126622  5.087282473  3.458848569  9.427492753 12.585719978
[441] 14.017219826  5.022255316  2.743587525 12.711116863  4.083818152 15.557925363 14.218747895 11.468010750
[449]  5.625907774  0.345700119  7.863835337  4.381728729  9.109022882  4.673104983  4.538438800  3.973551495
[457] 12.250607780  9.642789920  3.240162046  2.606589985  6.047064114  2.148818535 12.946100378  7.044509969
[465]  4.679088923 14.646861233 13.836410638  9.558234751  1.135605617 13.121131270  7.578334874  5.865717647
[473]  2.426447482  1.645650724  2.061564348  4.510659257  3.511463194  3.131448877 12.525900426  9.211969687
[481] 14.459761368 10.345806667  1.161329817  7.762890924  4.498254415  4.267841631 11.333446468 13.349322681
[489]  8.659560337  5.988286125  9.732710840  8.629038599 11.583243039  9.223278854 11.619900775  3.672182377
[497]  2.096392693  6.785524243 11.066695129  8.470752597 13.321981240  7.374453788  3.862095961  6.800051456
[505]  5.983619902  5.558008293  6.713298891  5.223144640  6.862567330  5.778115627  6.331178149  2.794453090
[513]  3.599754552 10.446235871 12.585962481  5.943204575 12.020897570  4.503332687  1.131313218 12.645531344
[521]  9.111096964  3.046876570  5.723350204  0.719219262  0.258686186 10.206868929  5.133593234  1.185188023
[529] 11.751247575  8.249173844  8.670973709 10.135385955  1.751613601  1.187862553  9.482983990  0.297337906
[537]  5.213801707  3.461237380 11.158214820  3.141520910  1.326941412 10.359415314  8.576589929  9.978251923
[545]  9.179992152  6.755550408  5.961556881  2.111431708 10.251916107  1.588825231 10.764881874  1.677183740
[553] 10.041560523  7.171707789  7.393429392  8.601504090  7.611393891  7.169539314  3.775278656  6.953473018
[561]  3.467712901  9.037144261  6.848944965  9.735205507  7.065278229  5.455897387  3.893462046  0.736707294
[569]  6.446833773  7.249634725  7.248390419  6.256772716  4.278377393  5.683909065  5.292064544  9.021608139
[577]  4.399466811  5.235593602  4.963570969  9.403578901  5.132308730  1.585555036  1.334507061  7.316831243
[585]  1.154540553  0.288577335  6.213204596  7.067977299  4.525629149  1.443808030  5.637633222  1.786102782
[593]  5.048036541  4.540819474  7.853217857  3.607664881  8.556805436  7.566293819  1.560911967  6.168432707
[601]  5.216827981  0.237743778  1.386700008  3.447105995  4.839293330  5.396641412  4.516065210  6.274258742
[609]  5.070041940  3.862598903  3.790857230  3.085246638  4.822775221  6.908746339  1.873353446  5.790830753
[617]  4.515883138  3.705509596  4.522707719  6.295190609  4.717710445  3.615986913  5.809057464  2.183442321
[625]  0.533400323  5.911333620  5.262931844  4.273708345  2.215813392  0.010126124  5.125314119  2.340855509
[633]  0.940579387  1.096620649  3.709272637  5.276988223  2.293317416  0.380138988  3.199936990  1.674574058
[641]  5.364376063  3.634404208  5.084073858  4.752973310  4.375068398  0.030389014  0.899884856  2.142762209
[649]  3.441351516  4.366746966  0.550625177  4.479410188  4.046570953  0.126138308  1.439505907  3.948349676
[657]  3.079908542  2.144509144  0.947827997  4.874138084  0.320532040  2.836481898  4.047972471  0.533323371
[665]  0.444183611  0.115726758  1.047037814  4.606936007  4.544689848  2.068687289  3.992006886  0.635777167
[673]  4.780294580  0.679250445  3.100844069  0.006955804  4.398351770  0.554075267  1.535214032  2.416088659
[681]  2.234031738  3.004757534  2.190827586  0.778722679  1.718254815  0.556456986  3.140850639  1.981893166
[689]  3.713361688  1.126919374  2.820022217  3.257738663  2.733791665  0.498882254  2.621772096  0.181390734
[697]  1.270894426  1.494852232  1.269903190  1.616818901  1.960720895  0.873165140  0.636194021  0.802306768
[705]  1.975789607  1.398950441  0.192357858  1.646628072  1.544563988  1.307408635  0.832761254  0.960620222
[713]  0.842562448  0.350599051  0.099746043

$PAR
  [1]  NA   1   2   2   4   4   4   4   4   4   4   4   6   6   6   6   6   6   6   7   8   8  21  21  21   9   9   9   9
 [30]  13  20  20  20  20  26  26  26  26  30  32  32  32  32  32  32  14  14  14  14  14  41  41  41  41  46  46  46  55
 [59]  55  15  22  22  61  61  61  61  61  61  56  56  56  60  60  60  60  60  60  60  52  52  52  52  52  52  52  53  53
 [88]  25  25  58  58  58  62  62  62  16  69  69  47  47  72  72  72  79  70  17  17 104  33  33  33  33  33  33  33  94
[117]  94  94  94  94  88  88  99  99  99  12  12  12 106  42  43  43  43  43  43  43  43 108 108 138  18 109  96  28  28
[146] 144 144 144 144 144 144 144 121 121  80  29  29  29  29 156 123 123  95  95  95 143 140 140  19  63  63  63  63  63
[175]  63  63 146 110 126 127 127 147 147 147 139 122 122 122 122 122 128 128 128 128 128 128 179 179 101 101 101 101 182
[204] 182 182 100 180 180  64  64  64  64  64 203 203  65 141 181 181 181 181 111 111 207 191 191  82  82  82  89  89  89
[233]  89  89 169  34  34 208 208 177 177 227 131 131 131 131 235 235 192 132 238 238 243 243 228 148 148 148 148  71 236
[262] 236 236 236 236 236 261 261 261 261  86  86 214 256 256 273 273 273  67  67  67  67  67 223 223 223 206 247 197 197
[291] 199 199 199 160 160 242 193 193 297 297 297 297 297 297 297 229 198 198 231  90  90  90  90  90 155 155 155 155 150
[320] 150 215 215 215 215 215 215 284 284 284 284  91  91  91  91 321 274  38  38 271 271 185 185 185 185 145 145 145 307
[349] 307 272 322 322 322 276 350 350 218 218  98 224 341 296 209 209 209 210 210 210 210 355 105 107 107 107 151 151 163
[378] 370 345 345 323 323 299 262 248 248 248  83  83 309 204 204 204 204 391 385 372 253 253 244 244 244 129 319 315 164
[407] 164 112 285 134 134 409 409 286 286 362  73 412 412 383 383 336 336 335 335 335 335  45 414 414 392 392 392 392 324
[436] 324 324 324 205 388 400 250 250 135 225 431 375 375 346 346 415 415 351 351 292 292 168 166 166 166  74 418 339 339
[465] 339 386 386 386 386 263 263 263 263 263 432 252 252 252 306 211 287 466 481 447 447  84 441 184 467 467 200 200 212
[494] 354 337 337 337 394 264 264 154 154 154 361 361 361 188 488 113 113 376 376 366 470 226 226 340 340 340 255 405 440
[523] 327 327 327 479 404 428 381 381 257 246 246 246 194 316 301 328 493 493 189 448 217 487 487 487 487 487 539 539 499
[552] 403 348 358 219 302 338 281 281 436 542 115 532 157 157 312 325 325 172 564 491 491 491 458 468 317 317  92 535 439
[581] 439 439 580  76  76  76 494 545 545 521 453 453  77 289 531 492 220 220 220 556 426 543 597 500 290 451 595 484 484
[610] 379 379 379 557 471 598 584 258 258 416 614 614 614 507 158 158 367 353 620 572 572 587 356 356 600 461 239 152 152
[639] 490 490 505 505 547 623 623 616 523 574 174  48  48 449 449 506  49 641 636 636 627 103 508 581 631 631 609 609 259
[668] 593 579 408 303 303 605 673 644 621 465 465 594 518 518 326 577 577 628 663 456 656 610 596 331 477 604 427 314 314
[697] 692 384 540 430 334 632 681 241 658 648 670 552 550 582 599 411 585 283 678

$EXTANT
  [1] FALSE FALSE FALSE FALSE FALSE FALSE FALSE FALSE FALSE FALSE FALSE FALSE FALSE FALSE FALSE FALSE  TRUE FALSE FALSE
 [20] FALSE FALSE FALSE FALSE FALSE FALSE FALSE FALSE FALSE  TRUE FALSE FALSE FALSE  TRUE FALSE FALSE FALSE FALSE  TRUE
 [39] FALSE FALSE FALSE  TRUE FALSE FALSE  TRUE FALSE FALSE  TRUE  TRUE  TRUE FALSE  TRUE FALSE FALSE FALSE FALSE FALSE
 [58]  TRUE FALSE  TRUE  TRUE FALSE  TRUE  TRUE  TRUE FALSE  TRUE  TRUE FALSE  TRUE  TRUE  TRUE  TRUE FALSE FALSE  TRUE
 [77]  TRUE  TRUE FALSE FALSE FALSE FALSE  TRUE  TRUE  TRUE  TRUE FALSE FALSE  TRUE  TRUE  TRUE  TRUE FALSE  TRUE FALSE
 [96] FALSE FALSE FALSE FALSE  TRUE  TRUE  TRUE  TRUE FALSE FALSE FALSE  TRUE FALSE FALSE  TRUE FALSE  TRUE  TRUE  TRUE
[115]  TRUE FALSE  TRUE  TRUE  TRUE  TRUE FALSE  TRUE  TRUE FALSE FALSE FALSE FALSE  TRUE  TRUE  TRUE  TRUE  TRUE FALSE
[134]  TRUE  TRUE FALSE  TRUE FALSE FALSE  TRUE  TRUE FALSE  TRUE  TRUE  TRUE FALSE  TRUE  TRUE FALSE  TRUE  TRUE  TRUE
[153] FALSE  TRUE  TRUE  TRUE  TRUE  TRUE  TRUE  TRUE FALSE FALSE FALSE  TRUE FALSE  TRUE  TRUE  TRUE FALSE FALSE FALSE
[172]  TRUE FALSE  TRUE FALSE  TRUE  TRUE FALSE FALSE FALSE  TRUE FALSE FALSE  TRUE  TRUE FALSE FALSE  TRUE  TRUE FALSE
[191] FALSE FALSE FALSE FALSE  TRUE  TRUE FALSE FALSE FALSE FALSE  TRUE  TRUE FALSE FALSE  TRUE FALSE FALSE  TRUE  TRUE
[210]  TRUE  TRUE  TRUE FALSE FALSE  TRUE FALSE  TRUE FALSE FALSE  TRUE FALSE FALSE FALSE FALSE FALSE  TRUE FALSE FALSE
[229] FALSE FALSE  TRUE FALSE  TRUE  TRUE FALSE  TRUE FALSE  TRUE FALSE FALSE  TRUE FALSE  TRUE  TRUE FALSE  TRUE FALSE
[248]  TRUE  TRUE FALSE  TRUE  TRUE  TRUE  TRUE  TRUE  TRUE FALSE  TRUE  TRUE  TRUE  TRUE  TRUE  TRUE  TRUE  TRUE  TRUE
[267]  TRUE  TRUE FALSE FALSE FALSE FALSE  TRUE FALSE  TRUE  TRUE  TRUE  TRUE FALSE  TRUE  TRUE  TRUE  TRUE  TRUE  TRUE
[286] FALSE  TRUE  TRUE  TRUE  TRUE  TRUE  TRUE  TRUE FALSE  TRUE  TRUE  TRUE FALSE FALSE  TRUE  TRUE  TRUE  TRUE  TRUE
[305]  TRUE  TRUE  TRUE  TRUE FALSE  TRUE FALSE FALSE  TRUE  TRUE FALSE  TRUE  TRUE  TRUE FALSE  TRUE  TRUE  TRUE FALSE
[324]  TRUE  TRUE  TRUE  TRUE  TRUE FALSE FALSE  TRUE  TRUE  TRUE  TRUE  TRUE  TRUE  TRUE FALSE  TRUE  TRUE FALSE  TRUE
[343]  TRUE  TRUE  TRUE  TRUE  TRUE FALSE  TRUE  TRUE  TRUE FALSE  TRUE FALSE FALSE  TRUE FALSE  TRUE FALSE FALSE  TRUE
[362]  TRUE FALSE  TRUE  TRUE  TRUE  TRUE  TRUE  TRUE  TRUE  TRUE FALSE FALSE  TRUE  TRUE  TRUE  TRUE FALSE  TRUE  TRUE
[381]  TRUE FALSE  TRUE  TRUE FALSE  TRUE  TRUE FALSE  TRUE FALSE  TRUE  TRUE  TRUE  TRUE FALSE FALSE FALSE  TRUE  TRUE
[400]  TRUE  TRUE  TRUE  TRUE  TRUE FALSE  TRUE  TRUE  TRUE  TRUE  TRUE  TRUE  TRUE  TRUE  TRUE  TRUE  TRUE  TRUE  TRUE
[419]  TRUE FALSE  TRUE FALSE  TRUE FALSE FALSE  TRUE  TRUE  TRUE FALSE  TRUE  TRUE  TRUE  TRUE  TRUE  TRUE  TRUE  TRUE
[438]  TRUE  TRUE  TRUE  TRUE  TRUE  TRUE  TRUE  TRUE  TRUE FALSE  TRUE FALSE  TRUE  TRUE  TRUE FALSE  TRUE FALSE  TRUE
[457]  TRUE  TRUE FALSE FALSE  TRUE  TRUE FALSE  TRUE  TRUE  TRUE  TRUE FALSE  TRUE  TRUE  TRUE  TRUE  TRUE  TRUE  TRUE
[476]  TRUE  TRUE  TRUE  TRUE FALSE  TRUE  TRUE  TRUE  TRUE  TRUE  TRUE  TRUE  TRUE  TRUE  TRUE  TRUE  TRUE  TRUE  TRUE
[495] FALSE  TRUE  TRUE  TRUE FALSE  TRUE FALSE  TRUE  TRUE  TRUE  TRUE  TRUE  TRUE  TRUE  TRUE  TRUE  TRUE  TRUE  TRUE
[514] FALSE FALSE FALSE  TRUE  TRUE  TRUE FALSE  TRUE  TRUE  TRUE  TRUE  TRUE FALSE  TRUE  TRUE  TRUE  TRUE  TRUE FALSE
[533]  TRUE FALSE  TRUE  TRUE  TRUE  TRUE  TRUE  TRUE  TRUE  TRUE  TRUE FALSE  TRUE FALSE  TRUE  TRUE FALSE  TRUE  TRUE
[552]  TRUE FALSE  TRUE  TRUE  TRUE  TRUE  TRUE  TRUE  TRUE  TRUE FALSE  TRUE FALSE  TRUE FALSE  TRUE  TRUE  TRUE  TRUE
[571]  TRUE  TRUE  TRUE  TRUE  TRUE  TRUE  TRUE  TRUE  TRUE  TRUE  TRUE  TRUE  TRUE  TRUE  TRUE  TRUE  TRUE  TRUE  TRUE
[590]  TRUE FALSE  TRUE  TRUE  TRUE FALSE FALSE  TRUE  TRUE  TRUE  TRUE  TRUE  TRUE  TRUE  TRUE  TRUE  TRUE  TRUE FALSE
[609]  TRUE  TRUE  TRUE  TRUE  TRUE  TRUE  TRUE  TRUE  TRUE  TRUE FALSE  TRUE  TRUE  TRUE  TRUE  TRUE  TRUE  TRUE  TRUE
[628]  TRUE  TRUE  TRUE  TRUE  TRUE  TRUE  TRUE  TRUE  TRUE  TRUE  TRUE  TRUE  TRUE  TRUE  TRUE  TRUE  TRUE  TRUE  TRUE
[647]  TRUE  TRUE  TRUE  TRUE  TRUE  TRUE  TRUE  TRUE  TRUE  TRUE  TRUE  TRUE  TRUE  TRUE  TRUE  TRUE  TRUE  TRUE  TRUE
[666]  TRUE  TRUE  TRUE FALSE  TRUE  TRUE  TRUE  TRUE  TRUE  TRUE  TRUE  TRUE  TRUE  TRUE  TRUE  TRUE  TRUE  TRUE  TRUE
[685]  TRUE  TRUE  TRUE  TRUE  TRUE  TRUE  TRUE  TRUE  TRUE  TRUE  TRUE  TRUE  TRUE  TRUE  TRUE  TRUE  TRUE  TRUE  TRUE
[704]  TRUE FALSE  TRUE  TRUE  TRUE  TRUE  TRUE  TRUE  TRUE  TRUE  TRUE  TRUE

