
Birth-death simulation object with 682 species and 500 extant species

Details for some species:

Extinction times (NA means extant)
[1] 71.77975 18.22531 19.34526       NA 49.22855 46.49918


Speciation times 
[1] 78.27939 76.81649 75.49060 75.32719 74.07087 57.11770


Species parents (NA for initial)
[1] NA  1  1  1  1  2


Species status (extinct or extant)
[1] "extinct" "extinct" "extinct" "extant"  "extinct" "extinct"


For more details on vector y, try sim$y, with y one of
TE TS PAR EXTANT



$TE
  [1] 71.77974817 18.22531469 19.34526459          NA 49.22854792 46.49918022 38.64135518 28.14550270 26.13160405 20.26309467  3.19865707
 [12] 17.71323565          NA 18.13345919          NA 59.79137685 35.02011662          NA 32.09962636          NA  9.16895158 19.80414534
 [23]          NA          NA  0.54755814 28.35611968 44.24992836          NA 45.21623750          NA 53.78710772 18.77629475 39.00753013
 [34]          NA  2.33533716          NA          NA 33.12041139          NA 14.30348067 35.97415576          NA          NA 37.67743847
 [45] 31.30123425          NA 27.18878230 38.26150524  3.27598191          NA  0.81800769  8.94540766          NA          NA          NA
 [56]          NA  0.37715542  2.45068963          NA  8.63619822 34.25112804          NA          NA          NA          NA          NA
 [67] 31.84847886          NA          NA          NA  2.63635124          NA  7.29213825  1.62821018 23.57640181 20.85641109          NA
 [78] 35.26653823 34.76522638 18.70765471          NA  3.28379576 26.86982145          NA 27.35660429 23.29691107          NA          NA
 [89] 26.40793396 12.58421183          NA          NA 16.14999705  1.49058112          NA          NA          NA 31.31689604 12.85585965
[100]          NA 15.06783024  7.40785023  9.56434390 13.75965460 20.19128838          NA 30.32319743 25.43908940          NA  0.04244201
[111]          NA          NA  5.98297343          NA          NA          NA          NA 10.41712028 32.49667435          NA          NA
[122]          NA          NA          NA          NA          NA          NA          NA  0.58327836 22.10413634  2.69471013          NA
[133]          NA          NA  9.60065547          NA          NA  9.28167513 21.90137969 20.62827061          NA 21.79812122 19.49067401
[144]          NA          NA          NA          NA          NA 21.69772317 23.68017586 19.76026608          NA  5.25184430          NA
[155]          NA  5.12552349          NA 17.38559437          NA 25.88413330          NA  0.33659514          NA          NA 17.33147477
[166]          NA 28.21609288 21.66505415 23.98823000          NA          NA 14.59700794  6.65257343 14.41662110  6.91662093          NA
[177]          NA  0.87308744          NA          NA          NA          NA  5.84958002          NA          NA  2.06133329          NA
[188]  9.53672722 12.21424459          NA          NA          NA          NA 14.69616352          NA          NA 11.32473770          NA
[199]  9.22206355          NA          NA          NA 12.54873442          NA  5.68817524 22.89736141          NA 15.84525229  4.60815608
[210]          NA          NA  9.16615574          NA  0.93449191          NA  9.50030558          NA          NA          NA 18.91468916
[221]          NA          NA          NA          NA          NA 11.72826439          NA          NA          NA          NA          NA
[232]          NA          NA          NA          NA          NA          NA          NA          NA          NA          NA          NA
[243]          NA          NA          NA  0.80183942  7.59650147          NA 11.06761877          NA          NA          NA          NA
[254]  7.54744619          NA  5.29893191          NA          NA          NA 13.93755125          NA          NA          NA          NA
[265]  7.75200635          NA          NA          NA          NA  2.24682917 18.86758466          NA          NA          NA          NA
[276]          NA          NA          NA  5.68662016          NA          NA          NA  7.14299957          NA  1.68100571          NA
[287]          NA          NA 13.81265897          NA          NA          NA          NA          NA          NA          NA          NA
[298] 17.84824180          NA          NA          NA          NA          NA          NA          NA          NA          NA          NA
[309]          NA  0.63989045          NA          NA          NA 12.33879764          NA          NA          NA  7.30295823          NA
[320]          NA          NA          NA          NA  7.97525110          NA          NA          NA          NA          NA          NA
[331]          NA          NA  1.02000610          NA          NA          NA          NA          NA          NA          NA          NA
[342]          NA  2.71813264          NA          NA          NA          NA          NA          NA  5.51666273          NA          NA
[353]          NA  6.61479474          NA          NA          NA          NA          NA          NA  4.98313606  2.76893267  4.14647385
[364] 11.93388772          NA          NA          NA          NA          NA          NA          NA          NA          NA 12.86832159
[375]          NA          NA          NA          NA          NA          NA          NA          NA          NA          NA          NA
[386]          NA          NA          NA          NA  0.29651757  7.43115198          NA  0.43345232          NA          NA  3.19009443
[397]          NA  2.54853516  6.62998371          NA          NA  1.74836902  4.84514819  4.36215279          NA          NA          NA
[408]          NA          NA          NA  2.90424910          NA          NA          NA          NA  7.24801792          NA  2.75010245
[419]          NA  0.61519037          NA          NA          NA          NA          NA          NA          NA          NA          NA
[430]          NA          NA          NA          NA          NA          NA  4.70348633          NA          NA  2.24412846          NA
[441]          NA          NA          NA 10.18797985          NA          NA          NA          NA          NA  5.74040867  6.33215064
[452]          NA          NA          NA 11.69002761          NA          NA          NA          NA  0.94710051          NA  3.84068038
[463]          NA  1.26182021          NA          NA          NA          NA          NA          NA          NA  9.07469059  3.83709353
[474]          NA          NA          NA  9.48411464          NA  3.81832848          NA          NA          NA          NA          NA
[485]          NA          NA          NA  1.82712077          NA  2.24097619  1.13114803          NA  0.60040337          NA          NA
[496]  0.94319647          NA          NA          NA          NA          NA          NA          NA          NA          NA          NA
[507]  4.47249883  0.54706124          NA          NA          NA          NA          NA          NA          NA          NA          NA
[518]          NA          NA          NA          NA          NA          NA          NA          NA  5.93357213          NA  3.41237749
[529]          NA          NA          NA          NA          NA          NA          NA          NA          NA          NA          NA
[540]  0.56951497          NA          NA          NA          NA          NA          NA  0.88575731          NA  3.36392506          NA
[551]          NA          NA          NA          NA          NA          NA  2.72063865          NA          NA          NA          NA
[562]          NA          NA          NA          NA          NA          NA          NA          NA          NA          NA          NA
[573]  3.87033344          NA          NA  2.16082101          NA          NA          NA          NA          NA          NA          NA
[584]          NA          NA          NA          NA          NA          NA          NA          NA          NA          NA          NA
[595]          NA          NA          NA  2.09866086          NA          NA          NA          NA  1.45639921          NA          NA
[606]          NA          NA          NA          NA          NA          NA          NA          NA          NA          NA          NA
[617]          NA          NA          NA          NA          NA          NA          NA          NA          NA          NA          NA
[628]          NA          NA          NA          NA          NA          NA          NA          NA          NA          NA          NA
[639]          NA          NA          NA          NA          NA          NA          NA          NA          NA          NA          NA
[650]          NA          NA          NA          NA          NA          NA          NA          NA          NA          NA          NA
[661]          NA          NA          NA          NA          NA          NA          NA          NA          NA          NA          NA
[672]          NA          NA          NA          NA          NA          NA          NA          NA          NA          NA          NA

$TS
  [1] 7.827939e+01 7.681649e+01 7.549060e+01 7.532719e+01 7.407087e+01 5.711770e+01 5.494647e+01 4.451497e+01 4.364551e+01 3.278403e+01
 [11] 2.260509e+01 2.186760e+01 3.087611e+01 3.033861e+01 1.949700e+01 6.634929e+01 4.816121e+01 4.642989e+01 3.544392e+01 3.170179e+01
 [21] 2.959180e+01 2.263384e+01 1.779297e+01 1.734608e+01 1.608993e+01 7.153395e+01 4.768562e+01 3.354121e+01 6.509845e+01 6.008354e+01
 [31] 5.517963e+01 5.295100e+01 4.493355e+01 2.974366e+01 9.221948e+00 9.207601e+00 2.248100e+00 5.283320e+01 4.714579e+01 4.334337e+01
 [41] 3.874853e+01 3.787920e+01 2.236539e+01 4.947004e+01 3.839618e+01 4.750475e+01 4.678841e+01 4.315278e+01 3.866638e+01 2.929990e+01
 [51] 1.901254e+01 1.873286e+01 6.466180e+00 4.570449e-01 3.844928e+01 1.289994e+01 4.301937e+00 4.615855e+01 3.739698e+01 3.019317e+01
 [61] 4.142794e+01 3.934609e+01 3.855049e+01 3.332749e+01 3.007784e+01 1.078110e+01 4.144593e+01 2.688369e+01 2.324896e+01 1.894009e+01
 [71] 4.733225e+00 3.753598e+00 4.171838e+01 3.554559e+01 2.824586e+01 4.187607e+01 3.599530e+01 3.937881e+01 3.604493e+01 3.094887e+01
 [81] 2.188095e+01 3.922720e+01 2.819924e+01 2.307327e+01 4.072973e+01 2.880183e+01 1.722667e+01 8.600146e+00 3.772435e+01 3.243542e+01
 [91] 3.905864e+01 3.737809e+01 3.033655e+01 1.554520e+01 1.519064e+01 1.443190e+01 1.427745e+01 3.171821e+01 1.484558e+01 1.854860e+01
[101] 1.683708e+01 1.554959e+01 2.539104e+01 2.050352e+01 3.730680e+01 3.624379e+01 3.410893e+01 3.214060e+01 1.894393e+01 1.835956e+01
[111] 1.080017e+00 7.741968e-03 2.882065e+01 1.758935e+01 1.745651e+01 2.816840e+00 2.723657e+00 3.482101e+01 3.405056e+01 1.272694e+01
[121] 6.117463e+00 1.829367e+01 4.299514e+00 3.014522e+01 1.925360e+01 1.359068e+01 1.297740e+01 9.578928e+00 3.526614e+01 2.757415e+01
[131] 1.620674e+01 1.282642e+01 1.068025e+01 3.323778e+01 2.333612e+01 1.302744e+01 1.587913e+01 1.511026e+01 3.140294e+01 3.046454e+01
[141] 2.228291e+01 2.193842e+01 2.181372e+01 6.856204e+00 1.470230e+00 1.770695e+01 3.376911e+01 2.494544e+01 2.365656e+01 2.943072e+01
[151] 2.417484e+01 1.636040e+01 1.354078e+01 1.118241e+01 2.886339e+01 2.569483e+01 2.341698e+01 2.074651e+01 1.824214e+01 2.864289e+01
[161] 7.786103e+00 6.942000e+00 2.375157e+01 2.245678e+01 2.212981e+01 1.941376e+01 2.985093e+01 2.924078e+01 2.438926e+01 2.380670e+01
[171] 1.941687e+01 1.882155e+01 2.841586e+01 2.742078e+01 1.060836e+01 2.418938e+01 2.071910e+01 1.927720e+01 1.520371e+01 2.307533e+01
[181] 1.676409e+01 1.616329e+01 1.161551e+01 9.082955e+00 1.818680e+01 2.430022e+01 1.288164e+01 2.711211e+01 2.329446e+01 8.537781e+00
[191] 2.361006e+01 3.415793e-04 6.898151e+00 2.464600e+01 2.085204e+01 1.003566e+01 2.811070e+01 2.365330e+01 2.149429e+01 2.137072e+01
[201] 1.135192e+01 2.092514e+01 1.685928e+01 1.786881e+01 1.115341e+01 2.539778e+01 2.251286e+01 1.929501e+01 1.295058e+01 4.514746e+00
[211] 2.172069e+01 1.610599e+01 2.400977e+01 1.713667e+01 1.092544e+01 1.001257e+01 8.788650e+00 1.690480e+01 4.247246e+00 2.349200e+01
[221] 1.520410e+01 9.047386e+00 1.703395e+01 1.414611e+01 5.840939e-01 1.972992e+01 9.359717e+00 1.353860e+01 1.084550e+01 3.407362e+00
[231] 1.426983e+01 2.057084e+01 7.154205e+00 4.404081e+00 6.207418e-01 1.613231e+01 7.816943e-01 2.135900e+01 1.929887e+01 9.600065e+00
[241] 1.732317e+00 3.695736e-01 1.573248e+01 1.332608e+01 6.463964e+00 2.026050e+01 1.930318e+01 1.899793e+01 1.497481e+01 1.353167e+01
[251] 1.010491e+01 2.129931e+01 1.874636e+01 1.284226e+01 1.042162e+01 5.898591e+00 1.460858e+01 1.125412e+01 4.601848e-01 1.840124e+01
[261] 1.615020e+01 2.101205e+00 1.791225e+01 4.321182e+00 2.133652e+01 1.916772e+01 1.606156e+01 4.877082e+00 1.909928e+01 1.903895e+01
[271] 1.961997e+01 1.867097e+01 1.435366e+01 5.958352e+00 1.402331e+01 4.022300e+00 2.051495e+01 1.988997e+01 1.437684e+01 8.998353e+00
[281] 7.182368e+00 1.165104e+01 2.075401e+01 1.123214e+01 1.041620e+01 1.571914e+01 6.377255e+00 1.767451e+01 1.426440e+01 7.541827e+00
[291] 6.799794e+00 6.390179e+00 1.462334e+01 9.546437e+00 1.766904e+00 1.829854e+01 1.331745e+01 1.831904e+01 4.261474e+00 3.669612e+00
[301] 1.791900e+01 2.373254e+00 1.545976e-01 9.963460e+00 8.751496e+00 3.700184e+00 3.233030e+00 1.097719e+01 3.956564e+00 4.301329e+00
[311] 7.988132e+00 1.189819e+01 1.625047e+01 1.287670e+01 9.766907e+00 6.312250e+00 2.648980e+00 1.238067e+01 1.238700e+01 1.580938e+01
[321] 1.119497e+01 6.448920e+00 1.620751e+00 1.709261e+01 7.935154e+00 7.711287e+00 1.781107e+01 1.460987e+01 1.166823e+01 1.422035e+01
[331] 1.207908e+01 1.127350e+01 1.068773e+01 7.388872e+00 6.713669e+00 3.060903e+00 1.425344e+01 4.733323e+00 3.212876e+00 6.729453e-01
[341] 3.177592e+00 1.591202e+01 1.590169e+01 6.607521e+00 6.576567e+00 3.717193e+00 9.671117e-01 1.398803e+01 1.007655e+01 7.366312e+00
[351] 3.942359e+00 1.708919e+01 7.176009e+00 7.996524e+00 7.493272e+00 7.040898e+00 6.271410e+00 5.434571e+00 1.389400e+00 1.221426e+01
[361] 1.011641e+01 5.544388e+00 1.605814e+01 1.287723e+01 6.783403e+00 4.300649e+00 2.674419e+00 1.485351e+01 1.262038e+01 7.540040e+00
[371] 6.921221e+00 6.367311e+00 1.347952e+01 1.342672e+01 4.259224e+00 4.273127e-01 1.648187e+01 2.004553e+00 1.092565e+01 8.019327e+00
[381] 1.257259e+00 1.091145e+00 8.007835e-01 1.447381e+01 4.378072e+00 1.406250e+01 1.041611e+01 4.741665e+00 2.220090e+00 1.415020e+01
[391] 1.354810e+01 9.482273e+00 1.061015e+01 1.426268e+01 9.119875e+00 6.599593e+00 1.136581e+00 1.467671e+01 9.105570e+00 8.797745e+00
[401] 6.008693e+00 1.126555e+01 5.624057e+00 1.300784e+01 8.219915e+00 3.969262e+00 7.738542e+00 1.261903e+01 1.922966e+00 1.007325e+01
[411] 1.567595e+01 3.512871e+00 2.909344e+00 1.045036e+01 4.472030e+00 1.423064e+01 6.831630e+00 7.531796e+00 4.586218e+00 1.658746e+00
[421] 7.222636e-01 1.015852e+01 1.239374e+01 1.088513e+01 5.559569e+00 8.042713e+00 5.916554e-01 5.830509e+00 5.417168e+00 7.337406e+00
[431] 4.140845e+00 1.336015e+01 3.080404e+00 1.280088e+01 1.195311e+01 6.288629e+00 1.193659e+01 1.626289e+00 1.142779e+01 1.078961e+01
[441] 4.876233e+00 4.284198e+00 1.344923e+00 1.106040e+01 7.687878e+00 4.900148e+00 2.336911e+00 8.430087e+00 1.255162e+01 8.427662e+00
[451] 1.336667e+01 3.194904e+00 9.284968e+00 3.068514e+00 1.249053e+01 7.860642e+00 4.907891e+00 7.550265e+00 5.741717e+00 2.986217e+00
[461] 9.719416e+00 5.966447e+00 3.079696e+00 4.418054e+00 9.400686e+00 5.864556e+00 1.894223e+00 1.071471e+01 5.517268e+00 1.013108e+01
[471] 4.610498e+00 1.133709e+01 6.965246e+00 3.669782e+00 5.840682e+00 8.297831e+00 1.023231e+01 9.949708e+00 7.691367e+00 5.197313e+00
[481] 3.715669e+00 9.805125e+00 4.617660e+00 5.913264e+00 3.962082e+00 2.247316e+00 8.040962e+00 8.069407e+00 1.134428e+01 1.100094e+01
[491] 6.936682e+00 9.550870e+00 8.832585e+00 3.346830e+00 3.360811e+00 6.734558e+00 2.288422e+00 1.047547e+01 5.584568e+00 2.351830e+00
[501] 6.475228e+00 6.221623e+00 5.979600e+00 2.415522e+00 1.011434e+01 8.875726e+00 5.638526e+00 3.286649e+00 7.332273e+00 5.907430e+00
[511] 1.041746e+01 2.973149e+00 1.008546e+01 1.437122e+00 2.366327e+00 3.200645e+00 4.200652e+00 5.505618e+00 7.041258e+00 7.963834e-01
[521] 2.216001e-01 6.225981e+00 3.527118e+00 7.117769e+00 4.442119e+00 9.879728e+00 2.366362e+00 6.309577e+00 5.782858e+00 5.809206e+00
[531] 7.941931e+00 7.877155e+00 5.665048e+00 2.790139e+00 8.867630e+00 4.171558e-02 4.194661e+00 3.368435e+00 2.746410e+00 5.971783e+00
[541] 2.603630e+00 3.119567e+00 1.991225e+00 4.237229e+00 6.820678e+00 4.077040e+00 1.305085e+00 7.417387e+00 4.059872e+00 4.787800e+00
[551] 4.452347e+00 1.783507e+00 7.682310e+00 5.502138e-02 5.607017e+00 4.090073e+00 4.737896e+00 3.052544e+00 3.488183e+00 3.137028e+00
[561] 1.369133e+00 6.543745e+00 4.708827e+00 1.127482e+00 1.266981e+00 4.359683e+00 1.061131e+00 5.362976e+00 3.359363e+00 5.044857e-02
[571] 4.848645e+00 2.164131e+00 4.781779e+00 5.782134e+00 2.242193e+00 4.784967e+00 3.788776e+00 1.205725e+00 4.132891e+00 3.455830e+00
[581] 7.676851e-01 5.690047e+00 3.792575e+00 3.787745e-01 5.248065e+00 3.445201e+00 4.787054e+00 4.667880e+00 3.560602e+00 1.188717e+00
[591] 7.660294e-01 5.188518e+00 1.965314e+00 1.224205e+00 3.790145e+00 9.271160e-01 1.196270e+00 2.218822e+00 8.993921e-01 1.572988e-01
[601] 2.855330e+00 2.558535e+00 2.195681e+00 2.490716e+00 5.077143e+00 2.775544e+00 1.558878e+00 1.205696e+00 9.664546e-01 4.324331e+00
[611] 9.859266e-02 3.055755e+00 1.036915e+00 1.340926e+00 4.144279e+00 4.519048e+00 3.061784e+00 3.615850e+00 3.234233e+00 4.458150e+00
[621] 9.670626e-01 3.883130e+00 3.658881e+00 4.491592e+00 2.502985e+00 2.987409e+00 3.460680e+00 1.876409e+00 1.256999e+00 3.700701e+00
[631] 1.430660e+00 3.911762e+00 2.375896e+00 1.604712e+00 2.586646e+00 1.179926e+00 3.914579e+00 1.539488e+00 3.755093e+00 1.420960e-01
[641] 2.733279e+00 1.329273e-01 4.878474e-01 3.804931e+00 1.707455e+00 1.988406e+00 5.700159e-01 3.038092e+00 2.188211e+00 1.554885e+00
[651] 1.424642e-01 1.477881e+00 1.531943e+00 2.996702e+00 2.522922e+00 2.663200e-01 1.426835e+00 1.527790e+00 2.699011e+00 1.675836e+00
[661] 1.347521e-01 2.341861e+00 4.254935e-01 9.016063e-01 9.727743e-01 1.033109e+00 1.456538e+00 6.426268e-01 1.569283e+00 1.041155e+00
[671] 5.213575e-01 1.527393e+00 1.393425e+00 1.138493e-01 1.366980e+00 1.101665e+00 8.432084e-01 3.130354e-01 7.962215e-02 9.270866e-01
[681] 1.347455e-02 2.771957e-01

$PAR
  [1]  NA   1   1   1   1   2   2   2   2   2   2   2   3   3   3   4   4   4   4   4   4   4   4   4   4   5  26  26  16  29  29  30  30
 [34]  30  30  30  30   6   7  32  32  32  32  38  38  17  27  46  46  46  46  46  46  46  39  39  39  47  47  47  18  18  18  18  18  18
 [67]  58  58  58  58  58  58   8   8   8   9   9  40  40  40  40  48  76  76  73  73  73  73  67  67  85  85  85  62  62  62  62  82  82
[100]  91  91  91  49  49  63  63  63  63  63  63  63  63  55  55  55  55  55  42  42  42  42  59  59  92  92  92  92  92 105 105 106 106
[133] 106  77  77  77  74  74 129 129 129 129 129 129 129 118 107 147  28  64  64  64  64  64 134  10  10  10  90 108  20  20 139  80  80
[166]  13 140  14  14  14  14  14  60  60  60 124 124 124 124  65  65  65  65  65  34  21  21  50  50  50 168 155 113 173 173 173  83 197
[199] 197 197 197 174 174 188 188 156 156 103 103 148 194 194 169 186 186 186 186 176 176 151 213 213 170 163 163 198 191 157 157 157 135
[232]  69  69  69  69 180 180  84  84  84  84  84  11  11  11 207 207 207 207 207 207 164 164 164 164 164  43  43  43 141 141 141 165  81
[265] 211 211 211 211 199 199 200 200 200 200 238 238 265 252 252 252 252 202 195 283 283 177 177 232 232 232 232 232 277 277 277 104 226
[298]  15 171 166 239 125 125 269 269 270  51 248 109  70 253  52 272 272 272 272 272 100 110 296 296 296 122 159 159 159 185 185 185 301
[331] 301 301 301 301 301 301 263 204 204 204 327  23  23 146 146 146 146 288 288 288 114 115 115  24  24  24  24  24  24 214 214 214 324
[364] 324 352 352 352 223 223 223 223 223 218 218 218 218 101 181 377 377 377 377 377 313 313 182 182 261 236 212 212 212  25 267 267 267
[397] 267 363 363 363 363 342 342 343 343 343 137 320 320 243 286 286 286 411 411 102  94 221 221 221 221 179 249 398 328 257 257  96 273
[430]  97  97 231 231 337 337 337 416 330 390 390 390 390 390 224 224 224 224 275 126 153 228 228 250 250 373 244 244 297 297 297 136 127
[463] 127  56 187 187 187 132 132 434 434 120 120 408 449 423 319 360 331 435 435 437 312 329 329 329 282 183 439 439 439 402 284 284 321
[496] 154 490 379 424 424 229  66  66  66 468 468 468 468 333 333 133 393 414 414 255 511 422 505 251 251 251 513 513 196 304 478 478 315
[529] 315 461 294 227 227 227 453 453  35  36 280 506 506 493 400 217 305 305 305 476 476 405 405 380 354 311 456 456 407 370 548 430 509
[562] 281 281 281 353 233 524 519 491 371 417 291 365 496 335 344 396 345 562 501 501 245 322 292 287 372 528 528 522 522 522 502 121 121
[595] 401 401 503 540 540 475 530 529 529 582 555 555 499 499 499 362 469 518 358 429 605 441 441 571 571 573 388 338 483 471 471 624 415
[628] 551 551 234 385 566 566  57 366 299 517 537 579 579 406 406 351 632 632 583  72 412 627 580 538 569 619 560 560 560 336 413 116 116
[661] 659 317 317 541 486 389 649 262 378 593 241 645 653 658 667 673 614 397 665 609 647 376

$EXTANT
  [1] FALSE FALSE FALSE  TRUE FALSE FALSE FALSE FALSE FALSE FALSE FALSE FALSE  TRUE FALSE  TRUE FALSE FALSE  TRUE FALSE  TRUE FALSE FALSE
 [23]  TRUE  TRUE FALSE FALSE FALSE  TRUE FALSE  TRUE FALSE FALSE FALSE  TRUE FALSE  TRUE  TRUE FALSE  TRUE FALSE FALSE  TRUE  TRUE FALSE
 [45] FALSE  TRUE FALSE FALSE FALSE  TRUE FALSE FALSE  TRUE  TRUE  TRUE  TRUE FALSE FALSE  TRUE FALSE FALSE  TRUE  TRUE  TRUE  TRUE  TRUE
 [67] FALSE  TRUE  TRUE  TRUE FALSE  TRUE FALSE FALSE FALSE FALSE  TRUE FALSE FALSE FALSE  TRUE FALSE FALSE  TRUE FALSE FALSE  TRUE  TRUE
 [89] FALSE FALSE  TRUE  TRUE FALSE FALSE  TRUE  TRUE  TRUE FALSE FALSE  TRUE FALSE FALSE FALSE FALSE FALSE  TRUE FALSE FALSE  TRUE FALSE
[111]  TRUE  TRUE FALSE  TRUE  TRUE  TRUE  TRUE FALSE FALSE  TRUE  TRUE  TRUE  TRUE  TRUE  TRUE  TRUE  TRUE  TRUE FALSE FALSE FALSE  TRUE
[133]  TRUE  TRUE FALSE  TRUE  TRUE FALSE FALSE FALSE  TRUE FALSE FALSE  TRUE  TRUE  TRUE  TRUE  TRUE FALSE FALSE FALSE  TRUE FALSE  TRUE
[155]  TRUE FALSE  TRUE FALSE  TRUE FALSE  TRUE FALSE  TRUE  TRUE FALSE  TRUE FALSE FALSE FALSE  TRUE  TRUE FALSE FALSE FALSE FALSE  TRUE
[177]  TRUE FALSE  TRUE  TRUE  TRUE  TRUE FALSE  TRUE  TRUE FALSE  TRUE FALSE FALSE  TRUE  TRUE  TRUE  TRUE FALSE  TRUE  TRUE FALSE  TRUE
[199] FALSE  TRUE  TRUE  TRUE FALSE  TRUE FALSE FALSE  TRUE FALSE FALSE  TRUE  TRUE FALSE  TRUE FALSE  TRUE FALSE  TRUE  TRUE  TRUE FALSE
[221]  TRUE  TRUE  TRUE  TRUE  TRUE FALSE  TRUE  TRUE  TRUE  TRUE  TRUE  TRUE  TRUE  TRUE  TRUE  TRUE  TRUE  TRUE  TRUE  TRUE  TRUE  TRUE
[243]  TRUE  TRUE  TRUE FALSE FALSE  TRUE FALSE  TRUE  TRUE  TRUE  TRUE FALSE  TRUE FALSE  TRUE  TRUE  TRUE FALSE  TRUE  TRUE  TRUE  TRUE
[265] FALSE  TRUE  TRUE  TRUE  TRUE FALSE FALSE  TRUE  TRUE  TRUE  TRUE  TRUE  TRUE  TRUE FALSE  TRUE  TRUE  TRUE FALSE  TRUE FALSE  TRUE
[287]  TRUE  TRUE FALSE  TRUE  TRUE  TRUE  TRUE  TRUE  TRUE  TRUE  TRUE FALSE  TRUE  TRUE  TRUE  TRUE  TRUE  TRUE  TRUE  TRUE  TRUE  TRUE
[309]  TRUE FALSE  TRUE  TRUE  TRUE FALSE  TRUE  TRUE  TRUE FALSE  TRUE  TRUE  TRUE  TRUE  TRUE FALSE  TRUE  TRUE  TRUE  TRUE  TRUE  TRUE
[331]  TRUE  TRUE FALSE  TRUE  TRUE  TRUE  TRUE  TRUE  TRUE  TRUE  TRUE  TRUE FALSE  TRUE  TRUE  TRUE  TRUE  TRUE  TRUE FALSE  TRUE  TRUE
[353]  TRUE FALSE  TRUE  TRUE  TRUE  TRUE  TRUE  TRUE FALSE FALSE FALSE FALSE  TRUE  TRUE  TRUE  TRUE  TRUE  TRUE  TRUE  TRUE  TRUE FALSE
[375]  TRUE  TRUE  TRUE  TRUE  TRUE  TRUE  TRUE  TRUE  TRUE  TRUE  TRUE  TRUE  TRUE  TRUE  TRUE FALSE FALSE  TRUE FALSE  TRUE  TRUE FALSE
[397]  TRUE FALSE FALSE  TRUE  TRUE FALSE FALSE FALSE  TRUE  TRUE  TRUE  TRUE  TRUE  TRUE FALSE  TRUE  TRUE  TRUE  TRUE FALSE  TRUE FALSE
[419]  TRUE FALSE  TRUE  TRUE  TRUE  TRUE  TRUE  TRUE  TRUE  TRUE  TRUE  TRUE  TRUE  TRUE  TRUE  TRUE  TRUE FALSE  TRUE  TRUE FALSE  TRUE
[441]  TRUE  TRUE  TRUE FALSE  TRUE  TRUE  TRUE  TRUE  TRUE FALSE FALSE  TRUE  TRUE  TRUE FALSE  TRUE  TRUE  TRUE  TRUE FALSE  TRUE FALSE
[463]  TRUE FALSE  TRUE  TRUE  TRUE  TRUE  TRUE  TRUE  TRUE FALSE FALSE  TRUE  TRUE  TRUE FALSE  TRUE FALSE  TRUE  TRUE  TRUE  TRUE  TRUE
[485]  TRUE  TRUE  TRUE FALSE  TRUE FALSE FALSE  TRUE FALSE  TRUE  TRUE FALSE  TRUE  TRUE  TRUE  TRUE  TRUE  TRUE  TRUE  TRUE  TRUE  TRUE
[507] FALSE FALSE  TRUE  TRUE  TRUE  TRUE  TRUE  TRUE  TRUE  TRUE  TRUE  TRUE  TRUE  TRUE  TRUE  TRUE  TRUE  TRUE  TRUE FALSE  TRUE FALSE
[529]  TRUE  TRUE  TRUE  TRUE  TRUE  TRUE  TRUE  TRUE  TRUE  TRUE  TRUE FALSE  TRUE  TRUE  TRUE  TRUE  TRUE  TRUE FALSE  TRUE FALSE  TRUE
[551]  TRUE  TRUE  TRUE  TRUE  TRUE  TRUE FALSE  TRUE  TRUE  TRUE  TRUE  TRUE  TRUE  TRUE  TRUE  TRUE  TRUE  TRUE  TRUE  TRUE  TRUE  TRUE
[573] FALSE  TRUE  TRUE FALSE  TRUE  TRUE  TRUE  TRUE  TRUE  TRUE  TRUE  TRUE  TRUE  TRUE  TRUE  TRUE  TRUE  TRUE  TRUE  TRUE  TRUE  TRUE
[595]  TRUE  TRUE  TRUE FALSE  TRUE  TRUE  TRUE  TRUE FALSE  TRUE  TRUE  TRUE  TRUE  TRUE  TRUE  TRUE  TRUE  TRUE  TRUE  TRUE  TRUE  TRUE
[617]  TRUE  TRUE  TRUE  TRUE  TRUE  TRUE  TRUE  TRUE  TRUE  TRUE  TRUE  TRUE  TRUE  TRUE  TRUE  TRUE  TRUE  TRUE  TRUE  TRUE  TRUE  TRUE
[639]  TRUE  TRUE  TRUE  TRUE  TRUE  TRUE  TRUE  TRUE  TRUE  TRUE  TRUE  TRUE  TRUE  TRUE  TRUE  TRUE  TRUE  TRUE  TRUE  TRUE  TRUE  TRUE
[661]  TRUE  TRUE  TRUE  TRUE  TRUE  TRUE  TRUE  TRUE  TRUE  TRUE  TRUE  TRUE  TRUE  TRUE  TRUE  TRUE  TRUE  TRUE  TRUE  TRUE  TRUE  TRUE

