
Birth-death simulation object with 727 species and 500 extant species

Details for some species:

Extinction times (NA means extant)
[1] 75.31316 66.57072 58.20170 69.66523 45.95559       NA


Speciation times 
[1] 88.58838 85.20825 77.32741 85.16515 68.09153 77.22145


Species parents (NA for initial)
[1] NA  1  1  2  2  3


Species status (extinct or extant)
[1] "extinct" "extinct" "extinct" "extinct" "extinct" "extant" 


For more details on vector y, try sim$y, with y one of
TE TS PAR EXTANT



$TE
  [1] 75.31315569 66.57071600 58.20169619 69.66522810 45.95559170          NA 73.08714416 24.41120964 37.40598966
 [10] 29.42429713 21.11859885          NA          NA          NA 47.59448839 72.94990357 55.04469212 17.58121328
 [19] 20.24580915 22.97672794 47.08700840 36.51884849  3.14902234 44.05506538 29.05905923 19.70783980          NA
 [28] 25.26087290 11.95039372 37.08001392 35.62660140  7.50154811 16.77321027 42.15288490          NA 19.91022916
 [37]          NA 17.85138123 26.97060513 35.79591604 29.81293830          NA          NA          NA  1.08485103
 [46] 16.09995021  0.58904649          NA 34.24067155 40.86277377          NA          NA          NA 41.64575078
 [55]          NA 30.75225189 34.67015541 16.54408934          NA          NA 12.26176573          NA          NA
 [64] 32.64705019 23.62113748          NA  7.68501036 16.08480010          NA  8.85689504  2.55806380  2.57355220
 [73]          NA  9.10881706 10.07736224          NA          NA          NA  3.09419917 23.44917214 27.09716396
 [82]  2.38488471 10.95573729 28.20706469 10.21483600          NA          NA  8.19417291          NA          NA
 [91]          NA          NA 18.57959943          NA 16.37748832  6.49151441          NA 30.77751675 23.02601329
[100] 10.99708753          NA 10.06798025          NA  3.88064022 17.42641985          NA          NA          NA
[109]          NA 16.65296554  4.68973089 19.64367924          NA 20.23592949 17.53568265          NA 32.59100476
[118]          NA 15.87411106  7.26156693          NA  9.54969402          NA          NA          NA          NA
[127]          NA          NA          NA          NA  5.48730552 20.61471470          NA          NA          NA
[136]          NA          NA          NA 18.27145630          NA 17.16291567          NA          NA          NA
[145]          NA          NA          NA          NA 30.52643335          NA          NA 10.60690193 20.76272087
[154]  6.46729710 21.27143553          NA          NA          NA          NA          NA  0.17118651  3.77017689
[163] 23.38916176 20.57524787 12.82505640  0.02040945          NA          NA          NA          NA 15.25961208
[172] 19.96467834 23.43397816          NA          NA  4.20702433          NA          NA 11.47583649          NA
[181]          NA  8.67618084  4.38373823          NA          NA 14.16280239          NA          NA          NA
[190]          NA          NA 20.70538058          NA          NA          NA          NA 10.90654893          NA
[199]          NA          NA          NA  7.70910865          NA          NA          NA 24.47001801 15.78771615
[208]          NA          NA          NA          NA          NA          NA          NA  8.63366832 25.51604756
[217] 15.24938073          NA          NA 23.77244861 23.46707246          NA          NA  7.54460344          NA
[226] 16.21904737  9.37103757          NA          NA          NA          NA          NA          NA          NA
[235]  6.06106499  1.17832654          NA          NA          NA          NA 22.26767329  9.40504467          NA
[244]          NA          NA          NA  1.04907138          NA          NA          NA  8.63455939          NA
[253]          NA  6.84935773  0.72195136  6.85673802          NA  7.95705220  0.25337368 17.59870204          NA
[262]          NA          NA  3.15738471 11.70577271          NA          NA          NA  4.33798839  8.16187541
[271]  8.94770971  6.86664643          NA          NA 17.97109334  9.49662884 13.69123954          NA          NA
[280]          NA          NA  0.36903677          NA          NA          NA  1.80480890          NA          NA
[289] 12.66646775          NA          NA          NA          NA  0.42974093 16.97371410          NA  0.88271773
[298]  2.54331778          NA          NA          NA 12.44063959  8.26575951          NA          NA 13.19513833
[307]  9.51739916  5.31867268  6.55330026  8.93055662  2.48755215 10.97424015          NA          NA          NA
[316]          NA          NA          NA  1.57837597          NA          NA          NA          NA          NA
[325] 10.25140669          NA  2.00996562          NA          NA          NA 11.47912710 21.38671819          NA
[334]          NA  3.06907223          NA          NA          NA          NA          NA          NA          NA
[343]          NA          NA          NA          NA 10.57864594          NA 11.65714997          NA          NA
[352]          NA  4.28594416          NA  4.39858897  1.17619411  9.79114769  2.15624242          NA          NA
[361]          NA 10.96729333  2.39368572          NA          NA          NA          NA  0.56813780          NA
[370]  8.75108968          NA          NA 14.45745966          NA          NA          NA          NA          NA
[379]          NA  2.98601911          NA          NA          NA          NA 18.08054344          NA          NA
[388]          NA          NA          NA          NA          NA          NA          NA          NA  3.44821117
[397]  5.48401326          NA          NA          NA          NA          NA          NA  4.63526278          NA
[406]          NA  6.01797416          NA          NA          NA  1.52582236 10.07034269          NA  7.92683410
[415]          NA          NA          NA          NA          NA          NA          NA          NA          NA
[424]          NA          NA  1.21074143          NA 10.09819772          NA          NA          NA  2.95187456
[433]          NA          NA          NA 13.40157489          NA          NA          NA  3.67111810          NA
[442]  7.23932357          NA          NA          NA  4.14358104          NA          NA          NA          NA
[451]          NA          NA          NA          NA          NA          NA          NA          NA          NA
[460]          NA          NA          NA          NA          NA          NA  8.33044549          NA          NA
[469]          NA  2.52956261  3.31553965  8.27637775          NA          NA          NA          NA          NA
[478]          NA          NA          NA          NA          NA          NA          NA          NA          NA
[487]          NA          NA          NA          NA          NA          NA          NA          NA          NA
[496]  0.45917417          NA          NA          NA          NA          NA  0.31005169          NA          NA
[505]  0.46680518          NA          NA  8.35702576          NA          NA          NA          NA 10.60453623
[514]          NA  2.12534379          NA  3.89869593          NA  7.48433135          NA  1.05308223          NA
[523]          NA  3.51685073          NA          NA          NA  3.55446110  9.10925995          NA          NA
[532]  1.02501107          NA          NA          NA  3.92294677          NA  9.64431583          NA  4.96472518
[541]  7.85255932          NA          NA  0.18819548          NA          NA  1.27065519          NA          NA
[550]  5.76311752          NA          NA          NA          NA          NA          NA          NA  9.52962627
[559]          NA          NA          NA          NA          NA          NA          NA          NA          NA
[568]          NA          NA          NA          NA  0.90499243          NA          NA          NA          NA
[577]          NA  6.80261008          NA          NA          NA          NA          NA          NA  1.44236487
[586]          NA          NA          NA          NA  3.63322042  0.36772009          NA          NA          NA
[595]          NA          NA          NA          NA          NA          NA          NA          NA          NA
[604]          NA          NA          NA          NA          NA          NA          NA  5.84162569          NA
[613]          NA          NA          NA  3.30157359          NA          NA          NA          NA          NA
[622]          NA          NA          NA          NA          NA          NA          NA          NA          NA
[631]          NA          NA          NA          NA          NA          NA          NA          NA          NA
[640]          NA          NA          NA          NA          NA  0.29548064          NA          NA          NA
[649]          NA          NA          NA          NA          NA  0.74797831          NA          NA          NA
[658]          NA          NA  1.47029918          NA          NA          NA          NA          NA          NA
[667]          NA          NA          NA  1.96680665          NA          NA  3.42788404          NA          NA
[676]          NA  1.71726397  0.38617820          NA          NA          NA          NA          NA          NA
[685]          NA          NA          NA          NA          NA  2.06477148          NA          NA          NA
[694]          NA          NA          NA          NA          NA          NA          NA          NA          NA
[703]  1.93974062          NA          NA          NA          NA          NA          NA          NA          NA
[712]          NA          NA          NA          NA          NA          NA          NA          NA          NA
[721]          NA          NA          NA          NA          NA          NA          NA

$TS
  [1] 88.588378556 85.208249706 77.327408965 85.165151478 68.091532914 77.221451637 75.275111517 62.197590929
  [9] 60.044857994 53.639464859 47.465284649 29.207110551 19.297510299 13.965500075 73.976887317 72.964841907
 [17] 67.763615802 60.982115331 62.479788288 61.429960869 57.766267338 49.171094708 20.569325874 48.893416462
 [25] 41.833867406 37.228296775 34.606174287 59.936100186 54.490186229 48.882472596 38.696732952 31.807276092
 [33] 53.475633252 52.145163016 36.487484459 26.990874211 46.562674388 46.501120247 46.380026635 45.065661922
 [41] 39.873533572 27.316674905 43.582926790 42.341076519 31.737548506 30.714313307 45.414359391 44.757421159
 [49] 44.084613108 40.872651777 39.489958543 33.089839348 25.478309689 44.951868298 42.765311194 39.625714158
 [57] 38.807905594 33.836998183 32.641190360 18.886465398 18.663958653  1.321435337 41.670968423 41.332012762
 [65] 28.455222550 17.857206287 40.703710203 21.811332708 12.569843071 12.312801709  6.374747465  3.462137702
 [73] 44.272905646 36.599506072 37.375530576 28.238848459 16.625275834 34.377514825 32.475142887 31.123815484
 [81] 28.371231158 27.493195252 11.337593673 43.544025478 41.614698185 30.922622110 17.317188222 11.724381783
 [89]  9.160328659  8.417914676 34.264888773 30.201857659 29.922478521  0.425683023 21.705861643 19.309335954
 [97] 40.270802870 31.995902609 29.181903370 22.590808205 21.276317800 16.717885922  5.861813206  4.913782620
[105] 34.850383082 33.219189184 23.509855314 22.939407114 37.237565701 35.485414141 32.598950468 35.850274664
[113] 37.446105884 35.557819557 28.132977358 12.184096038 34.017910447 36.324125597 35.244289237 31.413989343
[121] 28.766897960 27.414673015 30.562544769 27.712124168 25.854188692  9.501279654  7.346142597  0.989654042
[129]  0.632295069 35.777249027 32.999531164 25.328103589 23.984415789 16.352035099  5.388715941  1.459746835
[137]  0.785757991  0.007774917 29.897476406 29.815914087 24.109276546 24.008358646  2.830684623  1.140973852
[145] 27.297044636 24.117473925 18.552704269 31.856576554 30.928084348 21.665023638 21.515003846 19.955795947
[153] 32.508668621 25.357557769 23.584526121 11.863524621 11.073704472  5.417780558 12.851327000  5.896809512
[161]  1.794738476 31.396265018 28.300264801 26.686393252 20.374869016 11.063903320 10.630555776  4.139620876
[169]  3.519783783  1.162752599 20.898340072 32.857391690 27.951338729 16.766346075 28.127779644 27.101972322
[177] 19.120491013  7.726020204 11.991227489 27.440863038 16.217979822 15.381473840 18.500656972  8.745756031
[185] 23.406208593 18.774608446 15.174617919  9.077960809  8.783746685  7.361736473 26.265730471 30.707963058
[193] 13.123614293 29.452048697 28.431844794 22.530524897 29.590643379 28.734015464 28.246074275 27.979337989
[201] 25.934042428 21.633520504 13.528352162  4.134118228  0.130888202 29.488073027 26.969618399 24.416089013
[209] 23.025144909 20.262988794 12.683366907  9.943218708  1.439272205 23.289741379 14.808114112 29.216097305
[217] 26.716113710 14.099000474 11.568787262 25.402140393 27.812260528  9.961163684 29.112414475 24.244605707
[225] 21.102411546 17.117029361 13.997723043  9.725667006  5.687974320  4.989624788  9.743738845  4.353148821
[233]  3.749613001  2.773748346 16.060659528 15.379378991 11.327542467  7.765147109  4.852881762 28.047643555
[241] 25.893006664 18.606840140  4.582335550 23.894287395 20.965452985 18.217278076 16.211940735  4.240020924
[249] 23.363715017  4.138229408 24.522172492 15.716424383 10.026664454 21.979689514 20.061001019 14.618812338
[257] 13.457578346 11.191903138  4.635596331 24.946994018 24.202906272 14.102497974 18.238807235  5.050113702
[265] 26.980815729  8.978914741  5.332506521 24.108599699 22.706054602 14.924924630 13.347635404 24.125749850
[273] 19.369207297 25.417230756 22.353465853 25.243216298 23.451517317 22.192632872 13.177159960  3.783653417
[281] 19.931598482 10.762017043  1.630257908 24.417876902 23.992147985 10.938359163 21.907403588 11.205818390
[289] 21.341581512 18.354891783 13.834421681 11.194876957 10.426913894 23.860308698 22.967004885 15.987297407
[297]  8.922056788  8.713743779  4.718845863 17.527195299  9.747675413 14.794881509 12.866498459  9.515156359
[305] 22.914952776 22.037226940 18.703838490 17.880660785 17.384033257  9.340393863 20.173546979 17.658680970
[313] 15.855667233 10.700636101  9.068881402  3.071493463 23.286684927  9.007475424  4.595160819 14.002129567
[321]  1.088561156 20.853758346 13.880881299  0.936326261 18.566157294 13.525908010  5.942704871  5.523067566
[329]  2.561443381  4.369080204 17.232737946 22.510628884  7.935741616  5.200590210 23.032014942  0.184911238
[337]  1.987652564 21.913275244 21.604999387 16.372406645 15.278845522 12.550733709 11.908812066 12.891348062
[345]  7.594763332 17.792017592 11.299181358  5.731390274 17.286549942  7.669250179  5.889166320 11.982883698
[353] 11.194025287 22.318503957 19.366475192  8.737963678 20.353643153 13.247506080 18.833268327 18.551504679
[361] 11.956946559 11.543374217 17.306245647 16.828070690 18.028713556 21.658450889 20.428631984 14.344692583
[369] 12.286360246 10.210133545  1.959971133  0.957376986 15.536409552 11.169409859 16.806465719 11.059273855
[377]  7.051083241  6.822026378  6.243031567  5.017075051  4.197089033 19.205946906 12.861081193  4.676180055
[385] 20.884019503 15.511390726  5.031295559 20.629124408 19.207724029 11.679975749  2.548898464 13.490283936
[393]  1.980024390 17.112693574 14.934093913 14.286747308 16.931589838 12.567096264 10.661408470  0.423593508
[401] 16.770095205 15.630806669  4.202260616 16.044420982  1.331590870 17.346034758 15.917752779 14.672009430
[409]  9.739532580  6.970216406 15.881480847 15.868804496 10.062962411 12.247465482  8.392519562 12.187310017
[417]  9.005978412  1.310275831  0.689609764 17.085744959 15.398446248 14.666226839 13.363656533  9.906345892
[425] 13.598728182  8.898361188 17.963505431 15.624233149  7.298865554 15.495195251  1.504851308 17.047467472
[433] 15.914472586 15.814296820 13.734962602 15.675708421 10.822773919  7.361043471 13.745461832 12.446841992
[441]  5.444628159 16.183947520  3.471176588 13.678715185 10.985414388 14.028764835 13.500139935 11.668689754
[449]  8.947999215  6.641353940 11.528731098  0.301549423 12.125544204 11.769346836  1.288888935  0.109935403
[457] 11.633331719 10.240746549  3.460965864 10.955504286  9.360117189  8.159693068  4.404940990 13.814770531
[465]  3.956031535 16.008391474 14.851782881  8.497525906 15.884891408  7.010912283 10.330106178  8.483027220
[473] 15.481521164 11.329704330 11.775657928  8.261450149  3.902585089  3.225622491 15.559675668  6.431388252
[481] 13.518293149 10.451444059  1.945629899 10.137959238  7.655146587  0.822419664 13.279179144  7.679228338
[489] 12.169642149  8.488136803 15.465779344  0.848889093 12.003067981  8.024166402  2.473241485 11.899711660
[497]  2.917561674  2.252730822 14.402233864 12.956519429  9.749140776  9.634705331  6.967208200  6.763586016
[505]  5.105248978  3.466783993 10.704245155 13.015045628 13.205117768  3.717371727 11.615050484 12.149302043
[513] 13.244501326  9.555295512 11.071388405  3.690875024  8.796317334  1.058938437  9.018826424  6.160440151
[521]  9.188336551  1.726433000  2.250894730 13.051315954  5.456622131  4.042623774  2.423490573 11.410190398
[529]  9.707819242  5.603725198  4.823083361  4.637446526  5.243028366  0.132069654  6.110367944  5.838304098
[537]  1.709223992 10.643488618  4.836605933 11.105592463 11.020202566  8.302382454  9.090115264  7.789891715
[545]  8.934328334  0.294051545  2.110266905  7.326756917  6.988694676 12.285084218 12.250144384  9.733874081
[553] 10.370068970  6.187728930  5.178763040  4.208521673  1.960741731  9.914371775  1.388048176  4.272435281
[561]  5.507193341 10.666043660  7.465277703  9.360083364 10.847661262  7.141300859  1.092672534 10.188854307
[569]  4.346872356  8.710974821  5.709519985 10.912992613  7.504060290  4.792687249  2.320364910  5.334185505
[577]  9.170698766  7.742357138 10.224740699  9.617801987  1.639099716  8.368502647  4.683327975  1.239504274
[585]  7.277917508  3.416508439  3.556310516  4.880748031  3.980110982  3.785802676  8.760658940  9.104744384
[593]  1.303961261  0.057868639 10.464244386  5.945247434  0.039885756  1.820804077  7.055545030  3.544119424
[601]  0.263039422  5.895345107  8.847887919  9.334794529  7.312254896  9.464345494  2.912374799  8.876933118
[609]  2.977382980  9.372006895  8.271126454  5.256874531  4.136532175  6.136828657  1.638016604  5.696109245
[617]  3.744109068  2.127860528  7.690244672  1.356913695  4.693922878  2.691227013  7.499552517  1.024491201
[625]  2.971343595  0.864918804  4.222328591  8.776213500  7.774880354  2.749768576  4.025338045  4.392420680
[633]  2.342218442  2.218026791  6.630076453  6.439485774  4.187778486  3.275453830  4.281325479  1.764941634
[641]  1.662101550  1.507463547  3.703626275  4.057691682  6.550966574  7.530035407  4.871973021  4.704347586
[649]  7.238845188  4.019528788  6.836093942  4.695100728  2.286397688  0.879229228  3.066996459  1.993501879
[657]  1.138917388  0.114953794  5.958037423  5.403692402  1.531769839  5.659399305  0.352359200  2.654554542
[665]  4.558035547  6.945500928  2.048728387  1.422589917  4.473129096  2.150016331  0.459064059  1.131746930
[673]  3.909345992  2.399122160  1.868193307  4.568510806  1.842958173  4.678105920  3.434651820  3.601139765
[681]  2.953866350  1.465699575  4.765716990  0.070609470  1.368667823  3.376779131  1.728066801  1.681512076
[689]  4.317399499  2.338532539  1.039859731  0.007677608  1.929264896  2.205080549  3.850767303  1.139371002
[697]  3.832593234  1.780607372  2.182206542  3.526310842  1.008669761  3.103751780  2.145720943  0.531910923
[705]  1.950506515  1.064423237  0.390235166  1.294608023  2.814337536  1.477273162  0.242003301  0.982882635
[713]  0.371792723  0.962888175  0.114289991  1.581287413  0.393714851  0.344967238  0.084417438  1.515701982
[721]  0.290535750  0.431166789  1.247949740  1.017703162  0.829197225  0.239574584  0.144744727

$PAR
  [1]  NA   1   1   2   2   3   3   3   3   6   6   6   6   6   7  15  15  15   5  17  17  19  19   8   8   8   8  20
 [29]  20  20  20  20  18  18  18  18  28  28  28  29  29  29  10  10  10  10  33  33  33  33  33  33  33  34  22  30
 [57]  11  11  37  37  37  37  38  38  38  38  39  47  47  47  47  47  40  40  48  48  48  73  73  73  73  73  73  49
 [85]  49  43  43  43  43  43  84  84  84  55  44  44  25  25  63  63  63  63  63  63  64  97  97  97  56  51  51  57
[113]  31 113  75  75 109  26  26  26  26  74  35  35  35  35  35  35  35 118 118 118 118 118 118 118 118 118 112 112
[141] 112 112 130 130 114 110 110 119 119 105 105 105  27  27  27  27  27  27  78  78  91  58  58 106 106 106 106 106
[169] 106 106  52 131 131 131 172 172  59  59 111 153 148 148  45  45 162 162 162 162 162 162  80 149  86  46  46  46
[197] 192 192 192 123 123 123 123 123 123  92  92  92  92  92  92  92  92 139 140 197 197 197 197 206 194 194  12  12
[225]  12  12  12  12  12  12 223 223 223 223 121 121 121 121 121 198 198 198 198  65 195 195 195 195 199  76 175 175
[253] 175 240 240 240 240 240 240 173 124 124  82  82  42  42 145 176 176 176 176  36 207 217 217 164 191 191 201 201
[281] 125 125  53 274 220 154 276 276 260 260 251 284 284 208 208 208 208 208 208 224 224 261 261 261 272 272 272 272
[309] 272 146 268 268 268 268 268 268 142 142 142 285 285 133 133 133 294 294 294 294 294 107 277 185 185 185 249 214
[337] 317 335 335 335 335 335 335 209 209 108 108 108 305 269 269 100 196 332 354 354 278 306 254 338 338 338 287 287
[365]  95 150 366 366 366 366 366 366 202 202 339 339 339 339 339 339 151 101 225 225 245 245 245 385 322 322 322 388
[393] 388  23  23 367 165 357 210 210 311 311 255 152 281 273 355  96  96  96  13 389 389 177 177  60  60  60 359  61
[421] 242 242 242 242 325 183 290 246 246 365 365 308 308 308 308  66  66  66 312 312 300 406 406  87  87 363 363 331
[449] 432 397 364 364 375 375 401 401 102 102  77 340 340 340 340 134 181 247 247 247 235 235 404 404 407 407 433 433
[477] 433 433 411 411 412 412 313 252 252 402 428 479 386 386 430 430 473 473 473 491 491 421 341 395 395 467 467 467
[505] 408 422 256 368 262 262 446 320 227 227 291 291 464 464 439 439 425 425 481 447 392 392 392 257 257 487 487 358
[533] 509 509 279 279 279 193 193 344 303 303 383 159  69  69 398 342 440  70 369 369 414 416 416 416 416 489 489 453
[561] 352 343 475 454 448 448 457 511 451 528 528 237 288 292 292 353 258 374 515 166 166 376 445 445 460 572 565 437
[589] 437 437 282 507 507 507 399 167 293 553 471 471 458 579 568 484 253 222 222 212 424 301 231 409 409 502 580 514
[617] 514 304 126 604  89 592 543 315 318 318 417 449 449 545 297 426 608 608 517 517 628 628 591 591 591 356 298 570
[645]  90 415 415 415 582 476 462 544 544 238 619 619 619 350 485 485 485 573 573 127 429 585 599 410 378 378 504 635
[673]  71 520 520 160 351 103 616 530 530 530 561 525 441 158 135 135 588 588 647 574 683 648 665 665 669 232 569 248
[701] 627 613 650 650 443 586 586 316 655 655 625 709 622 667 557 483 693 598 640 615 720 708 455 567 624 724 717

$EXTANT
  [1] FALSE FALSE FALSE FALSE FALSE  TRUE FALSE FALSE FALSE FALSE FALSE  TRUE  TRUE  TRUE FALSE FALSE FALSE FALSE FALSE
 [20] FALSE FALSE FALSE FALSE FALSE FALSE FALSE  TRUE FALSE FALSE FALSE FALSE FALSE FALSE FALSE  TRUE FALSE  TRUE FALSE
 [39] FALSE FALSE FALSE  TRUE  TRUE  TRUE FALSE FALSE FALSE  TRUE FALSE FALSE  TRUE  TRUE  TRUE FALSE  TRUE FALSE FALSE
 [58] FALSE  TRUE  TRUE FALSE  TRUE  TRUE FALSE FALSE  TRUE FALSE FALSE  TRUE FALSE FALSE FALSE  TRUE FALSE FALSE  TRUE
 [77]  TRUE  TRUE FALSE FALSE FALSE FALSE FALSE FALSE FALSE  TRUE  TRUE FALSE  TRUE  TRUE  TRUE  TRUE FALSE  TRUE FALSE
 [96] FALSE  TRUE FALSE FALSE FALSE  TRUE FALSE  TRUE FALSE FALSE  TRUE  TRUE  TRUE  TRUE FALSE FALSE FALSE  TRUE FALSE
[115] FALSE  TRUE FALSE  TRUE FALSE FALSE  TRUE FALSE  TRUE  TRUE  TRUE  TRUE  TRUE  TRUE  TRUE  TRUE FALSE FALSE  TRUE
[134]  TRUE  TRUE  TRUE  TRUE  TRUE FALSE  TRUE FALSE  TRUE  TRUE  TRUE  TRUE  TRUE  TRUE  TRUE FALSE  TRUE  TRUE FALSE
[153] FALSE FALSE FALSE  TRUE  TRUE  TRUE  TRUE  TRUE FALSE FALSE FALSE FALSE FALSE FALSE  TRUE  TRUE  TRUE  TRUE FALSE
[172] FALSE FALSE  TRUE  TRUE FALSE  TRUE  TRUE FALSE  TRUE  TRUE FALSE FALSE  TRUE  TRUE FALSE  TRUE  TRUE  TRUE  TRUE
[191]  TRUE FALSE  TRUE  TRUE  TRUE  TRUE FALSE  TRUE  TRUE  TRUE  TRUE FALSE  TRUE  TRUE  TRUE FALSE FALSE  TRUE  TRUE
[210]  TRUE  TRUE  TRUE  TRUE  TRUE FALSE FALSE FALSE  TRUE  TRUE FALSE FALSE  TRUE  TRUE FALSE  TRUE FALSE FALSE  TRUE
[229]  TRUE  TRUE  TRUE  TRUE  TRUE  TRUE FALSE FALSE  TRUE  TRUE  TRUE  TRUE FALSE FALSE  TRUE  TRUE  TRUE  TRUE FALSE
[248]  TRUE  TRUE  TRUE FALSE  TRUE  TRUE FALSE FALSE FALSE  TRUE FALSE FALSE FALSE  TRUE  TRUE  TRUE FALSE FALSE  TRUE
[267]  TRUE  TRUE FALSE FALSE FALSE FALSE  TRUE  TRUE FALSE FALSE FALSE  TRUE  TRUE  TRUE  TRUE FALSE  TRUE  TRUE  TRUE
[286] FALSE  TRUE  TRUE FALSE  TRUE  TRUE  TRUE  TRUE FALSE FALSE  TRUE FALSE FALSE  TRUE  TRUE  TRUE FALSE FALSE  TRUE
[305]  TRUE FALSE FALSE FALSE FALSE FALSE FALSE FALSE  TRUE  TRUE  TRUE  TRUE  TRUE  TRUE FALSE  TRUE  TRUE  TRUE  TRUE
[324]  TRUE FALSE  TRUE FALSE  TRUE  TRUE  TRUE FALSE FALSE  TRUE  TRUE FALSE  TRUE  TRUE  TRUE  TRUE  TRUE  TRUE  TRUE
[343]  TRUE  TRUE  TRUE  TRUE FALSE  TRUE FALSE  TRUE  TRUE  TRUE FALSE  TRUE FALSE FALSE FALSE FALSE  TRUE  TRUE  TRUE
[362] FALSE FALSE  TRUE  TRUE  TRUE  TRUE FALSE  TRUE FALSE  TRUE  TRUE FALSE  TRUE  TRUE  TRUE  TRUE  TRUE  TRUE FALSE
[381]  TRUE  TRUE  TRUE  TRUE FALSE  TRUE  TRUE  TRUE  TRUE  TRUE  TRUE  TRUE  TRUE  TRUE  TRUE FALSE FALSE  TRUE  TRUE
[400]  TRUE  TRUE  TRUE  TRUE FALSE  TRUE  TRUE FALSE  TRUE  TRUE  TRUE FALSE FALSE  TRUE FALSE  TRUE  TRUE  TRUE  TRUE
[419]  TRUE  TRUE  TRUE  TRUE  TRUE  TRUE  TRUE FALSE  TRUE FALSE  TRUE  TRUE  TRUE FALSE  TRUE  TRUE  TRUE FALSE  TRUE
[438]  TRUE  TRUE FALSE  TRUE FALSE  TRUE  TRUE  TRUE FALSE  TRUE  TRUE  TRUE  TRUE  TRUE  TRUE  TRUE  TRUE  TRUE  TRUE
[457]  TRUE  TRUE  TRUE  TRUE  TRUE  TRUE  TRUE  TRUE  TRUE FALSE  TRUE  TRUE  TRUE FALSE FALSE FALSE  TRUE  TRUE  TRUE
[476]  TRUE  TRUE  TRUE  TRUE  TRUE  TRUE  TRUE  TRUE  TRUE  TRUE  TRUE  TRUE  TRUE  TRUE  TRUE  TRUE  TRUE  TRUE  TRUE
[495]  TRUE FALSE  TRUE  TRUE  TRUE  TRUE  TRUE FALSE  TRUE  TRUE FALSE  TRUE  TRUE FALSE  TRUE  TRUE  TRUE  TRUE FALSE
[514]  TRUE FALSE  TRUE FALSE  TRUE FALSE  TRUE FALSE  TRUE  TRUE FALSE  TRUE  TRUE  TRUE FALSE FALSE  TRUE  TRUE FALSE
[533]  TRUE  TRUE  TRUE FALSE  TRUE FALSE  TRUE FALSE FALSE  TRUE  TRUE FALSE  TRUE  TRUE FALSE  TRUE  TRUE FALSE  TRUE
[552]  TRUE  TRUE  TRUE  TRUE  TRUE  TRUE FALSE  TRUE  TRUE  TRUE  TRUE  TRUE  TRUE  TRUE  TRUE  TRUE  TRUE  TRUE  TRUE
[571]  TRUE FALSE  TRUE  TRUE  TRUE  TRUE  TRUE FALSE  TRUE  TRUE  TRUE  TRUE  TRUE  TRUE FALSE  TRUE  TRUE  TRUE  TRUE
[590] FALSE FALSE  TRUE  TRUE  TRUE  TRUE  TRUE  TRUE  TRUE  TRUE  TRUE  TRUE  TRUE  TRUE  TRUE  TRUE  TRUE  TRUE  TRUE
[609]  TRUE  TRUE FALSE  TRUE  TRUE  TRUE  TRUE FALSE  TRUE  TRUE  TRUE  TRUE  TRUE  TRUE  TRUE  TRUE  TRUE  TRUE  TRUE
[628]  TRUE  TRUE  TRUE  TRUE  TRUE  TRUE  TRUE  TRUE  TRUE  TRUE  TRUE  TRUE  TRUE  TRUE  TRUE  TRUE  TRUE FALSE  TRUE
[647]  TRUE  TRUE  TRUE  TRUE  TRUE  TRUE  TRUE FALSE  TRUE  TRUE  TRUE  TRUE  TRUE FALSE  TRUE  TRUE  TRUE  TRUE  TRUE
[666]  TRUE  TRUE  TRUE  TRUE FALSE  TRUE  TRUE FALSE  TRUE  TRUE  TRUE FALSE FALSE  TRUE  TRUE  TRUE  TRUE  TRUE  TRUE
[685]  TRUE  TRUE  TRUE  TRUE  TRUE FALSE  TRUE  TRUE  TRUE  TRUE  TRUE  TRUE  TRUE  TRUE  TRUE  TRUE  TRUE  TRUE FALSE
[704]  TRUE  TRUE  TRUE  TRUE  TRUE  TRUE  TRUE  TRUE  TRUE  TRUE  TRUE  TRUE  TRUE  TRUE  TRUE  TRUE  TRUE  TRUE  TRUE
[723]  TRUE  TRUE  TRUE  TRUE  TRUE

