
Birth-death simulation object with 696 species and 500 extant species

Details for some species:

Extinction times (NA means extant)
[1] 48.962201        NA  2.613143 28.099190 41.071926        NA


Speciation times 
[1] 80.4212096 75.4231002 58.7327414 72.7379285 70.2766954  0.1219818


Species parents (NA for initial)
[1] NA  1  1  2  2  2


Species status (extinct or extant)
[1] "extinct" "extant"  "extinct" "extinct" "extinct" "extant" 


For more details on vector y, try sim$y, with y one of
TE TS PAR EXTANT



$TE
  [1] 48.96220099          NA  2.61314261 28.09919032 41.07192631          NA  0.21506582          NA          NA
 [10] 21.00829114 55.44501478 53.49053013 48.31042114          NA          NA  3.39893566 36.72984900 12.28803902
 [19]          NA          NA          NA          NA          NA          NA          NA  7.06746110          NA
 [28]          NA 14.02740927  3.27514890          NA 16.18235368          NA 33.77778871          NA  0.79122639
 [37]          NA          NA          NA 21.26857149 15.62737732          NA  6.52506930          NA          NA
 [46] 48.45325545 11.27164970          NA          NA          NA          NA 44.73238710 14.30803582 35.50903062
 [55] 19.07623616          NA  6.55898567 12.85355951          NA 26.12264841  9.85118140          NA          NA
 [64]          NA          NA          NA  9.37502049 34.06625928 28.93191878          NA  0.82264080  1.47072046
 [73] 25.62777879          NA 34.89842107          NA          NA 28.00393888          NA          NA          NA
 [82] 15.47684185  7.72043210 19.42830160 17.85923632 31.73735255  6.98429721 30.98049882  8.02195411          NA
 [91]          NA          NA  3.76294679 16.00058026          NA          NA  0.17223313 25.94561928          NA
[100]          NA          NA  1.69913428          NA  5.84644033          NA 19.87728349          NA  8.34821928
[109] 22.31613412          NA 10.16638569          NA          NA          NA          NA 25.37005046 29.66963641
[118]  2.97667275          NA          NA          NA          NA          NA          NA          NA          NA
[127] 24.13022907          NA          NA          NA          NA          NA          NA  1.67319051          NA
[136]  7.92421597 20.98937251  8.99790725 22.96131635  6.46225127 10.49104269          NA          NA          NA
[145] 15.38065984  4.42095739  2.66685397          NA 16.34974229          NA          NA 13.55949708          NA
[154]  7.01276665          NA          NA  3.53740867          NA          NA          NA          NA          NA
[163]          NA          NA          NA 10.62636345 20.43842824          NA          NA          NA          NA
[172]          NA          NA          NA  8.95517245  3.50017034 20.76750671 14.72969626  7.18508349          NA
[181]  7.91380058  5.71874291          NA          NA 21.50419515          NA          NA          NA          NA
[190]          NA          NA          NA 15.49964796 19.78835381 10.83350517 23.16082707 15.39516181          NA
[199]  3.22069694 21.67932435          NA          NA          NA          NA          NA  9.38394109  0.40489785
[208] 21.34880033          NA          NA          NA  7.49994340          NA          NA 21.54847592          NA
[217]  3.12793161 15.99534340  6.60292903  3.78558012          NA          NA 11.57405712          NA  7.50021062
[226]          NA          NA  7.05965953 18.25947274  0.37602754  3.57542459  4.27693105          NA          NA
[235]          NA 12.91611715          NA          NA  9.89340635          NA          NA  1.86204555          NA
[244]          NA          NA  4.06164777  0.70707773  1.91980565 17.03718254          NA 14.76074716  6.83035600
[253]          NA  3.38078257          NA          NA          NA          NA  5.28350375          NA  3.90803266
[262]  9.38358092          NA  0.18485863 11.54996631          NA 20.75942234          NA          NA          NA
[271]          NA          NA  1.05613678  1.35106592          NA          NA 19.38084364  2.39020665          NA
[280]          NA          NA          NA          NA  2.45458817          NA 11.14536794          NA          NA
[289]          NA          NA          NA  4.12487908          NA          NA          NA  3.44659061  8.78470598
[298]          NA          NA          NA          NA          NA          NA 18.32091693          NA  2.24913213
[307]  3.92912910  6.17069629          NA          NA          NA          NA 14.45394300 18.13217807          NA
[316]          NA          NA  8.04082160          NA  5.94305462          NA  3.28271990          NA          NA
[325]          NA          NA          NA 13.99565040          NA 11.98407427 12.64593765  5.54823522          NA
[334]          NA          NA          NA          NA          NA 13.89402334          NA          NA          NA
[343]          NA          NA          NA          NA 15.09633080          NA 15.31671380          NA          NA
[352]          NA          NA 10.35697601 12.78476528          NA          NA          NA          NA          NA
[361]          NA          NA          NA          NA 11.05108530          NA          NA          NA          NA
[370] 11.69505046          NA          NA          NA          NA          NA  3.08071237          NA 10.08679150
[379]          NA          NA  3.43368729  6.36650124  6.88458125          NA          NA          NA          NA
[388]          NA          NA          NA  4.85780718          NA  4.25435768          NA  0.35777868          NA
[397]  9.53480484          NA          NA          NA          NA  4.49842110          NA          NA          NA
[406]  2.88243250          NA          NA          NA          NA          NA          NA  5.49768370  1.85685244
[415]          NA          NA          NA          NA          NA          NA  9.04700312          NA          NA
[424]          NA          NA  2.99160430          NA          NA          NA          NA          NA          NA
[433]          NA          NA          NA 10.49091599          NA          NA          NA          NA          NA
[442]          NA          NA          NA          NA  7.04593401          NA          NA          NA          NA
[451]          NA          NA  3.17794737          NA 12.14428551          NA          NA          NA          NA
[460]          NA          NA          NA  6.22097828          NA          NA          NA          NA          NA
[469]  4.01695194          NA          NA          NA          NA          NA          NA  6.72306896          NA
[478]          NA          NA          NA          NA          NA          NA  8.82001252          NA          NA
[487]          NA          NA          NA  5.85111726          NA          NA          NA  3.76423999          NA
[496]  3.31163841          NA          NA          NA          NA          NA          NA          NA          NA
[505]          NA          NA          NA          NA  2.13450089          NA          NA  0.26181417          NA
[514]  0.34115107          NA          NA  3.38468516          NA          NA          NA          NA          NA
[523]          NA          NA          NA  0.01763338          NA  7.08340507          NA          NA          NA
[532]          NA          NA          NA          NA          NA          NA          NA  1.14938170          NA
[541]          NA          NA          NA          NA          NA          NA          NA          NA          NA
[550]          NA          NA          NA          NA          NA          NA          NA          NA          NA
[559]          NA  3.40452092          NA          NA          NA          NA          NA          NA          NA
[568]          NA          NA          NA          NA          NA          NA          NA          NA  1.63904118
[577]          NA  6.59479171          NA          NA          NA          NA          NA          NA          NA
[586]          NA          NA  0.34631971          NA          NA          NA          NA          NA          NA
[595]          NA          NA  0.66575672          NA          NA          NA          NA          NA          NA
[604]          NA          NA          NA          NA          NA  0.74076343          NA          NA          NA
[613]          NA          NA          NA          NA          NA          NA          NA          NA          NA
[622]          NA          NA          NA          NA          NA          NA          NA  1.91291632          NA
[631]          NA          NA          NA          NA          NA          NA          NA          NA          NA
[640]          NA          NA          NA          NA          NA          NA          NA          NA          NA
[649]          NA          NA          NA          NA          NA          NA          NA          NA          NA
[658]          NA  2.71487304          NA  2.09140350          NA          NA          NA          NA          NA
[667]          NA          NA          NA          NA          NA  2.08733193          NA          NA          NA
[676]          NA          NA          NA          NA          NA          NA          NA          NA          NA
[685]          NA          NA          NA          NA          NA          NA          NA          NA          NA
[694]          NA          NA          NA

$TS
  [1] 80.42120965 75.42310020 58.73274137 72.73792854 70.27669536  0.12198183 56.58345045 50.49913247 43.04689693
 [10] 38.25452421 69.05086390 67.03448988 66.18662188 57.23912852 54.28104807 54.81875864 41.41838718 33.88223116
 [19] 30.97509068 24.01598959 22.78291934 19.22285529 17.21160295 14.12629759  9.29087756 41.34046998 30.48796295
 [28] 23.14160959 19.19501581 11.75555372 55.79754476 52.02823064 44.46527758 42.26576788 23.78295628 10.30123428
 [37]  8.95762286  8.82935289  3.84908325 43.43822993 37.45711897 11.97216569  7.55340709  3.11889236  2.08949816
 [46] 54.81188390 51.96238881  9.48567110  8.46640063  7.71013863  5.39246496 46.35349914 29.67523004 42.74625690
 [55] 34.73165633 30.58483565 21.75560514 21.01046702 19.34824748 47.60122529 45.09231673 34.52443344 14.95753985
 [64]  4.07008693  1.99339292  0.39896657 42.02196132 39.88065931 36.99071673 32.30347415 26.19884134 40.99107714
 [73] 34.82625032 20.59836619 41.28237701 40.94899935 22.28348829 39.27625195 24.75232336 35.27044435 33.01837172
 [82] 20.96747079 14.62700053 40.22569632 37.31845361 35.43026929 18.96387200 41.12463836 33.92513329 33.34224735
 [91] 31.73218465 30.08586094 29.25014135 22.92731249 14.47949583 11.65450688  6.20261068 28.04020843 25.90015056
[100] 23.27649019 21.33169738 34.98229172 31.55623100 29.02963910 37.10022502 20.46959774 16.39999795 31.53154343
[109] 35.10329789 17.69779700 15.37628070  9.04258982  8.33152828  5.51680639  3.87433223 36.48405210 33.12864325
[118] 31.35404158 29.90659760 35.32902145 31.53805740 30.16066393 23.44345715 10.65640810  0.25533519 31.92867046
[127] 26.43530997 13.69509243  7.21104534  4.46442047  0.22571263 30.48631037 26.62057547 25.49294927 18.17736321
[136] 11.56203268 26.05245974 31.28760354 34.24567320 24.17339765 19.28814071 14.11203996 10.99159055  9.30048118
[145] 29.10090085 13.59617099 16.71964596 15.33434021 30.55303834 24.68952283 13.40173600 30.41435961 20.83013261
[154] 19.22965396  3.61968307 21.22015390 20.78813294 17.80249204  0.98119748 27.05356700 28.65707316  2.49707708
[163] 21.83255718  8.64917954  0.25524936 23.57955460 22.99917866 20.43449483  7.16448705  2.83312070  2.07715038
[172] 22.02733279 12.91005867 19.98927428 15.54190986 12.00584389 30.89349876 25.60158629 16.83548579 14.61514563
[181] 13.19780311 12.97171165  4.52406922 28.97029244 25.85355912 22.82106026 17.46057310 23.83235569 10.18971711
[190]  4.82283257  0.46996126 23.77728036 16.17011324 26.95727856 17.59413058 23.94392392 21.74483683 13.78037881
[199]  4.57448659 27.71783431 22.40347149 11.18416434 11.15862148  9.58863502  4.17370400 20.12259068  2.66032401
[208] 28.57202220 27.37012493 26.76383301 22.36470205 22.22631878 20.08856612 28.23494030 24.02095305  5.34079367
[217]  3.97537068 25.71190485 20.58603955 11.78643892  8.63569871 17.88429158 15.59023150 12.49949122 21.87563026
[226] 14.02279900  2.31478986 25.54604901 24.36884887 23.29258487  8.78855251 24.76279168 21.58797888  6.16924057
[235] 13.84150485 25.26910164 22.33389705  3.81434802 24.04293355 17.83797384 11.71660762 21.71447858 21.35778423
[244] 18.00120954 13.81938588 11.70592917  1.65327317 23.47316631 19.88596096 15.69666721 15.68301433 22.44578030
[253] 13.67262077 13.03684242  1.74520519 13.51094320 16.23186178 14.00281171  8.45826823  8.28433056  6.45507367
[262] 15.68164620 10.94251801 19.45758431 18.55319006 15.81583158 22.50893894 15.65949639 23.26698851 21.39894849
[271]  6.93873771 14.71036149 16.21026713 22.56121699 20.91196071  0.15506917 22.00296079 17.27202319  5.69334901
[280]  2.36753536  4.21896525  0.36523843 18.31861525 13.70614287  4.56039533 14.69409220  9.12234688 19.04018020
[289] 16.67583747 15.96787312 12.66060303  8.51354006  7.40154208  2.11047676 17.02178640 14.41326823 20.59984767
[298] 16.67031243 11.80054402 11.37835773  9.00088535 20.60977369  8.67368712 22.06498562  8.92203795  2.97828915
[307] 16.00268715 14.65277760 13.83973696  7.65236577  3.61758932  1.76430039 20.36950206 18.51706132 10.29020651
[316] 15.86784058 14.77229044 13.01549443  8.32496118  6.76602639 12.74849280  9.22461408  4.93445921  2.96452122
[325] 12.62863677  8.08350659  1.24721388 18.01788072  1.71278868 14.14211989 19.40637413 16.40204791  9.84814167
[334]  6.27910579  9.60087313  8.06224788 18.47812351 20.46736485 19.09441966 10.27676532  7.11632000  4.27826364
[343]  9.12174156  4.53559172  8.34410921 16.88778226 16.85766052 18.05814311 18.29419616 13.61453076 11.21966996
[352]  7.33106503  0.14752814 17.94253582 15.13568899  1.49941134 18.21975360  3.28993904  3.40590097  2.89499536
[361]  0.61782330 18.47263496 13.05339823 12.38370045 15.83935465  3.62604384  2.25864837  1.41082580  8.38391452
[370] 15.38333767  7.62738316 17.12824296 10.17842026  6.90890549  8.77968844 16.46014533 13.95862703 13.04431064
[379] 17.75171928 15.35951536 15.40895799 12.56350700 16.91878813  5.09810931  1.72201576  8.25830243  3.13628217
[388] 12.35912532 15.76862183 14.25209226 10.96698974 11.42904635  9.81406837  3.63146191  2.40442268  2.46713392
[397] 16.09826739 13.99715400 13.57795803  6.31800297 13.30679469 11.97004316  4.85783530  2.67194822 13.10137874
[406]  4.10734329  5.66485681  7.60358704  1.29960025 14.53549063 10.66156839 10.50036460 11.55030057 13.55433661
[415] 12.33345152  7.57885680 10.32433605 14.81591824  4.50602041  2.06070008 13.18311424 10.23392186  6.68180402
[424]  0.50730702 11.92022503 10.63696825  6.24595071  9.16251705 12.75134008  4.68520651  4.68342951 12.73459430
[433] 11.55951798 14.16309417 11.50519995 10.68222084 11.67397209  8.00882416  4.58248068 12.53121520  6.20914010
[442]  0.35958499  4.74959967 11.90930182  5.59134331  8.38995955  6.27843537  5.12889026  1.07618986 13.41136256
[451]  6.68156997  9.98577438 13.02917945 12.52972820 13.59259751 12.88001069  3.30690879  5.50253063  4.72077746
[460]  7.15502295  1.71057456 12.99927203  9.90842160  4.86780725  0.20938439 11.58456833  1.51944154  5.00829588
[469] 10.66321315 10.08266528  3.57746306 12.85074670  5.83810346  0.01550008  6.53912133 11.05420940  8.80802661
[478]  3.14136800 10.18423475  9.20044203 11.08793874  0.36331508  5.83112652 10.41946412 10.26538350 11.00884113
[487] 10.84471397  9.45562847  7.90490801  8.19540986  6.06466949  4.63569235  5.14143543  4.43301365  9.81757595
[496]  6.91778194  2.45144678  3.91598716  1.93234287 10.00909873  6.98789042  6.15436044 10.93343782  7.31967467
[505] 10.43239011  9.62944228  3.97952130  3.54247724 10.24151895  4.36367580  4.05196562  8.82113279  2.62087094
[514]  9.52896461  3.85686003  9.56446598  7.39124673  8.16187900  2.91198742 10.70577766  9.07103043  3.70449788
[523] 10.79018949  2.90460013  1.20715876  8.25904835  4.37094592 10.04307956 10.10519666  8.98571515  8.30782367
[532]  7.25201833  2.97656687  9.22350060  0.54684882  0.54556465  6.07308614  3.10651635  2.12745893  2.03189180
[541]  8.20597456  1.69603088  8.21342618  3.09742071  0.22779579  6.11161026  4.58643480  8.70787051  7.35339103
[550]  4.79650034  6.95598732  4.87076832  4.41167011  1.91555390  8.74064468  7.48930235  6.73046933  0.44059002
[559]  7.05011373  6.48962503  5.96407792  3.40557787  2.32359567  3.80641882  6.16025360  3.52313264  1.46180074
[568]  8.08579657  3.55879391  3.33959263  2.77389798  6.41225483  3.40541019  2.90520538  2.97263167  2.48205949
[577]  0.30595621  8.89198623  1.25769134  0.50046525  0.27675872  2.75346928  1.15390157  5.90515269  4.06292296
[586]  1.55440784  4.54374066  7.55542194  7.15909474  2.21949762  3.20733367  6.59805021  0.60986460  7.91140523
[595]  2.40425430  1.88790196  7.73414794  6.64570652  3.13408192  3.46722140  1.04419295  0.74182705  7.81412913
[604]  0.83361329  6.05221290  2.11211114  3.95054263  7.51957946  6.05811521  3.88441503  0.32276833  2.65464588
[613]  4.82708297  5.37271261  5.34967122  4.09072096  0.54803099  5.70824013  3.14901209  6.39922181  5.99294801
[622]  4.35231983  4.47537974  5.32892265  3.32784891  2.62835326  4.92509351  2.08035305  2.76557308  3.00022189
[631]  3.95105089  1.18621639  2.56256394  3.95085903  5.71715276  4.88356555  3.80316924  0.50061460  5.08995059
[640]  1.81520825  3.83332191  4.03116270  3.83447469  5.07270984  3.66227750  0.74133275  4.88606043  4.61072344
[649]  3.69524643  2.89906461  1.20729790  2.12501459  2.36369434  4.45881740  1.67521421  2.74716598  2.71147314
[658]  3.52073922  3.88545236  1.40877981  3.00191116  4.08303778  3.59559369  2.05707221  0.03838845  3.45210969
[667]  3.13113713  1.98218225  3.08465015  1.23858625  3.12624065  2.24699910  2.03959120  1.76641544  3.15288356
[676]  1.44825594  2.37857474  0.17693127  2.95341950  2.03539289  2.66215258  2.79011909  2.28893706  0.02865014
[685]  0.11778981  2.40626189  1.96397294  0.07619346  1.33896395  0.72564659  0.44174120  0.47315066  0.78058570
[694]  0.63205437  0.09448616  0.08175182

$PAR
  [1]  NA   1   1   2   2   2   4   4   4   4   5  11  11  11  13   3   3   3   3   3   3   3   3   3   3  14  14  14
 [29]  14  14   7   7   7   7   7   7   7   7   7  31  31  31  31  31  31  16  16  16  16  16  16  15  32  47  47  47
 [57]  47  47  47   8   8   8   8   8   8   8  60  61  61  61  61  33  33  33  40  40  40   9   9  34  67  67  67  17
 [85]  26  26  26  75  88  88  72  72  72  72  72  72  72  76  76  76  84  68  78  78  10  41  41  85 105 105 105 105
[113] 105 105 105  69  69  69  69 116 116 120 120 120 120  80  80  80  80  80  80 102 102 102 102 102  73  55  62  62
[141]  62  62  62  62 139  89  18  18  90  90  90 117  81  81  81  70  70  70  70 126  91  91 103 103 103 121 121 121
[169] 121 121 121 108 108 118 118 118 138 138  19  19  19  19  19 177  56  56 149  27  27  27  27 132 132 152 152 122
[197] 122 122 122  92  92  92  92  92  92 119 119  53  53  53  53  53  53  93  93  93  93 145 104 104 104 184 184 184
[225] 161 161 161 208 214 214 214 209 209 209 160 194 194 210 133 133 133  71  71  71  71  71  71 137  99 178 178 228
[253] 228 134 134 236 232 232 232 232  79 150 150 140 140 140 239 239  20  20  20 188  35 192 192 192 248 248 248 248
[281] 123 123 230 230 230 100 100 269 269  28  28 186 186 186  21 274 252 252 252 252 252 201 237  77  77  77 172 172
[309] 225 225 163 163  57  57  57 242 242 242 233 233 270 270 270 270 243 243 243 101 101 156  58  82 275 275 153 153
[337] 157 302 302 302 302 302 297  74 219 338 338 168 313 206 206 213 213 249 264  59 141  22 288 288 288  87  87 265
[365] 337 337 337 337 362 349 357 135 135 135 348 244 244 244 354 354 222 222 240 240 240 158 158 379 110 195 195 187
[393] 278 278 278  23 372 372 372 372 295 295 295 346 289 289 332 257 257 397 397 397 307 290 290 290 266 250 250 250
[421] 262 262 381 148  63  63  63 418 317 317 317 272 272 286 286 308 180 410 410  95 390 390 434 142 226 258 258 398
[449] 398 235 235 309 245 198 128 128 128 253 253 350 350 146 256 256 256 450 450 405 254 453 453 182 173 173 472 429
[477] 429 321 432 432 382 440 454 224 224 388 388 415 176  42  42  42 402 425 444 444 299 241 241 246 246 437 466 433
[505] 413 435 435 435 392 300 300 351 351 202 202 203 203 481 481 143 391 503 487 487 487 523 523 520 411 411 411 505
[533] 505 484 417 417  36 315 340 340 422 422 189 479 479 470 470 500 500 500 452 452 452 452 463 463 463 333 495 393
[561] 335 335 335 516 514 514 514  48  48 488 488 144  25  25 428 428 428 530  37  37 305 512 375 548 548 164 369 345
[589] 345 319 531 260 260 386 543 543 541 541 518 326 336 336 438 438 594 597  50 408 608 556 556 549 352 504 504 532
[617] 129 169 169 559 451 451 598 592 475 475 572 334 447 441 234 565 609 605 584 483 635 635 618 445 114  51 216 624
[645] 624 639 468 627 627 627 636 443 459 430 492 547 547 199 183 419 130 205 205 616 662 511 631 564 522 645 366 155
[673] 311 663 569 508 566 666 358 358 675 619 679 679 170 657 657 657 497 563 294 312 368 660 660 525

$EXTANT
  [1] FALSE  TRUE FALSE FALSE FALSE  TRUE FALSE  TRUE  TRUE FALSE FALSE FALSE FALSE  TRUE  TRUE FALSE FALSE FALSE  TRUE
 [20]  TRUE  TRUE  TRUE  TRUE  TRUE  TRUE FALSE  TRUE  TRUE FALSE FALSE  TRUE FALSE  TRUE FALSE  TRUE FALSE  TRUE  TRUE
 [39]  TRUE FALSE FALSE  TRUE FALSE  TRUE  TRUE FALSE FALSE  TRUE  TRUE  TRUE  TRUE FALSE FALSE FALSE FALSE  TRUE FALSE
 [58] FALSE  TRUE FALSE FALSE  TRUE  TRUE  TRUE  TRUE  TRUE FALSE FALSE FALSE  TRUE FALSE FALSE FALSE  TRUE FALSE  TRUE
 [77]  TRUE FALSE  TRUE  TRUE  TRUE FALSE FALSE FALSE FALSE FALSE FALSE FALSE FALSE  TRUE  TRUE  TRUE FALSE FALSE  TRUE
 [96]  TRUE FALSE FALSE  TRUE  TRUE  TRUE FALSE  TRUE FALSE  TRUE FALSE  TRUE FALSE FALSE  TRUE FALSE  TRUE  TRUE  TRUE
[115]  TRUE FALSE FALSE FALSE  TRUE  TRUE  TRUE  TRUE  TRUE  TRUE  TRUE  TRUE FALSE  TRUE  TRUE  TRUE  TRUE  TRUE  TRUE
[134] FALSE  TRUE FALSE FALSE FALSE FALSE FALSE FALSE  TRUE  TRUE  TRUE FALSE FALSE FALSE  TRUE FALSE  TRUE  TRUE FALSE
[153]  TRUE FALSE  TRUE  TRUE FALSE  TRUE  TRUE  TRUE  TRUE  TRUE  TRUE  TRUE  TRUE FALSE FALSE  TRUE  TRUE  TRUE  TRUE
[172]  TRUE  TRUE  TRUE FALSE FALSE FALSE FALSE FALSE  TRUE FALSE FALSE  TRUE  TRUE FALSE  TRUE  TRUE  TRUE  TRUE  TRUE
[191]  TRUE  TRUE FALSE FALSE FALSE FALSE FALSE  TRUE FALSE FALSE  TRUE  TRUE  TRUE  TRUE  TRUE FALSE FALSE FALSE  TRUE
[210]  TRUE  TRUE FALSE  TRUE  TRUE FALSE  TRUE FALSE FALSE FALSE FALSE  TRUE  TRUE FALSE  TRUE FALSE  TRUE  TRUE FALSE
[229] FALSE FALSE FALSE FALSE  TRUE  TRUE  TRUE FALSE  TRUE  TRUE FALSE  TRUE  TRUE FALSE  TRUE  TRUE  TRUE FALSE FALSE
[248] FALSE FALSE  TRUE FALSE FALSE  TRUE FALSE  TRUE  TRUE  TRUE  TRUE FALSE  TRUE FALSE FALSE  TRUE FALSE FALSE  TRUE
[267] FALSE  TRUE  TRUE  TRUE  TRUE  TRUE FALSE FALSE  TRUE  TRUE FALSE FALSE  TRUE  TRUE  TRUE  TRUE  TRUE FALSE  TRUE
[286] FALSE  TRUE  TRUE  TRUE  TRUE  TRUE FALSE  TRUE  TRUE  TRUE FALSE FALSE  TRUE  TRUE  TRUE  TRUE  TRUE  TRUE FALSE
[305]  TRUE FALSE FALSE FALSE  TRUE  TRUE  TRUE  TRUE FALSE FALSE  TRUE  TRUE  TRUE FALSE  TRUE FALSE  TRUE FALSE  TRUE
[324]  TRUE  TRUE  TRUE  TRUE FALSE  TRUE FALSE FALSE FALSE  TRUE  TRUE  TRUE  TRUE  TRUE  TRUE FALSE  TRUE  TRUE  TRUE
[343]  TRUE  TRUE  TRUE  TRUE FALSE  TRUE FALSE  TRUE  TRUE  TRUE  TRUE FALSE FALSE  TRUE  TRUE  TRUE  TRUE  TRUE  TRUE
[362]  TRUE  TRUE  TRUE FALSE  TRUE  TRUE  TRUE  TRUE FALSE  TRUE  TRUE  TRUE  TRUE  TRUE FALSE  TRUE FALSE  TRUE  TRUE
[381] FALSE FALSE FALSE  TRUE  TRUE  TRUE  TRUE  TRUE  TRUE  TRUE FALSE  TRUE FALSE  TRUE FALSE  TRUE FALSE  TRUE  TRUE
[400]  TRUE  TRUE FALSE  TRUE  TRUE  TRUE FALSE  TRUE  TRUE  TRUE  TRUE  TRUE  TRUE FALSE FALSE  TRUE  TRUE  TRUE  TRUE
[419]  TRUE  TRUE FALSE  TRUE  TRUE  TRUE  TRUE FALSE  TRUE  TRUE  TRUE  TRUE  TRUE  TRUE  TRUE  TRUE  TRUE FALSE  TRUE
[438]  TRUE  TRUE  TRUE  TRUE  TRUE  TRUE  TRUE  TRUE FALSE  TRUE  TRUE  TRUE  TRUE  TRUE  TRUE FALSE  TRUE FALSE  TRUE
[457]  TRUE  TRUE  TRUE  TRUE  TRUE  TRUE FALSE  TRUE  TRUE  TRUE  TRUE  TRUE FALSE  TRUE  TRUE  TRUE  TRUE  TRUE  TRUE
[476] FALSE  TRUE  TRUE  TRUE  TRUE  TRUE  TRUE  TRUE FALSE  TRUE  TRUE  TRUE  TRUE  TRUE FALSE  TRUE  TRUE  TRUE FALSE
[495]  TRUE FALSE  TRUE  TRUE  TRUE  TRUE  TRUE  TRUE  TRUE  TRUE  TRUE  TRUE  TRUE  TRUE FALSE  TRUE  TRUE FALSE  TRUE
[514] FALSE  TRUE  TRUE FALSE  TRUE  TRUE  TRUE  TRUE  TRUE  TRUE  TRUE  TRUE FALSE  TRUE FALSE  TRUE  TRUE  TRUE  TRUE
[533]  TRUE  TRUE  TRUE  TRUE  TRUE  TRUE FALSE  TRUE  TRUE  TRUE  TRUE  TRUE  TRUE  TRUE  TRUE  TRUE  TRUE  TRUE  TRUE
[552]  TRUE  TRUE  TRUE  TRUE  TRUE  TRUE  TRUE  TRUE FALSE  TRUE  TRUE  TRUE  TRUE  TRUE  TRUE  TRUE  TRUE  TRUE  TRUE
[571]  TRUE  TRUE  TRUE  TRUE  TRUE FALSE  TRUE FALSE  TRUE  TRUE  TRUE  TRUE  TRUE  TRUE  TRUE  TRUE  TRUE FALSE  TRUE
[590]  TRUE  TRUE  TRUE  TRUE  TRUE  TRUE  TRUE FALSE  TRUE  TRUE  TRUE  TRUE  TRUE  TRUE  TRUE  TRUE  TRUE  TRUE  TRUE
[609] FALSE  TRUE  TRUE  TRUE  TRUE  TRUE  TRUE  TRUE  TRUE  TRUE  TRUE  TRUE  TRUE  TRUE  TRUE  TRUE  TRUE  TRUE  TRUE
[628]  TRUE FALSE  TRUE  TRUE  TRUE  TRUE  TRUE  TRUE  TRUE  TRUE  TRUE  TRUE  TRUE  TRUE  TRUE  TRUE  TRUE  TRUE  TRUE
[647]  TRUE  TRUE  TRUE  TRUE  TRUE  TRUE  TRUE  TRUE  TRUE  TRUE  TRUE  TRUE FALSE  TRUE FALSE  TRUE  TRUE  TRUE  TRUE
[666]  TRUE  TRUE  TRUE  TRUE  TRUE  TRUE FALSE  TRUE  TRUE  TRUE  TRUE  TRUE  TRUE  TRUE  TRUE  TRUE  TRUE  TRUE  TRUE
[685]  TRUE  TRUE  TRUE  TRUE  TRUE  TRUE  TRUE  TRUE  TRUE  TRUE  TRUE  TRUE

