
Birth-death simulation object with 675 species and 500 extant species

Details for some species:

Extinction times (NA means extant)
[1] 14.78991 37.12648 37.61122 31.21390 31.03297 15.52376


Speciation times 
[1] 58.11102 57.45841 55.82637 55.30057 35.58008 26.11886


Species parents (NA for initial)
[1] NA  1  1  1  1  1


Species status (extinct or extant)
[1] "extinct" "extinct" "extinct" "extinct" "extinct" "extinct"


For more details on vector y, try sim$y, with y one of
TE TS PAR EXTANT



$TE
  [1] 14.7899094 37.1264816 37.6112216 31.2138988 31.0329662 15.5237642         NA 12.2803733         NA 21.6705314 43.1985557         NA
 [13] 20.8553536         NA 44.8053787 37.6160620         NA         NA 16.5965230 10.6686194 31.5202279         NA         NA 37.8241259
 [25]         NA         NA         NA  4.9808801 15.1740164 22.5798913  1.7724430 17.2376167 33.7906261 17.3967652         NA         NA
 [37]         NA 13.5265897         NA 30.0960786 29.1608041         NA         NA         NA         NA  8.6408437         NA         NA
 [49]         NA         NA 28.2545231  2.5790896 24.3595900         NA         NA         NA 13.4391864  2.1146907  8.1690464         NA
 [61]         NA 17.7581576  2.2391135  9.5418113         NA         NA         NA 35.7955126 19.5518960  8.3367669  7.6027914 10.3205762
 [73]         NA         NA 10.9958444  0.3495347         NA 20.3305716         NA         NA         NA         NA         NA         NA
 [85] 16.2109360         NA 11.9697701 15.7686440         NA         NA         NA  9.6986106  4.6529594         NA  1.8730539         NA
 [97]         NA 17.5008846 15.4983276         NA  4.0009405         NA         NA 28.9612658 19.6082161 16.3425502 14.8672278         NA
[109]         NA         NA 13.3359766         NA         NA 12.8422964         NA         NA         NA         NA 21.1075739         NA
[121] 23.3410235 21.7447533         NA         NA         NA 10.5106347 14.8423429  7.5936727         NA         NA 20.6242753 13.2383391
[133]  2.3655492         NA         NA         NA         NA         NA 21.7044821  2.4587269         NA         NA  7.4807214  4.1876438
[145]         NA         NA 20.3772225         NA         NA         NA  5.0947274 18.9218020         NA 11.5268399         NA         NA
[157]         NA  2.3186197         NA         NA 12.2624772  8.3250348  0.8146245         NA         NA         NA         NA         NA
[169]  6.2220144 18.1919128         NA         NA 13.3359748 14.8711864         NA         NA 23.9836378         NA  2.5983004         NA
[181] 11.1965462         NA 19.0774953         NA         NA  4.2234334         NA         NA  3.2079666         NA         NA         NA
[193]         NA         NA 12.4282902         NA         NA 10.0836820         NA  7.2306498         NA         NA  2.9285083  6.4543154
[205]         NA  8.6589917  5.8798826         NA  1.7499482  0.3081002         NA         NA         NA  3.7503672  2.3501794 14.9441409
[217]         NA         NA         NA         NA         NA         NA         NA         NA  8.0902849 12.0252581  7.2460914         NA
[229]  8.0647184         NA 13.5166691         NA         NA         NA         NA 13.5382935 11.3457974         NA         NA         NA
[241]         NA         NA         NA         NA         NA 10.5170432         NA         NA  3.3021478  4.0418720         NA         NA
[253]         NA         NA         NA         NA         NA         NA 18.1500225         NA  8.4327161         NA  2.4185468         NA
[265]         NA         NA         NA 19.0252570         NA         NA 12.1460149         NA         NA         NA         NA         NA
[277]         NA         NA         NA  0.4675452         NA         NA         NA         NA 10.2848956         NA         NA         NA
[289]         NA  8.6832954         NA         NA         NA  8.5486147         NA         NA         NA         NA         NA         NA
[301]         NA         NA         NA 14.0978931 14.9463176         NA  5.5246268  9.5998336  2.2109989         NA         NA         NA
[313]         NA         NA 11.6481618         NA         NA         NA         NA         NA  5.3683478         NA         NA         NA
[325]  2.8288582         NA         NA         NA         NA         NA         NA         NA 12.6317113  7.4581321         NA         NA
[337]  8.4181493         NA  4.9327707         NA         NA         NA  4.7657781         NA  4.4954324  4.5619344  5.2456743  0.4644548
[349]  1.5640406         NA         NA         NA         NA         NA         NA         NA         NA         NA  1.9594278         NA
[361]         NA         NA  8.6997797  8.8547599         NA 11.7126207         NA         NA         NA         NA         NA         NA
[373]         NA         NA  5.2465208         NA         NA         NA  7.0647340         NA         NA         NA         NA         NA
[385]         NA         NA  0.5083031         NA         NA         NA 10.8262576 10.5035178         NA         NA         NA         NA
[397]         NA         NA         NA         NA         NA         NA  7.1063554         NA         NA         NA         NA         NA
[409] 10.6659205         NA  2.5071696         NA         NA         NA         NA         NA         NA         NA         NA         NA
[421]         NA         NA         NA         NA         NA         NA  0.2994938         NA         NA         NA         NA         NA
[433]  6.7315048         NA         NA         NA         NA  1.4105743         NA         NA         NA  2.2370120         NA         NA
[445]         NA         NA  3.5217895         NA         NA  3.5665717  8.2244346         NA         NA         NA         NA         NA
[457]         NA         NA  5.9447226         NA         NA         NA         NA         NA         NA         NA         NA         NA
[469]         NA         NA         NA         NA         NA         NA         NA         NA         NA         NA         NA         NA
[481]         NA         NA  7.3593611         NA         NA         NA         NA  9.0480752         NA         NA         NA         NA
[493]         NA         NA         NA         NA         NA         NA         NA  3.5395225  8.2330764  5.3875014  5.4921520         NA
[505]  5.1003255         NA         NA         NA  5.2167697         NA         NA         NA         NA         NA         NA         NA
[517]         NA         NA         NA  3.9331966         NA         NA         NA         NA         NA         NA         NA         NA
[529]         NA         NA         NA  0.1665588         NA         NA         NA         NA  8.1067112         NA         NA         NA
[541]         NA         NA         NA         NA         NA         NA         NA         NA         NA  5.9047498         NA         NA
[553]         NA         NA         NA         NA         NA         NA         NA         NA         NA         NA         NA         NA
[565]         NA         NA         NA         NA         NA         NA         NA         NA         NA         NA         NA         NA
[577]         NA         NA         NA         NA         NA         NA         NA         NA         NA         NA         NA         NA
[589]         NA         NA         NA         NA  1.0009545         NA         NA         NA         NA         NA         NA         NA
[601]         NA         NA         NA         NA         NA         NA         NA         NA         NA         NA         NA         NA
[613]         NA         NA         NA         NA         NA         NA         NA         NA         NA         NA         NA  1.9437297
[625]         NA         NA         NA         NA  1.0430353         NA         NA         NA         NA         NA         NA         NA
[637]         NA         NA         NA         NA         NA         NA         NA         NA  0.8474252         NA         NA         NA
[649]         NA         NA         NA         NA         NA         NA         NA         NA         NA         NA         NA         NA
[661]         NA         NA         NA         NA         NA         NA         NA         NA         NA         NA         NA         NA
[673]         NA         NA         NA

$TS
  [1] 5.811102e+01 5.745841e+01 5.582637e+01 5.530057e+01 3.558008e+01 2.611886e+01 2.197687e+01 1.921269e+01 1.618551e+01 4.732942e+01
 [11] 4.709356e+01 4.559424e+01 4.514982e+01 4.374471e+01 5.028404e+01 4.482117e+01 4.295405e+01 4.055223e+01 3.658240e+01 2.508089e+01
 [21] 4.359875e+01 4.302876e+01 4.031771e+01 4.000169e+01 3.606781e+01 2.843981e+01 4.054476e+01 3.744576e+01 3.588212e+01 3.552749e+01
 [31] 3.252377e+01 4.173478e+01 3.967235e+01 1.928393e+01 1.150949e+01 6.486004e+00 1.423764e+00 3.707752e+01 3.357006e+01 3.306891e+01
 [41] 3.924039e+01 2.593191e+01 2.544327e+01 2.521147e+01 2.349511e+01 1.861065e+01 2.513027e+01 2.436409e+01 2.023852e+01 2.984061e+00
 [51] 2.871831e+01 2.635404e+01 3.428129e+01 1.917200e+01 1.529100e+01 6.083860e+00 3.417309e+01 3.054954e+01 1.385407e+01 1.976219e+00
 [61] 3.298550e+01 3.251565e+01 2.654281e+01 2.646645e+01 6.772683e+00 1.326795e+00 1.983852e-01 3.891024e+01 3.750718e+01 3.895303e+01
 [71] 3.889097e+01 3.768824e+01 1.016101e+01 2.751908e+01 1.974629e+01 2.950234e+01 1.574471e+01 3.083941e+01 3.630517e+01 2.632534e+01
 [81] 2.002344e+01 1.814691e+01 3.461521e+01 3.408022e+01 2.593038e+01 1.659201e+01 2.726443e+01 2.404023e+01 2.453070e+01 1.341866e+01
 [91] 1.033353e+01 9.774502e+00 5.494987e+00 9.392915e-01 4.790871e+00 4.701571e+00 1.615131e+00 2.717032e+01 2.071474e+01 3.210011e+01
[101] 2.953059e+01 2.550447e+01 2.527281e+01 2.985372e+01 2.585965e+01 1.884427e+01 1.756037e+01 9.314888e+00 1.490365e+00 1.202716e+00
[111] 2.530154e+01 2.383287e+01 1.620264e+01 2.951406e+01 3.285661e+01 2.940221e+01 1.581953e+01 1.487614e+01 2.617539e+01 8.631992e-01
[121] 3.176224e+01 2.451623e+01 1.840290e+01 1.371367e+01 5.878595e+00 2.575580e+01 2.078529e+01 1.962896e+01 1.993219e+01 1.992386e+01
[131] 2.772514e+01 3.032209e+01 2.255376e+01 9.839843e+00 7.248688e+00 2.986334e+01 2.819634e+01 2.479082e+01 2.973247e+01 2.480095e+01
[141] 1.851095e+01 1.503380e+01 2.351788e+01 2.405594e+01 4.127528e+00 2.525978e+01 2.311107e+01 5.939100e+00 2.049383e+01 1.614483e+01
[151] 1.432048e+01 2.677812e+01 1.682438e+01 1.627121e+01 1.081300e+01 2.051963e+00 1.472632e+01 3.808147e+00 2.233637e+01 1.625134e+01
[161] 1.469729e+01 1.224104e+01 2.452998e+01 2.450777e+01 1.933845e+01 2.487791e+01 2.413022e+01 2.119045e+01 2.077949e+01 1.856580e+01
[171] 6.728414e+00 1.492259e+01 2.339566e+01 1.637758e+01 1.953467e+01 1.888501e+01 2.523108e+01 2.119007e+01 1.733829e+01 1.647700e+01
[181] 1.358794e+01 1.282868e+01 2.522965e+01 2.432352e+01 1.736639e+01 1.167501e+01 1.058942e+01 2.223792e+01 1.938566e+01 1.188322e+01
[191] 3.373651e+00 2.903935e+00 1.554802e-01 2.276089e+01 1.614433e+01 1.706596e+00 7.737163e-01 2.362833e+01 2.349778e+01 2.351557e+01
[201] 2.203866e+01 2.068175e+01 2.116290e+01 8.645435e+00 6.468878e+00 1.612879e+01 1.338011e+01 1.106003e+01 6.502753e+00 7.012237e+00
[211] 6.618196e+00 1.752704e+01 3.494659e+00 1.892306e+01 2.266458e+01 1.693315e+01 1.633528e+01 9.427522e+00 1.033314e+00 5.242395e-01
[221] 1.856490e+01 1.843307e+01 2.116201e+01 1.805256e+01 2.323079e+01 1.343843e+01 1.993464e+01 2.143259e+01 1.716046e+01 1.657880e+01
[231] 1.415358e+01 8.496598e+00 2.255217e+01 1.777334e+01 2.059209e+01 1.534068e+01 1.166858e+01 8.069963e+00 1.990786e+01 9.987010e+00
[241] 8.583793e+00 7.844597e-01 1.804575e+01 2.281051e+01 2.167982e+01 1.905267e+01 2.288110e+01 1.578630e+01 1.204760e+01 1.791442e+01
[251] 1.698938e+01 1.635946e+01 1.470593e+01 1.394502e+00 2.272201e+01 1.510181e+01 2.627394e+00 3.483027e+00 2.020053e+01 1.141410e+01
[261] 1.372986e+01 7.413427e+00 2.024518e+01 1.357518e+01 1.338122e+01 2.026965e+01 1.708614e+00 1.965360e+01 1.060884e+01 9.336376e-01
[271] 1.676028e+01 1.469826e+01 1.022753e+01 8.730873e-04 2.034568e+01 1.129734e+01 5.342101e+00 1.189584e+01 1.120966e+01 1.092872e+01
[281] 1.045657e+01 1.008684e+01 5.792071e-01 1.809161e+01 1.716789e+01 2.086516e+01 2.000623e+01 1.757456e+01 1.458919e+01 1.083896e+01
[291] 6.618514e+00 1.088881e+00 1.853281e+01 1.444047e+01 1.203814e+01 2.038955e+01 5.027344e+00 1.059335e+01 1.544208e+00 1.777274e+01
[301] 1.559755e+01 8.989496e+00 7.694800e+00 1.704004e+01 1.504240e+01 8.710238e+00 8.309754e+00 1.390743e+01 8.840809e+00 7.608250e+00
[311] 5.455155e+00 5.170770e+00 1.999376e+01 6.804932e-02 1.392401e+01 1.198391e+01 3.186549e+00 1.866488e+01 1.686986e+01 1.238752e+01
[321] 1.178277e+01 1.730968e+01 1.107684e+01 1.721033e+01 6.980471e+00 1.562889e+00 1.916821e+01 1.847492e+01 1.647079e+01 1.593670e+01
[331] 1.420176e+01 8.577594e+00 1.911464e+01 1.367514e+01 1.168684e+01 1.390239e+01 9.019999e+00 8.416061e+00 5.375311e+00 3.330682e+00
[341] 1.960465e+00 1.551478e+01 1.446736e+01 1.416976e+01 1.646525e+01 1.444897e+01 1.009781e+01 8.894753e+00 1.134361e+01 4.688579e+00
[351] 4.606911e+00 5.555170e-01 1.821667e+01 1.289965e+01 5.930736e+00 2.383458e+00 3.386687e+00 1.286776e+01 6.573595e+00 4.706541e+00
[361] 3.224734e+00 4.814984e+00 1.388818e+01 1.043111e+01 3.506553e+00 1.363759e+01 1.364087e+00 1.511604e+01 1.064155e+01 1.704292e+01
[371] 1.574715e+01 1.228991e+01 8.776427e+00 1.773304e+01 7.805935e+00 6.525943e+00 1.270239e+01 5.572120e-01 1.154739e+01 4.109464e+00
[381] 8.537192e+00 4.713725e+00 8.385910e-01 7.254860e+00 4.644414e+00 1.862080e+00 7.730092e+00 7.333576e+00 4.086699e+00 1.573485e+01
[391] 1.456263e+01 1.395306e+01 1.311329e+01 1.059290e+01 1.015289e+01 3.856802e+00 3.653238e+00 1.403352e+01 2.404554e+00 8.406885e-01
[401] 1.246314e+01 1.135383e+01 1.119241e+01 1.501982e+01 1.536693e+01 1.102993e+01 1.306689e+01 2.649438e-01 1.214705e+01 3.396237e+00
[411] 1.348299e+01 5.789876e+00 1.320183e+01 1.116633e+01 6.465691e+00 4.342007e+00 6.606932e+00 1.294694e+00 3.533096e+00 1.127722e+01
[421] 1.685532e+00 4.706409e+00 3.158641e+00 3.059987e+00 1.312200e+01 1.094995e+00 1.484241e+00 7.718758e-01 9.539309e+00 8.340272e+00
[431] 3.488159e+00 6.346368e-01 1.419606e+01 1.188553e+01 1.048719e+01 8.904017e+00 2.286942e+00 1.363625e+01 1.431909e+01 1.416410e+01
[441] 8.222316e+00 3.810750e+00 5.010478e+00 9.757440e+00 5.315225e+00 6.078309e-01 1.317989e+01 1.334776e+01 7.826062e+00 1.134987e+01
[451] 1.120873e+01 8.744599e+00 6.476884e+00 7.560162e+00 7.308941e+00 4.829206e+00 1.342869e+01 1.332214e+01 1.103982e+01 1.096941e+01
[461] 1.303540e+01 9.185775e+00 7.149231e+00 4.870562e+00 7.059100e+00 5.921054e+00 1.095974e+01 3.608925e+00 9.753510e+00 8.275350e+00
[471] 7.978268e+00 7.317682e+00 6.351143e+00 7.472911e+00 3.754236e+00 2.735546e+00 1.701033e-01 1.285847e+01 8.266784e+00 5.449355e+00
[481] 5.215808e+00 8.089378e+00 1.002249e+01 2.138818e+00 4.908526e+00 4.648828e+00 1.190256e+01 1.072649e+01 4.587271e+00 2.996260e+00
[491] 1.138038e+01 1.081786e-01 7.738328e+00 2.380420e+00 9.137880e+00 1.103379e+01 6.208051e+00 2.612494e+00 1.868578e+00 1.122301e+01
[501] 8.384830e+00 7.337612e+00 5.599253e+00 1.838430e+00 1.036860e+01 8.017749e+00 6.962222e+00 6.476461e+00 6.565170e+00 9.944696e+00
[511] 3.779470e+00 9.192000e-01 4.059511e+00 3.993505e+00 8.356482e+00 3.727597e+00 9.068629e+00 8.283573e+00 7.026908e+00 5.546040e+00
[521] 4.320960e+00 1.732679e+00 2.003151e+00 1.377703e+00 3.074823e+00 8.306012e+00 7.650544e+00 3.981111e+00 9.949655e+00 6.281383e+00
[531] 1.787825e+00 2.760249e+00 2.449074e+00 8.088474e+00 2.058537e+00 8.006859e+00 9.341493e+00 5.114514e+00 3.434663e-01 6.898227e+00
[541] 7.017861e+00 2.721079e+00 3.072584e+00 2.396524e+00 1.560913e+00 8.070162e+00 2.646273e+00 7.826880e+00 5.197726e+00 6.860229e+00
[551] 7.726010e-01 8.159265e+00 6.360983e+00 2.956168e+00 1.378466e+00 3.911197e+00 2.613485e+00 7.171963e+00 6.846143e+00 7.128107e-01
[561] 7.119643e+00 6.573914e-01 2.679077e-01 1.291760e+00 6.104731e-01 7.581249e+00 3.520114e+00 1.557754e+00 7.194930e-01 3.454891e+00
[571] 5.389564e+00 3.155055e+00 1.486839e+00 1.979171e+00 6.156610e+00 3.718844e-01 5.994082e+00 1.810997e-02 5.403260e+00 4.206146e+00
[581] 3.839834e+00 3.824110e+00 4.193813e+00 8.581291e-01 1.417152e+00 1.028355e+00 7.620586e-01 2.041685e+00 6.817986e+00 5.108042e+00
[591] 3.657738e+00 6.447871e+00 6.645172e+00 4.957699e+00 2.081407e+00 9.650538e-01 3.257042e+00 5.220441e+00 3.641396e+00 5.102322e-01
[601] 4.724705e+00 2.722620e+00 6.014784e-01 3.211202e+00 2.720183e+00 1.210408e-01 2.447412e+00 1.549278e+00 3.939748e+00 1.431244e+00
[611] 5.487741e+00 3.526375e+00 2.217572e+00 2.204071e+00 3.029114e+00 1.973331e+00 4.663046e+00 1.277975e-01 3.586340e+00 3.497292e+00
[621] 2.025561e+00 4.053129e+00 3.913689e+00 2.818084e+00 1.831446e+00 4.870280e+00 7.850699e-01 4.468844e+00 3.441377e+00 4.263087e+00
[631] 2.268108e+00 1.003004e-01 1.196476e+00 5.891854e-01 9.904387e-02 2.179453e+00 7.552042e-01 5.928470e-01 1.051156e+00 1.367028e+00
[641] 3.664219e+00 1.966352e+00 2.334356e+00 3.432341e+00 2.771814e+00 1.701444e+00 4.796306e-01 1.834663e+00 5.350612e-03 2.088843e+00
[651] 3.411428e-01 2.954045e+00 3.004439e+00 1.564247e+00 8.126557e-01 1.874937e+00 6.588966e-01 3.168795e-01 3.820249e-01 1.848971e+00
[661] 1.232213e-01 6.229176e-01 1.584791e+00 7.174504e-02 3.713803e-01 5.828410e-01 1.094809e+00 5.735489e-01 1.371393e+00 7.002365e-01
[671] 3.728440e-02 4.398022e-01 1.221755e-01 1.119123e-01 1.153270e-01

$PAR
  [1]  NA   1   1   1   1   1   1   1   1   3   3   3   3   3   4  15  10  10  10  10  11  12  12  12  12  12  13  13  13  13  13  14  14
 [34]  14  14  14  14  21  21  21  22  22  22  22  22  22  17  17  17  17  32  32  18  18  18  18  27  27  27  27  23  23  23  23  23  23
 [67]  23  24  33  41  41  70  70  71  71  72  72  69  28  28  28  28  38  38  38  38  19  19  79  79  79  79  79  79  25  25  25  29  29
[100]   5  30  30  30  83  83  83  83  83  83  83  53  57  57  84  39  39  39  39  61  61 115 115 115  31  31  62  62  62 100 100  78  58
[133]  58  58  58 132 132 132 136 136 136 136 139 101 101 114  76  76 116 116 116  26  26  26  26  26 137 137 131  74  74  74  87  87  98
[166] 152 152  63  63  63  63  64  52  52  80  80 119 119   6  42  42  42  85 126 126 126 126 102  43  43  43  43  43 111 111 103 103 146
[199] 146 183 183 183  44  44  44  47  47  47 140 138 138  89  89 163 122 164 164 164 164 164  48  48 184 167 144 144  88 112 112 112 112
[232] 112 198 198 143 200 200 200 199 199  45  45 173 225 225 225 147 247 247 244 244 244 244 244 194 194 194 255 215 215 133 133 233 233
[265] 233 159 159 188 188 201   7 245 245 245 228 228 228 168 168 168 168 168 168 178 203 223 223 223 223 223 286 286 127 169 169  99 202
[298] 235 149 296 296 296 296 275 275 266 266 263 263 263 263 263  49  49 287 287 287 313 313 313 313 227 227 129 129 129 130 239 239 239
[331] 239 239  75 128 128 165 165 165 165 165 165   8   8   8  54  54 327 214 176 176 176 318 221 293 293 293 141 328 222 222 222 123  82
[364]  82  82 284 284 224 224 243 234 234 234 300 300 300 374 374 212 212 322 322 324 370 370 370 251 251 251 216 319 319 153  86 230 230
[397] 230 180 180 180 329 329 329 174 252 252 160 150 330 330 117 117 248 248 248 371  77  77 301 342 342  55  55  55 368 368 142 142 404
[430] 404 172 172 118 118 118 118 118 157 253 253 253 253 272 289 289 289 343 346 346 294 331 331 331 433 344 344 398 398 398 392 336 336
[463] 336 124 438 438 264  90 265 265 265 207 207 413 413 413 413 425 425 425 425 461 354 354 358 358 478 182 182 377 320 372 295 295 487
[496] 278 434 434 434 190  35  35  35  35 450 450 450 450 349 276 276 276 420 420 279 323 208 459 459 496 496 298 394 394 187 435 435 435
[529]  91  91  91 273 273  73  73 395 240 240 529 510 134 134 429 108 108 462 462 495 302 436 373 204 332 332 515 526 526 518 479 479 441
[562] 552 552 482 482 534 238 506 506 536 471 471 471 449 375 493 387 303 527 566 474 474 262 455 465 465 465 519 541 210 210 507 589 589
[595] 589  65 593 291 211 211 417 417 417 209 209  36 592 530 575 575  56 577 148 148 466 466 311 311 480 579 579 277 445 549 312 538 362
[628]  95 382 350 350 385 489 380 389 513 622 514 528 623 581 511 516 641 591 397 612 365 258 423 423 525 424 542 494 614 614 650 588 616
[661] 616 656 504 531 267 326 568 608 610  37  66 400 647 651  67

$EXTANT
  [1] FALSE FALSE FALSE FALSE FALSE FALSE  TRUE FALSE  TRUE FALSE FALSE  TRUE FALSE  TRUE FALSE FALSE  TRUE  TRUE FALSE FALSE FALSE  TRUE
 [23]  TRUE FALSE  TRUE  TRUE  TRUE FALSE FALSE FALSE FALSE FALSE FALSE FALSE  TRUE  TRUE  TRUE FALSE  TRUE FALSE FALSE  TRUE  TRUE  TRUE
 [45]  TRUE FALSE  TRUE  TRUE  TRUE  TRUE FALSE FALSE FALSE  TRUE  TRUE  TRUE FALSE FALSE FALSE  TRUE  TRUE FALSE FALSE FALSE  TRUE  TRUE
 [67]  TRUE FALSE FALSE FALSE FALSE FALSE  TRUE  TRUE FALSE FALSE  TRUE FALSE  TRUE  TRUE  TRUE  TRUE  TRUE  TRUE FALSE  TRUE FALSE FALSE
 [89]  TRUE  TRUE  TRUE FALSE FALSE  TRUE FALSE  TRUE  TRUE FALSE FALSE  TRUE FALSE  TRUE  TRUE FALSE FALSE FALSE FALSE  TRUE  TRUE  TRUE
[111] FALSE  TRUE  TRUE FALSE  TRUE  TRUE  TRUE  TRUE FALSE  TRUE FALSE FALSE  TRUE  TRUE  TRUE FALSE FALSE FALSE  TRUE  TRUE FALSE FALSE
[133] FALSE  TRUE  TRUE  TRUE  TRUE  TRUE FALSE FALSE  TRUE  TRUE FALSE FALSE  TRUE  TRUE FALSE  TRUE  TRUE  TRUE FALSE FALSE  TRUE FALSE
[155]  TRUE  TRUE  TRUE FALSE  TRUE  TRUE FALSE FALSE FALSE  TRUE  TRUE  TRUE  TRUE  TRUE FALSE FALSE  TRUE  TRUE FALSE FALSE  TRUE  TRUE
[177] FALSE  TRUE FALSE  TRUE FALSE  TRUE FALSE  TRUE  TRUE FALSE  TRUE  TRUE FALSE  TRUE  TRUE  TRUE  TRUE  TRUE FALSE  TRUE  TRUE FALSE
[199]  TRUE FALSE  TRUE  TRUE FALSE FALSE  TRUE FALSE FALSE  TRUE FALSE FALSE  TRUE  TRUE  TRUE FALSE FALSE FALSE  TRUE  TRUE  TRUE  TRUE
[221]  TRUE  TRUE  TRUE  TRUE FALSE FALSE FALSE  TRUE FALSE  TRUE FALSE  TRUE  TRUE  TRUE  TRUE FALSE FALSE  TRUE  TRUE  TRUE  TRUE  TRUE
[243]  TRUE  TRUE  TRUE FALSE  TRUE  TRUE FALSE FALSE  TRUE  TRUE  TRUE  TRUE  TRUE  TRUE  TRUE  TRUE FALSE  TRUE FALSE  TRUE FALSE  TRUE
[265]  TRUE  TRUE  TRUE FALSE  TRUE  TRUE FALSE  TRUE  TRUE  TRUE  TRUE  TRUE  TRUE  TRUE  TRUE FALSE  TRUE  TRUE  TRUE  TRUE FALSE  TRUE
[287]  TRUE  TRUE  TRUE FALSE  TRUE  TRUE  TRUE FALSE  TRUE  TRUE  TRUE  TRUE  TRUE  TRUE  TRUE  TRUE  TRUE FALSE FALSE  TRUE FALSE FALSE
[309] FALSE  TRUE  TRUE  TRUE  TRUE  TRUE FALSE  TRUE  TRUE  TRUE  TRUE  TRUE FALSE  TRUE  TRUE  TRUE FALSE  TRUE  TRUE  TRUE  TRUE  TRUE
[331]  TRUE  TRUE FALSE FALSE  TRUE  TRUE FALSE  TRUE FALSE  TRUE  TRUE  TRUE FALSE  TRUE FALSE FALSE FALSE FALSE FALSE  TRUE  TRUE  TRUE
[353]  TRUE  TRUE  TRUE  TRUE  TRUE  TRUE FALSE  TRUE  TRUE  TRUE FALSE FALSE  TRUE FALSE  TRUE  TRUE  TRUE  TRUE  TRUE  TRUE  TRUE  TRUE
[375] FALSE  TRUE  TRUE  TRUE FALSE  TRUE  TRUE  TRUE  TRUE  TRUE  TRUE  TRUE FALSE  TRUE  TRUE  TRUE FALSE FALSE  TRUE  TRUE  TRUE  TRUE
[397]  TRUE  TRUE  TRUE  TRUE  TRUE  TRUE FALSE  TRUE  TRUE  TRUE  TRUE  TRUE FALSE  TRUE FALSE  TRUE  TRUE  TRUE  TRUE  TRUE  TRUE  TRUE
[419]  TRUE  TRUE  TRUE  TRUE  TRUE  TRUE  TRUE  TRUE FALSE  TRUE  TRUE  TRUE  TRUE  TRUE FALSE  TRUE  TRUE  TRUE  TRUE FALSE  TRUE  TRUE
[441]  TRUE FALSE  TRUE  TRUE  TRUE  TRUE FALSE  TRUE  TRUE FALSE FALSE  TRUE  TRUE  TRUE  TRUE  TRUE  TRUE  TRUE FALSE  TRUE  TRUE  TRUE
[463]  TRUE  TRUE  TRUE  TRUE  TRUE  TRUE  TRUE  TRUE  TRUE  TRUE  TRUE  TRUE  TRUE  TRUE  TRUE  TRUE  TRUE  TRUE  TRUE  TRUE FALSE  TRUE
[485]  TRUE  TRUE  TRUE FALSE  TRUE  TRUE  TRUE  TRUE  TRUE  TRUE  TRUE  TRUE  TRUE  TRUE  TRUE FALSE FALSE FALSE FALSE  TRUE FALSE  TRUE
[507]  TRUE  TRUE FALSE  TRUE  TRUE  TRUE  TRUE  TRUE  TRUE  TRUE  TRUE  TRUE  TRUE FALSE  TRUE  TRUE  TRUE  TRUE  TRUE  TRUE  TRUE  TRUE
[529]  TRUE  TRUE  TRUE FALSE  TRUE  TRUE  TRUE  TRUE FALSE  TRUE  TRUE  TRUE  TRUE  TRUE  TRUE  TRUE  TRUE  TRUE  TRUE  TRUE  TRUE FALSE
[551]  TRUE  TRUE  TRUE  TRUE  TRUE  TRUE  TRUE  TRUE  TRUE  TRUE  TRUE  TRUE  TRUE  TRUE  TRUE  TRUE  TRUE  TRUE  TRUE  TRUE  TRUE  TRUE
[573]  TRUE  TRUE  TRUE  TRUE  TRUE  TRUE  TRUE  TRUE  TRUE  TRUE  TRUE  TRUE  TRUE  TRUE  TRUE  TRUE  TRUE  TRUE  TRUE  TRUE FALSE  TRUE
[595]  TRUE  TRUE  TRUE  TRUE  TRUE  TRUE  TRUE  TRUE  TRUE  TRUE  TRUE  TRUE  TRUE  TRUE  TRUE  TRUE  TRUE  TRUE  TRUE  TRUE  TRUE  TRUE
[617]  TRUE  TRUE  TRUE  TRUE  TRUE  TRUE  TRUE FALSE  TRUE  TRUE  TRUE  TRUE FALSE  TRUE  TRUE  TRUE  TRUE  TRUE  TRUE  TRUE  TRUE  TRUE
[639]  TRUE  TRUE  TRUE  TRUE  TRUE  TRUE FALSE  TRUE  TRUE  TRUE  TRUE  TRUE  TRUE  TRUE  TRUE  TRUE  TRUE  TRUE  TRUE  TRUE  TRUE  TRUE
[661]  TRUE  TRUE  TRUE  TRUE  TRUE  TRUE  TRUE  TRUE  TRUE  TRUE  TRUE  TRUE  TRUE  TRUE  TRUE

