
Birth-death simulation object with 765 species and 500 extant species

Details for some species:

Extinction times (NA means extant)
[1] 26.52485 33.76138 63.27266 45.51432 54.18325 40.43952


Speciation times 
[1] 100.70907  79.71308  79.39987  69.15992  59.17359  48.91065


Species parents (NA for initial)
[1] NA  1  1  1  1  1


Species status (extinct or extant)
[1] "extinct" "extinct" "extinct" "extinct" "extinct" "extinct"


For more details on vector y, try sim$y, with y one of
TE TS PAR EXTANT



$TE
  [1] 26.5248471 33.7613848 63.2726602 45.5143196 54.1832538 40.4395161         NA         NA 36.4285056 10.3949564
 [11]  5.8000966 59.8455795 68.3792223         NA 39.6701034 66.6785767         NA 60.4269364 67.9968554         NA
 [21] 46.1510637 33.5124745 33.2581463 17.9170859         NA 30.1164739 45.0433469  5.8521528 33.6769716  5.1473910
 [31]         NA 41.9396618 45.4784355         NA 14.5228208 35.5047868 24.0338968 49.5640946 46.5680276 39.4310515
 [41]         NA 24.1043875 17.5682267 47.1307544         NA 51.5470637 39.0400662         NA         NA         NA
 [51]         NA  6.2755988         NA 40.2755508 52.2462859 19.8196511 21.5339009 10.7925439 57.0417715 23.6127580
 [61] 57.3869900 43.0601591 45.4259733 40.3125977         NA         NA         NA 27.7377355  0.3945315  5.6551524
 [71]         NA 42.8089580 42.3104104 38.9380354 43.5789969 20.7373899         NA 32.1746045 34.7611913 46.6457974
 [81] 34.5306483 15.6972075  1.5743595 21.4198086  1.7268141         NA         NA         NA         NA 46.3595404
 [91] 21.3810746  2.0112937         NA 46.9472094  5.7220584         NA         NA         NA         NA         NA
[101]         NA         NA 13.5750301         NA         NA 24.0088051 20.3396772 10.2600032 33.1068437         NA
[111] 12.0357159         NA         NA         NA         NA         NA 31.9732931 14.6215393 28.1449761         NA
[121]         NA         NA 18.1537927         NA  6.3349996 11.1271725 13.0406381         NA  2.0084423         NA
[131]         NA 39.6687458 30.6583892 20.3348255  2.1392567         NA         NA         NA 30.1394646         NA
[141] 25.0650018 28.1180196 34.6141274         NA  8.5329848         NA  1.2082425 24.7279086 18.1640560         NA
[151] 12.1075095         NA 10.1146632 25.9026300  3.5579090  6.8522930  4.1125134  8.8855117         NA 14.7383948
[161] 14.2649679 23.4175917         NA 21.9353177 38.3484732  3.5513545  9.2453183         NA         NA         NA
[171] 12.0708532 11.4336496         NA         NA 28.6174597         NA         NA  8.1784477 11.0273628         NA
[181]         NA  6.0099687  1.9712623         NA         NA 21.5332903         NA         NA         NA         NA
[191]         NA         NA         NA         NA         NA         NA  4.6547326 13.3583501         NA         NA
[201] 20.6625376         NA         NA         NA         NA         NA 15.5449909         NA  2.5446109         NA
[211]         NA         NA 12.9212408         NA 21.6813901         NA         NA         NA 17.7665602         NA
[221] 13.5004244  1.4475513  3.0867586 15.3833494         NA         NA         NA         NA         NA         NA
[231] 26.8623504         NA         NA         NA 22.9472986  9.9671706 12.1333878         NA         NA         NA
[241] 24.3032188         NA         NA 13.6745994 10.0858062         NA         NA         NA 14.9364240         NA
[251]  8.0768930         NA         NA         NA         NA  6.2076564 13.7106700 10.4455057         NA         NA
[261]         NA  9.0479334         NA         NA         NA 18.6569772         NA 11.7004262 13.0481354  7.5651306
[271]         NA         NA         NA 12.7136632         NA         NA         NA         NA         NA 14.8803519
[281] 16.4241887         NA 14.6189815         NA  6.9576539         NA         NA         NA  6.6700454  8.5049992
[291]  3.4086169         NA         NA         NA 24.7721952         NA  6.2311760 16.2644116  4.0988407         NA
[301]         NA         NA  1.0882753 13.3529186         NA         NA 10.4367484         NA         NA         NA
[311]         NA         NA         NA  9.7494576  0.9313901         NA 10.1612764         NA         NA         NA
[321]         NA  5.6345755         NA         NA  9.3534799 10.1158365         NA         NA         NA         NA
[331]         NA  1.1955970         NA         NA         NA 10.6298520         NA         NA         NA         NA
[341]         NA 10.4395230  1.1691018         NA 10.9840616         NA  2.5873747         NA         NA         NA
[351]  9.1430636         NA         NA 17.8047854         NA         NA  6.5487591         NA 12.5125532  5.9576506
[361]         NA 17.5696773  5.7319892         NA         NA         NA  1.5011851         NA         NA         NA
[371] 11.3174576         NA         NA         NA         NA         NA         NA         NA         NA         NA
[381] 19.4923189         NA  2.8872025  3.1127558  2.5995349 17.0968007  1.3518694  9.6592084  0.2695910         NA
[391] 19.5102094         NA  9.3321410         NA         NA 11.6162917         NA  9.0445332  0.6105657  4.1344575
[401]         NA         NA         NA  5.6199423  0.2145403         NA         NA  9.8070169         NA  1.2535826
[411]         NA         NA         NA 15.1674532         NA  2.5338586         NA         NA  2.4473345         NA
[421]         NA         NA         NA         NA         NA         NA         NA  3.2049465         NA         NA
[431]  3.1073367         NA 11.4264007         NA         NA         NA         NA  5.6165420         NA         NA
[441]         NA         NA  5.1673576 14.2524987         NA  0.1585197         NA         NA         NA         NA
[451]         NA  5.1558506         NA         NA         NA         NA         NA  3.4776384         NA         NA
[461]         NA         NA         NA         NA         NA  2.2292892         NA         NA  6.9217024         NA
[471]  0.2074019         NA         NA         NA 12.0005332         NA         NA         NA         NA  1.5557389
[481]  8.2144422  5.3559497 12.1005980         NA 13.0506838  1.8573846  6.2217937         NA 11.2947036         NA
[491]         NA         NA         NA         NA         NA         NA         NA  1.4918061  0.2998582         NA
[501]  0.9801293         NA 10.1018570         NA         NA         NA         NA         NA         NA         NA
[511]         NA  0.6659095         NA         NA         NA         NA         NA         NA         NA         NA
[521]         NA  0.9951619 11.1612918         NA  4.2011956         NA  6.1832471  4.7772905         NA         NA
[531]  5.9237866         NA         NA  3.5288935  1.3302903         NA         NA         NA         NA         NA
[541]         NA         NA         NA  3.0242819  4.1252182         NA  2.1932824  1.0291855         NA         NA
[551]         NA         NA         NA         NA         NA         NA         NA  3.1760227         NA         NA
[561]  2.9236591         NA         NA         NA         NA  0.6077355  3.7567722         NA         NA         NA
[571]         NA  0.6212474  1.8357377         NA         NA         NA         NA         NA         NA         NA
[581]  6.2241279         NA         NA         NA         NA         NA  8.8825269  1.2297638         NA         NA
[591]         NA         NA  1.7555404         NA         NA 10.6671830         NA         NA         NA         NA
[601]         NA         NA         NA         NA         NA  8.6201922         NA         NA         NA  2.9796037
[611]         NA         NA         NA         NA         NA         NA         NA         NA         NA  3.5935441
[621]         NA         NA         NA         NA         NA         NA         NA         NA         NA         NA
[631]         NA         NA         NA         NA         NA         NA         NA  1.2400849  2.8270180         NA
[641]         NA         NA  8.4401413         NA         NA         NA         NA         NA         NA         NA
[651]         NA         NA         NA         NA  1.2857093         NA         NA         NA  5.4815430         NA
[661]         NA         NA         NA         NA         NA         NA         NA         NA  1.8358466  2.8529711
[671]         NA         NA         NA         NA         NA         NA         NA         NA         NA         NA
[681]         NA         NA         NA         NA         NA         NA         NA         NA         NA         NA
[691]         NA         NA         NA         NA         NA         NA         NA         NA         NA         NA
[701]         NA         NA         NA         NA         NA         NA         NA         NA         NA         NA
[711]         NA         NA         NA         NA         NA         NA         NA         NA         NA         NA
[721]  3.0874422         NA         NA         NA         NA         NA         NA         NA         NA         NA
[731]         NA         NA         NA         NA         NA  2.9836976         NA         NA         NA         NA
[741]         NA         NA         NA         NA         NA         NA         NA         NA         NA         NA
[751]         NA         NA         NA         NA         NA         NA         NA         NA         NA         NA
[761]         NA         NA         NA         NA         NA

$TS
  [1] 1.007091e+02 7.971308e+01 7.939987e+01 6.915992e+01 5.917359e+01 4.891065e+01 4.373519e+01 4.069610e+01
  [9] 3.953287e+01 3.582877e+01 3.272834e+01 7.916353e+01 7.792740e+01 7.221630e+01 7.008293e+01 7.301920e+01
 [17] 7.095152e+01 6.419972e+01 7.682624e+01 5.942948e+01 5.180442e+01 3.534305e+01 3.425602e+01 2.709235e+01
 [25] 1.167697e+01 7.073840e+01 5.915381e+01 4.285708e+01 3.631793e+01 2.622947e+01 2.051216e+01 7.034920e+01
 [33] 5.786170e+01 5.366574e+01 5.348226e+01 3.957395e+01 3.488713e+01 5.190463e+01 4.718918e+01 5.491063e+01
 [41] 5.052429e+01 4.640328e+01 4.256502e+01 6.590233e+01 6.039587e+01 5.901989e+01 5.864651e+01 5.057363e+01
 [49] 3.148406e+01 2.700056e+01 1.963615e+01 1.684676e+01 9.134047e+00 5.873875e+01 5.587542e+01 5.541827e+01
 [57] 2.483997e+01 1.408044e+01 5.763577e+01 4.620811e+01 5.762874e+01 5.700836e+01 5.123883e+01 4.137855e+01
 [65] 5.766032e+01 5.484228e+01 4.983823e+01 4.654350e+01 4.668119e+01 1.929260e+01 1.555833e+00 5.722737e+01
 [73] 4.913141e+01 4.874661e+01 5.193182e+01 3.151391e+01 2.365656e+01 5.011249e+01 5.257184e+01 4.896017e+01
 [81] 4.590266e+01 2.750605e+01 9.243332e+00 4.282341e+01 3.236137e+01 2.746119e+01 1.174955e+01 8.370475e+00
 [89] 2.159032e+00 4.676253e+01 4.052040e+01 3.344238e+01 4.926798e+01 4.831417e+01 4.867107e+01 4.853149e+01
 [97] 3.732920e+01 6.859951e+00 3.117835e-02 3.292674e+01 2.509788e+01 5.769708e+00 4.260429e+01 3.982226e+01
[105] 3.259070e+01 2.590408e+01 2.224319e+01 1.103123e+01 4.519544e+01 4.395031e+01 3.249917e+01 1.613081e+01
[113] 1.392585e+01 1.095007e+01 4.527512e+00 2.490952e+00 4.343971e+01 4.224785e+01 3.356388e+01 2.424975e+01
[121] 2.273178e+01 7.721778e+00 4.700405e+01 3.628062e+01 2.546267e+01 2.041590e+01 1.603358e+01 1.443127e+01
[129] 1.053903e+01 3.310838e+01 2.791671e+01 4.399267e+01 3.279546e+01 2.985161e+01 2.683780e+01 8.836906e+00
[137] 6.866849e+00 3.578491e+01 4.342514e+01 4.126919e+01 2.741648e+01 4.619954e+01 3.731417e+01 3.243031e+01
[145] 3.100640e+01 3.961678e+01 4.032137e+01 3.751975e+01 2.896144e+01 4.601448e+00 3.473095e+01 3.465301e+00
[153] 4.055082e+01 3.506809e+01 3.994909e+01 1.325605e+01 3.830764e+01 2.939549e+01 3.618630e+01 1.580268e+01
[161] 3.975589e+01 3.203194e+01 2.449124e+01 3.965051e+01 3.940074e+01 1.559644e+01 1.743715e+01 1.066275e+00
[169] 4.190148e-01 3.907554e+01 3.885982e+01 2.916122e+01 3.344512e+00 2.027327e+00 3.748599e+01 2.367310e+01
[177] 2.975894e+01 2.343745e+01 1.153175e+01 3.726919e+01 2.991906e+01 7.670949e+00 3.601019e+01 1.452599e+01
[185] 1.151588e+01 3.471577e+01 2.978986e+01 3.041511e+01 1.896596e+01 8.924601e+00 8.501486e+00 6.297382e+00
[193] 1.183695e+00 3.752435e+01 1.694833e+01 1.476264e+01 1.829304e+01 2.545924e+01 2.421689e+01 3.598931e+01
[201] 3.564183e+01 2.549654e+01 2.364400e+01 1.186228e+01 1.159564e+01 9.835603e+00 3.533613e+01 7.270353e+00
[209] 4.427789e+00 4.316104e+00 8.809519e-01 1.576858e+01 1.472427e+01 8.526550e+00 2.303717e+01 9.503543e+00
[217] 1.972106e+01 3.492756e+01 2.204771e+01 1.462737e+01 1.449586e+01 1.183318e+01 2.262369e+01 2.639595e+01
[225] 1.657758e+01 1.437565e+01 3.104879e+00 2.584643e+01 3.466290e+01 3.376855e+01 2.880369e+01 1.879488e+01
[233] 1.743629e+01 3.190455e+01 2.919888e+01 2.633932e+01 1.652791e+01 6.347495e+00 2.998852e+01 5.264756e+00
[241] 2.897072e+01 2.062060e+01 2.033532e+01 2.541252e+01 1.911907e+01 6.267566e+00 4.126463e+00 2.348777e+01
[249] 1.875025e+01 1.517836e+01 1.351010e+01 5.521441e+00 4.669005e+00 9.308921e-01 2.464096e+01 2.301990e+01
[257] 2.244237e+01 1.211251e+01 2.244516e+00 2.753813e+01 2.300634e+01 2.076585e+01 2.576459e+01 2.390633e+01
[265] 8.659172e+00 2.271992e+01 6.006776e+00 3.073060e+01 2.191744e+01 1.561393e+01 2.198280e+01 1.596510e+01
[273] 1.116297e+01 1.471209e+01 1.233019e+01 1.197124e+01 8.637684e+00 7.671677e+00 2.665966e+01 2.314242e+01
[281] 1.855536e+01 1.675187e+01 1.507964e+01 1.469426e+01 1.440327e+01 2.383423e+00 2.737494e+01 2.732999e+01
[289] 2.117209e+01 1.750286e+01 2.214406e+01 1.433530e+01 1.419123e+01 1.989131e+01 2.605080e+01 2.268604e+01
[297] 2.080524e+01 1.825077e+01 1.072246e+01 1.866305e+01 7.858991e+00 6.290671e+00 1.979708e+01 1.914014e+01
[305] 1.875837e+01 1.829049e+01 2.384291e+01 2.277269e+00 3.867056e+00 3.365545e+00 1.735755e+01 9.328481e+00
[313] 8.590119e+00 2.402809e+01 9.257477e+00 1.988149e+01 1.798854e+01 7.331810e+00 2.894593e+00 1.090765e+01
[321] 2.086011e+01 1.003901e+01 1.981104e+01 1.726036e+01 1.079953e+01 2.225933e+01 2.449896e+01 2.137585e+01
[329] 1.628474e+01 1.279300e+01 2.304931e+00 2.071949e+01 2.000976e+01 1.861686e+01 1.733185e+01 1.418009e+01
[337] 1.350690e+01 1.357957e-01 2.435203e+01 1.728629e+01 1.301166e+01 2.357392e+01 1.609904e+01 7.884783e-01
[345] 2.395479e+01 1.943247e+01 1.316673e+01 4.543608e+00 2.189290e+01 1.530906e+01 1.590985e+01 1.924356e+01
[353] 1.413828e+01 1.972606e+01 1.695602e+01 1.587774e+01 1.502299e+01 6.120228e+00 2.154266e+01 1.447773e+01
[361] 5.187627e+00 2.294448e+01 2.292438e+01 1.432296e+01 1.358362e+01 1.191564e+01 2.087862e+01 1.429258e+01
[369] 1.402796e+01 1.978556e+00 1.595138e+01 3.989570e+00 3.703549e+00 1.691237e+00 1.053692e+00 1.951112e+01
[377] 1.728744e+01 1.473161e+01 7.669977e+00 2.052389e+01 2.039807e+01 1.331763e+01 2.046583e+01 2.089968e+01
[385] 6.111436e+00 2.047018e+01 2.154273e+00 1.544879e+01 5.314432e+00 3.777479e+00 2.000957e+01 9.774461e+00
[393] 1.594722e+01 1.316230e+01 1.871639e+01 1.696350e+01 1.643493e+01 1.099973e+01 1.188939e+01 1.634168e+01
[401] 1.296354e+01 8.201206e+00 1.533982e+01 1.691870e+01 1.611049e+01 4.342242e+00 6.696057e-01 1.957336e+01
[409] 1.482881e+01 1.268043e+01 1.157854e+01 9.684215e+00 8.473089e+00 1.886816e+01 2.146587e-01 1.905889e+01
[417] 1.633341e+01 9.864274e+00 1.387718e+01 1.828224e+01 6.559506e+00 1.769098e+01 1.239521e+01 1.176905e+01
[425] 8.139322e+00 1.354335e+01 6.025352e+00 6.467591e+00 5.407957e+00 1.418563e+01 1.541837e+01 3.033703e+00
[433] 1.873244e+01 1.286805e+01 7.488905e+00 2.826184e+00 1.808299e+00 1.577701e+01 1.070818e+01 1.722385e+01
[441] 1.328242e+01 7.122413e+00 6.317348e+00 1.502527e+01 1.374197e+01 1.728530e+01 1.659801e+01 1.303590e+01
[449] 5.760370e+00 5.364200e+00 2.486711e+00 7.971968e+00 1.734623e+01 2.723395e+00 2.364336e+00 1.254564e+01
[457] 1.004606e+01 7.900649e+00 1.312747e+01 1.318064e+00 1.650840e+01 1.176961e+01 5.930442e+00 1.509574e+01
[465] 1.197882e+01 1.054768e+01 1.590081e+00 6.642843e-02 1.488663e+01 4.038223e+00 1.265889e+01 6.472383e+00
[473] 5.295703e+00 1.440447e+01 1.264184e+01 1.235549e+01 8.243391e+00 7.754138e+00 3.598485e+00 1.505078e+01
[481] 1.207135e+01 1.562422e+01 1.427577e+01 1.344764e+01 1.391877e+01 9.654786e+00 7.827454e+00 1.224230e+01
[489] 1.221107e+01 4.052867e+00 1.504119e+01 9.762578e+00 9.162665e+00 7.045876e+00 1.025625e+01 2.490656e+00
[497] 1.120973e+01 1.428175e+01 8.969914e+00 5.245506e+00 2.025852e+00 2.787153e-01 1.119404e+01 4.507912e+00
[505] 1.074471e+01 9.940350e+00 4.736116e+00 4.064395e+00 8.336083e+00 8.171947e+00 7.783840e+00 2.686975e+00
[513] 1.438368e+01 1.196407e+01 6.357644e+00 2.482921e+00 4.680634e+00 1.228404e+01 9.306327e+00 1.137781e+00
[521] 9.485022e-02 3.190083e+00 1.344105e+01 9.351371e+00 1.372535e+01 1.041207e+01 1.244576e+01 4.842433e+00
[529] 1.113678e+01 1.047353e+01 8.997698e+00 1.267313e+01 1.214792e+01 6.863371e+00 4.652393e+00 1.181973e+01
[537] 1.005342e+01 1.065581e+01 1.054975e+01 1.923901e+00 9.882190e+00 5.047582e+00 3.177432e+00 1.252470e+01
[545] 9.013585e+00 1.356817e+00 8.723225e+00 1.119785e+01 1.137187e+01 6.301787e+00 3.846898e+00 9.269605e+00
[553] 1.203224e+01 1.238480e+00 9.846580e+00 7.087865e+00 9.368066e+00 5.339128e+00 5.695532e-01 5.392073e-01
[561] 4.460819e+00 3.153700e-01 5.805194e+00 7.635339e-01 1.203385e+01 1.113961e+01 9.635594e+00 3.493799e+00
[569] 6.238030e+00 6.290346e+00 1.069305e+01 2.446319e+00 2.076436e+00 7.936670e+00 5.325365e+00 9.668849e+00
[577] 3.705848e+00 3.651188e+00 2.779968e+00 2.680292e+00 7.597323e+00 7.145339e+00 2.720381e+00 1.062516e+01
[585] 5.704520e+00 1.161839e+01 8.895486e+00 5.709841e+00 4.526371e+00 1.071951e+01 1.079553e+00 3.330326e+00
[593] 8.472531e+00 3.344274e+00 1.069244e+00 1.122895e+01 1.062118e+01 6.315092e+00 6.652373e+00 1.339621e+00
[601] 5.647173e+00 5.544588e+00 3.287471e+00 1.046890e+01 4.890169e+00 1.025003e+01 6.931716e+00 4.423372e-02
[609] 3.809211e+00 8.167058e+00 6.658474e+00 8.316151e-01 9.157324e+00 7.214845e+00 3.866983e+00 3.723375e+00
[617] 4.738112e+00 4.244632e+00 5.095250e+00 3.826026e+00 7.181027e+00 6.472291e-01 4.069695e+00 1.685645e+00
[625] 7.689671e-01 7.355574e+00 5.177899e+00 7.892452e+00 6.986917e+00 9.355526e+00 7.712862e+00 2.631099e+00
[633] 8.524650e+00 7.366807e+00 2.558398e+00 5.978718e+00 4.839595e+00 4.331457e+00 4.089956e+00 2.879833e+00
[641] 3.168300e+00 1.128659e+00 8.895690e+00 8.006677e+00 5.039598e+00 3.853379e+00 2.941374e+00 1.438330e+00
[649] 3.193218e+00 1.233116e+00 6.176485e+00 5.471838e+00 6.523955e+00 4.921038e+00 5.557092e+00 1.295492e+00
[657] 7.542645e+00 7.405040e+00 7.764943e+00 5.095355e+00 1.443134e-01 1.404998e+00 7.492124e+00 5.029978e+00
[665] 5.445554e+00 6.269558e+00 5.843346e+00 3.652425e+00 5.300193e+00 3.636146e+00 1.397344e+00 5.597681e+00
[673] 4.768881e+00 1.872227e+00 2.100425e-01 3.713840e+00 1.919010e+00 5.401321e+00 1.319122e+00 2.604784e+00
[681] 4.717647e+00 2.751511e-01 4.780806e+00 6.211960e+00 6.061395e+00 4.304291e+00 6.904066e-01 6.013151e+00
[689] 3.863744e+00 1.508376e+00 2.784710e+00 4.980950e-01 4.999087e+00 4.688688e+00 3.491193e+00 1.553702e+00
[697] 1.390516e+00 4.845458e+00 1.353439e+00 4.252976e+00 5.278966e+00 4.443726e+00 3.907850e+00 4.698307e+00
[705] 4.457589e+00 1.416856e+00 2.710474e+00 2.080215e+00 1.962494e+00 4.490191e+00 4.456592e+00 3.670398e-01
[713] 2.301376e+00 8.680453e-01 1.067547e+00 3.503671e+00 9.807162e-01 4.316957e+00 3.454201e+00 4.810573e+00
[721] 3.348268e+00 4.335386e-03 2.414047e+00 3.619795e+00 3.377165e+00 8.547561e-01 2.541338e-01 4.472122e+00
[729] 3.223391e-01 3.518842e+00 2.198819e+00 2.492161e+00 3.903117e+00 3.530972e+00 3.718826e+00 3.250183e+00
[737] 1.597756e+00 1.183588e+00 9.072669e-01 2.062854e+00 2.343959e+00 1.248379e+00 2.818575e+00 1.036059e+00
[745] 3.381412e+00 9.460237e-01 8.153087e-01 7.459696e-01 1.543121e+00 1.658867e-01 3.067027e+00 3.119145e+00
[753] 1.235006e+00 1.945395e+00 1.870227e+00 4.057267e-01 2.181227e+00 1.525793e+00 1.104076e+00 2.636631e-01
[761] 6.272494e-01 6.135556e-01 3.972390e-01 8.221921e-01 2.219767e-01

$PAR
  [1]  NA   1   1   1   1   1   1   1   1   1   1   2   2   2   3  12  12  12  13  14  14  14  14  14  14  17  17  17
 [29]  17  17  17  26  26  26  26  26  26  32  32  15  15  15  15   4  44  44  44  44  45  45  45  45  45  20  20  20
 [57]  20  20   5  27  46  54  54  54  47  47  47  33  65  65  65  59  62  62  56  56  56  40  66  66  66  66  66  34
 [85]  34  34  34  34  34  35  35  35  21  21  63  63  48  48  48  41  41  41  78  67  67  67  67  67  93  93  93  93
[113]  93  93  93  93   6  95  95  95  95  95  96  96  96  96  96  96  96 123 123  69  69  69  69  69  69  68  42  42
[141]  42  60 142 142 142  81 132 110 110 110   7   7 139 139  28  28  84  84 103 103  43  43  43 118 118 118 140 140
[169] 140   8   8   8   8   8 153 153 147 147 147 155 155 155 104 104 104 161 164 146 146 146 146 146 146 170 170 170
[197] 157 194 194 148 148  97  97  97  97  97 180 180 180 180 180 159 159 159 200 200  10 138 138 138 138 138 201 154
[225] 218 218 218  37 151 151 151 151 151 186 186 229 229 229 230 230  92  92  92 130 130 130 130 100 100 100 100 100
[253] 100 100  11 105 105 105 105 111 111 144  85  85 234  49  49 145 145 145 268 188 239 181 181 181 181 181 134 187
[281] 187 187 187 187 187 187 177 177 177 177 172 172 172 149 131 131 131 131 131 260 260 260  82  82  82  82  86  86
[309] 287 287 288 288 288  50  50 135 135 135 135 279 236 236  30  30  30 228 263 263 263 263 202 198 101 101 101 101
[337] 101 101  57 255 255 327 327 327 163 120 120 120 345 264 307 176 176  77 203 203 203 203 342 248 248 178 215 256
[365] 256 256 261 261 261 261 121 121 121 121 121 296 296 223 223 326 107 291 219 271 349 359 367 321 321 321 297 297
[393] 262 262 242 380 380 380  31 383 383 383 126 333 333 294 294 316 316 316 316 316 316 323 323 303  51  51 408 376
[421] 376 346 346 346 346  70  70 352 352 245 416 416 189 189 189 189 189 232 232 305 305 305 305 249 433 395 395 395
[449] 300 306 306 420 317 422 422 233 233 453 335 335 446 446 324 355 404 282 447 447 237 461 397 329 329 112 405 405
[477] 405 405 405 127 272 371 371 393 438 438 438 482 166 431 250 250 250 250 464 464 480 444 196 378 378 378 284 284
[505] 220 184 184 184 360 360 128 128 474 513 513 226 364 368 293 430 430 353 113 113 485 419 525 365 426 337 484 523
[533] 382 382 382 156 156 347 347 394 459 459 459 448 341 341 401 434 330 532 532 471 475 456 544 527 423 476 476 275
[561] 518 518 488 488 489 481 565 565 553 465 276 276 276 514 514 366 366 366 366 366 204 204 204 222 222 462 424 424
[589] 424  25  25 586 205 411 411 179 185 549 548 273 566 566 114 505 505 590 439 439 571 538 538 538 539 539 539 539
[617] 466 129 530 530 526 526 495 537 537 457 457 322 322 541 541 555 206 524 524 312 312 519  83 613  53  53 531 531
[645] 277 214 413 413 593  88 477 477 510 425 644 644 574 574 487 511 511 478 657 657 435 658 658 658 626 626 626 318
[673] 318 318 208 614 614 621 582 556 629 137 534  98  98 421 472 428 598 598 192 192 570 666 666 666 666 651 358 685
[701] 636 636 636 463 463 463 667 449 449 588 588 575 473 500 627 660 542 645 664 637 720 683 673 617 617 617 617 681
[729] 704 694 253 150 589 504 728 209 406 406 406 700 372 703 689 646 390 390 373 734 568 725 594 522 319 640 743 454
[757] 516 713 709 709 656 753 753 193 687

$EXTANT
  [1] FALSE FALSE FALSE FALSE FALSE FALSE  TRUE  TRUE FALSE FALSE FALSE FALSE FALSE  TRUE FALSE FALSE  TRUE FALSE FALSE
 [20]  TRUE FALSE FALSE FALSE FALSE  TRUE FALSE FALSE FALSE FALSE FALSE  TRUE FALSE FALSE  TRUE FALSE FALSE FALSE FALSE
 [39] FALSE FALSE  TRUE FALSE FALSE FALSE  TRUE FALSE FALSE  TRUE  TRUE  TRUE  TRUE FALSE  TRUE FALSE FALSE FALSE FALSE
 [58] FALSE FALSE FALSE FALSE FALSE FALSE FALSE  TRUE  TRUE  TRUE FALSE FALSE FALSE  TRUE FALSE FALSE FALSE FALSE FALSE
 [77]  TRUE FALSE FALSE FALSE FALSE FALSE FALSE FALSE FALSE  TRUE  TRUE  TRUE  TRUE FALSE FALSE FALSE  TRUE FALSE FALSE
 [96]  TRUE  TRUE  TRUE  TRUE  TRUE  TRUE  TRUE FALSE  TRUE  TRUE FALSE FALSE FALSE FALSE  TRUE FALSE  TRUE  TRUE  TRUE
[115]  TRUE  TRUE FALSE FALSE FALSE  TRUE  TRUE  TRUE FALSE  TRUE FALSE FALSE FALSE  TRUE FALSE  TRUE  TRUE FALSE FALSE
[134] FALSE FALSE  TRUE  TRUE  TRUE FALSE  TRUE FALSE FALSE FALSE  TRUE FALSE  TRUE FALSE FALSE FALSE  TRUE FALSE  TRUE
[153] FALSE FALSE FALSE FALSE FALSE FALSE  TRUE FALSE FALSE FALSE  TRUE FALSE FALSE FALSE FALSE  TRUE  TRUE  TRUE FALSE
[172] FALSE  TRUE  TRUE FALSE  TRUE  TRUE FALSE FALSE  TRUE  TRUE FALSE FALSE  TRUE  TRUE FALSE  TRUE  TRUE  TRUE  TRUE
[191]  TRUE  TRUE  TRUE  TRUE  TRUE  TRUE FALSE FALSE  TRUE  TRUE FALSE  TRUE  TRUE  TRUE  TRUE  TRUE FALSE  TRUE FALSE
[210]  TRUE  TRUE  TRUE FALSE  TRUE FALSE  TRUE  TRUE  TRUE FALSE  TRUE FALSE FALSE FALSE FALSE  TRUE  TRUE  TRUE  TRUE
[229]  TRUE  TRUE FALSE  TRUE  TRUE  TRUE FALSE FALSE FALSE  TRUE  TRUE  TRUE FALSE  TRUE  TRUE FALSE FALSE  TRUE  TRUE
[248]  TRUE FALSE  TRUE FALSE  TRUE  TRUE  TRUE  TRUE FALSE FALSE FALSE  TRUE  TRUE  TRUE FALSE  TRUE  TRUE  TRUE FALSE
[267]  TRUE FALSE FALSE FALSE  TRUE  TRUE  TRUE FALSE  TRUE  TRUE  TRUE  TRUE  TRUE FALSE FALSE  TRUE FALSE  TRUE FALSE
[286]  TRUE  TRUE  TRUE FALSE FALSE FALSE  TRUE  TRUE  TRUE FALSE  TRUE FALSE FALSE FALSE  TRUE  TRUE  TRUE FALSE FALSE
[305]  TRUE  TRUE FALSE  TRUE  TRUE  TRUE  TRUE  TRUE  TRUE FALSE FALSE  TRUE FALSE  TRUE  TRUE  TRUE  TRUE FALSE  TRUE
[324]  TRUE FALSE FALSE  TRUE  TRUE  TRUE  TRUE  TRUE FALSE  TRUE  TRUE  TRUE FALSE  TRUE  TRUE  TRUE  TRUE  TRUE FALSE
[343] FALSE  TRUE FALSE  TRUE FALSE  TRUE  TRUE  TRUE FALSE  TRUE  TRUE FALSE  TRUE  TRUE FALSE  TRUE FALSE FALSE  TRUE
[362] FALSE FALSE  TRUE  TRUE  TRUE FALSE  TRUE  TRUE  TRUE FALSE  TRUE  TRUE  TRUE  TRUE  TRUE  TRUE  TRUE  TRUE  TRUE
[381] FALSE  TRUE FALSE FALSE FALSE FALSE FALSE FALSE FALSE  TRUE FALSE  TRUE FALSE  TRUE  TRUE FALSE  TRUE FALSE FALSE
[400] FALSE  TRUE  TRUE  TRUE FALSE FALSE  TRUE  TRUE FALSE  TRUE FALSE  TRUE  TRUE  TRUE FALSE  TRUE FALSE  TRUE  TRUE
[419] FALSE  TRUE  TRUE  TRUE  TRUE  TRUE  TRUE  TRUE  TRUE FALSE  TRUE  TRUE FALSE  TRUE FALSE  TRUE  TRUE  TRUE  TRUE
[438] FALSE  TRUE  TRUE  TRUE  TRUE FALSE FALSE  TRUE FALSE  TRUE  TRUE  TRUE  TRUE  TRUE FALSE  TRUE  TRUE  TRUE  TRUE
[457]  TRUE FALSE  TRUE  TRUE  TRUE  TRUE  TRUE  TRUE  TRUE FALSE  TRUE  TRUE FALSE  TRUE FALSE  TRUE  TRUE  TRUE FALSE
[476]  TRUE  TRUE  TRUE  TRUE FALSE FALSE FALSE FALSE  TRUE FALSE FALSE FALSE  TRUE FALSE  TRUE  TRUE  TRUE  TRUE  TRUE
[495]  TRUE  TRUE  TRUE FALSE FALSE  TRUE FALSE  TRUE FALSE  TRUE  TRUE  TRUE  TRUE  TRUE  TRUE  TRUE  TRUE FALSE  TRUE
[514]  TRUE  TRUE  TRUE  TRUE  TRUE  TRUE  TRUE  TRUE FALSE FALSE  TRUE FALSE  TRUE FALSE FALSE  TRUE  TRUE FALSE  TRUE
[533]  TRUE FALSE FALSE  TRUE  TRUE  TRUE  TRUE  TRUE  TRUE  TRUE  TRUE FALSE FALSE  TRUE FALSE FALSE  TRUE  TRUE  TRUE
[552]  TRUE  TRUE  TRUE  TRUE  TRUE  TRUE FALSE  TRUE  TRUE FALSE  TRUE  TRUE  TRUE  TRUE FALSE FALSE  TRUE  TRUE  TRUE
[571]  TRUE FALSE FALSE  TRUE  TRUE  TRUE  TRUE  TRUE  TRUE  TRUE FALSE  TRUE  TRUE  TRUE  TRUE  TRUE FALSE FALSE  TRUE
[590]  TRUE  TRUE  TRUE FALSE  TRUE  TRUE FALSE  TRUE  TRUE  TRUE  TRUE  TRUE  TRUE  TRUE  TRUE  TRUE FALSE  TRUE  TRUE
[609]  TRUE FALSE  TRUE  TRUE  TRUE  TRUE  TRUE  TRUE  TRUE  TRUE  TRUE FALSE  TRUE  TRUE  TRUE  TRUE  TRUE  TRUE  TRUE
[628]  TRUE  TRUE  TRUE  TRUE  TRUE  TRUE  TRUE  TRUE  TRUE  TRUE FALSE FALSE  TRUE  TRUE  TRUE FALSE  TRUE  TRUE  TRUE
[647]  TRUE  TRUE  TRUE  TRUE  TRUE  TRUE  TRUE  TRUE FALSE  TRUE  TRUE  TRUE FALSE  TRUE  TRUE  TRUE  TRUE  TRUE  TRUE
[666]  TRUE  TRUE  TRUE FALSE FALSE  TRUE  TRUE  TRUE  TRUE  TRUE  TRUE  TRUE  TRUE  TRUE  TRUE  TRUE  TRUE  TRUE  TRUE
[685]  TRUE  TRUE  TRUE  TRUE  TRUE  TRUE  TRUE  TRUE  TRUE  TRUE  TRUE  TRUE  TRUE  TRUE  TRUE  TRUE  TRUE  TRUE  TRUE
[704]  TRUE  TRUE  TRUE  TRUE  TRUE  TRUE  TRUE  TRUE  TRUE  TRUE  TRUE  TRUE  TRUE  TRUE  TRUE  TRUE  TRUE FALSE  TRUE
[723]  TRUE  TRUE  TRUE  TRUE  TRUE  TRUE  TRUE  TRUE  TRUE  TRUE  TRUE  TRUE  TRUE FALSE  TRUE  TRUE  TRUE  TRUE  TRUE
[742]  TRUE  TRUE  TRUE  TRUE  TRUE  TRUE  TRUE  TRUE  TRUE  TRUE  TRUE  TRUE  TRUE  TRUE  TRUE  TRUE  TRUE  TRUE  TRUE
[761]  TRUE  TRUE  TRUE  TRUE  TRUE

