
Birth-death simulation object with 700 species and 500 extant species

Details for some species:

Extinction times (NA means extant)
[1] 37.82495 21.28493 45.74107 22.18829 27.99186       NA


Speciation times 
[1] 67.51162 63.85205 62.55902 57.63834 50.92599 47.53236


Species parents (NA for initial)
[1] NA  1  1  2  2  2


Species status (extinct or extant)
[1] "extinct" "extinct" "extinct" "extinct" "extinct" "extant" 


For more details on vector y, try sim$y, with y one of
TE TS PAR EXTANT



$TE
  [1] 37.8249467 21.2849258 45.7410744 22.1882939 27.9918555         NA  4.8521836 18.3693702 48.7862782         NA
 [11]  6.2667660 21.3227426         NA 19.2652483         NA  6.4622432 27.7841275 41.0358020 30.2563762         NA
 [21]         NA 45.1816951         NA 15.9327349  4.2921459 13.5234326 19.0685180  4.8578890 45.7611343  6.1172109
 [31]         NA  3.3313054         NA  2.9715085 30.4550006         NA  3.6639320  5.2244858 23.7131601         NA
 [41]         NA 11.4963639  0.6556592  5.1302963         NA         NA 25.0646538 25.3156975  4.1770785         NA
 [51]  3.2050909 14.3315052         NA         NA         NA  5.6184758 30.2288435 30.5977300         NA  0.3816127
 [61] 20.9943264  9.8115431         NA         NA         NA         NA         NA         NA  9.5977687         NA
 [71]         NA         NA         NA         NA 22.4405955 19.7155405 34.5193684  6.0069686 10.4773462         NA
 [81]  5.7471260 13.6724008 18.4359477 13.4222831         NA  5.9895252         NA         NA  9.1560098  1.6284251
 [91]         NA  1.3171810         NA         NA 26.0264222         NA         NA         NA  9.6311069 13.7178211
[101]         NA  7.1943023 25.3244544         NA 10.9481451         NA 24.9170421 33.1036880 21.3791953  7.9553594
[111]         NA 16.6247096         NA         NA 16.3214775 12.5478667         NA         NA 18.7059602         NA
[121]         NA         NA 22.7197391         NA         NA         NA         NA 13.9559982         NA  2.3900148
[131] 25.2245768 31.8514108 19.4197748         NA         NA         NA         NA  9.8526117         NA 20.1581909
[141] 22.5501612 21.5829789 11.3690709         NA         NA         NA         NA         NA         NA         NA
[151]         NA         NA         NA         NA 12.1203007         NA 22.4317660 26.2244173 23.7007469         NA
[161]         NA         NA 17.3431526         NA  2.2922513         NA 18.7664549         NA  4.8336514 12.9000996
[171]  9.7290099         NA         NA         NA         NA  8.2519260  0.2144248 22.9193478 20.5217889         NA
[181]         NA         NA         NA 10.7224230         NA  6.1407494         NA         NA         NA         NA
[191]         NA         NA         NA         NA         NA 17.9577320         NA         NA 10.8883420         NA
[201]         NA         NA         NA 21.6530680         NA         NA 13.6395457         NA         NA  4.9811068
[211]  1.8263518 16.3186903         NA  9.0371354         NA  4.0720674         NA  8.1918796  2.8015275         NA
[221]         NA         NA 12.5818634         NA         NA         NA  7.3917928 14.8343228         NA  8.3312102
[231]  2.4225314 15.9258657         NA  8.4262048         NA         NA 21.9420696         NA         NA         NA
[241]  3.2834815         NA  3.9848947  4.5004807         NA         NA         NA         NA  5.5688360         NA
[251] 10.2713172  8.0968959         NA         NA         NA 14.3843508         NA         NA         NA         NA
[261]         NA         NA         NA         NA         NA         NA         NA         NA  6.3790547         NA
[271]  5.8583110         NA  2.2761604         NA         NA  6.1674736         NA         NA         NA         NA
[281] 10.0302438 12.8683880         NA         NA         NA 16.7937048         NA         NA         NA         NA
[291]         NA  5.0270064         NA         NA         NA  7.6950682         NA         NA         NA         NA
[301]         NA         NA 12.1394565  6.7019007  1.9637189         NA         NA         NA         NA         NA
[311]         NA         NA         NA  9.3477120         NA 11.8193678 17.9965127         NA         NA         NA
[321]  5.7354035         NA         NA  4.3347112         NA         NA         NA         NA         NA         NA
[331]         NA         NA 13.8000718         NA         NA         NA         NA 14.1503910         NA         NA
[341]  4.3245225         NA         NA  8.5761821  3.1075770         NA         NA         NA 13.9208634         NA
[351]         NA 11.6654038         NA         NA         NA         NA         NA         NA         NA         NA
[361]         NA 10.3141815         NA         NA         NA         NA         NA         NA         NA         NA
[371]         NA         NA         NA         NA         NA         NA         NA         NA         NA  4.2427425
[381]         NA         NA         NA         NA  5.9316029         NA         NA         NA         NA         NA
[391]         NA         NA         NA         NA         NA         NA         NA  6.7584893  8.8767524  7.1399446
[401]         NA         NA         NA  4.9111780         NA         NA         NA         NA         NA         NA
[411]         NA  2.3009898         NA         NA         NA         NA         NA  4.5640743         NA         NA
[421]         NA         NA         NA         NA  7.4447107         NA  4.8047758         NA         NA 11.0879936
[431]         NA  5.9435257  3.8633551         NA         NA         NA         NA  8.9356486         NA         NA
[441]         NA  1.6592622         NA  9.8440582  2.2682002         NA  0.6255441         NA         NA         NA
[451]         NA         NA         NA         NA         NA         NA  8.8054193         NA  1.4689434         NA
[461]         NA         NA  0.3927434         NA  4.3531071         NA  5.6176516         NA  3.8355357         NA
[471]         NA         NA         NA         NA         NA         NA         NA         NA         NA  1.3392978
[481]  0.3527448  4.8094716         NA         NA         NA  6.7891329         NA         NA         NA         NA
[491]         NA         NA         NA         NA  9.0963287         NA         NA         NA         NA         NA
[501]  5.9099440  0.6679034         NA         NA         NA         NA         NA         NA         NA         NA
[511]         NA         NA         NA         NA         NA         NA         NA         NA         NA         NA
[521]         NA  7.1213574         NA  3.9431429  7.2034399         NA         NA  0.3189510         NA         NA
[531]         NA         NA         NA         NA         NA         NA  3.7070428         NA         NA         NA
[541]  2.0974326         NA         NA         NA         NA         NA         NA         NA         NA         NA
[551]         NA         NA         NA         NA         NA  6.5993462         NA         NA         NA         NA
[561]         NA         NA  0.5282795         NA         NA         NA         NA         NA  7.5221098         NA
[571]         NA         NA         NA         NA  0.6576557         NA         NA         NA  2.8208396         NA
[581]         NA         NA         NA         NA         NA         NA         NA         NA  0.1605876         NA
[591]         NA         NA         NA         NA         NA         NA         NA         NA         NA         NA
[601]         NA         NA         NA  2.4842295         NA         NA         NA         NA         NA         NA
[611]         NA         NA         NA  4.4063889         NA         NA         NA         NA         NA         NA
[621]         NA         NA  1.1167389         NA         NA         NA         NA         NA         NA         NA
[631]         NA         NA         NA         NA         NA  1.0296659         NA         NA         NA         NA
[641]         NA         NA         NA         NA         NA         NA  0.2428243         NA         NA         NA
[651]  1.4117846         NA         NA         NA         NA  0.5785156         NA         NA         NA         NA
[661]         NA  0.7498216         NA         NA         NA         NA         NA         NA         NA         NA
[671]         NA         NA         NA         NA         NA         NA         NA         NA         NA         NA
[681]         NA         NA         NA         NA         NA         NA         NA         NA         NA         NA
[691]         NA         NA         NA         NA         NA         NA         NA         NA         NA         NA

$TS
  [1] 67.511619079 63.852053421 62.559021536 57.638337222 50.925987415 47.532362981 42.514186428 55.168833427
  [9] 53.640078248 47.998353766 47.979125740 44.098065357 40.619708790 38.589848403 31.520933822 27.131757337
 [17] 51.400920545 51.182621697 31.282198726 20.435954658 50.405173336 47.182887417 46.017911827 29.264599001
 [25] 48.599011578 46.488951670 38.747570924 31.649629098 47.863395742 23.781003792 22.717500832 21.434870013
 [33]  7.268504147  6.983831665 47.972079032 44.213568087 12.518134532 10.051460136 32.044316347 24.324521034
 [41] 12.919111265 47.772513978 45.472174665 43.298110864 38.514407263 37.725205957 36.796884751 34.971116851
 [49] 20.650292594 20.592437005 19.289090252 17.335654325 16.108910562 11.593867633  7.030465318 46.489265502
 [57] 44.172342015 36.194226673 36.018687709 45.241388467 35.237891993 22.172296162 17.340005681 14.737082406
 [65]  4.147567082  3.241411203  1.037593948 29.797576502 27.229879200 17.028260203 15.508531304 11.873318879
 [73]  5.943209366 41.114569476 29.235226067 25.371848970 39.846410366 17.186437853 11.331013048  8.170628113
 [81]  6.607915971 44.699960996 32.522656939 31.954063739 23.258476810  6.495986483  6.150356703 34.324842881
 [89] 27.899194479 26.630127570 24.871134644 23.312520411 17.571054699 16.135532234 41.750826764 27.064146255
 [97]  4.131075652  2.829876282 33.737153771 26.453424385 21.775015821 31.354299422 30.664512195 14.051246268
[105] 19.066412954  9.912517652 36.534699982 33.840829089 29.656733007 11.714176192  4.495758764 24.304489647
[113] 21.763801565  1.186960163 37.618449344 31.431708950 20.566435475 27.541298962 25.485398919 25.343089789
[121] 12.644069722  1.818749417 30.514913775  6.411310991  2.921342742  1.464257215 17.203289508 31.898010439
[129] 31.877217309 29.354550720 26.525679376 32.036480879 22.919958960 12.214600988  3.452909798  1.958588635
[137] 33.108504827 29.600666569 28.680379859 24.920401562 23.745214411 34.111036407 28.753420697 28.040877502
[145] 26.662228387 23.148352191  1.390043965 32.827934716 27.866125489 21.052509265 19.183304792 17.678372271
[153] 20.999432722 15.064343604 14.392034247  5.961252287 23.083507624 27.886437986 25.673729110 15.972564364
[161] 31.684374786 14.700492617 27.607608714  3.727555823 24.787831171 30.726443070 30.262393479 20.566717669
[169] 16.411417624 14.424966363 28.590637480 25.684838893 22.084753897 16.518490642 28.022591309 25.361171475
[177] 19.715020590 23.435222803 24.381313401 15.371098485  9.918063832  7.780036090  3.832912787 14.835068105
[185] 18.822414366 15.973407217 22.214593186 22.083355942 11.669459669 14.163354114  3.190439865  0.484854794
[193] 22.627746976 15.658466659 12.069826502 19.715745180  3.025617238  0.334439331 14.074562744  9.301949579
[201] 14.970717861  7.277512394 24.584104604 26.196997827 12.258542042  4.821435857 15.542227850 18.789441992
[209] 22.202020805 21.541235750 21.790386052 16.966169755 17.494535061 17.018947776 20.497035066 13.497769707
[217]  9.529242976  8.394590458  5.027754195 20.658274553 19.225074135 19.024222138 18.777698120  5.863420330
[225]  5.485039577  0.181119246 21.250756257 20.079371329  7.738380460 14.388037583 20.752747260 16.825615816
[233]  9.946474788 16.304423636  6.268194620  6.141013684 22.558594686 12.195361380 14.835356186  1.337842738
[241] 19.581314368 18.799066444 15.531908691  9.996535779  9.385658367  7.965616844  7.413489913 21.873018789
[249] 10.018273930 20.937774029 14.673384956 21.685728309  6.535044955  3.021775443  0.503239753 20.838296662
[257] 21.446801872 12.892879481  7.437741682  8.235865436 19.367641255 13.818225751 11.377995603  2.187316001
[265] 21.500713160 19.564335150 15.924171671 10.347209857 17.605347243  8.668105775 20.182579561 19.609441972
[273]  9.772112976 21.023594458 14.210822466 10.548927672  8.284632000  2.238042676  0.625964887 11.840341520
[281] 20.785228500 19.457285527 14.204659561 11.438866579  5.706481324 16.846304528  9.185444054  6.582817354
[289] 20.277568568 17.142913715 13.134797188  7.200789429  3.903494748 18.157638135 15.864606179 15.278903933
[297] 13.418937016  4.836198546  1.205076103 11.584198423 10.760466112  3.432525260 19.250543246 17.722010389
[305] 14.234316903  2.240395540  1.092696449 19.397724421 15.147917398  8.450023384  3.967632871  0.789502786
[313] 12.018200262 19.462806792 15.329826838 18.061323024 18.917796618 17.957568580 17.605752177  4.950164198
[321] 18.684748658 16.887068768 16.434129687 12.204814401 10.639438384 18.885509958 16.615384160 11.921583088
[329]  7.039415445 12.512968714 12.283566088 12.086317890 17.159956570  8.251530958  1.939331327  1.226238015
[337]  0.007011543 16.115894048 17.715511222  1.472258846 14.960835346  9.536828258 15.425749944  8.956225614
[345]  4.389243049  5.205267373  7.931630615 14.895049297 16.805171757  2.742591660 16.022017767 12.754653251
[353] 13.490316558 16.991317910 10.449882704 14.499852982 14.437742199  8.819792525  8.685470575  2.043270174
[361] 13.181689792 13.162306823  6.878356636  5.560670680 15.412120669 11.220790448 16.810692478  6.071851788
[369]  5.366398562 15.631008555 15.495536429 10.350027098  8.996875793  3.392888349 14.588288672  7.271469809
[377]  5.655733976  3.447357071  2.200228060 16.505112519 12.650272843 10.845858358  4.580724988  4.938281171
[385] 15.987641446  6.295569053 15.066579940 12.921503381  6.948976335  5.986169343 12.433720509 12.593620770
[393] 11.514037202  7.386362070  6.219158178 10.250031196  7.252158609 15.301446441 12.419448608  9.231307884
[401]  5.354808051  1.530823219  0.709661506 12.276991403  7.069749438  5.091401888  4.757779059 14.355915345
[409]  4.688423174  9.054111191  5.908427104 10.625641196  7.403138097  3.097503184  8.015961592 12.874061294
[417] 10.619951507  6.341954979 13.789876075  7.114689387 11.825498717 10.670979900  2.105393971 14.646106285
[425] 13.958274456  7.243554498  8.105500744  5.757517012  3.482434775 13.026439523 11.967215602 13.768799499
[433] 14.498269324 11.288983383  6.837864233 10.463455467  7.737734927  9.126617492  5.680879977  4.199039814
[441]  1.394243438 13.836012355 11.602213134 10.721189850  3.063771740  7.913344572  4.924827358 12.038607776
[449] 11.919814199 11.436534668  5.330107070 13.230611214 12.684277016 12.482731439 10.689496411 12.971256881
[457] 12.280905864  1.569657494  7.886817187  7.039558839 10.964790687 10.911506347  7.243784533  7.318457612
[465]  5.511206970 11.951921834 12.059956746  8.724578133  7.006623846  1.809091729 12.987490565  8.337210210
[473]  7.795005698  7.561750413  4.291142765  6.445627845  6.329697245  0.928544700  9.709488781  5.028352178
[481]  4.390754089  8.570623012 11.785670746  8.730328038  4.526058274  8.491733182  6.164130154  5.078178526
[489]  8.296743261  5.108632033  7.330662674  1.142106741  6.179223311  4.673977298  9.361536634  0.140412745
[497] 10.047169877  9.858966230  4.627557492  1.461153164  8.175337539  2.730963255  5.686726271 10.339400380
[505]  2.000178800 10.660720226  0.684801080  5.743613321  5.060417294  5.729927038  7.258873416  8.011545077
[513]  9.857363982  7.264629856  6.080189612  4.219590998  0.631573220  8.197727577  9.562914211  9.531447280
[521]  7.423496300  7.869505383  9.171953377 11.117999717  7.931475999  2.901939811  4.436043715  1.964844172
[529]  2.948895235  9.037396761  1.581229203  1.284845888  2.247235977  5.108615947  8.425790749  5.234053728
[537]  5.958094868  2.411620765  0.719680890  3.016685771  2.469213737  3.546554800  0.712452813  1.242945916
[545]  6.488870751  2.081186483  1.549666713  7.839849873  7.631198549  5.122359180  8.993585665  0.495482033
[553]  8.226644564  7.788400833  4.983535692  7.048041587  5.154494166  9.273134130  2.502560531  2.205370201
[561]  0.056950909  8.499315623  4.463234143  3.077254663  8.205982296  7.160336476  7.035143401  3.368769463
[569]  7.916616558  2.318108918  5.611741078  2.750797469  6.898856350  1.189534660  1.170816294  0.016662043
[577]  2.524755364  6.307408862  5.874954096  4.740649272  3.746380133  3.664303075  7.779567031  1.921316100
[585]  7.708195019  7.074740848  6.851273749  6.121001851  1.837844021  7.458327692  1.710873753  3.062618043
[593]  7.125040234  6.274543802  5.670244837  5.155051126  3.770777452  3.066331296  2.056359711  1.223868468
[601]  5.057825412  4.187028105  1.348169030  5.577248196  2.294839641  4.877937010  6.844627662  0.302943565
[609]  5.291689254  4.091180999  3.390989307  5.692172611  2.324892322  5.895981025  4.510397277  5.994231224
[617]  3.835256349  2.283100619  6.323557345  2.040097824  4.563970962  6.087320294  3.097701152  4.095822365
[625]  0.994149654  0.662309618  5.381279580  2.068495405  4.092134452  3.426445965  2.474674187  3.760531376
[633]  3.307393365  0.322675940  0.397751226  2.657502474  3.352617542  2.795839278  4.742622392  1.834614332
[641]  0.698847827  0.352495496  1.982708073  3.458222142  1.079072743  3.171916692  3.792714461  3.600636132
[649]  4.343489998  0.516840875  1.996624341  1.171761450  2.380046974  4.240634700  2.696660127  2.540514516
[657]  0.411846748  4.802258784  2.381906637  4.180007766  2.446761103  2.742031324  0.430319081  0.336743213
[665]  4.152591317  0.700368950  0.051991850  0.680686676  2.264820631  3.395162843  3.715224999  1.245266360
[673]  0.313995851  2.403504401  1.444782617  0.994949418  0.292635413  1.249072985  1.316045874  1.956551335
[681]  0.432392479  1.390204359  1.885849573  1.427297974  1.226149066  1.723639979  0.862401354  1.574620057
[689]  0.141592787  0.024973177  1.316075636  0.252716954  0.567211502  1.787878375  1.245747939  0.301889134
[697]  1.322639188  0.220823317  0.623815736  0.137032565

$PAR
  [1]  NA   1   1   2   2   2   2   3   4   4   4   4   4   4   4   4   8   8   8   8  17  17  17  17   5   5   5   5  21
 [30]  21  21  21  21  21  25  25  25  25  10  10  10  11  11  11  11  11  11  11  11  11  11  11  11  11  11  29  42  42
 [59]  42   6   6   6   6   6   6   6   6  56  56  56  56  56  56  26  26  26  23  23  23  23  23  43  43  43  60  60  60
 [88]  82  82  82  82  82  82  82  36  36  36  36  57  12  12  44  44  44   7   7  95  74  74  74  74  13  13  13  27  27
[117]  27  14  14  45  45  45  46  46  46  46 115  47  47  47  47  59  59  59  59  59  61  61  61  61  61  48  48  48  48
[146]  88  88 142 142  99  99  99 137 137 137 137 148  39  84  84 128 161  28  15 116 102 102 102 102 102 166 166 166 166
[175] 123 167 167 138 130 130 130 130 130 143 139 139 171 171 171 144 144 144 175 175 175 149 149 149 118 118  16  16  96
[204] 145 145 145  90 100 204 119  76 176 120 120 140 165 165 165 203 179  40  40  40  40  40  40 112  30  30  92  85  85
[233]  85 146 146 146  31  31 193 193 187 187 187 187 209 209 209  62  62 173 173 188 188 188 188 248 211 211 211 101 113
[262] 113 113 113 252 252 210 210 265 265  32  32  32 227 227 150 150 150 150 274 153 153 153 153 153 256 231 231 220 220
[291] 220 220 220  50  50  50  50  50  50 168 117 117 215 215 215  20  20 289 289 289 289 289 271 228 228 196 177 177 177
[320] 177 272 272 272 272 241 266 266 266 266 314 314 314 282 261 261 261 261  51 303 151 222 222 326 326 326 185 242 208
[349] 321 294 316 316 318 304 304 339 319 319 319  93 213 213 213 213  63  63 127 127 127 333 290 290 290 290 214 354 354
[378] 354 354 322 322 322 367 174 380 380 323 323 323 323 169 351 351 351 351 385 385 186 186 267 267 295 295 194 370 370
[407] 370 243 243  71 343 180 180 180 315 398 309 309 387 387 154 154 154 201 348 348  64  64 162 251 251 375 356 356 356
[436] 433 433 357 357 357 357 170 230 305 305 275 275 283 190 190 190 199 425 425 425 442 442 262 216 216 297 452 452 361
[465] 361 362 291 291 291 291 430 456 456 456 456 388 388 388  41  41  41 416 453 453 453 121 121 392  37  37 330 330 454
[494] 391 399 331 457 324 324 238 332 332 467 448 448 313 313 431 466 328 449  72 280 421 421 421 421 110 443 443 443  54
[523] 300 393 393 393 263 263 366 461 462 462 382 301 422 422 325 412 417 436 436 355 355 372 268 268 396 497 106 106 498
[552] 513 273 273 479 342 342 245 245 558 287 410 410 373 358 358 358 358 359 359 270 270 482 562 310 310 277 334 260 260
[581] 565 518 246 246 522 548 548 548 473 437 437 549 247 247 413 413 413 413 394 394 491 491 491 464 464 202  33  33 514
[610] 514 514 511 397 405 329 567 567 567  55 573 607 435 253 545 545 545 124 487 622 622 622 368 368 616 390 156  73 411
[639] 579 510 285 285 612 571 225 627 451 451 346 550 490 490 406 488 488 488 601 447 447 606 606 621 621 485 111 111 475
[668] 654 516 440 660 624 624 610 581 582 429 378 302 633 646 598 254 125 661 674 560 546 546 628 620 505 643 640 694 591
[697] 688 600 492 650

$EXTANT
  [1] FALSE FALSE FALSE FALSE FALSE  TRUE FALSE FALSE FALSE  TRUE FALSE FALSE  TRUE FALSE  TRUE FALSE FALSE FALSE FALSE
 [20]  TRUE  TRUE FALSE  TRUE FALSE FALSE FALSE FALSE FALSE FALSE FALSE  TRUE FALSE  TRUE FALSE FALSE  TRUE FALSE FALSE
 [39] FALSE  TRUE  TRUE FALSE FALSE FALSE  TRUE  TRUE FALSE FALSE FALSE  TRUE FALSE FALSE  TRUE  TRUE  TRUE FALSE FALSE
 [58] FALSE  TRUE FALSE FALSE FALSE  TRUE  TRUE  TRUE  TRUE  TRUE  TRUE FALSE  TRUE  TRUE  TRUE  TRUE  TRUE FALSE FALSE
 [77] FALSE FALSE FALSE  TRUE FALSE FALSE FALSE FALSE  TRUE FALSE  TRUE  TRUE FALSE FALSE  TRUE FALSE  TRUE  TRUE FALSE
 [96]  TRUE  TRUE  TRUE FALSE FALSE  TRUE FALSE FALSE  TRUE FALSE  TRUE FALSE FALSE FALSE FALSE  TRUE FALSE  TRUE  TRUE
[115] FALSE FALSE  TRUE  TRUE FALSE  TRUE  TRUE  TRUE FALSE  TRUE  TRUE  TRUE  TRUE FALSE  TRUE FALSE FALSE FALSE FALSE
[134]  TRUE  TRUE  TRUE  TRUE FALSE  TRUE FALSE FALSE FALSE FALSE  TRUE  TRUE  TRUE  TRUE  TRUE  TRUE  TRUE  TRUE  TRUE
[153]  TRUE  TRUE FALSE  TRUE FALSE FALSE FALSE  TRUE  TRUE  TRUE FALSE  TRUE FALSE  TRUE FALSE  TRUE FALSE FALSE FALSE
[172]  TRUE  TRUE  TRUE  TRUE FALSE FALSE FALSE FALSE  TRUE  TRUE  TRUE  TRUE FALSE  TRUE FALSE  TRUE  TRUE  TRUE  TRUE
[191]  TRUE  TRUE  TRUE  TRUE  TRUE FALSE  TRUE  TRUE FALSE  TRUE  TRUE  TRUE  TRUE FALSE  TRUE  TRUE FALSE  TRUE  TRUE
[210] FALSE FALSE FALSE  TRUE FALSE  TRUE FALSE  TRUE FALSE FALSE  TRUE  TRUE  TRUE FALSE  TRUE  TRUE  TRUE FALSE FALSE
[229]  TRUE FALSE FALSE FALSE  TRUE FALSE  TRUE  TRUE FALSE  TRUE  TRUE  TRUE FALSE  TRUE FALSE FALSE  TRUE  TRUE  TRUE
[248]  TRUE FALSE  TRUE FALSE FALSE  TRUE  TRUE  TRUE FALSE  TRUE  TRUE  TRUE  TRUE  TRUE  TRUE  TRUE  TRUE  TRUE  TRUE
[267]  TRUE  TRUE FALSE  TRUE FALSE  TRUE FALSE  TRUE  TRUE FALSE  TRUE  TRUE  TRUE  TRUE FALSE FALSE  TRUE  TRUE  TRUE
[286] FALSE  TRUE  TRUE  TRUE  TRUE  TRUE FALSE  TRUE  TRUE  TRUE FALSE  TRUE  TRUE  TRUE  TRUE  TRUE  TRUE FALSE FALSE
[305] FALSE  TRUE  TRUE  TRUE  TRUE  TRUE  TRUE  TRUE  TRUE FALSE  TRUE FALSE FALSE  TRUE  TRUE  TRUE FALSE  TRUE  TRUE
[324] FALSE  TRUE  TRUE  TRUE  TRUE  TRUE  TRUE  TRUE  TRUE FALSE  TRUE  TRUE  TRUE  TRUE FALSE  TRUE  TRUE FALSE  TRUE
[343]  TRUE FALSE FALSE  TRUE  TRUE  TRUE FALSE  TRUE  TRUE FALSE  TRUE  TRUE  TRUE  TRUE  TRUE  TRUE  TRUE  TRUE  TRUE
[362] FALSE  TRUE  TRUE  TRUE  TRUE  TRUE  TRUE  TRUE  TRUE  TRUE  TRUE  TRUE  TRUE  TRUE  TRUE  TRUE  TRUE  TRUE FALSE
[381]  TRUE  TRUE  TRUE  TRUE FALSE  TRUE  TRUE  TRUE  TRUE  TRUE  TRUE  TRUE  TRUE  TRUE  TRUE  TRUE  TRUE FALSE FALSE
[400] FALSE  TRUE  TRUE  TRUE FALSE  TRUE  TRUE  TRUE  TRUE  TRUE  TRUE  TRUE FALSE  TRUE  TRUE  TRUE  TRUE  TRUE FALSE
[419]  TRUE  TRUE  TRUE  TRUE  TRUE  TRUE FALSE  TRUE FALSE  TRUE  TRUE FALSE  TRUE FALSE FALSE  TRUE  TRUE  TRUE  TRUE
[438] FALSE  TRUE  TRUE  TRUE FALSE  TRUE FALSE FALSE  TRUE FALSE  TRUE  TRUE  TRUE  TRUE  TRUE  TRUE  TRUE  TRUE  TRUE
[457] FALSE  TRUE FALSE  TRUE  TRUE  TRUE FALSE  TRUE FALSE  TRUE FALSE  TRUE FALSE  TRUE  TRUE  TRUE  TRUE  TRUE  TRUE
[476]  TRUE  TRUE  TRUE  TRUE FALSE FALSE FALSE  TRUE  TRUE  TRUE FALSE  TRUE  TRUE  TRUE  TRUE  TRUE  TRUE  TRUE  TRUE
[495] FALSE  TRUE  TRUE  TRUE  TRUE  TRUE FALSE FALSE  TRUE  TRUE  TRUE  TRUE  TRUE  TRUE  TRUE  TRUE  TRUE  TRUE  TRUE
[514]  TRUE  TRUE  TRUE  TRUE  TRUE  TRUE  TRUE  TRUE FALSE  TRUE FALSE FALSE  TRUE  TRUE FALSE  TRUE  TRUE  TRUE  TRUE
[533]  TRUE  TRUE  TRUE  TRUE FALSE  TRUE  TRUE  TRUE FALSE  TRUE  TRUE  TRUE  TRUE  TRUE  TRUE  TRUE  TRUE  TRUE  TRUE
[552]  TRUE  TRUE  TRUE  TRUE FALSE  TRUE  TRUE  TRUE  TRUE  TRUE  TRUE FALSE  TRUE  TRUE  TRUE  TRUE  TRUE FALSE  TRUE
[571]  TRUE  TRUE  TRUE  TRUE FALSE  TRUE  TRUE  TRUE FALSE  TRUE  TRUE  TRUE  TRUE  TRUE  TRUE  TRUE  TRUE  TRUE FALSE
[590]  TRUE  TRUE  TRUE  TRUE  TRUE  TRUE  TRUE  TRUE  TRUE  TRUE  TRUE  TRUE  TRUE  TRUE FALSE  TRUE  TRUE  TRUE  TRUE
[609]  TRUE  TRUE  TRUE  TRUE  TRUE FALSE  TRUE  TRUE  TRUE  TRUE  TRUE  TRUE  TRUE  TRUE FALSE  TRUE  TRUE  TRUE  TRUE
[628]  TRUE  TRUE  TRUE  TRUE  TRUE  TRUE  TRUE  TRUE FALSE  TRUE  TRUE  TRUE  TRUE  TRUE  TRUE  TRUE  TRUE  TRUE  TRUE
[647] FALSE  TRUE  TRUE  TRUE FALSE  TRUE  TRUE  TRUE  TRUE FALSE  TRUE  TRUE  TRUE  TRUE  TRUE FALSE  TRUE  TRUE  TRUE
[666]  TRUE  TRUE  TRUE  TRUE  TRUE  TRUE  TRUE  TRUE  TRUE  TRUE  TRUE  TRUE  TRUE  TRUE  TRUE  TRUE  TRUE  TRUE  TRUE
[685]  TRUE  TRUE  TRUE  TRUE  TRUE  TRUE  TRUE  TRUE  TRUE  TRUE  TRUE  TRUE  TRUE  TRUE  TRUE  TRUE

