
Birth-death simulation object with 750 species and 500 extant species

Details for some species:

Extinction times (NA means extant)
[1] 22.31213       NA 79.71831 83.22053 55.17219 47.10448


Speciation times 
[1] 106.06025  92.41769  85.53022  84.44858  65.83968  65.46017


Species parents (NA for initial)
[1] NA  1  1  1  1  1


Species status (extinct or extant)
[1] "extinct" "extant"  "extinct" "extinct" "extinct" "extinct"


For more details on vector y, try sim$y, with y one of
TE TS PAR EXTANT



$TE
  [1] 22.31212594          NA 79.71830839 83.22053247 55.17218955 47.10448185 34.57033487 42.37937952          NA
 [10] 87.89975577 65.30049684          NA          NA          NA 24.80989520  6.75847428 30.17641393          NA
 [19]  2.82872744          NA          NA 73.34332091 57.98687970 60.99198266 58.67557106 50.94600767 51.37460386
 [28] 27.01450630 18.50058298 25.01531169 14.18813874 51.56548185 23.10693105 23.00638071  3.29756988 29.11857379
 [37] 11.82757549 17.02377199          NA          NA  0.70738729 35.15831814 20.69654946          NA 28.69686240
 [46] 23.43539739 19.02346463  1.98674288 34.62493183 10.44649917  8.67577001 15.83550656          NA 54.81235534
 [55] 46.90573418          NA          NA  6.39176108          NA  3.19617841          NA 46.35345396 20.72857348
 [64]  8.06605679          NA 43.34897305 34.74964630          NA          NA  2.38394614 50.13017609 37.09215221
 [73]          NA 18.18302677 28.05008083 30.67463780 19.87108565 20.47478623          NA          NA          NA
 [82]          NA 24.13131348          NA          NA 26.63646665  8.06530604          NA 21.87460471 20.27887616
 [91]  4.10193995 37.45771676          NA  6.75380503  0.50441670  2.92314628          NA          NA 16.21750099
[100] 10.71939750          NA 24.16073304          NA          NA 16.14362535          NA 16.92880518 10.88301846
[109] 29.50336342  5.13699108 25.49759899  4.54215654          NA 27.15552161  1.03591485  4.75244973          NA
[118]  0.34420828          NA          NA 32.20163363 41.60349222 29.92122042  5.30690279          NA          NA
[127]          NA 15.21784241 10.81631317 18.67834649          NA 12.58244957          NA 13.63808056          NA
[136]          NA 18.50713706          NA          NA          NA          NA          NA          NA          NA
[145]          NA 20.95890915  4.16830259          NA 17.53268457          NA          NA 28.88999453          NA
[154] 14.69270371 10.26923310          NA          NA          NA          NA 24.75384867          NA          NA
[163] 15.23508733 26.22735857          NA 11.81598752          NA          NA          NA          NA          NA
[172]          NA          NA 11.23846528          NA          NA          NA          NA  2.49715972 29.61827232
[181]  3.49581412 23.62706491          NA  1.19484900 10.76895963 10.80603317          NA  7.83041773  1.94066951
[190]  0.54947176          NA 14.91723173          NA          NA          NA          NA 13.49358815          NA
[199] 10.74986232 13.82280095          NA  3.81668685 15.58716157 11.33698370          NA          NA          NA
[208] 14.35238039  0.24116060  0.84899036          NA 12.84106428  3.80217909          NA          NA          NA
[217]          NA 20.72843651 21.77516426  3.16079455 13.64878952          NA 15.34611051 17.10566701          NA
[226] 11.86672393          NA 11.85920533          NA 11.36008671          NA          NA 13.79631921          NA
[235]          NA          NA          NA  0.63692056          NA          NA 20.77667734          NA          NA
[244] 10.81437732          NA          NA 25.59498376  1.92865517          NA  1.77699300          NA          NA
[253]          NA          NA 16.57300396          NA 22.11889557 11.12758976          NA          NA 16.84812181
[262]  2.05260673          NA  5.90300592          NA          NA          NA          NA          NA          NA
[271]          NA          NA          NA          NA          NA          NA          NA          NA          NA
[280]          NA          NA          NA 15.10651109 11.60191960          NA          NA 14.92191209 16.19005309
[289]          NA 18.02864410  0.05634133          NA          NA  1.46021648          NA          NA  3.73624766
[298]          NA          NA          NA 10.34055196          NA 11.76872024          NA          NA          NA
[307]  3.83709936 14.89663927          NA          NA          NA          NA          NA          NA          NA
[316] 10.42045844          NA          NA  3.09563923          NA          NA          NA  6.98271801          NA
[325]          NA          NA          NA          NA          NA          NA          NA          NA          NA
[334]          NA          NA          NA 15.39138211          NA          NA          NA          NA          NA
[343]          NA          NA          NA          NA          NA 12.91370800          NA  1.72304835 13.30685412
[352]  1.95818398          NA          NA 19.94188878  6.52899922          NA          NA          NA          NA
[361]          NA          NA          NA          NA          NA          NA  1.65767936          NA          NA
[370]  4.24978843  4.91070820          NA          NA          NA          NA          NA          NA 12.28416260
[379]  2.68988223          NA          NA          NA          NA 12.00046555          NA 11.61113266          NA
[388]  3.77629158 15.42892553          NA          NA          NA          NA  1.02983719          NA          NA
[397]          NA          NA          NA          NA 12.36282835          NA 13.31842380  0.04167483          NA
[406]  8.74053405          NA          NA 10.05846461          NA          NA  9.55487510  7.87345186          NA
[415] 16.89279136          NA          NA          NA          NA          NA  0.55741585  5.20077592          NA
[424]          NA          NA  6.07619827          NA          NA          NA  3.54461262  0.85985821          NA
[433]  7.23598441 11.26524625          NA  1.48446418  3.11205196          NA          NA          NA          NA
[442]          NA          NA          NA          NA          NA          NA          NA          NA          NA
[451]          NA  3.31391024          NA 11.16383828          NA  5.20666309          NA          NA          NA
[460]          NA          NA  5.43391396          NA  5.35007569 12.13485997          NA          NA          NA
[469]          NA  4.75221637          NA  6.59896793          NA          NA          NA          NA          NA
[478]          NA  7.05668978          NA  1.89214210          NA          NA          NA          NA          NA
[487]          NA  9.24791410  5.45731635          NA          NA          NA          NA          NA  1.41254250
[496]          NA          NA          NA          NA          NA          NA          NA          NA  0.44211001
[505]          NA          NA          NA  3.40502297  0.05249175          NA          NA          NA          NA
[514]          NA          NA          NA          NA          NA          NA          NA          NA  1.01653209
[523]          NA          NA  6.68494464          NA  8.56415389          NA          NA          NA          NA
[532]          NA          NA          NA          NA  7.69316395          NA  4.65052350          NA          NA
[541]          NA          NA          NA          NA          NA          NA          NA  5.81268914          NA
[550]          NA          NA          NA          NA          NA          NA          NA          NA          NA
[559]          NA          NA          NA          NA          NA  2.23140598  1.74421397          NA  0.39147163
[568]          NA          NA          NA          NA          NA          NA          NA  5.92820702          NA
[577]          NA          NA          NA  0.31178442  0.12982520          NA          NA          NA          NA
[586]          NA          NA  6.45013166  7.14585703          NA          NA          NA  1.89479352          NA
[595]          NA          NA  4.69728884          NA          NA          NA          NA          NA          NA
[604]          NA  3.82751978          NA          NA          NA          NA          NA          NA  7.45129858
[613]  6.22888784          NA          NA          NA          NA          NA          NA          NA          NA
[622]          NA          NA  7.45437341  5.77697341          NA          NA          NA          NA          NA
[631]          NA  2.07714321          NA          NA          NA          NA          NA  2.67093599          NA
[640]          NA          NA          NA          NA          NA          NA          NA          NA          NA
[649]          NA          NA          NA          NA          NA  6.01414562  0.95445095          NA          NA
[658]          NA          NA          NA  3.33991175  0.37938252          NA          NA  3.39083262          NA
[667]          NA  5.27847480  3.69368367          NA  3.56297311          NA          NA          NA          NA
[676]          NA          NA          NA          NA          NA          NA          NA          NA          NA
[685]          NA          NA          NA          NA  2.26024491          NA          NA          NA          NA
[694]          NA          NA          NA          NA  4.53400931          NA          NA          NA          NA
[703]          NA          NA          NA          NA  1.66542054          NA          NA          NA          NA
[712]          NA          NA          NA  2.49084613          NA          NA          NA          NA          NA
[721]  1.70389851          NA          NA          NA          NA          NA  1.71450582          NA          NA
[730]          NA          NA          NA          NA          NA  1.30355311          NA          NA          NA
[739]          NA          NA          NA          NA          NA          NA          NA          NA          NA
[748]          NA          NA          NA

$TS
  [1] 106.06025017  92.41768833  85.53021633  84.44858037  65.83968181  65.46016608  62.33965363  54.49001842
  [9]  24.53516045  87.96900336  68.17312873  63.15592066  60.10489325  56.78460599  46.99240581  42.58716724
 [17]  33.05227129  18.76392450  12.89729125   8.56153578   5.29469905  83.67834658  76.72498396  70.76398292
 [25]  64.70974603  65.22395517  60.92659240  51.20532126  48.10399427  56.97464939  62.44327328  58.59936206
 [33]  50.94256794  39.70404465  34.00633242  32.99354571  19.09201080  18.33050093  16.75177926  13.98897449
 [41]  11.71413372  36.42013547  27.10465623  49.09741354  46.24392455  44.40038560  40.42141898  59.59222322
 [49]  37.00166288  28.17662674  17.41018585  16.93266543  12.92941699  57.37777968  56.82064174  51.43214321
 [57]  26.66989432  26.47311796  10.71512599  10.58227164   8.15535432  53.30731571  41.89340490  33.85403264
 [65]  32.27106068  53.67839430  51.75666317  37.19672485   8.74508572   5.91740822  53.30574246  53.20912103
 [73]  48.68251440  44.33589003  47.28586415  37.43658432  35.96981679  38.76475049  34.26733428  33.28267093
 [81]  15.61802250   9.26565482  34.76639469  33.86066663  37.72850732  29.82764894  27.56104983  25.93460202
 [89]  48.58330758  35.49160838  28.70266207  47.92942726  19.36175286  12.51007903  12.39331084  10.08564291
 [97]   9.37322784   8.11033232  25.37075404  23.35027451  45.16109211  35.52383498  35.42524005  29.50650895
[105]  45.44571693  36.45698068  33.92608607  45.57416729  35.84931335  35.02492089  44.43272203  21.79961255
[113]  16.70684311  36.77060552  34.78805357  17.80409882  15.08145458   9.97961604   7.11126901   1.45244333
[121]  43.09229650  42.46074774  30.09099072  29.64247097  23.74100044  40.52600621  35.22272868  33.45275425
[129]  20.51952156  18.69071411  40.13159583  20.47693224  41.63116441  33.56928758  26.18365315  21.96114986
[137]  25.33283645  12.92465625  21.76809014  20.32201458  12.80606989   4.03019365  18.60572035  14.01904595
[145]  34.31531558  25.07597777  34.62467770  27.28769159  25.47433062  12.51919049  11.88206315  34.62228479
[153]  20.66786379  14.74431976  14.45351831  14.33787881  14.22273183  10.91574342  29.96256252  27.61702337
[161]  23.18533686   6.53816318  32.46626645  29.63925421  25.36784726  29.19483926  28.31075493  26.78203692
[169]  15.01981769   1.12686356  20.91132199  16.90964282  17.27452466  29.50484691  25.54559959  14.61736314
[177]  24.32016171  17.02391376   8.13812037  34.05244508  33.93735671  29.35576182  27.31118540   9.66029183
[185]  31.05563081  26.67628966  26.47745241  18.83317848   8.71306897   5.72606908  10.58084241  15.79896863
[193]  10.79492444  10.40892330   7.99443773   3.87773018  22.58349684  21.19068432  19.66076148  15.45247457
[201]   8.68481172  28.61949960  25.79023004  20.91177411  20.64746812  13.25058484   3.00376997  29.23658962
[209]  22.93869467  19.87095509  15.95409680  28.40732378   7.17293295   2.63197057  16.50041605  12.50130909
[217]   9.59104702  28.53721940  24.76223239  19.30169861  17.90476243  28.00838655  18.53445001  17.86795746
[225]  16.38084013  25.02428304  15.76781086  19.37158872  14.20889534  13.62076109  12.18693259  26.99974402
[233]  21.21203875   7.33200669  16.79055203  10.88498207  24.76806986  25.87277078  25.82028845  23.42217124
[241]  23.34139944   7.01202891   4.62476696  14.53125888  11.51236564  10.44818771  26.47671250  20.24264989
[249]  14.56674940  11.49192784  24.12829407  12.16343563   2.81848106   0.41237056  23.29496096   3.59782279
[257]  24.50218250  21.38091912   9.74783786  25.32090312  22.68885871   7.15767738   0.34349083  15.67001957
[265]   6.23932661  17.67409001   6.33594095  15.02120191  22.95542808  13.09846400   0.37916326  14.34834319
[273]  10.80605047   2.75368066   1.07846174  25.08038019  24.46738330  14.14479301   6.67490092   1.17462438
[281]  25.03773893  22.54682451  15.74004885  21.40144753  22.14496976  20.53629258  15.01123712  22.29387695
[289]   1.41591374  19.54703040   9.25771684  23.37948054  24.20304674  24.09507657  23.02714410  18.72408102
[297]   8.85708998   7.02935905   5.97444199   4.48294806  18.74720914  12.30224142  18.84315720   8.79423912
[305]   7.13210172  13.27558122  11.45224271  22.83100785  21.66479649  19.61317267   7.00448415   5.82264035
[313]  16.69594870  11.64206533   1.27417502  20.33487429  13.69168912  11.44536995  10.17504705   4.63261896
[321]   3.44575032  18.54194114  12.77005908  17.66722326   6.41993274  17.02269366   5.35779230   4.14233616
[329]   3.01942790  15.19634755   8.72491015   3.65987873   3.36604134  20.50511015  20.11890818  18.00198548
[337]  21.09041529  18.24088114  11.78191126  12.14719937   3.33206656  12.73718764  10.87091389   6.73494828
[345]  12.84307018  12.63772127  15.94296129  13.01802799  17.85604256  16.80220989  13.97842397  10.39454018
[353]   7.28542498  18.29984348  20.08541535  16.82199026   9.15676720  20.40394155   9.57401012   7.51145892
[361]  18.58198292   6.14591721   5.38264273  18.38238527  17.26688746   5.74362022   9.60784942  18.14661315
[369]  15.25209755  13.28998934   9.05537215   5.80993298  16.78872313   2.28247914  10.93872351  13.40623003
[377]   5.36712869  19.63171671  14.35380493   4.46533016   3.09616390   1.64869980   4.78504610  19.07860509
[385]   6.17168112  19.08864906  15.74668326  17.10089512  17.79360913  14.16039206   6.88531767  18.52512374
[393]  12.54555495  14.12888433   6.19773882  18.04256282   6.07676863   0.81852503  10.64883876   3.91434207
[401]  14.75802225   2.31000499  16.10621052   7.52468805   0.21722525  10.72086160   8.34250072   0.35626495
[409]  16.93332540   7.29058275  16.19379938  15.67478406  13.60477428   2.17502571  17.25222324  14.22478790
[417]   8.99804959  16.19623281  14.98240735  14.36891993   7.53674207  14.88108348  12.18914193   0.13236970
[425]   6.68225587  13.05548114   5.81079605   4.02096495   7.03266848  16.66187734  12.48321724   7.02991175
[433]  16.48965726  13.09466588   6.72954060  14.34978217  12.76237189  10.94084683  16.66124303  14.43966982
[441]  12.40514726   1.75085858  12.15871557  15.54743324  11.65562482  12.27516339  10.81385671  10.37992884
[449]   1.69495825  15.22689290   9.98999865  13.27014609  11.60175834  13.37538994   9.49244469   8.86543313
[457]   0.23825155   6.84165837   5.02675837  13.24918433  11.90039707  11.33674300  14.98186560  14.80107900
[465]  13.40613046  12.34125755   9.70130107   7.28091653   6.20195957  15.29424861  10.18276215   9.43294543
[473]   5.24699818   1.56091103  12.85725311  13.28198609   8.74403913   3.93839067   8.36256805   0.27379982
[481]  12.96778532   9.31091594  12.03558458  14.58375264  10.76274894   8.39793937  10.40294049  10.08635067
[489]   9.26097756   4.66240067  14.55679192  11.22436742  11.82865587  11.20769774   9.91738470   4.59202525
[497]   3.59259295   3.08382786  11.20360279   7.03243286   3.13034842  13.61123203  11.73563994   6.93432304
[505]   1.36488388  11.62733006   5.18407577   9.40829207   7.05605654   8.27916616   5.36566549   9.82459435
[513]   9.53036835   5.16465076   9.52132603   7.30375326   6.42083641   2.73017735   2.57275406   4.79375633
[521]   4.61845383   6.46195232   3.37827667  12.90105918  11.12703253   8.50612515  11.61363919   1.31060852
[529]  10.27556669  10.35827869   5.83272291  12.47923988   5.40033945   8.35007587  11.35926928  11.93365163
[537]   8.04419650   8.12398008   3.64533877   1.68146795   9.57263597   0.29659134   3.21742482  12.72960758
[545]   8.16895988   4.21858624   1.68099055   7.93095058   4.10694977   3.14470731   8.15145364   6.80578825
[553]   3.44634062   9.31060062   6.19832640   9.36301771   4.70743733   2.11818214   5.34376909   9.72084462
[561]   0.01587134   6.79192959   7.10814640   5.77563671   8.37813216   6.19806333   3.20117714   5.86168988
[569]   8.12644405   9.19236588   1.09659317   5.10195230   1.10270920   4.93690110   9.66218176  10.28389112
[577]   1.36253931   8.92149759   5.71309898   3.08162418   4.68334346   3.03882595   1.42769684   2.55228993
[585]  10.73457056  10.02326162  10.37023066   6.45344630   8.20640134   7.41363068   4.41180512   0.27074036
[593]   3.17058916   6.43875847   3.90204517   6.84111507   6.37500527   2.45041763   4.01853626   2.32065677
[601]   6.67412446   6.34069857   5.92860622   7.14925023   4.29785102   1.22404188   1.32986141   1.48358505
[609]   1.14628236   0.02159988   8.45369754   7.61963924   8.98261439   6.52211452   1.06313443   3.62300913
[617]   7.15537609   4.03058256   9.01260892   6.65846267   0.28114041   9.54147582   5.18826612   9.04368560
[625]   8.08966507   4.29566798   0.34698374   7.95270444   4.72179734   0.91937612   6.61410935   8.58192237
[633]   5.98703813   1.12653163   5.65002597   4.19156371   2.78158098   6.73987186   0.10859260   6.61760430
[641]   6.20605902   7.73768043   7.01381130   4.93103354   3.78179412   8.14607799   5.03489043   6.19760831
[649]   1.23922005   7.41100221   5.30680716   2.64460917   2.47832628   7.91763498   7.93989839   4.86231455
[657]   1.65716185   5.30633397   5.29624231   6.02019820   3.73807497   3.42053509   3.73213794   3.66785882
[665]   7.10038644   3.57594637   3.43586033   7.29723648   7.13155537   6.05067547   5.27829933   4.78781910
[673]   1.92793594   4.85504289   6.73280645   5.52585626   4.07746331   1.93288939   5.12103160   4.13171269
[681]   1.60527500   2.85757005   2.43443541   6.75133616   5.59033733   2.08606627   0.99290873   0.05004291
[689]   2.40796932   0.88459337   6.41083669   0.88771735   3.51398404   1.02712008   0.31696616   5.41178380
[697]   2.01898298   6.11063196   3.45021452   1.60798629   3.81595730   1.92298298   3.19653896   2.95127237
[705]   2.41134462   2.13182507   2.96303250   1.24514252   2.47107160   2.37109492   2.77548775   3.09389003
[713]   2.44692673   3.99833663   3.86348689   3.53789364   1.38749783   0.51237558   3.96492158   3.77908009
[721]   2.33030287   4.45651483   1.38566234   0.37173837   1.19647808   0.36282838   4.27482763   1.64033516
[729]   0.08864379   3.81852010   4.09074672   3.37774656   3.18715311   2.61099827   2.65282975   1.72235064
[737]   0.67554406   2.30722361   2.49679149   1.40160087   0.01511928   0.18425318   0.31426609   2.03348082
[745]   0.07193495   1.47520333   0.85069731   0.09782049   0.04412426   0.32733810

$PAR
  [1]  NA   1   1   1   1   1   1   1   1   2   2   2   2   2   2   2   2   2   2   2   2   3  22  23  23   5   5   6   6
 [30]  26  12  12  12  12  12  12  12  12  12  12  12  31  31   7   7   7   7  13  13  13  13  13  13  48  48  48  48  48
 [59]  48  48  48  32  30  30  30  55  14  14  14  14   8   8  66  66  67  67  67  56  56  56  56  56  28  28  33  33  33
 [88]  33  44  44  44  73  73  73  73  73  73  73  89  89  29  29  29  29  75  75  75  15  15  15  45 108 108 101 101 101
[117] 101 101 101 101  46  46  46  46  46  74  74  74  74  74  16  16 122  63  63  63 133 133 126 126 126 126 131 131  34
[146]  34  85  85  85  85  85  68  68  68  68  68  68  68 106 106 106 106 109 102 102 103 103 103 103 127 110 110 115  83
[175] 147 147 145 145 145  79  79  79  79  79 180  35  35  35  35  35 181  84  84  84  84  84  64  64  64  64  64 134 134
[204]  65  65  65  65 185 185 185 185 159 159 159 124 124 124 164 104 104 104 174 174 174 174 182 208 166 166 166 166  91
[233]  91  91 202 202 218 212 212 167 167 167 167  50  50  50 160  87  87  87 183 183 183 183 148 148 232 232 232 168 168
[262] 168 168  57  57 187 187 135  88  88  88 238 238 238 238 239 175 175 175 175 149  99 165 137 260 260 260 281 281 226
[291] 237 219 257 257 277 277 277 277 277 277 177 177 293 293 293 251 251 125 125 125 125 125 240 240 240 292 292 292 292
[320] 292 292 100 100 255 161 295 295 295 295 269 269 269 269 209 308 308 197 282 282 285 285 112 139 139 309 309 284 284
[349] 258 258 258 198 198 337 204 204 171 153 153 153 205 286 286 334 334 334 358 140 140 140 140 140 248 248 335 210 210
[378] 199 378 310 310 310  93 220 220  37 386 188  18  18  18 296 361 322 322 223 392 392 364 364 354 354 338 338 338 368
[407] 368 368 396 396 336 336 336 336 349 349 349 266 173 173 173 365 365 365 178 326 326 326 172 356 356 350 235 235 235
[436] 373 373 373  39 113 113 313 430 439 439 215 215 215 215 225 225 418 418 403 211 211 211 347 347 227 387 387 412 412
[465] 412 264 264 264  81 444 444 470 470 369 450 330 330 330 117 117 268 169 419 463 463 463 422 464 176 176 249 249 491
[494] 491 491 491 491 491 440 379 436 272 272 416 416 157 157 229 229 390 278 394 394 394 144 144 144 144 144  40  40 502
[523] 502 413 376 376 454 476 306 452 452 206 460 270 426 481 481 138 138 138 524 524 475 141 141 141 141 437 393 393  94
[552] 431 532 441  95 466 466 302 446 423 423 231 443 443 483 483 483 461 151 339 339 503 503 445 307 535 535 462 462 438
[581] 375 158 158 447 273 273 193 485  59  59  59  59 399  60  60 191 191 191 194 487 352 352 352 448 448 448 530 576 576
[610] 576 529 529 471 471 471 319  96  96 586 586 451 118 118 495 495 495 560 184 541 541 622 513 455  97 556 556 556 482
[639] 554 489 570 357 417 304  69 331 331 189  20 486 534 407 407 589 551 551 569 538 538 537 537 195 628 628 654 642 421
[668] 590 590 590 262 604 604 669 665 665 429 500 298 242 311 504 504 596 596 596 596 596 344 435 601 620 640 162 162 614
[697] 522 594 602 602 267 267 265 641 641 555 566 648 397 670  70 190 676 533 533 533 533 377 511 511 651 658 659 623 647
[726] 644 520 557 496 727 549 731 618 618 719 719 664 693 550 501 712 498 652 519 739 709 120 289 505 630

$EXTANT
  [1] FALSE  TRUE FALSE FALSE FALSE FALSE FALSE FALSE  TRUE FALSE FALSE  TRUE  TRUE  TRUE FALSE FALSE FALSE  TRUE FALSE
 [20]  TRUE  TRUE FALSE FALSE FALSE FALSE FALSE FALSE FALSE FALSE FALSE FALSE FALSE FALSE FALSE FALSE FALSE FALSE FALSE
 [39]  TRUE  TRUE FALSE FALSE FALSE  TRUE FALSE FALSE FALSE FALSE FALSE FALSE FALSE FALSE  TRUE FALSE FALSE  TRUE  TRUE
 [58] FALSE  TRUE FALSE  TRUE FALSE FALSE FALSE  TRUE FALSE FALSE  TRUE  TRUE FALSE FALSE FALSE  TRUE FALSE FALSE FALSE
 [77] FALSE FALSE  TRUE  TRUE  TRUE  TRUE FALSE  TRUE  TRUE FALSE FALSE  TRUE FALSE FALSE FALSE FALSE  TRUE FALSE FALSE
 [96] FALSE  TRUE  TRUE FALSE FALSE  TRUE FALSE  TRUE  TRUE FALSE  TRUE FALSE FALSE FALSE FALSE FALSE FALSE  TRUE FALSE
[115] FALSE FALSE  TRUE FALSE  TRUE  TRUE FALSE FALSE FALSE FALSE  TRUE  TRUE  TRUE FALSE FALSE FALSE  TRUE FALSE  TRUE
[134] FALSE  TRUE  TRUE FALSE  TRUE  TRUE  TRUE  TRUE  TRUE  TRUE  TRUE  TRUE FALSE FALSE  TRUE FALSE  TRUE  TRUE FALSE
[153]  TRUE FALSE FALSE  TRUE  TRUE  TRUE  TRUE FALSE  TRUE  TRUE FALSE FALSE  TRUE FALSE  TRUE  TRUE  TRUE  TRUE  TRUE
[172]  TRUE  TRUE FALSE  TRUE  TRUE  TRUE  TRUE FALSE FALSE FALSE FALSE  TRUE FALSE FALSE FALSE  TRUE FALSE FALSE FALSE
[191]  TRUE FALSE  TRUE  TRUE  TRUE  TRUE FALSE  TRUE FALSE FALSE  TRUE FALSE FALSE FALSE  TRUE  TRUE  TRUE FALSE FALSE
[210] FALSE  TRUE FALSE FALSE  TRUE  TRUE  TRUE  TRUE FALSE FALSE FALSE FALSE  TRUE FALSE FALSE  TRUE FALSE  TRUE FALSE
[229]  TRUE FALSE  TRUE  TRUE FALSE  TRUE  TRUE  TRUE  TRUE FALSE  TRUE  TRUE FALSE  TRUE  TRUE FALSE  TRUE  TRUE FALSE
[248] FALSE  TRUE FALSE  TRUE  TRUE  TRUE  TRUE FALSE  TRUE FALSE FALSE  TRUE  TRUE FALSE FALSE  TRUE FALSE  TRUE  TRUE
[267]  TRUE  TRUE  TRUE  TRUE  TRUE  TRUE  TRUE  TRUE  TRUE  TRUE  TRUE  TRUE  TRUE  TRUE  TRUE  TRUE FALSE FALSE  TRUE
[286]  TRUE FALSE FALSE  TRUE FALSE FALSE  TRUE  TRUE FALSE  TRUE  TRUE FALSE  TRUE  TRUE  TRUE FALSE  TRUE FALSE  TRUE
[305]  TRUE  TRUE FALSE FALSE  TRUE  TRUE  TRUE  TRUE  TRUE  TRUE  TRUE FALSE  TRUE  TRUE FALSE  TRUE  TRUE  TRUE FALSE
[324]  TRUE  TRUE  TRUE  TRUE  TRUE  TRUE  TRUE  TRUE  TRUE  TRUE  TRUE  TRUE  TRUE FALSE  TRUE  TRUE  TRUE  TRUE  TRUE
[343]  TRUE  TRUE  TRUE  TRUE  TRUE FALSE  TRUE FALSE FALSE FALSE  TRUE  TRUE FALSE FALSE  TRUE  TRUE  TRUE  TRUE  TRUE
[362]  TRUE  TRUE  TRUE  TRUE  TRUE FALSE  TRUE  TRUE FALSE FALSE  TRUE  TRUE  TRUE  TRUE  TRUE  TRUE FALSE FALSE  TRUE
[381]  TRUE  TRUE  TRUE FALSE  TRUE FALSE  TRUE FALSE FALSE  TRUE  TRUE  TRUE  TRUE FALSE  TRUE  TRUE  TRUE  TRUE  TRUE
[400]  TRUE FALSE  TRUE FALSE FALSE  TRUE FALSE  TRUE  TRUE FALSE  TRUE  TRUE FALSE FALSE  TRUE FALSE  TRUE  TRUE  TRUE
[419]  TRUE  TRUE FALSE FALSE  TRUE  TRUE  TRUE FALSE  TRUE  TRUE  TRUE FALSE FALSE  TRUE FALSE FALSE  TRUE FALSE FALSE
[438]  TRUE  TRUE  TRUE  TRUE  TRUE  TRUE  TRUE  TRUE  TRUE  TRUE  TRUE  TRUE  TRUE  TRUE FALSE  TRUE FALSE  TRUE FALSE
[457]  TRUE  TRUE  TRUE  TRUE  TRUE FALSE  TRUE FALSE FALSE  TRUE  TRUE  TRUE  TRUE FALSE  TRUE FALSE  TRUE  TRUE  TRUE
[476]  TRUE  TRUE  TRUE FALSE  TRUE FALSE  TRUE  TRUE  TRUE  TRUE  TRUE  TRUE FALSE FALSE  TRUE  TRUE  TRUE  TRUE  TRUE
[495] FALSE  TRUE  TRUE  TRUE  TRUE  TRUE  TRUE  TRUE  TRUE FALSE  TRUE  TRUE  TRUE FALSE FALSE  TRUE  TRUE  TRUE  TRUE
[514]  TRUE  TRUE  TRUE  TRUE  TRUE  TRUE  TRUE  TRUE FALSE  TRUE  TRUE FALSE  TRUE FALSE  TRUE  TRUE  TRUE  TRUE  TRUE
[533]  TRUE  TRUE  TRUE FALSE  TRUE FALSE  TRUE  TRUE  TRUE  TRUE  TRUE  TRUE  TRUE  TRUE  TRUE FALSE  TRUE  TRUE  TRUE
[552]  TRUE  TRUE  TRUE  TRUE  TRUE  TRUE  TRUE  TRUE  TRUE  TRUE  TRUE  TRUE FALSE FALSE  TRUE FALSE  TRUE  TRUE  TRUE
[571]  TRUE  TRUE  TRUE  TRUE FALSE  TRUE  TRUE  TRUE  TRUE FALSE FALSE  TRUE  TRUE  TRUE  TRUE  TRUE  TRUE FALSE FALSE
[590]  TRUE  TRUE  TRUE FALSE  TRUE  TRUE  TRUE FALSE  TRUE  TRUE  TRUE  TRUE  TRUE  TRUE  TRUE FALSE  TRUE  TRUE  TRUE
[609]  TRUE  TRUE  TRUE FALSE FALSE  TRUE  TRUE  TRUE  TRUE  TRUE  TRUE  TRUE  TRUE  TRUE  TRUE FALSE FALSE  TRUE  TRUE
[628]  TRUE  TRUE  TRUE  TRUE FALSE  TRUE  TRUE  TRUE  TRUE  TRUE FALSE  TRUE  TRUE  TRUE  TRUE  TRUE  TRUE  TRUE  TRUE
[647]  TRUE  TRUE  TRUE  TRUE  TRUE  TRUE  TRUE FALSE FALSE  TRUE  TRUE  TRUE  TRUE  TRUE FALSE FALSE  TRUE  TRUE FALSE
[666]  TRUE  TRUE FALSE FALSE  TRUE FALSE  TRUE  TRUE  TRUE  TRUE  TRUE  TRUE  TRUE  TRUE  TRUE  TRUE  TRUE  TRUE  TRUE
[685]  TRUE  TRUE  TRUE  TRUE FALSE  TRUE  TRUE  TRUE  TRUE  TRUE  TRUE  TRUE  TRUE FALSE  TRUE  TRUE  TRUE  TRUE  TRUE
[704]  TRUE  TRUE  TRUE FALSE  TRUE  TRUE  TRUE  TRUE  TRUE  TRUE  TRUE FALSE  TRUE  TRUE  TRUE  TRUE  TRUE FALSE  TRUE
[723]  TRUE  TRUE  TRUE  TRUE FALSE  TRUE  TRUE  TRUE  TRUE  TRUE  TRUE  TRUE FALSE  TRUE  TRUE  TRUE  TRUE  TRUE  TRUE
[742]  TRUE  TRUE  TRUE  TRUE  TRUE  TRUE  TRUE  TRUE  TRUE

