
Birth-death simulation object with 694 species and 500 extant species

Details for some species:

Extinction times (NA means extant)
[1] 36.46112 25.40134 35.48066 41.57283       NA 23.79239


Speciation times 
[1] 79.81485 62.48979 56.56067 56.34169 54.02761 33.22261


Species parents (NA for initial)
[1] NA  1  1  1  2  2


Species status (extinct or extant)
[1] "extinct" "extinct" "extinct" "extinct" "extant"  "extinct"


For more details on vector y, try sim$y, with y one of
TE TS PAR EXTANT



$TE
  [1] 36.461117877 25.401336313 35.480655754 41.572825429           NA 23.792388770 29.364901002 31.111694558
  [9] 24.390648145           NA 22.118984903 18.961278241           NA           NA 33.778873400 16.085651060
 [17]           NA           NA 23.849612607  5.327864286           NA 37.678369042 32.410799557 13.540964660
 [25]           NA 11.334546716           NA 45.193687205 14.213016197 29.413994086           NA 13.699787197
 [33]           NA 44.565390371           NA           NA           NA           NA           NA           NA
 [41]  6.082476042  7.093784674           NA 25.928649127  9.084550077           NA           NA           NA
 [49]           NA 18.292413492           NA           NA 13.036143818  2.104290051  1.533157714           NA
 [57]           NA           NA           NA           NA 12.032289430 29.266974121 27.984495488           NA
 [65]  7.663157156           NA           NA 21.066429846           NA           NA 16.651620985 25.611204137
 [73] 23.628603617 24.211648146           NA           NA           NA 17.957464165 36.298735994 10.420626854
 [81]           NA 14.532153413           NA           NA 10.350932478 10.092741258           NA           NA
 [89]  7.782143105  4.389755125           NA  4.805026867  9.844317217 26.667764561           NA           NA
 [97]           NA           NA 14.210976675 24.950317211  7.414199443  8.195831104           NA  8.733930230
[105]           NA           NA           NA 28.680585727 12.860803604 11.792535596           NA           NA
[113]           NA           NA 21.566295509 11.733558029           NA 31.698869451           NA           NA
[121]  5.304018940 27.835936405           NA           NA  8.233831524           NA           NA           NA
[129]           NA           NA 10.603046528  3.131109346 17.752512112  6.960402841           NA           NA
[137]           NA 19.556213967  0.585521633           NA           NA           NA           NA           NA
[145]           NA           NA 15.203692097           NA 28.081312006 17.911837557           NA           NA
[153] 17.111780356 11.402284788           NA  1.057024775           NA  5.576951578 19.448908454           NA
[161]           NA           NA 24.052815474           NA           NA  1.076893222           NA 10.950733317
[169]           NA           NA           NA 17.971839563           NA           NA           NA  4.562151041
[177]  5.981510534 24.106318756 10.697388965           NA  8.636454074           NA  9.694913600           NA
[185]           NA           NA           NA           NA           NA           NA           NA           NA
[193]  4.529688833           NA           NA           NA           NA           NA  2.279684146           NA
[201]           NA           NA           NA           NA  5.883259280           NA           NA           NA
[209]           NA           NA           NA           NA           NA           NA           NA           NA
[217]           NA           NA           NA           NA           NA  8.658186602  9.857400831  1.458006264
[225]  3.012500883  0.932443591           NA           NA 15.754651439  2.846815442           NA           NA
[233]  1.462593063           NA           NA           NA           NA           NA  1.543710460           NA
[241]           NA           NA           NA           NA 10.760835777           NA           NA           NA
[249]           NA 18.909620777 12.818832445           NA           NA 12.325268241           NA 15.242210454
[257]           NA           NA           NA           NA  1.216707380           NA           NA           NA
[265]           NA           NA           NA           NA  7.227468756           NA  0.678521843           NA
[273]           NA           NA           NA           NA           NA           NA           NA           NA
[281]           NA 18.039710154 18.611137800           NA           NA           NA           NA           NA
[289]  0.297018924           NA 13.281688078 14.065705697  8.255639728  8.234118645  8.188643571           NA
[297]  2.060332980           NA           NA           NA           NA           NA           NA           NA
[305]           NA           NA           NA  1.429054430  1.007034048 11.251853183           NA  9.184657004
[313]           NA           NA           NA           NA           NA           NA           NA           NA
[321]  4.385189360           NA           NA 15.861131770           NA           NA           NA           NA
[329]           NA           NA  0.735546772           NA           NA  1.981271403           NA           NA
[337]           NA           NA           NA 16.169322338           NA  7.559158970 17.500558993 15.538241665
[345]           NA           NA           NA  5.858816923           NA           NA  1.638974422           NA
[353]  1.519267727           NA           NA           NA  2.800272996           NA           NA           NA
[361]           NA  1.652781212           NA           NA           NA           NA           NA           NA
[369] 11.271990043           NA  4.858634780           NA           NA           NA  0.023788356           NA
[377]  3.940710551           NA  3.382873141           NA           NA           NA           NA  8.761180014
[385]           NA           NA 12.203053248           NA           NA           NA  9.598092563           NA
[393]  0.604770317           NA           NA           NA           NA           NA           NA           NA
[401]           NA           NA           NA           NA           NA  4.657901656           NA           NA
[409]           NA  9.453281840  4.057262898           NA           NA           NA           NA           NA
[417]           NA           NA           NA           NA  3.557874127           NA           NA 11.550892067
[425]           NA           NA           NA           NA           NA           NA           NA  9.208210221
[433]  3.769347642  7.811233187           NA           NA           NA           NA           NA           NA
[441]           NA           NA  0.038523377 10.491621372  5.467591403  5.739776991           NA           NA
[449]           NA  2.078013845           NA           NA           NA           NA  0.053166533  4.756056333
[457]           NA           NA           NA           NA           NA           NA  6.896109372  3.060498020
[465]           NA           NA  3.283316104           NA  2.983219163  1.162999937           NA           NA
[473]           NA           NA  2.204047413  0.275816641  4.766459680  0.927619962           NA           NA
[481]           NA           NA           NA           NA           NA           NA  0.724682014           NA
[489]           NA           NA  7.272495044           NA           NA           NA           NA           NA
[497]           NA           NA           NA           NA           NA           NA           NA           NA
[505]           NA           NA  2.354180121           NA           NA           NA  5.896301003           NA
[513]           NA           NA           NA           NA           NA           NA           NA           NA
[521]           NA           NA           NA           NA  4.821776974           NA           NA           NA
[529]           NA           NA           NA           NA           NA           NA           NA  4.798741706
[537]           NA           NA           NA           NA           NA           NA           NA           NA
[545]           NA           NA           NA           NA           NA           NA           NA           NA
[553]           NA           NA           NA           NA           NA           NA           NA  0.764700054
[561]           NA           NA           NA           NA  0.302191468           NA           NA           NA
[569]           NA           NA           NA           NA           NA           NA           NA  4.900400463
[577]  1.845319568           NA  7.116132763  2.966241515           NA           NA           NA  6.009790856
[585]           NA           NA           NA           NA           NA           NA           NA           NA
[593]           NA           NA           NA           NA           NA           NA           NA  5.356649524
[601]  5.766464986           NA           NA           NA           NA           NA           NA           NA
[609]           NA           NA           NA           NA           NA           NA  3.292592884           NA
[617]           NA  3.984308415           NA           NA           NA           NA           NA  0.792006058
[625]  0.057251015           NA  1.306121778           NA           NA           NA           NA           NA
[633]           NA           NA           NA  1.427933909           NA           NA           NA           NA
[641]           NA           NA           NA           NA           NA  0.001180907           NA           NA
[649]           NA           NA           NA           NA           NA           NA           NA           NA
[657]           NA           NA  1.634779240           NA           NA           NA           NA           NA
[665]           NA           NA           NA           NA  0.621609927           NA           NA  0.200379995
[673]           NA           NA           NA           NA           NA           NA  0.202738957           NA
[681]           NA           NA           NA           NA           NA           NA           NA           NA
[689]           NA           NA           NA           NA           NA           NA

$TS
  [1] 79.81484540 62.48978750 56.56067373 56.34168739 54.02760535 33.22261384 30.15910651 48.81077509 55.25751414
 [10] 48.70134474 48.42336109 32.25346897 25.26465106 24.68956662 51.95742597 51.34434195 47.12444317 33.35596215
 [19] 29.96612315 15.36853050 35.56091757 50.94541550 49.69902898 47.04207312 40.20674560 21.64741241 21.27037149
 [28] 46.27359719 39.47161534 42.79468283 39.85808686 47.81879741 46.54911143 45.19833901 41.85790826 31.30931757
 [37] 48.50380386 43.96884294 30.63251796 28.47794821 14.37926482 11.76870221 44.21157516 30.55340552 27.34579698
 [46] 26.89143145 42.76949877 42.70377176 35.13047629 20.60017385 23.74141461 19.38980057 14.07887432  4.02897680
 [55] 19.14270464 14.32953557 35.37484773  2.72753932 12.40154319  1.29802942 39.04265263 36.05210670 29.38189238
 [64] 18.90579962 16.95575287  7.01541971  2.56027191 36.04673028 35.76857154 33.44532207 33.43186772 33.92265893
 [73] 33.84180131 32.47847002 21.54846221  6.92845418  1.75482540 41.45025770 40.00782108 38.55241458 17.05233005
 [82] 21.60498625 32.38259894 26.53010692 22.16699276 21.38662817  3.35694568 33.96160860 23.64441636 23.25854422
 [91] 19.49461923 11.12200543 10.02203738 37.10065180 26.83377334 17.37851127 15.94893551 38.18877636 35.69226316
[100] 35.01286883 27.90707437 27.49357292 18.80130489 30.01116355 27.83923552  4.42446677 35.12049143 30.44484217
[109] 33.07754384 17.50696412 16.54233343 11.51795075  6.69671854  3.42658799 32.48338315 19.95142649 17.43730176
[118] 35.45252526 27.69052816 20.25788354 29.90705092 27.99932034 26.03172375 17.48077071 14.37919818 12.39191838
[127] 22.54871565  7.56999928  8.75045298  2.74322490 33.55114089 30.49956743 29.48901159 13.01336403 32.35038836
[136] 26.75863640 29.46560318 19.87846924  8.66949277  5.18156053  1.48539430  0.07826191 29.14527981 18.48285897
[145] 17.73796941 30.33109514 20.16313944  9.90969570 30.52602560 30.87343665 28.28768186 23.03595339 31.25748315
[154] 22.85404351 11.34746454  4.44996354  0.14021896 30.56466557 26.20457248 30.24522004 12.44143066  8.79716613
[163] 28.35066424 26.35886077 30.48213016 28.06836441  5.38839513 21.48320052 15.92979153 14.11980059  9.31808321
[172] 27.29710941 20.34778508  9.09853502  2.04680497 26.38044747 24.56196559 29.34063498 21.10065915 13.36475726
[181] 11.16187326 28.04925078 27.12026148 13.95418853  4.09006200  3.71242322 20.53514549  5.94740314  2.10957623
[190]  0.41252620 25.23972450 19.67398169 11.18963884  9.49303979  5.38044922 27.67335627 26.60697633 20.24117892
[199] 17.98106518  4.95072931  1.44412532 24.26867851 19.33443479 18.25358396 24.35213449  8.17671994 23.51901110
[208] 23.29662918  3.56772112 13.31952242  3.52849348  3.46621227 13.04865733 12.30199219  8.56394717  0.49170205
[217] 21.41266169 19.05728496 24.95253989 20.58913151 14.56136494 26.38698166 19.00594342 14.47624903 25.47441817
[226] 22.24398045 12.63768858  2.24839550 17.22565297  6.07016343 23.04556071  9.13081417  3.53583487 25.87239849
[235] 21.56485249 15.22668338 12.91138179  9.22548361 20.85818759 14.61375127  6.49787420 24.50812765 16.03190935
[244]  8.40167907 15.30624315 19.13038971 16.17410124  9.37092862 22.45143628 21.42524228 16.34450542  7.49298538
[253]  1.97132820 18.76316163 16.19857200 15.60329056 14.79164714  5.16631133  1.83625624 18.37106654  5.67977001
[262]  3.14555710 15.68705681 12.20703775 11.83678210  4.14749636 17.90571692 17.39369280 12.31248661 13.21426638
[271] 12.78745083  9.89788998  6.84315954 22.51060130 14.56032905 13.13180035 12.74361004  5.95351738  3.24483274
[280]  1.94438480 15.29057546 19.89273125 18.69475855 17.18188914 15.00435869 12.15312440 10.30105417  4.61042544
[289]  4.43787067  0.36866009 16.71109313 16.52712969 10.95083014  9.45461672 20.51028015 14.33538163  6.82209647
[298] 19.38648502 18.88411554 14.67664797  3.92436708 16.56025828  2.19636848  1.78708661  5.85214643 18.69181599
[307] 14.28735577  7.89764797  2.22843324 20.13021499 16.32919293 16.45523088  7.52550142  5.02718093 19.44173309
[316] 17.27545290 20.73696271 19.50936539  9.59418600  4.78704255 11.69887783  2.83452780  2.41280845 20.12574305
[325] 14.23662089 19.61642589 16.89639843  3.14743541  2.89696633  1.22460266 17.45268806 19.61413383 10.18171241
[334]  7.38804409  5.79132189  4.81173799 12.18609737 11.93999847  3.99411377 18.46935438 15.35046897 12.75281138
[343] 18.66270077 15.98802443  6.98965963 11.13959302  7.82454110  7.02183092 16.30635573  9.93453092 13.86311344
[352] 12.10602955 10.57582429 11.17928353 18.29188260 17.04570120 19.26433803 17.78042300 11.56497592  1.42420711
[361] 15.62771291  6.16543312  5.55193330  5.46085110  4.10687561 15.29564330  1.94794519 11.28858325 18.25891780
[370]  8.13096987  8.04304208  6.88161234  4.71831892  0.69119084  4.42867891 17.09011892 13.97690574  9.14067266
[379]  5.65064996  3.75433187  1.47721945 17.32635578 15.71153855 11.41472091  7.01092121 13.58271576 12.63355874
[388]  6.71479684 10.59494038  3.57161101 10.16070602 15.39811082  8.45968957  6.03292245  5.66838173  3.83901318
[397] 11.59248408 17.17984736 14.24311181 11.30813680  9.03753762  0.02509369  7.16709597  2.26539970 16.21391869
[406]  9.72187675  2.90284448 15.94054740 12.47859716 10.58431831  9.31326563  9.19864853  4.69300560 15.70339814
[415]  6.42342175  0.41298102  9.92647069  9.49474784 10.91479827  9.29166782  8.72460964  5.70291121  4.06561421
[424] 12.01814784  3.04519455 15.38212864 11.91248358  6.34541530  1.47480540 15.60385503 13.77844934 12.09761288
[433]  9.76992395  8.64688581  6.43267998  0.04978385  9.16167262  6.83100793  8.85014845  0.69041908  7.99776766
[442]  7.83405291 11.32980662 11.20975314 10.80235985  9.19746539  8.45347079  5.44501525  8.42299303  5.23729507
[451]  3.71770622  6.80438090  1.25567916 14.84657903  3.22483008  5.02863300 10.49997955 11.60477721  5.80847848
[460]  5.74808101  8.24974264  1.76524806 12.26525985 11.86517133 10.94423341 10.07485755  8.75943687  8.03493388
[469]  7.27665789  6.89224201 14.22180676  9.20422246 13.62741271  0.56651648  6.15084414  8.68712294  8.44182825
[478]  4.35311478  0.85193914  7.45494268  3.04794273 10.66659878 10.06365971 12.87969836  4.87683601  3.02664398
[487]  1.98552522  0.09131354  7.54272905  1.11604537  9.17915201  5.93851486  4.38502966  1.68985280  7.48153825
[496]  4.38226283  1.89259962  1.45688894  9.96045050 11.34455032  7.87318351 11.76413238  3.94767203  1.90524993
[505] 12.30670949  8.89359140  7.64719573  4.01424888  4.22327676  1.35874377 10.47721608  1.95897160  8.30303515
[514]  3.10447903  1.46861141 10.48498106  8.49227373  5.83004771  1.98857167  6.64025998  8.28795424  5.53087964
[523]  9.10491087  8.62855072 11.24794403  9.12491215  7.91781850  7.85322243  2.61707322  1.07394910 11.24273851
[532]  3.20026679  6.48010188  4.26554702  9.90623971  7.01636089 10.61328747 10.04000954  8.98311113 10.39531992
[541] 10.78731094  8.42660366  4.93845776  0.07422267  7.07857490  3.89684916  0.81100798  0.53613912  4.70849626
[550]  0.32911674  1.96061386  2.20926098  0.40584394  7.70890534  9.83428206  0.08942908  8.57571049  3.67000105
[559]  0.27216357  6.40837508  9.21619120  7.35177463  4.99004880  1.71279754  5.14221145  1.27364718  8.30588127
[568]  9.08633952  1.73467881  7.85204996  5.18132131  0.88519626  1.06707240  3.06523615  0.70680086  7.43788765
[577]  2.32376232  3.50060660  8.07909787  5.43564635  6.43651274  6.68891323  3.42780101  6.91066240  3.62507453
[586]  6.30302275  5.15243295  3.01995362  3.88057769  2.15014768  5.99612317  3.83447519  3.53065466  0.21102908
[595]  1.65634638  1.11688786  6.91219522  1.32164077  5.93641636  6.95991059  7.36115405  6.69929722  5.31978169
[604]  1.37070169  2.22413298  5.65233247  2.28442174  5.24041239  6.29729602  1.45420032  0.13235215  6.48023146
[613]  1.85744626  4.56144809  6.00054967  5.70537248  1.75244125  7.06738584  5.67835225  4.84675957  1.54748601
[622]  1.01520747  2.03265607  1.06058007  3.67730217  4.27516917  4.12063578  2.93154549  2.56343653  3.35573093
[631]  5.57679383  5.22343841  3.51090076  5.24393343  4.51752938  2.22053138  4.97686136  4.35419489  3.36560207
[640]  2.88962369  2.27914441  2.16760170  4.91126069  0.45820004  1.15649155  4.33614327  3.32834050  4.40173175
[649]  0.81124250  0.32635359  1.49454307  1.40318172  1.80564613  4.38972252  3.94286423  0.96842980  3.36244709
[658]  3.34296867  2.55578609  1.89578857  3.61410627  0.94540878  2.32004856  2.39440657  3.65749180  1.46672975
[667]  1.44655245  0.99197750  3.12137752  1.96313054  3.26373071  1.87137071  1.29255867  2.03028660  1.38230369
[676]  2.74468003  0.30681989  1.27118109  1.30771700  2.77726553  1.76706339  2.64105039  1.20559404  0.73790065
[685]  0.38313661  0.64622460  1.62346952  0.01231334  0.61956709  0.87688138  0.79569012  0.01235097  0.90523123
[694]  0.20538133

$PAR
  [1]  NA   1   1   1   2   2   2   3   4   4   4   9   9   9   5   5   5   5   5   5  15  16  16  16  16  16  16  22
 [29]  22  23  23   8   8   8   8   8  10  10  37  37  37  37  11  11  11  11  32  32  32  32  17  17  17  17  24  24
 [57]  33  33  43  43  38  38  38  38  38  38  38  30  30  30  30  47  47  47  47  48  48  35  35  35  35  78  25  25
 [85]  25  25  25  31  31  31  31  31  31  29  29  29  29  61  61  80  80  80  80  98  98  98  94  62  68  69  69  69
[113]  69  69  99  99  99  21  21  21  57  57  57  57  57  57  49  49 107 107  88  88  88  88 131 131  70  70  70  70
[141]  70  70  71  71  71  18  18  18   6 109 109 115  74  83 135 135 135 150 150 158 158 158  44  44 149 132 165 146
[169] 146 146 146 160 160 160 160  19  19 121 121 121 121 133 133 137 137 137 143 143 143 143 163 151 151 151 151 166
[197] 166 166 166 166 166 182 182 182 101 101 105 105 105 119 119 119 196 196 196 196 102 102  45  45  45 183 183 183
[225]  46  46  46  46  95  95 136 136 136 197 197 197 197 222 176 176 164 159 123 123 234 225 225 225  13  13  13  13
[253]  13 191 191 191 191 191 191 219 219 219  14  14  14  14 177 177 177 205 205 205 202  51  51  51  51  51  51  51
[281]  89 207 207 207 207 207 207 207 207 207 208 208 208 208  90  90  90 154 154 127 127 274 274 274 249 226 226 226
[309] 226  85  85  26 235 235  75 217  86  86  27  27 179 239 239 317 317 220 220 187 187 187 295 173 173 173 173 173
[337] 198 198 198 147 147 310 324 116 192 326 326 326 332 332 318 318 318  91 315 315  52  52 298 298 203 203 357 357
[365]  55 246 246 218 223  64  64  64 299 299 103 306 306 144 144 260 355 369 204 267 358 145 110 331 117 117 268 382
[393] 382 382 382 382 316 284 284 284 284 398  81  81 356 356 356  65 327 327 302 302 302 111 111 111 312 312 311 311
[421] 311 405 405 247 247 243 243 243 243  97  97  97  97  97 169 169 414 414 263 430 392 392 426 426 426 426 426 426
[449]  20 366 281 236 236 285 285 454 257 300 300 221 275 275 224  41  41 125 125 296  56  56 307 307 399 399 325 170
[477] 170 170 170 184 184 431 431 473 473 473 473 210 270 270 237 237 237 237 484 484 484 484 271 277 277 409 409 409
[505] 161 505 214 214 264 264 286 286 352 352 352 338 338 338 338 427 265 265 321 458 397 359 359 112 112 112 384 400
[533] 525 531 193 193 181  92  92 293 465 465 465 465 419 419 541 541 482 537 353 457 457 540 333 333 466 483 483 148
[561] 535 272 272 555 248 171 411 420 420 238 238 238 561 437 437 378 523 174 401 539 506 162 467 476 139 557 215 215
[589] 393 393 567 567 567 521 461 461 206 206 371 468 501 501 528 570 442 554 554 507 128 128 128 489 489 252 495 469
[617] 403 545 536 597 470 438 602 241 560 609 188 599 460 619 379 379 379 631 631 631 522 364 448 140 140 571 565 565
[645] 200 543 543 485 620 620 373 413 375 648 478 646 534 534 627 423 339 339 503 655 301 380 665 665 390 390 209 583
[673] 114 455 328 514 574 425 486 628 322 130 623 623 623 280 660 653 621 675 566 678 624 662

$EXTANT
  [1] FALSE FALSE FALSE FALSE  TRUE FALSE FALSE FALSE FALSE  TRUE FALSE FALSE  TRUE  TRUE FALSE FALSE  TRUE  TRUE FALSE
 [20] FALSE  TRUE FALSE FALSE FALSE  TRUE FALSE  TRUE FALSE FALSE FALSE  TRUE FALSE  TRUE FALSE  TRUE  TRUE  TRUE  TRUE
 [39]  TRUE  TRUE FALSE FALSE  TRUE FALSE FALSE  TRUE  TRUE  TRUE  TRUE FALSE  TRUE  TRUE FALSE FALSE FALSE  TRUE  TRUE
 [58]  TRUE  TRUE  TRUE FALSE FALSE FALSE  TRUE FALSE  TRUE  TRUE FALSE  TRUE  TRUE FALSE FALSE FALSE FALSE  TRUE  TRUE
 [77]  TRUE FALSE FALSE FALSE  TRUE FALSE  TRUE  TRUE FALSE FALSE  TRUE  TRUE FALSE FALSE  TRUE FALSE FALSE FALSE  TRUE
 [96]  TRUE  TRUE  TRUE FALSE FALSE FALSE FALSE  TRUE FALSE  TRUE  TRUE  TRUE FALSE FALSE FALSE  TRUE  TRUE  TRUE  TRUE
[115] FALSE FALSE  TRUE FALSE  TRUE  TRUE FALSE FALSE  TRUE  TRUE FALSE  TRUE  TRUE  TRUE  TRUE  TRUE FALSE FALSE FALSE
[134] FALSE  TRUE  TRUE  TRUE FALSE FALSE  TRUE  TRUE  TRUE  TRUE  TRUE  TRUE  TRUE FALSE  TRUE FALSE FALSE  TRUE  TRUE
[153] FALSE FALSE  TRUE FALSE  TRUE FALSE FALSE  TRUE  TRUE  TRUE FALSE  TRUE  TRUE FALSE  TRUE FALSE  TRUE  TRUE  TRUE
[172] FALSE  TRUE  TRUE  TRUE FALSE FALSE FALSE FALSE  TRUE FALSE  TRUE FALSE  TRUE  TRUE  TRUE  TRUE  TRUE  TRUE  TRUE
[191]  TRUE  TRUE FALSE  TRUE  TRUE  TRUE  TRUE  TRUE FALSE  TRUE  TRUE  TRUE  TRUE  TRUE FALSE  TRUE  TRUE  TRUE  TRUE
[210]  TRUE  TRUE  TRUE  TRUE  TRUE  TRUE  TRUE  TRUE  TRUE  TRUE  TRUE  TRUE FALSE FALSE FALSE FALSE FALSE  TRUE  TRUE
[229] FALSE FALSE  TRUE  TRUE FALSE  TRUE  TRUE  TRUE  TRUE  TRUE FALSE  TRUE  TRUE  TRUE  TRUE  TRUE FALSE  TRUE  TRUE
[248]  TRUE  TRUE FALSE FALSE  TRUE  TRUE FALSE  TRUE FALSE  TRUE  TRUE  TRUE  TRUE FALSE  TRUE  TRUE  TRUE  TRUE  TRUE
[267]  TRUE  TRUE FALSE  TRUE FALSE  TRUE  TRUE  TRUE  TRUE  TRUE  TRUE  TRUE  TRUE  TRUE  TRUE FALSE FALSE  TRUE  TRUE
[286]  TRUE  TRUE  TRUE FALSE  TRUE FALSE FALSE FALSE FALSE FALSE  TRUE FALSE  TRUE  TRUE  TRUE  TRUE  TRUE  TRUE  TRUE
[305]  TRUE  TRUE  TRUE FALSE FALSE FALSE  TRUE FALSE  TRUE  TRUE  TRUE  TRUE  TRUE  TRUE  TRUE  TRUE FALSE  TRUE  TRUE
[324] FALSE  TRUE  TRUE  TRUE  TRUE  TRUE  TRUE FALSE  TRUE  TRUE FALSE  TRUE  TRUE  TRUE  TRUE  TRUE FALSE  TRUE FALSE
[343] FALSE FALSE  TRUE  TRUE  TRUE FALSE  TRUE  TRUE FALSE  TRUE FALSE  TRUE  TRUE  TRUE FALSE  TRUE  TRUE  TRUE  TRUE
[362] FALSE  TRUE  TRUE  TRUE  TRUE  TRUE  TRUE FALSE  TRUE FALSE  TRUE  TRUE  TRUE FALSE  TRUE FALSE  TRUE FALSE  TRUE
[381]  TRUE  TRUE  TRUE FALSE  TRUE  TRUE FALSE  TRUE  TRUE  TRUE FALSE  TRUE FALSE  TRUE  TRUE  TRUE  TRUE  TRUE  TRUE
[400]  TRUE  TRUE  TRUE  TRUE  TRUE  TRUE FALSE  TRUE  TRUE  TRUE FALSE FALSE  TRUE  TRUE  TRUE  TRUE  TRUE  TRUE  TRUE
[419]  TRUE  TRUE FALSE  TRUE  TRUE FALSE  TRUE  TRUE  TRUE  TRUE  TRUE  TRUE  TRUE FALSE FALSE FALSE  TRUE  TRUE  TRUE
[438]  TRUE  TRUE  TRUE  TRUE  TRUE FALSE FALSE FALSE FALSE  TRUE  TRUE  TRUE FALSE  TRUE  TRUE  TRUE  TRUE FALSE FALSE
[457]  TRUE  TRUE  TRUE  TRUE  TRUE  TRUE FALSE FALSE  TRUE  TRUE FALSE  TRUE FALSE FALSE  TRUE  TRUE  TRUE  TRUE FALSE
[476] FALSE FALSE FALSE  TRUE  TRUE  TRUE  TRUE  TRUE  TRUE  TRUE  TRUE FALSE  TRUE  TRUE  TRUE FALSE  TRUE  TRUE  TRUE
[495]  TRUE  TRUE  TRUE  TRUE  TRUE  TRUE  TRUE  TRUE  TRUE  TRUE  TRUE  TRUE FALSE  TRUE  TRUE  TRUE FALSE  TRUE  TRUE
[514]  TRUE  TRUE  TRUE  TRUE  TRUE  TRUE  TRUE  TRUE  TRUE  TRUE  TRUE FALSE  TRUE  TRUE  TRUE  TRUE  TRUE  TRUE  TRUE
[533]  TRUE  TRUE  TRUE FALSE  TRUE  TRUE  TRUE  TRUE  TRUE  TRUE  TRUE  TRUE  TRUE  TRUE  TRUE  TRUE  TRUE  TRUE  TRUE
[552]  TRUE  TRUE  TRUE  TRUE  TRUE  TRUE  TRUE  TRUE FALSE  TRUE  TRUE  TRUE  TRUE FALSE  TRUE  TRUE  TRUE  TRUE  TRUE
[571]  TRUE  TRUE  TRUE  TRUE  TRUE FALSE FALSE  TRUE FALSE FALSE  TRUE  TRUE  TRUE FALSE  TRUE  TRUE  TRUE  TRUE  TRUE
[590]  TRUE  TRUE  TRUE  TRUE  TRUE  TRUE  TRUE  TRUE  TRUE  TRUE FALSE FALSE  TRUE  TRUE  TRUE  TRUE  TRUE  TRUE  TRUE
[609]  TRUE  TRUE  TRUE  TRUE  TRUE  TRUE FALSE  TRUE  TRUE FALSE  TRUE  TRUE  TRUE  TRUE  TRUE FALSE FALSE  TRUE FALSE
[628]  TRUE  TRUE  TRUE  TRUE  TRUE  TRUE  TRUE  TRUE FALSE  TRUE  TRUE  TRUE  TRUE  TRUE  TRUE  TRUE  TRUE  TRUE FALSE
[647]  TRUE  TRUE  TRUE  TRUE  TRUE  TRUE  TRUE  TRUE  TRUE  TRUE  TRUE  TRUE FALSE  TRUE  TRUE  TRUE  TRUE  TRUE  TRUE
[666]  TRUE  TRUE  TRUE FALSE  TRUE  TRUE FALSE  TRUE  TRUE  TRUE  TRUE  TRUE  TRUE FALSE  TRUE  TRUE  TRUE  TRUE  TRUE
[685]  TRUE  TRUE  TRUE  TRUE  TRUE  TRUE  TRUE  TRUE  TRUE  TRUE

