
Birth-death simulation object with 739 species and 500 extant species

Details for some species:

Extinction times (NA means extant)
[1] 109.57340  76.32124  45.83146  44.41552  40.08307        NA


Speciation times 
[1] 119.33680 111.31454  87.77488  70.70442  62.96413  58.86861


Species parents (NA for initial)
[1] NA  1  2  3  3  3


Species status (extinct or extant)
[1] "extinct" "extinct" "extinct" "extinct" "extinct" "extant" 


For more details on vector y, try sim$y, with y one of
TE TS PAR EXTANT



$TE
  [1] 109.5734037  76.3212437  45.8314613  44.4155223  40.0830723          NA  14.9344083          NA  27.7916093
 [10]  20.8133687   6.9759716  21.6143520  39.3493072          NA          NA  12.0347975  20.4683397  11.4608893
 [19]  44.3035943          NA  23.2356962          NA  12.4920985  52.8186610  33.3083047  58.1890828  22.3104245
 [28]  18.8196049   1.2112188   9.2396318   1.3182307          NA          NA  27.7939396          NA          NA
 [37]          NA   3.8378659  47.7552424  25.6135177  36.0059076   5.9149009          NA          NA  43.4461676
 [46]  20.7980036  32.9063323          NA  32.2766884          NA  26.9427492          NA          NA          NA
 [55]  24.9434836          NA  22.1802186  38.9470696   9.0583515  16.1516457  45.6086656  19.8804327          NA
 [64]  34.5084939  26.2537544  39.0418491  41.2034566          NA   3.2194948  17.6597849  28.3710486          NA
 [73]          NA          NA          NA  31.2256497  31.9957068  31.7701760          NA   3.9910963   7.7506536
 [82]          NA          NA          NA          NA          NA          NA          NA          NA  13.5318468
 [91]          NA          NA          NA  41.4964468          NA  32.4030935  14.4861540  24.4847446  31.8653985
[100]   8.3564159          NA          NA          NA   0.1646318          NA  34.9988114  11.4471874  10.5237145
[109]          NA          NA  17.5271520          NA          NA          NA   4.1466142          NA          NA
[118]          NA  33.0342523  22.1427736   5.5842913          NA  14.0778790          NA          NA          NA
[127]          NA  14.9665553          NA  12.0518332   3.2753428   7.9011541          NA   2.4151562          NA
[136]          NA   0.3537320   8.1419977          NA  29.1845335          NA          NA          NA          NA
[145]  22.3661371  15.2944014          NA          NA          NA          NA          NA   4.6966720  21.2940681
[154]  31.7397918          NA  17.7809899          NA          NA          NA   7.2170181   7.3772666  24.8836704
[163]  14.4079323   1.1874505   2.6879258          NA  17.0035060          NA   8.4957155          NA          NA
[172]          NA          NA   6.9812122          NA   6.1792047          NA   3.4102481          NA  17.0415670
[181]  17.8094078  10.4760769   6.0764042          NA  18.3782778  17.1324360          NA          NA   6.1854986
[190]  10.1549946          NA          NA          NA          NA  16.1754967  21.3029440  15.8938954  16.1408575
[199]  25.5281278   2.3593651          NA  16.6548017          NA          NA          NA          NA  21.5584198
[208]  22.3995475  25.3633622  32.2133135  23.2363506          NA   8.6738678   5.7635323          NA          NA
[217]  12.7675440          NA          NA  25.7906299  19.2867612          NA          NA   5.2274591  24.8562451
[226]          NA          NA   7.3656762  21.7651378  21.8369425          NA   3.1048911  24.1365271          NA
[235]  15.4871849          NA          NA  10.9537615          NA          NA          NA          NA          NA
[244]   9.9658455   0.5917229          NA          NA          NA          NA          NA          NA          NA
[253]  12.5710928          NA          NA   6.6824442          NA          NA          NA          NA          NA
[262]  18.0402895          NA          NA          NA  12.3316142   3.1928810   7.1363413  13.2020547  17.1264019
[271]  15.1618053   3.8540410          NA          NA          NA          NA          NA          NA          NA
[280]          NA   1.6890659   1.7910507          NA          NA          NA  10.7945374  15.6587168   2.9329025
[289]  16.3689448          NA          NA          NA   6.5495538          NA   4.5915807          NA  18.2759549
[298]          NA          NA          NA  12.5865083          NA  12.7330099          NA  10.9409401          NA
[307]          NA          NA          NA          NA   5.2054299          NA          NA   8.1241636          NA
[316]          NA   2.5720095          NA          NA   6.4863745          NA          NA          NA          NA
[325]   7.9025110          NA          NA          NA          NA          NA          NA          NA          NA
[334]  17.9428582  13.2019617   9.6858860          NA          NA          NA  16.1398115  11.3812656   4.3548486
[343]          NA   4.7964439  15.7481136          NA          NA  18.1600175   9.6464569          NA          NA
[352]          NA  18.9908951  15.4551245          NA          NA   2.4877565   3.3105956          NA          NA
[361]          NA          NA          NA   6.1343829          NA          NA          NA  10.0573011          NA
[370]          NA  20.1669038  14.3513676          NA          NA          NA  13.1361215          NA   6.3763208
[379]          NA          NA          NA          NA          NA          NA          NA          NA          NA
[388]          NA          NA          NA          NA          NA   8.5008934          NA          NA   6.4047721
[397]          NA          NA          NA   4.8521079          NA   8.9456421          NA   2.3578652          NA
[406]          NA   6.6808421          NA          NA  10.0615762          NA   1.7368371   4.4759908          NA
[415]          NA   3.5616337          NA   7.6814376          NA          NA   3.8114682          NA          NA
[424]          NA          NA          NA  11.1790437          NA          NA          NA          NA   6.6362350
[433]          NA  10.4807644          NA   0.4678584          NA          NA          NA   3.4014389          NA
[442]          NA   8.3436558          NA          NA          NA  14.1940219          NA          NA          NA
[451]          NA   8.6618469   1.3111042          NA          NA          NA   6.8716315          NA   0.9095544
[460]   8.1066042          NA   0.8636613          NA   4.3796553          NA          NA          NA          NA
[469]          NA   1.8145094          NA  10.9352511          NA          NA          NA          NA   0.8143117
[478]          NA  12.6543255   5.9113586          NA          NA          NA          NA   8.9682905          NA
[487]          NA          NA  12.5168968          NA          NA          NA          NA          NA          NA
[496]          NA          NA   0.3727186          NA          NA          NA          NA          NA          NA
[505]   2.4405692          NA          NA          NA          NA          NA          NA          NA          NA
[514]          NA          NA          NA          NA   3.5419440          NA  10.9951456          NA          NA
[523]          NA   4.2312628          NA          NA          NA          NA          NA   1.3173127          NA
[532]          NA          NA          NA          NA          NA          NA          NA          NA   2.0822870
[541]          NA          NA          NA          NA          NA          NA          NA          NA          NA
[550]          NA          NA          NA          NA          NA          NA          NA          NA          NA
[559]          NA   8.1751975          NA          NA          NA          NA          NA          NA          NA
[568]   2.0361820          NA   2.7359768          NA          NA          NA          NA          NA   8.5946258
[577]          NA          NA          NA          NA          NA   2.8701392          NA          NA          NA
[586]          NA          NA          NA          NA          NA          NA          NA          NA          NA
[595]          NA          NA          NA          NA          NA          NA          NA          NA          NA
[604]   5.6880959   1.3268757          NA   3.9868441          NA   6.4415585   0.5118709          NA          NA
[613]          NA          NA          NA          NA          NA          NA          NA   3.1164321          NA
[622]          NA          NA          NA          NA          NA          NA          NA          NA          NA
[631]          NA          NA          NA          NA          NA          NA          NA          NA          NA
[640]          NA          NA          NA          NA          NA          NA          NA          NA          NA
[649]          NA          NA   4.6233112          NA          NA          NA          NA   1.0386962          NA
[658]          NA          NA          NA          NA          NA   1.5590904          NA          NA          NA
[667]   3.0428789          NA          NA          NA          NA          NA          NA          NA   1.7108050
[676]          NA          NA          NA          NA          NA          NA          NA          NA          NA
[685]   1.0594529          NA          NA          NA          NA          NA          NA          NA          NA
[694]          NA          NA          NA          NA          NA          NA          NA          NA          NA
[703]          NA          NA   1.3042088          NA          NA          NA          NA          NA          NA
[712]          NA          NA          NA          NA   0.6962790          NA          NA          NA          NA
[721]          NA          NA          NA          NA          NA          NA          NA          NA          NA
[730]          NA          NA          NA          NA          NA          NA          NA          NA          NA
[739]          NA

$TS
  [1] 119.33680197 111.31453638  87.77488424  70.70442168  62.96413315  58.86861186  64.02133622  59.59791791
  [9]  51.76768267  46.75097137  63.21885757  56.84421185  53.06476921  45.18830379  31.59847015  26.69750839
 [17]  25.51660241  19.69300498  45.26636997  41.01842191  33.35459356  18.36096990  15.58904122  62.71945997
 [25]  49.74754254  58.70705239  58.01969752  56.23064233  16.44748770  10.29079065   1.51202156  50.84430691
 [33]  50.52175118  31.64915739  24.06204376   4.12525691   2.44538589  58.54063035  57.83628704  52.04119403
 [41]  46.76745897  10.76768473   9.36600654   6.09658889  49.87360191  47.62355759  42.47525929  42.14864816
 [49]  35.36596110  29.66999728  54.02816537  39.41676432  28.16491667  20.72312136  36.51551854  50.00195414
 [57]  51.00867729  41.70331917  29.53771876  51.12632370  49.23838728  29.43896200  28.04983719  51.07524228
 [65]  34.56273881  48.48207655  43.72236199  37.09009360  44.06991953  43.37438008  28.44941776  27.06066072
 [73]  35.18993187  17.79331125  48.40721001  47.25164930  42.67441753  35.27709992  34.32981509  28.98451333
 [81]  20.75513371  19.78046078  15.62612417  14.34742207  13.59361117   3.62902533   1.85855460  45.68241680
 [89]  29.18980386  17.54198391  16.81752142  14.57303471   5.54111104  43.90010514  48.92003065  44.97932307
 [97]  42.33062933  39.85170141  37.50231873  33.33746806  28.95144174  10.87946955   6.91127257   1.47563583
[105]  47.08201738  36.30180127  25.13406425  24.97613214  21.03929211  43.86901571  45.35791919  41.96377266
[113]  34.76170714  26.54123348  22.52385286  19.63143416   8.53817053  41.61985144  33.82064855  32.80728331
[121]  28.85239554  36.67881030  21.56012281  19.17869138  20.16804593  33.67625460  25.16882676  24.77823395
[129]   8.97687482  28.50635382  25.74561881  10.87278910   5.87334375  37.63456046  30.61597212  25.59745496
[137]  23.58363819  17.01602887  43.10888443  29.68594600  31.31366438  26.84958742  11.03662180   0.98956578
[145]  33.30923098  20.82486586  22.89196170   7.18227242   5.05580510  19.26045366   6.56006114  41.59959649
[153]  40.88100934  40.32331506  26.15611426  21.64652992  25.52530579  24.21639292  21.80708102  18.57029436
[161]  12.27590979  36.69848471  31.51794478  28.23745883  24.09569338  13.13617665  37.29098729  38.41237590
[169]  31.61706037  24.86598747  17.27642495  16.13888348   9.55469681   8.64670972   4.65073628  26.98722125
[177]  14.57704792   9.76124199   2.40737301  22.62327231  21.57673047  17.36561195   6.23457478   5.69482280
[185]  36.22444602  23.19869342  19.37380930  30.31784378  24.49297855  22.38131948  11.90177580   7.82176141
[193]   4.78366371   1.04174782  28.82468220  26.17050787  23.17181941  21.24803828  34.98996713  31.95822260
[201]  24.94685385  20.78613403  18.11720576  17.72006964   4.68493396  33.98369787  26.04118368  33.58215376
[209]  27.92866937  32.81446519  33.88799119  16.11985664  30.06560079   8.51548372   7.41867948   6.25838648
[217]  31.84431471  31.73977276   5.93630072  27.41083592  23.35209487  10.11685099  29.60582672  22.88448499
[225]  25.97773451  23.13095655  16.71196546  11.44086743  24.50823904  24.37079677  21.43970699  30.11636322
[233]  29.06109004  24.04601031  21.00985713  15.65606920  18.68491872  12.24797102   8.61476824   3.28011899
[241]   1.09325280  15.96621631  23.26980230  10.82023861  28.48572120  27.44363683  19.19781972  12.43688584
[249]   7.58952660  20.61570752  16.26718229   4.28989450  16.87579348  14.14779664  14.48029563  10.99245802
[257]   8.68751552  26.17725928   5.75802946  12.17912972  28.84562281  27.14111462  24.05582642  11.82160953
[265]   8.50378652  18.90128857  12.67900721  11.08404902  26.02062118  21.41901547  18.97132234   4.48829032
[273]   4.41655932   6.93195642   3.15716119  20.50561783   7.49848824   4.82516184   0.68236849  18.74966388
[281]   3.40564087  23.64797455   3.17915273   1.13490453  24.67699492  16.55233295  24.45809325  24.03346145
[289]  23.96650769  16.61299729   7.59697748  25.23555498  24.89391094  19.93952964  18.70341758   9.69711074
[297]  24.22057076   3.94546006   0.99350739  24.04308286  15.13116117  21.42077908  13.36145873   8.85584654
[305]  23.76959608   1.36658207  14.67936476  20.60778700   6.71987426   2.69434300  13.92857449  19.76221396
[313]  17.35606811  16.36239152  12.09508936   4.41490337  19.38749509  13.51855533  21.90631301  15.35978600
[321]   4.31662755  14.68544767  15.94818287  23.55916546  24.06766131  22.16561114   9.05675350   7.02883676
[329]  21.02203515  19.39598141  18.08713400  10.78818846  23.14136345  21.25951335  16.68556477  12.59279366
[337]   8.76264636   7.92247144   0.76379842  23.66516018  23.22181853  17.92968611  10.98377287   7.39062343
[345]  22.81794034   3.42864247  13.68488970  19.45393965  16.16651941  17.66597938  16.91506159  12.87444778
[353]  21.19631616  21.14363096  11.95091912   5.48237134  15.72202006   4.29451427   2.89408966   0.25209459
[361]  12.84405382  18.12238240  18.69777226  17.82983859   6.59233413   6.57549441   0.72188992  22.80240069
[369]  18.88922404  15.94900432  21.36542683  16.74379998  15.73567697  19.53492999   7.30753796  16.06294825
[377]  17.76067369  14.16520369  13.58193168  11.70532823  10.97452421  20.16160661   9.54443714   7.08977525
[385]   3.17004328  13.91349691  13.03935761  18.57768914  14.24337719  10.00001667   2.84998644  17.54840417
[393]  16.78582098  14.06788910   5.63304235  19.60336208   7.78747900   0.58709175  17.43676566   7.19805187
[401]   1.89324055  10.53407819   7.52467876   4.85706227   4.64689381   7.47401505  18.64963324   3.29628402
[409]   3.20093419  14.01812644   0.41538763  12.94477908   8.43875002  17.92795915  15.35586946   5.52086146
[417]   0.63302888  15.35923794   4.91358116   5.15839278  10.05314379   6.36087658   5.73509502   4.94793240
[425]   5.01983927   1.16031571  15.36934266  11.31786740   4.26135869   5.39946577   1.02249165  18.63514357
[433]  14.57980639  12.24415315   1.18875590  17.97003840  17.17597683  15.36339190   2.78455965  14.09781404
[441]   9.46441883  10.91808895   9.93584722   8.33235498   6.42513843   1.60011513  15.35676890  14.58527188
[449]   2.59149948   0.04122497  17.14631906  13.09636132  13.73952270   2.75616076   1.18922607  14.05438007
[457]   7.11469248  10.73640617   5.93945206  12.22643334  15.49559752  13.86231145  10.90535105  14.18169218
[465]  10.46862952   6.34063295   0.02603222   7.95158158   7.29150711   3.20614895   0.18972284  12.79403441
[473]   7.40104288  10.11026381  11.82016559   7.35361105   4.67565255   2.22575155  13.30338004  13.64042498
[481]  11.13025813   4.64375787  16.22301946  16.43905848   9.62387379   6.62820619   3.35372419   1.85178527
[489]  14.81720835   9.94795521   2.39677195   7.62344689   4.15432032   5.65688144   4.08627512   2.23722275
[497]   2.05006402   3.71632613  10.96040358   4.32278240  13.73458791  10.99545912   4.71354984   8.05178993
[505]   4.86150801   1.47647563   0.77305152  12.75365197   5.47023758   4.54322457   2.12601231   1.93367872
[513]  14.24895112   8.39649221   6.77654942   9.89263704  11.39652302   4.42368103   4.26575345  13.30882364
[521]  12.52686713  13.58718777   2.99106885   5.12540042   4.34500461   3.72044008   1.89707979  12.99687680
[529]   5.46961915   7.47393007  13.82705075   9.84450240  14.01722462   8.72342245   9.69505638   0.84183733
[537]   1.14834426  11.75289153   9.24559986   4.81958589   3.31742280  12.37056093   2.13493758  12.92536382
[545]   8.59085815   6.81756415   4.10469936   1.17606587  10.98623786  11.03931878   6.89673665  12.92582265
[553]   4.92482030  10.61837680   4.96317775   9.75456894   8.04193607   7.77211873   8.54296683  10.45265667
[561]   6.65733580   5.34482289   2.03136630   5.29485682   8.38049382   0.02572006  10.74037086   7.51303981
[569]   0.97210535   8.30256767   4.27467574   9.45326686   7.72135619   9.13652468   3.17526015  10.82793303
[577]   2.86332214   1.99038959   1.00645913   0.66381838   7.26928294   6.77431695   6.53613679   3.52260952
[585]   3.51665058   0.13695348  10.31700478   3.45190568   8.16263387   7.45006382   2.46273266   1.63349457
[593]   9.71596516   1.44643105   7.80705375   6.68798798   7.39697841   7.92514383   8.20600676   2.07913106
[601]   0.44518667   5.82681309   1.52328453   8.12940427   4.45585924   1.03698457   7.21873884   9.44390896
[609]   9.39533645   4.23992822   8.92827875   8.30210249   4.77995647   8.59824683   6.79807628   7.91556337
[617]   7.25533526   1.50377325   8.11831274   7.62287500   3.04588700   2.90805696   5.75134764   2.37991506
[625]   4.85013238   4.17065259   2.79006584   8.47647143   5.84900064   0.70450339   5.65484083   5.40520820
[633]   2.17325374   8.07700679   6.69305188   5.05619209   1.55664667   6.05340267   1.32222501   3.11324147
[641]   2.74411506   4.63927490   5.43271674   2.92386246   4.04115853   6.74341949   3.48993706   1.49605402
[649]   0.14802402   0.75352193   5.93673767   4.67033417   0.24538825   5.76208311   3.50990993   5.18510969
[657]   3.56013399   2.49057569   2.66071798   4.38550465   1.01529152   3.78162652   3.62165805   2.17537698
[665]   0.10072666   1.28061661   5.35901717   4.21009682   2.99396908   0.89971862   0.73984820   5.26273703
[673]   0.50289134   2.70234100   2.38074601   2.10181866   5.47760690   3.47667343   1.58202581   5.62862632
[681]   2.77264898   2.45028610   5.05690198   3.09052111   1.17056919   0.33082134   3.50878203   2.68405684
[689]   0.93330628   1.11779095   0.80391528   3.70496073   1.37820778   4.28939027   1.13167973   0.41111339
[697]   0.93062239   3.49028697   0.40149287   2.46304923   3.89811586   4.57664387   1.98377700   3.55269199
[705]   2.31877318   1.82064730   1.75370219   2.45305121   3.42735518   2.84882679   3.50319243   1.26462318
[713]   3.50226205   2.54640184   3.08465879   2.32052852   1.26870730   2.44546942   1.74091007   1.43907301
[721]   2.93653795   2.55835602   0.08491847   2.32548297   1.81942039   0.17966510   2.19168621   1.31873901
[729]   0.03480327   1.05312518   0.94592790   1.20922146   1.72655097   1.23085154   0.29507614   0.80287877
[737]   0.32516061   0.26162691   0.17177122

$PAR
  [1]  NA   1   2   3   3   3   4   4   4   4   7   7   7   7   7   7   7   7  11  11  11  11  11   5   5  24  24   8
 [29]   8   8   8   6   6   6   6   6   6  26  38  38  38  38  38  38  27  27  27  27  12  12  28  28  28  28  51  13
 [57]  40  40  40   9   9   9   9  60  60  64  64  64  57  57  57  57  32  32  33  33  33  33  33  33  33  33  33  33
 [85]  33  33  33  56  56  56  56  56  56  25  61  95  95  95  95  95  95  95  95  95  75  46  46  46  46  76 105 105
[113] 105 105 105 105 105  41  10  10  10  88  88  88 111  14  14  14  14  69  69  69  69 110 110 110 110 110  67  70
[141] 139 139 139 139  97  97  48  48  48 112 112  58  58  58 118 118 152 152 152 152 152  20  20  20  20  20 154  98
[169]  98  98  52  52  52  52  52 168 168 168 168 134 134 134 134 134  68  68  68 162 122 122 122 122 122 122  55  55
[197] 185 185  73  73  73  73  73  73  73 199 199 113 113  65  79  79 206 206 206 206 126 126 126 208 100 100 120 120
[225] 200 200 200 200 218 218 218  15  15  15  15 163 141 141 141 141 141 135 188 188 232  50  50  50  50 223 223 223
[253]  59  59  89  89  89  80  80 101 121 121 121 121 121 261 261 261 245 245 245 245 245 164 164  63  63  63  63 246
[281] 246  72  72  72 176 176 142 142 142 142 142  16  16  16  16 114 258 258 258 196 155 269 269 131 136 136 157 292
[309] 292 292 107 201 201 201 201 201 293 293 170 170 170 285 189 230 158 158 158 158 165 165 165 165 325 325 325 325
[337] 325  35  35 263 263 263 263 234 300 300 288 340 340 282 282 282 137 137 137 137 324 243 243 243 341 186 197 226
[365] 147 147 147 345 345 368 115 115 190 326 326 319 159 159 159 159 159 181 231 231 231 302 302 109 109 109 109 235
[393] 146  54  54 308 308 308 276 276 276 125 125 382 382  82 312 312 312 116 116 396 396 374 374 374 374 330 330 317
[421] 187 187 187 187 150 150 247 247 247 124 124 369 369 369 280 363 363 363 388 160 160  22  22  22  22  22 203 203
[449] 203 203 436 436 342 414 414 364  74 204 204 399 313 313 313 171 171 171 171 437 437 437 437 451 451 138 351 351
[477] 351 351 253 393 227 227 290  29  29  29  29  29 484 484 484 251 251 172 172 172 172 242 370 370 323 373 373 357
[505] 236  83  83 461 461 461 461 461 438 438 320 415 322 322 322 307 307 448 448 177 177  92 255  84 513 464 378 378
[533] 254 440 456 456 533 311 531 453 347 480  85 522 166 166 166 166 452 387 387 412 544 361 361 267 521 521 248 355
[561] 355 355 355 191 264 264 475 475 475 380 380 228 228 517 517 481 481 143 143 143 256 381 381 381 442 102 332 332
[589]  42 554 554 554 402 465 587 222 474 421 390 390 390 490 490 516 516 516 532 178 556 593 535 535 441  43  43 539
[617] 539 327 129 129 611 611 304 304 337 337 337 239 559 559 265 265 265 628 413 514 599 504 504 616 192 595 397 397
[645] 573 492 291 530 215 473 476 476 476 581 617 148 384 384 328 103 103 551 546 615 615 515 309 596 561 561 561 486
[673] 486 365 365 151 583 466 638 459 459 629 423 423 680  93 509 509 562 564 672 656 656 524 683 149 425 555 419 613
[701] 503 477 405 321 429 610 610 668  36  36 495 701 498 657 704 704 585 541 409 409 283 575 684 715 710 688 714 714
[729] 682 716 716 664 578 733 639 728 284 144 738

$EXTANT
  [1] FALSE FALSE FALSE FALSE FALSE  TRUE FALSE  TRUE FALSE FALSE FALSE FALSE FALSE  TRUE  TRUE FALSE FALSE FALSE FALSE
 [20]  TRUE FALSE  TRUE FALSE FALSE FALSE FALSE FALSE FALSE FALSE FALSE FALSE  TRUE  TRUE FALSE  TRUE  TRUE  TRUE FALSE
 [39] FALSE FALSE FALSE FALSE  TRUE  TRUE FALSE FALSE FALSE  TRUE FALSE  TRUE FALSE  TRUE  TRUE  TRUE FALSE  TRUE FALSE
 [58] FALSE FALSE FALSE FALSE FALSE  TRUE FALSE FALSE FALSE FALSE  TRUE FALSE FALSE FALSE  TRUE  TRUE  TRUE  TRUE FALSE
 [77] FALSE FALSE  TRUE FALSE FALSE  TRUE  TRUE  TRUE  TRUE  TRUE  TRUE  TRUE  TRUE FALSE  TRUE  TRUE  TRUE FALSE  TRUE
 [96] FALSE FALSE FALSE FALSE FALSE  TRUE  TRUE  TRUE FALSE  TRUE FALSE FALSE FALSE  TRUE  TRUE FALSE  TRUE  TRUE  TRUE
[115] FALSE  TRUE  TRUE  TRUE FALSE FALSE FALSE  TRUE FALSE  TRUE  TRUE  TRUE  TRUE FALSE  TRUE FALSE FALSE FALSE  TRUE
[134] FALSE  TRUE  TRUE FALSE FALSE  TRUE FALSE  TRUE  TRUE  TRUE  TRUE FALSE FALSE  TRUE  TRUE  TRUE  TRUE  TRUE FALSE
[153] FALSE FALSE  TRUE FALSE  TRUE  TRUE  TRUE FALSE FALSE FALSE FALSE FALSE FALSE  TRUE FALSE  TRUE FALSE  TRUE  TRUE
[172]  TRUE  TRUE FALSE  TRUE FALSE  TRUE FALSE  TRUE FALSE FALSE FALSE FALSE  TRUE FALSE FALSE  TRUE  TRUE FALSE FALSE
[191]  TRUE  TRUE  TRUE  TRUE FALSE FALSE FALSE FALSE FALSE FALSE  TRUE FALSE  TRUE  TRUE  TRUE  TRUE FALSE FALSE FALSE
[210] FALSE FALSE  TRUE FALSE FALSE  TRUE  TRUE FALSE  TRUE  TRUE FALSE FALSE  TRUE  TRUE FALSE FALSE  TRUE  TRUE FALSE
[229] FALSE FALSE  TRUE FALSE FALSE  TRUE FALSE  TRUE  TRUE FALSE  TRUE  TRUE  TRUE  TRUE  TRUE FALSE FALSE  TRUE  TRUE
[248]  TRUE  TRUE  TRUE  TRUE  TRUE FALSE  TRUE  TRUE FALSE  TRUE  TRUE  TRUE  TRUE  TRUE FALSE  TRUE  TRUE  TRUE FALSE
[267] FALSE FALSE FALSE FALSE FALSE FALSE  TRUE  TRUE  TRUE  TRUE  TRUE  TRUE  TRUE  TRUE FALSE FALSE  TRUE  TRUE  TRUE
[286] FALSE FALSE FALSE FALSE  TRUE  TRUE  TRUE FALSE  TRUE FALSE  TRUE FALSE  TRUE  TRUE  TRUE FALSE  TRUE FALSE  TRUE
[305] FALSE  TRUE  TRUE  TRUE  TRUE  TRUE FALSE  TRUE  TRUE FALSE  TRUE  TRUE FALSE  TRUE  TRUE FALSE  TRUE  TRUE  TRUE
[324]  TRUE FALSE  TRUE  TRUE  TRUE  TRUE  TRUE  TRUE  TRUE  TRUE FALSE FALSE FALSE  TRUE  TRUE  TRUE FALSE FALSE FALSE
[343]  TRUE FALSE FALSE  TRUE  TRUE FALSE FALSE  TRUE  TRUE  TRUE FALSE FALSE  TRUE  TRUE FALSE FALSE  TRUE  TRUE  TRUE
[362]  TRUE  TRUE FALSE  TRUE  TRUE  TRUE FALSE  TRUE  TRUE FALSE FALSE  TRUE  TRUE  TRUE FALSE  TRUE FALSE  TRUE  TRUE
[381]  TRUE  TRUE  TRUE  TRUE  TRUE  TRUE  TRUE  TRUE  TRUE  TRUE  TRUE  TRUE FALSE  TRUE  TRUE FALSE  TRUE  TRUE  TRUE
[400] FALSE  TRUE FALSE  TRUE FALSE  TRUE  TRUE FALSE  TRUE  TRUE FALSE  TRUE FALSE FALSE  TRUE  TRUE FALSE  TRUE FALSE
[419]  TRUE  TRUE FALSE  TRUE  TRUE  TRUE  TRUE  TRUE FALSE  TRUE  TRUE  TRUE  TRUE FALSE  TRUE FALSE  TRUE FALSE  TRUE
[438]  TRUE  TRUE FALSE  TRUE  TRUE FALSE  TRUE  TRUE  TRUE FALSE  TRUE  TRUE  TRUE  TRUE FALSE FALSE  TRUE  TRUE  TRUE
[457] FALSE  TRUE FALSE FALSE  TRUE FALSE  TRUE FALSE  TRUE  TRUE  TRUE  TRUE  TRUE FALSE  TRUE FALSE  TRUE  TRUE  TRUE
[476]  TRUE FALSE  TRUE FALSE FALSE  TRUE  TRUE  TRUE  TRUE FALSE  TRUE  TRUE  TRUE FALSE  TRUE  TRUE  TRUE  TRUE  TRUE
[495]  TRUE  TRUE  TRUE FALSE  TRUE  TRUE  TRUE  TRUE  TRUE  TRUE FALSE  TRUE  TRUE  TRUE  TRUE  TRUE  TRUE  TRUE  TRUE
[514]  TRUE  TRUE  TRUE  TRUE FALSE  TRUE FALSE  TRUE  TRUE  TRUE FALSE  TRUE  TRUE  TRUE  TRUE  TRUE FALSE  TRUE  TRUE
[533]  TRUE  TRUE  TRUE  TRUE  TRUE  TRUE  TRUE FALSE  TRUE  TRUE  TRUE  TRUE  TRUE  TRUE  TRUE  TRUE  TRUE  TRUE  TRUE
[552]  TRUE  TRUE  TRUE  TRUE  TRUE  TRUE  TRUE  TRUE FALSE  TRUE  TRUE  TRUE  TRUE  TRUE  TRUE  TRUE FALSE  TRUE FALSE
[571]  TRUE  TRUE  TRUE  TRUE  TRUE FALSE  TRUE  TRUE  TRUE  TRUE  TRUE FALSE  TRUE  TRUE  TRUE  TRUE  TRUE  TRUE  TRUE
[590]  TRUE  TRUE  TRUE  TRUE  TRUE  TRUE  TRUE  TRUE  TRUE  TRUE  TRUE  TRUE  TRUE  TRUE FALSE FALSE  TRUE FALSE  TRUE
[609] FALSE FALSE  TRUE  TRUE  TRUE  TRUE  TRUE  TRUE  TRUE  TRUE  TRUE FALSE  TRUE  TRUE  TRUE  TRUE  TRUE  TRUE  TRUE
[628]  TRUE  TRUE  TRUE  TRUE  TRUE  TRUE  TRUE  TRUE  TRUE  TRUE  TRUE  TRUE  TRUE  TRUE  TRUE  TRUE  TRUE  TRUE  TRUE
[647]  TRUE  TRUE  TRUE  TRUE FALSE  TRUE  TRUE  TRUE  TRUE FALSE  TRUE  TRUE  TRUE  TRUE  TRUE  TRUE FALSE  TRUE  TRUE
[666]  TRUE FALSE  TRUE  TRUE  TRUE  TRUE  TRUE  TRUE  TRUE FALSE  TRUE  TRUE  TRUE  TRUE  TRUE  TRUE  TRUE  TRUE  TRUE
[685] FALSE  TRUE  TRUE  TRUE  TRUE  TRUE  TRUE  TRUE  TRUE  TRUE  TRUE  TRUE  TRUE  TRUE  TRUE  TRUE  TRUE  TRUE  TRUE
[704]  TRUE FALSE  TRUE  TRUE  TRUE  TRUE  TRUE  TRUE  TRUE  TRUE  TRUE  TRUE FALSE  TRUE  TRUE  TRUE  TRUE  TRUE  TRUE
[723]  TRUE  TRUE  TRUE  TRUE  TRUE  TRUE  TRUE  TRUE  TRUE  TRUE  TRUE  TRUE  TRUE  TRUE  TRUE  TRUE  TRUE

