
Birth-death simulation object with 737 species and 500 extant species

Details for some species:

Extinction times (NA means extant)
[1] 33.24557 36.56963 39.51446 45.93875 49.80902 54.74576


Speciation times 
[1] 80.35192 71.32116 63.33654 63.00362 68.98163 63.22853


Species parents (NA for initial)
[1] NA  1  1  1  2  2


Species status (extinct or extant)
[1] "extinct" "extinct" "extinct" "extinct" "extinct" "extinct"


For more details on vector y, try sim$y, with y one of
TE TS PAR EXTANT



$TE
  [1] 33.245568166 36.569628365 39.514461355 45.938745720 49.809019059 54.745757904  2.682450289 19.724783633
  [9] 37.623878180 52.461774527           NA 19.255045017 42.621637154 57.255046686           NA 32.835434300
 [17] 42.563878553 22.945124821           NA 14.245641364           NA           NA           NA           NA
 [25] 55.936069078 52.583958540 27.162674012 40.096238780  1.054475764 38.645206985           NA 25.982656729
 [33]           NA           NA 38.696977292           NA 10.537125479           NA 26.874493901 43.763282643
 [41]           NA           NA 18.731409788           NA 37.658444450           NA           NA 18.708440440
 [49] 23.904637950 21.639596371           NA 42.491487388           NA           NA 11.785143991           NA
 [57] 10.321874279 46.216403428 36.043251150  8.942556079           NA           NA 12.780170115           NA
 [65]           NA  6.171655519           NA           NA           NA  4.133656473  0.382548739           NA
 [73] 14.927648992 17.539308700  8.000034177           NA           NA           NA 30.055764381           NA
 [81]  8.989711954 42.949474952           NA           NA  4.198393087           NA 10.397568756           NA
 [89]           NA  4.455933975           NA 25.757129733 32.854459164 14.824613956 24.221829976           NA
 [97] 27.541070230 26.467163024           NA 30.837247179           NA 33.820016451 17.676856737 16.734061882
[105] 15.033657393 14.238032624 33.907953133 21.136656853 27.418394629           NA           NA           NA
[113]           NA 12.795823654 32.530672117 11.287239908 23.675061313           NA           NA 40.296898757
[121]           NA 33.409377808           NA 17.869142093           NA           NA  3.910240186           NA
[129]           NA           NA  5.612613591 26.976836601 30.338220810           NA 21.095696550  2.893777681
[137]           NA 37.139919912 28.338221941 21.388149690           NA           NA  5.318042398           NA
[145]           NA 16.545389954           NA 16.356905780 11.241204135  7.154172812 13.682737541 14.072578426
[153]           NA           NA           NA 13.545413193 14.678052986           NA           NA           NA
[161]           NA           NA           NA           NA           NA           NA           NA           NA
[169]  6.304895873           NA           NA 21.038646391 13.072565186  4.580253695  6.856777442           NA
[177]           NA 30.527496081           NA  4.943202483 16.934328371           NA 18.410077353 24.266686999
[185]           NA  2.920535558  5.597787913           NA           NA 10.593262089 16.732451017           NA
[193]           NA           NA           NA  6.407233076           NA           NA 21.301991849 25.668593294
[201]           NA           NA           NA           NA           NA           NA 27.038852714  2.506084568
[209]           NA  7.886207908 25.432348204           NA           NA           NA  8.424356658           NA
[217]  9.478387631  0.049394413           NA 29.862366779           NA  6.082491134           NA           NA
[225]           NA           NA           NA  3.181216725           NA  3.680357948           NA           NA
[233]           NA 15.003430680           NA  2.273689063 13.736888332 16.987824338 19.630609062 12.358767560
[241]           NA           NA           NA 10.284866087           NA 27.115309578 17.138597341  5.479522102
[249]           NA 19.397699535           NA           NA 25.252569185 20.550939901           NA           NA
[257] 17.031799260  2.703511350           NA 10.972201923           NA 17.381172925           NA           NA
[265]  3.199714913  3.289016785 13.247612751 14.268242351 15.539126970 13.032596618           NA 11.657776739
[273]  8.426132944           NA 16.093576621           NA           NA  8.563688035  2.929795327  7.455939751
[281] 17.935341147           NA 10.289440284           NA           NA 17.365071050 16.075901379  7.988155127
[289]  0.705096592           NA           NA           NA           NA           NA           NA  1.299977244
[297]           NA           NA           NA           NA  4.930003845           NA           NA           NA
[305]           NA           NA           NA           NA           NA           NA           NA  3.887732109
[313] 19.139610298           NA           NA 15.932867537           NA           NA           NA  7.494790346
[321]  9.045889814           NA           NA           NA  0.189849780           NA  1.506512907           NA
[329]           NA           NA           NA  0.735964924 10.224694638           NA           NA           NA
[337]  3.225031861           NA           NA           NA           NA 17.351525570           NA  8.620673979
[345]           NA           NA           NA           NA  4.506458944  6.477147640 12.373395231           NA
[353]           NA 10.399426676           NA           NA           NA           NA           NA           NA
[361]  0.011217376           NA  6.745208563           NA           NA           NA  2.613859874           NA
[369]           NA  0.173510988  3.928527048           NA  9.531192639           NA           NA  4.778129587
[377]  1.690162044           NA           NA  6.342165566  0.582394518           NA  7.892089330           NA
[385]           NA           NA           NA           NA           NA           NA           NA 11.956749700
[393]           NA  2.548167979 10.000668498           NA           NA           NA           NA           NA
[401]           NA           NA           NA           NA           NA           NA           NA           NA
[409]           NA  3.445623538           NA           NA           NA  0.742997362  7.923140917           NA
[417]           NA           NA           NA 12.636860127           NA           NA  4.128705516           NA
[425]           NA           NA           NA           NA  6.585525877           NA           NA           NA
[433]           NA           NA           NA           NA           NA  7.368146379           NA  0.591945596
[441]  5.863425429           NA           NA           NA           NA           NA           NA           NA
[449]           NA           NA  3.120705500           NA           NA           NA           NA  2.196501829
[457]           NA           NA           NA           NA           NA           NA           NA           NA
[465]           NA           NA           NA           NA           NA           NA           NA           NA
[473]           NA           NA  7.651624581           NA  1.650073018           NA           NA           NA
[481] 11.022610621           NA           NA 11.215559863           NA           NA  8.349623614  6.838717906
[489]           NA           NA  8.462544082           NA           NA           NA  9.571218781           NA
[497]           NA           NA           NA  1.867316884           NA           NA           NA           NA
[505]  6.485689052           NA           NA           NA           NA           NA           NA           NA
[513]           NA           NA           NA           NA  6.102409931           NA           NA           NA
[521]           NA           NA           NA           NA           NA           NA           NA           NA
[529]  9.904588563           NA           NA  4.292780296  0.104129695           NA           NA           NA
[537]           NA           NA           NA  0.107485003           NA  6.953956135           NA           NA
[545]           NA           NA           NA  6.385727789  8.378505401  0.676946134           NA           NA
[553]           NA           NA           NA           NA           NA           NA  7.105901728           NA
[561]  2.147471339           NA           NA           NA           NA           NA           NA           NA
[569]           NA           NA           NA           NA           NA  2.275145821           NA           NA
[577]           NA           NA           NA           NA  2.583107983           NA  0.253462103           NA
[585]           NA           NA  2.792867688           NA           NA           NA           NA           NA
[593]           NA           NA           NA           NA           NA           NA           NA           NA
[601]  8.433929316  4.479825592           NA           NA           NA           NA           NA           NA
[609]           NA           NA           NA           NA           NA           NA           NA           NA
[617]           NA           NA           NA           NA  0.216433039           NA  6.330763485           NA
[625]           NA           NA           NA           NA  4.131715754  0.007805088           NA           NA
[633]           NA           NA           NA           NA           NA           NA           NA           NA
[641]           NA           NA           NA           NA           NA           NA           NA           NA
[649]           NA           NA           NA           NA           NA           NA           NA           NA
[657]  0.907890265           NA           NA           NA           NA           NA           NA  1.629035466
[665]           NA           NA           NA  5.362382918           NA           NA           NA  2.861358802
[673]           NA           NA           NA  4.122174943           NA           NA           NA           NA
[681]           NA           NA           NA           NA           NA           NA           NA           NA
[689]           NA           NA           NA           NA           NA           NA           NA           NA
[697]           NA  0.081521051           NA           NA           NA           NA           NA           NA
[705]           NA           NA           NA           NA  1.457971546           NA           NA           NA
[713]  0.565790103           NA           NA           NA           NA           NA           NA           NA
[721]           NA           NA           NA           NA           NA           NA           NA           NA
[729]           NA           NA           NA           NA           NA           NA           NA           NA
[737]           NA

$TS
  [1] 80.351919689 71.321161119 63.336537955 63.003619066 68.981634524 63.228529022 57.089467529 53.514536737
  [9] 43.712554887 58.294350072 39.527234450 59.979569964 57.393598916 60.127774342 59.001038764 53.844347550
 [17] 57.432747312 31.946226654 44.818148707 37.946737587 35.619711737 16.895129725 14.846949398  0.025840339
 [25] 55.949460488 54.120718377 51.020713729 55.199810084 45.222531068 44.769198652 38.499980662 31.431827923
 [33] 15.848291096 10.384447978 54.043247741 46.562326983 50.513681037 48.000336652 52.685594317 52.224558419
 [41] 45.382724488 37.265827693 33.214364802 23.135158819 45.011453299 38.680123478 34.106888353 32.644845481
 [49] 46.297317996 32.623016379 49.469381691 46.064704041 45.929654336 45.392559848 34.560707573 26.981204020
 [57] 17.767655243 48.778929683 45.193972108 32.089445661 17.600152340 13.419009914 13.232919345 13.017990602
 [65]  2.262446763 40.693875774 34.007185199 33.801008012 28.836247465 18.887061618  7.601025543  3.926278121
 [73] 23.992839445 19.389730970 17.364258164 17.246635606  5.686562099  5.437821155 34.834475444 32.863558881
 [81] 30.769108121 43.188874850 41.547093259  7.675121445 41.326190794 31.085417301 10.874621788  9.928826163
 [89]  1.330795525 40.775334157  2.425655885 44.237937152 43.341431387 44.322724953 43.291654220 42.171083125
 [97] 42.056907822 40.675484018 40.167186085 31.712388975 43.835364929 41.118084253 43.232586850 27.511863933
[105] 20.846232922 17.739015400 35.051737768 34.964168971 28.529409841 19.497722127 11.430526927  7.866584050
[113] 42.736149665 37.924911419 40.499752426 26.273105314 32.076883503 25.810539169 24.105079920 40.910905368
[121] 20.324416750 40.534832561 24.945632285 22.967500495 15.869350802 15.475083372 10.453237636  7.828663561
[129]  0.248471854  0.161832767 35.507922855 34.810421464 34.062563318 33.410558941 21.548744578 13.938334499
[137]  5.242349505 39.858354784 37.427073822 23.221086270 17.903404163 17.706834462  7.366153451 34.329326237
[145] 33.520650074 28.187188263 24.651604139 18.183584322 13.919770375  9.297578104 37.722311569 31.404478284
[153] 39.308856769 36.476203295 34.341386216 29.935978029 29.912838436 12.876893546  2.331168050  0.024771346
[161] 23.406305588  7.799354714  5.403517430  1.002931252 34.751177298 19.610487985 16.780471288 10.157531814
[169] 13.103579955  7.865323021  6.566142399 30.424266244 25.980546547 22.560065526 19.979532219 15.100630664
[177] 14.715518749 31.037474150 27.901067054 33.071434479 30.929129105 12.705924238 35.807654172 27.898468538
[185] 20.142548322 14.771500169 12.130030242  5.148258477 35.447856834 25.948325148 27.766763225 16.226900259
[193]  7.408675311 25.305909871 12.464241296  8.120514791  4.365235098 27.292946869 32.735550577 30.846308668
[201] 18.100279805 20.183737075 23.074713754 17.832629843 15.704117639 15.168441923 32.748013889 30.200156517
[209] 19.516132096 16.949834222 27.795084110 18.661393998  7.896712543 22.183202366 13.399346779 11.005415113
[217] 25.372228436  6.355130561  0.891615162 31.217031110 30.114731765 16.239378392 15.471586623  6.804908341
[225]  5.520561164  5.106036168 21.105102700 13.122098100  7.819881098  6.657969289  5.531152267  2.876115552
[233] 27.277891124 23.036225939 16.086199207  9.689913822 28.854877921 22.411734198 20.556262602 27.117032034
[241] 27.008273851 26.660361845 29.607430680 19.861002551 18.150323578 30.103810176 27.556242890  8.312472625
[249]  0.943544249 23.906320224 18.494151102 17.656350450 30.814656101 29.136442232 26.599599740 10.173130525
[257] 19.142609233  5.691163497 15.477152481 12.069595333 29.593781481 21.362931260 17.739348735 17.290513257
[265] 14.758944677  8.379629220 23.509163607 26.937609632 25.054537756 13.858607067 26.500279736 25.402618270
[273] 20.670794143 19.242726482 17.015860477  5.183420429 21.687470952 17.961295385 16.731861182 26.050010151
[281] 20.012662811 13.759829956 12.929594978  4.011543054 26.292334400 19.597523672 23.936430026 17.938177666
[289] 25.091754886  1.523564942  6.763332608  5.239409996  0.817383341 24.934394571  3.011321497 17.114878589
[297]  4.923323909 26.573094726 15.655343216 23.206337393 10.164170080  9.341009479  7.896240655 18.348564152
[305] 13.393992526  8.437964865  6.570946670 11.545179078 11.200397985 20.452442724 16.064009793 22.826451016
[313] 19.734857081 12.731275493  1.589281609 19.668071392  5.443170186 25.025021911 22.624514291  9.677422534
[321]  9.065008222  5.430094914  5.408856745 11.068423866  9.437360713  7.560463330  7.226998781  8.239425059
[329]  3.710480995  0.850204599  7.179731865  0.781175311 18.040148995 15.144418182  3.756911776 20.336582806
[337]  8.516947903  1.807504931  1.464098950  0.750601432 16.944655329 19.369129586 17.714621571 17.637118513
[345] 14.559220776 18.209179948  5.719581359 17.514566248 16.281816856 15.430481857 15.171630973  5.227848510
[353]  2.291991235 19.547140956  1.547290297 17.920352680 19.814372779 19.484164756  8.796773742  0.474101402
[361] 19.134604092  9.268354233  8.124103516  7.022797632  6.019075952 19.461761086  3.373162010  2.766184057
[369] 15.237565577 18.608681738 17.955093581 17.829792692 12.408492906 18.962475328  9.629416984 10.195756931
[377] 17.886354255 19.064402898 15.515045329  8.433547865 19.565503038  2.720181811  8.522044690  6.915934355
[385] 14.099932867 19.230161741  8.112415405  4.381385052  9.993925788 15.140020863  4.640666638 12.345678498
[393] 13.867841782  9.907953255 13.669956244 18.475102824 18.536444103  8.507299108  2.702144004  1.796302351
[401] 12.414113523  7.975632364 16.105129541 14.682143409  1.749532292  0.014609380 10.840404826  9.047477931
[409]  7.503323668 17.762528051 14.848017849 14.516664253 10.636081545 12.563351054 11.072851882  6.669675020
[417]  5.199273961 12.998435020  1.618995253 15.989155525 14.122039396 12.217927376 11.784794639  5.727512945
[425] 16.100712001 16.189309650 15.399707204 10.491942481  8.390856504 13.862636475 17.186884770 14.477099592
[433] 16.761888240  2.150806369  4.842290764 17.007843492 16.337746301  8.920201736  6.566418538  3.182329729
[441]  8.956158144  4.943402633  1.453149072  0.079892142 16.496109393 12.535605681 15.443583433  7.691994743
[449]  5.548297724  4.260924792  7.109046959  5.030744732 15.260039263 10.000179301  8.072224816  3.965115839
[457]  0.665303169  5.173271992  4.597877427  5.267766443  4.989302483  1.229505500 13.357373796  2.702218326
[465] 11.814278070 10.196274560  8.798549323 10.740201103  8.617266034  0.007369657  3.704125667  1.579507281
[473]  1.176479025  9.152185615  8.352377918  4.975367315  3.422231975  1.522162327  8.942550394  4.835610791
[481] 14.073410428 11.192629874  3.938362404 14.141876397  9.406005589  3.088402662 11.827124102  6.982038516
[489]  1.353708008  0.153357304  9.243669664  4.223334296  1.284275344  4.756615875 10.686782526  4.358901608
[497]  9.093567469 13.709374615  8.967935380  3.366036422 13.287864208  7.855529983 14.622363697 13.124382982
[505]  9.441804939  7.221660457  4.826392758  7.537176952  3.172665726  0.197954023  3.201829926  3.248722803
[513]  9.363435152  8.447458483  0.039876683 14.036267939 13.716361567  5.949392343 13.199546774 12.389344902
[521] 12.086708946 13.285225242 13.357980139  4.435244939  0.287651988 12.693125845 10.914189571 13.040355624
[529] 12.500760865  4.979536993  2.558169620 12.135830134  5.412851329  1.805314160  8.741190330  5.410879355
[537]  4.170721115 11.095678406  4.314487795  5.589081936  0.869316983  9.282312201  3.965136836 12.297808210
[545] 10.718466979 11.259574418  2.033075335 12.691663427 11.620289557  1.765225744  6.741612663  1.929119423
[553] 11.659402032 10.995452090  4.242157724 10.245961466  2.878657275  3.786908176 12.189334062  7.002152732
[561]  6.441925530 11.158639307  4.793307493  3.297461658  1.791789356  7.448176238  5.122383795  7.622053066
[569]  2.418290139  0.062835012 10.006374713  7.571539680  9.390572808  8.858046998  5.606929318  2.151291467
[577]  4.291922937  4.711701694  0.083998834  4.917279027  8.292594252  2.503157840  6.802225744  6.247781089
[585]  8.000346822  4.734405176  4.723500285  0.084219922  2.300206688  7.522717555  1.110451433  9.748872587
[593]  6.958645939  5.345416163  8.954727229  2.514409831  5.844411947  3.302750238  8.100037050  5.433764044
[601]  9.036162852  8.093374923  2.488184292  1.654824181  8.193918969  7.660030001  8.485189206  5.126056315
[609]  4.600152837  8.240932036  2.388386280  0.759937950  7.561428880  3.954634807  4.031992509  3.059896946
[617]  1.370040005  1.163883720  6.305481864  2.670445200  2.257388552  1.615685835  8.113185269  4.851291430
[625]  2.798603693  1.986874655  6.622549739  8.270861993  7.504317421  5.782242072  3.221038407  7.332028683
[633]  7.391333867  5.934715652  6.772404413  2.909330989  1.633389145  5.651855068  3.048626160  1.945741963
[641]  7.579118596  7.326973976  4.654643366  2.596346632  1.344837589  4.338078973  1.457140369  5.878108940
[649]  7.828877612  6.329579466  1.068796198  1.366844266  2.722361669  7.151288039  2.584372727  1.652355724
[657]  1.245388796  2.569126742  1.625146280  4.888779944  3.725920859  2.522594897  1.343963868  5.665529493
[665]  0.761924592  0.135299161  1.940924495  6.256835948  3.862186802  2.308423651  2.611073401  6.560350597
[673]  6.068222266  0.848618359  3.641620606  5.479602338  0.703626155  1.885833332  2.090872362  1.119733493
[681]  2.293061829  3.308045003  5.178249795  3.454652097  3.099004740  4.544193702  4.435039222  1.112373903
[689]  0.016149810  2.764174194  3.501327218  1.234144933  0.408144864  0.646175652  3.557617837  3.494102844
[697]  1.292333538  4.723020346  2.639450340  3.666853938  2.901607929  1.664020638  1.093366202  4.165382955
[705]  2.066171435  1.557844368  0.097131746  0.569086636  4.216637917  0.605181400  1.234965239  3.068726546
[713]  1.460675007  2.204484592  2.526512407  1.890592684  1.382775823  0.174935176  2.961132185  0.082347677
[721]  2.444263917  1.580289064  2.434320870  0.952764783  0.209852769  1.681741937  0.404966507  0.753862370
[729]  1.615812125  1.477864332  1.579987521  1.592582371  1.482172083  0.551247751  0.381937477  1.037029977
[737]  0.922114716

$PAR
  [1]  NA   1   1   1   2   2   2   2   2   3   3   6   6   4   4   4  12  12  15  15  15  15  15  15  17  17  17  13
 [29]   7   7   7   7   7   7  28  28  35  35  16  16  16  16  16   8  39  39  39  39  27  27  37  37  37  37  37  37
 [57]  37  51  51  51  51  51  51  51  51  38  38  38  38  38  38  38  36  36  36  36  36  36  49  49  49  53  53  53
 [85]  54  54  54  54  54  41  41  29  29  59  59  59  59  59  45  19  30  30  94  94  94  94 101 101 101 101 101 101
[113]   9   9  95  95 103 103 103 113 113  96  96  96  96  96  96  96  96  96  83  83  83  83  83  83  83  85  85  85
[141]  85  85  85 102  90  90  90  90  90  90  66  66  98 115 115  99  99  99  99  99  11  11  11  11 153 153 153  46
[169]  31  31  31  20  20  20  20  20  20 114 151 139  42  42 154 154 154 154 154 154 183 183  21  21  21 131 131 131
[197] 189 108  79 165 165  55 155 155 155 155 144 144 144 144  47  47  47  67  67  67  68  68  68 145 145 145 145 145
[225] 145 145 134 134 134 134 134 134  43  43 180 180 207 199  48  18  18  32 152 152 152  86  86  86  86 181 181 181
[253] 200 253 253  81 208 208 221 221 156 156 156 156 156 243 261 237 237 237  69  69  69  69  69  69 146 146 146 179
[281] 179 179 179 179 211 247 104 104 198 198 233 233 233 240 241  56  56 268 268 242 242 242 255 298 298 298 298 271
[309] 271 285 280 190 190 118 118 272 194 289 289 289 289 289 289 318 318 318 318 123 123 123 294 294 147 147 147 119
[337] 119 119 119 119  73 287 267 267 161 300 300  44  44  44  44  44  44 203 203 234 124 312 312 319 174 174 214 277
[365] 277 262 227 227 105 273 273 273 273 310 336 185 175 244 244 357 313 166 381 381 354 209 209 110 358 366 274 386
[393] 378 378  70 212 370 370 370 397 251 251 396 396 396 396 304 304 346 148 201 201 278 371 371 371 371 356 141 377
[421] 204 372 372 372  57 410 410 410 410 263 142 142 252 252  61  76  76 431 431 431 296 296 436 436 210 210 341 341
[449]  22  22 167 167 433 433 433 433 433 279 279 445 445 445 437 437 349 349 349 192 426 426 403 425 425 311 311 311
[477] 311 311 125 125  33 205 299 259 259 259 126 126 126 126 223 223 223 447 427 453 369 206 334 334 390 390 176 176
[505] 176 176 176 411 411 411 186 265 404 404 503 412 432 432 421 421 481 516 136 393 393 517 517  62  62  62  62 523
[533] 523 523 463 463 463 522 519 504 504 228 228 169 169 528 528 158 314 314 548 446 195 195 195 401 401 520 392 422
[561] 532 187 521 521 521 465 465 423 553 553 111 111 546 482 482 482 562 324 324 216 554 468 428 428 466 466 466 466
[589] 256 168 571 389 389 389 592 592 236 236 375 375 505 485 573 573 513 513 542 362 362 497 497 408 595 479 574 467
[617] 467 467 359 535 535 535 469 469 469 469 337 398 514 306 306 380 266 266 628 628 628 605 605 605 387 387 602 455
[645] 455 585 402 213 502 502 229 448  84 613 326 508 508 590 409 566 193 642 642 506 506 331 583 635 551 551 416 627
[673] 171 171 672 561 218 365 634 634 347  77 575 225 322 533 536 460 417 276 683 226 530 297 624 624 624 480 507 563
[701] 563 578 643 687 197 197 197 496 450 555 537 543 558 329 471 675 684 631 639 701 464 671 655 531 715 353 353 434
[729] 679 679 552 716 716 622 711 692 462

$EXTANT
  [1] FALSE FALSE FALSE FALSE FALSE FALSE FALSE FALSE FALSE FALSE  TRUE FALSE FALSE FALSE  TRUE FALSE FALSE FALSE  TRUE
 [20] FALSE  TRUE  TRUE  TRUE  TRUE FALSE FALSE FALSE FALSE FALSE FALSE  TRUE FALSE  TRUE  TRUE FALSE  TRUE FALSE  TRUE
 [39] FALSE FALSE  TRUE  TRUE FALSE  TRUE FALSE  TRUE  TRUE FALSE FALSE FALSE  TRUE FALSE  TRUE  TRUE FALSE  TRUE FALSE
 [58] FALSE FALSE FALSE  TRUE  TRUE FALSE  TRUE  TRUE FALSE  TRUE  TRUE  TRUE FALSE FALSE  TRUE FALSE FALSE FALSE  TRUE
 [77]  TRUE  TRUE FALSE  TRUE FALSE FALSE  TRUE  TRUE FALSE  TRUE FALSE  TRUE  TRUE FALSE  TRUE FALSE FALSE FALSE FALSE
 [96]  TRUE FALSE FALSE  TRUE FALSE  TRUE FALSE FALSE FALSE FALSE FALSE FALSE FALSE FALSE  TRUE  TRUE  TRUE  TRUE FALSE
[115] FALSE FALSE FALSE  TRUE  TRUE FALSE  TRUE FALSE  TRUE FALSE  TRUE  TRUE FALSE  TRUE  TRUE  TRUE FALSE FALSE FALSE
[134]  TRUE FALSE FALSE  TRUE FALSE FALSE FALSE  TRUE  TRUE FALSE  TRUE  TRUE FALSE  TRUE FALSE FALSE FALSE FALSE FALSE
[153]  TRUE  TRUE  TRUE FALSE FALSE  TRUE  TRUE  TRUE  TRUE  TRUE  TRUE  TRUE  TRUE  TRUE  TRUE  TRUE FALSE  TRUE  TRUE
[172] FALSE FALSE FALSE FALSE  TRUE  TRUE FALSE  TRUE FALSE FALSE  TRUE FALSE FALSE  TRUE FALSE FALSE  TRUE  TRUE FALSE
[191] FALSE  TRUE  TRUE  TRUE  TRUE FALSE  TRUE  TRUE FALSE FALSE  TRUE  TRUE  TRUE  TRUE  TRUE  TRUE FALSE FALSE  TRUE
[210] FALSE FALSE  TRUE  TRUE  TRUE FALSE  TRUE FALSE FALSE  TRUE FALSE  TRUE FALSE  TRUE  TRUE  TRUE  TRUE  TRUE FALSE
[229]  TRUE FALSE  TRUE  TRUE  TRUE FALSE  TRUE FALSE FALSE FALSE FALSE FALSE  TRUE  TRUE  TRUE FALSE  TRUE FALSE FALSE
[248] FALSE  TRUE FALSE  TRUE  TRUE FALSE FALSE  TRUE  TRUE FALSE FALSE  TRUE FALSE  TRUE FALSE  TRUE  TRUE FALSE FALSE
[267] FALSE FALSE FALSE FALSE  TRUE FALSE FALSE  TRUE FALSE  TRUE  TRUE FALSE FALSE FALSE FALSE  TRUE FALSE  TRUE  TRUE
[286] FALSE FALSE FALSE FALSE  TRUE  TRUE  TRUE  TRUE  TRUE  TRUE FALSE  TRUE  TRUE  TRUE  TRUE FALSE  TRUE  TRUE  TRUE
[305]  TRUE  TRUE  TRUE  TRUE  TRUE  TRUE  TRUE FALSE FALSE  TRUE  TRUE FALSE  TRUE  TRUE  TRUE FALSE FALSE  TRUE  TRUE
[324]  TRUE FALSE  TRUE FALSE  TRUE  TRUE  TRUE  TRUE FALSE FALSE  TRUE  TRUE  TRUE FALSE  TRUE  TRUE  TRUE  TRUE FALSE
[343]  TRUE FALSE  TRUE  TRUE  TRUE  TRUE FALSE FALSE FALSE  TRUE  TRUE FALSE  TRUE  TRUE  TRUE  TRUE  TRUE  TRUE FALSE
[362]  TRUE FALSE  TRUE  TRUE  TRUE FALSE  TRUE  TRUE FALSE FALSE  TRUE FALSE  TRUE  TRUE FALSE FALSE  TRUE  TRUE FALSE
[381] FALSE  TRUE FALSE  TRUE  TRUE  TRUE  TRUE  TRUE  TRUE  TRUE  TRUE FALSE  TRUE FALSE FALSE  TRUE  TRUE  TRUE  TRUE
[400]  TRUE  TRUE  TRUE  TRUE  TRUE  TRUE  TRUE  TRUE  TRUE  TRUE FALSE  TRUE  TRUE  TRUE FALSE FALSE  TRUE  TRUE  TRUE
[419]  TRUE FALSE  TRUE  TRUE FALSE  TRUE  TRUE  TRUE  TRUE  TRUE FALSE  TRUE  TRUE  TRUE  TRUE  TRUE  TRUE  TRUE  TRUE
[438] FALSE  TRUE FALSE FALSE  TRUE  TRUE  TRUE  TRUE  TRUE  TRUE  TRUE  TRUE  TRUE FALSE  TRUE  TRUE  TRUE  TRUE FALSE
[457]  TRUE  TRUE  TRUE  TRUE  TRUE  TRUE  TRUE  TRUE  TRUE  TRUE  TRUE  TRUE  TRUE  TRUE  TRUE  TRUE  TRUE  TRUE FALSE
[476]  TRUE FALSE  TRUE  TRUE  TRUE FALSE  TRUE  TRUE FALSE  TRUE  TRUE FALSE FALSE  TRUE  TRUE FALSE  TRUE  TRUE  TRUE
[495] FALSE  TRUE  TRUE  TRUE  TRUE FALSE  TRUE  TRUE  TRUE  TRUE FALSE  TRUE  TRUE  TRUE  TRUE  TRUE  TRUE  TRUE  TRUE
[514]  TRUE  TRUE  TRUE FALSE  TRUE  TRUE  TRUE  TRUE  TRUE  TRUE  TRUE  TRUE  TRUE  TRUE  TRUE FALSE  TRUE  TRUE FALSE
[533] FALSE  TRUE  TRUE  TRUE  TRUE  TRUE  TRUE FALSE  TRUE FALSE  TRUE  TRUE  TRUE  TRUE  TRUE FALSE FALSE FALSE  TRUE
[552]  TRUE  TRUE  TRUE  TRUE  TRUE  TRUE  TRUE FALSE  TRUE FALSE  TRUE  TRUE  TRUE  TRUE  TRUE  TRUE  TRUE  TRUE  TRUE
[571]  TRUE  TRUE  TRUE FALSE  TRUE  TRUE  TRUE  TRUE  TRUE  TRUE FALSE  TRUE FALSE  TRUE  TRUE  TRUE FALSE  TRUE  TRUE
[590]  TRUE  TRUE  TRUE  TRUE  TRUE  TRUE  TRUE  TRUE  TRUE  TRUE  TRUE FALSE FALSE  TRUE  TRUE  TRUE  TRUE  TRUE  TRUE
[609]  TRUE  TRUE  TRUE  TRUE  TRUE  TRUE  TRUE  TRUE  TRUE  TRUE  TRUE  TRUE FALSE  TRUE FALSE  TRUE  TRUE  TRUE  TRUE
[628]  TRUE FALSE FALSE  TRUE  TRUE  TRUE  TRUE  TRUE  TRUE  TRUE  TRUE  TRUE  TRUE  TRUE  TRUE  TRUE  TRUE  TRUE  TRUE
[647]  TRUE  TRUE  TRUE  TRUE  TRUE  TRUE  TRUE  TRUE  TRUE  TRUE FALSE  TRUE  TRUE  TRUE  TRUE  TRUE  TRUE FALSE  TRUE
[666]  TRUE  TRUE FALSE  TRUE  TRUE  TRUE FALSE  TRUE  TRUE  TRUE FALSE  TRUE  TRUE  TRUE  TRUE  TRUE  TRUE  TRUE  TRUE
[685]  TRUE  TRUE  TRUE  TRUE  TRUE  TRUE  TRUE  TRUE  TRUE  TRUE  TRUE  TRUE  TRUE FALSE  TRUE  TRUE  TRUE  TRUE  TRUE
[704]  TRUE  TRUE  TRUE  TRUE  TRUE FALSE  TRUE  TRUE  TRUE FALSE  TRUE  TRUE  TRUE  TRUE  TRUE  TRUE  TRUE  TRUE  TRUE
[723]  TRUE  TRUE  TRUE  TRUE  TRUE  TRUE  TRUE  TRUE  TRUE  TRUE  TRUE  TRUE  TRUE  TRUE  TRUE

