
Birth-death simulation object with 686 species and 500 extant species

Details for some species:

Extinction times (NA means extant)
[1] 71.82738 27.87418 46.62474 50.99303 50.65631 40.69903


Speciation times 
[1] 81.52091 71.87654 69.67117 63.42905 51.56529 48.57021


Species parents (NA for initial)
[1] NA  1  2  2  2  2


Species status (extinct or extant)
[1] "extinct" "extinct" "extinct" "extinct" "extinct" "extinct"


For more details on vector y, try sim$y, with y one of
TE TS PAR EXTANT



$TE
  [1] 71.82737910 27.87418421 46.62474003 50.99303240 50.65630836 40.69903022          NA 44.07669310 43.01633242
 [10] 12.20906646 49.95168249 43.69969701 47.66333217 44.40419870 45.40051031          NA 49.55507882 15.05804628
 [19]          NA 30.67139879 23.33770181 22.61033812 34.26730906 16.99410378 31.33218467          NA          NA
 [28]          NA          NA 22.85711190          NA 36.69333384          NA 36.47097742          NA 35.00142798
 [37] 37.50335737 18.38400501 20.45364087  8.97454571          NA          NA 50.20663273 22.62345412 24.36466647
 [46] 43.29709543 36.75340989 28.88604818          NA          NA 28.15404206 39.45019683 25.32664291 19.61033910
 [55]  8.66109658          NA          NA          NA          NA          NA          NA          NA          NA
 [64] 26.70558915 42.88504029 27.98935181 42.91582423 46.25897668 39.73873958 20.90199245 35.06097623 24.25418888
 [73]  2.95376944          NA 34.10627889  5.29311147 27.26255277          NA  2.30157713          NA  2.51619233
 [82] 17.67889386 24.61282103  6.12752532          NA          NA 26.33060630  5.25965390 13.89462957          NA
 [91] 26.37391111 22.26835672  7.93372517 17.58311289          NA          NA          NA  3.08251288 13.10672521
[100]  0.09984877          NA          NA          NA          NA 15.89312419 12.75273800  1.95101094  7.47983701
[109]          NA          NA          NA          NA  5.65511222          NA          NA 26.43891559          NA
[118] 22.31559103 26.07756134 29.27508911 13.16601144 14.29963940          NA          NA          NA 14.63532722
[127] 20.98871482 25.33727936          NA          NA          NA          NA          NA  8.94326266          NA
[136]          NA          NA 11.27526103          NA          NA          NA 11.94996962          NA 19.79346122
[145]          NA 11.93176684 13.98509636          NA 17.74860952  5.34647650          NA          NA          NA
[154]          NA 17.89500740          NA          NA          NA          NA 17.06734035          NA          NA
[163] 25.25442611  1.86343887  7.79351392          NA 11.45312843 28.02793907  9.80352208  2.25192341  5.25807264
[172]          NA          NA          NA  9.53638896          NA          NA          NA          NA          NA
[181] 25.99905985          NA          NA          NA          NA 27.40370688          NA          NA  6.29605662
[190]  8.82467118 13.21805056          NA          NA          NA 12.29044967          NA          NA          NA
[199]          NA  5.81402563          NA          NA          NA          NA          NA          NA          NA
[208]          NA 14.47558289  0.59429078          NA          NA          NA          NA 15.27564855          NA
[217]          NA  5.26287908          NA          NA          NA  8.13023436          NA          NA          NA
[226]          NA  9.64461884 12.23586107          NA 12.07364670          NA          NA  4.96991749          NA
[235]          NA          NA          NA          NA          NA          NA          NA 12.01464847  9.75082149
[244]          NA  5.44978785  1.04716658 18.23324918          NA          NA  8.77592770  1.83784954          NA
[253]          NA          NA          NA          NA          NA          NA          NA          NA          NA
[262]          NA          NA          NA          NA          NA          NA  3.55177018          NA  1.43303737
[271]          NA          NA          NA  5.28015772  2.21786214          NA          NA          NA          NA
[280] 19.57468215          NA          NA          NA          NA          NA          NA          NA 11.39995996
[289]          NA  2.47177861          NA 14.95945638          NA          NA          NA 18.18605935          NA
[298]          NA          NA 11.80239807 11.32973784 10.89441082          NA          NA          NA  6.54448169
[307]          NA          NA  4.15224151          NA          NA          NA          NA          NA          NA
[316]          NA          NA 13.91477069          NA          NA          NA          NA  6.62189066          NA
[325]          NA          NA  2.11695512          NA          NA          NA          NA          NA          NA
[334]          NA  8.28563720          NA          NA          NA  2.29021481          NA          NA          NA
[343]          NA          NA          NA          NA          NA          NA          NA          NA          NA
[352]          NA 10.79489143          NA          NA          NA          NA          NA  0.75230960          NA
[361]          NA          NA          NA  4.65563575 17.07793092 14.42202463          NA          NA          NA
[370]  7.27657786          NA          NA  4.99306933          NA          NA          NA          NA          NA
[379]          NA          NA          NA          NA          NA          NA          NA  1.81850317          NA
[388]          NA          NA          NA  3.12537140          NA          NA          NA          NA          NA
[397]          NA          NA          NA          NA          NA          NA          NA 10.69330862 11.51387413
[406]  9.84737650          NA 10.96957330  9.26597535          NA          NA          NA          NA          NA
[415]  0.72092370          NA          NA  3.74250694          NA  3.47786284  0.44302913          NA          NA
[424] 10.33347128          NA          NA          NA          NA          NA          NA          NA          NA
[433]          NA  0.88471590  0.44529234          NA          NA  4.70912550  8.72175220          NA          NA
[442]          NA          NA          NA  1.00534495          NA 12.98578883          NA          NA          NA
[451]          NA          NA  2.59192604          NA          NA          NA          NA          NA  4.28000730
[460]          NA          NA          NA          NA          NA          NA          NA          NA          NA
[469]          NA          NA          NA          NA          NA          NA  1.66681609          NA          NA
[478] 10.99219214          NA          NA          NA          NA          NA  7.35125387          NA          NA
[487]          NA          NA          NA          NA          NA          NA          NA          NA          NA
[496]  6.69762435          NA          NA          NA          NA  4.92373125          NA          NA          NA
[505]          NA          NA          NA          NA          NA          NA          NA          NA          NA
[514]          NA          NA          NA          NA          NA  2.95423605  4.86243981  7.02233807          NA
[523]          NA          NA          NA          NA  3.42775214          NA          NA          NA          NA
[532]          NA          NA          NA          NA          NA          NA          NA  0.07267099          NA
[541]          NA          NA          NA          NA          NA          NA          NA          NA          NA
[550]          NA          NA          NA          NA          NA          NA          NA          NA          NA
[559]          NA          NA          NA          NA          NA          NA          NA          NA          NA
[568]          NA          NA          NA          NA          NA          NA          NA          NA  3.97597053
[577]          NA          NA          NA          NA          NA          NA          NA          NA          NA
[586]          NA          NA          NA          NA          NA          NA          NA          NA          NA
[595]          NA  4.00755411  1.36977432          NA  0.51187807          NA          NA          NA          NA
[604]          NA          NA          NA          NA          NA          NA          NA          NA          NA
[613]          NA          NA          NA          NA          NA          NA          NA          NA          NA
[622]          NA          NA          NA          NA          NA          NA          NA          NA          NA
[631]          NA          NA          NA          NA          NA          NA          NA          NA          NA
[640]          NA          NA          NA          NA          NA          NA          NA          NA          NA
[649]          NA          NA          NA          NA          NA          NA          NA          NA  1.52277491
[658]          NA          NA          NA          NA          NA          NA          NA          NA          NA
[667]          NA          NA          NA          NA          NA          NA          NA          NA          NA
[676]          NA          NA          NA          NA          NA          NA          NA          NA          NA
[685]          NA          NA

$TS
  [1] 81.52091346 71.87653724 69.67117186 63.42904674 51.56529312 48.57021411 55.09997433 63.19636523 60.34091146
 [10] 52.79302936 61.04765164 55.24414752 54.52614985 53.18364380 58.69396820 58.28269310 50.91976286 44.59603448
 [19] 44.42003829 51.87394183 43.22501258 42.49455961 36.47222746 34.27584531 31.39302405 25.81388938 25.71365927
 [28] 23.16822202 19.74435834 51.45479664 50.52795954 45.85578291 41.19417223 38.46856811  7.41819323 52.75820201
 [37] 48.93993040 39.30343251 37.64729346 23.48157467 21.10034408 15.56390233 51.44165885 26.92135834 50.75034579
 [46] 49.06879305 40.18370470 34.90077207 29.91288703 49.09387291 41.20724235 40.05580221 40.04301167 32.37210427
 [55] 30.40003792 28.14115356 24.75520482 18.79660266  6.44906816 43.83592831 16.18911114  5.98736937  5.16033728
 [64] 46.89763709 45.56624930 44.65348901 46.26318643 46.38091272 44.55267627 39.20338646 38.78133169 36.94878738
 [73] 31.09872476 39.44622559 36.42081636 30.42241271 38.19247550 29.15086623 39.60443672 37.99664052 36.85520478
 [82] 31.72695558 24.79471815 14.65544382 10.12909166 39.51843548 42.03031459 25.70384077 22.93638389 38.55861646
 [91] 36.42299854 28.91276394 24.19447742 21.12518021 12.82325283 34.18091727 17.94612556 37.11286871 21.07824598
[100]  4.11072957  3.51395426 26.86018041 25.45352484 15.99056958 34.18974399 29.32593055 23.49653417 23.32678892
[109] 22.70679512 33.85573422 27.77739040 20.97804549 14.63281769 12.59573053  7.86182499 27.61565353 37.15127606
[118] 33.51985521 31.74708140 29.48258054 26.58605413 24.07945003 22.48844357 12.07465436 10.65010132 25.51290827
[127] 22.60869306 32.52619643 23.49623844 21.86199181 19.16681914 14.55494215  8.16166047 21.07701461 14.01080413
[136] 24.34671430 34.53113239 25.45795651  8.73739159  4.78614334  4.06485709 34.15114846 30.16589388 35.69246997
[145] 27.90859138 19.99111814 23.86367030 13.35269569 22.52153583 13.68393446 13.54635071  8.48933739  5.40285744
[154]  1.33284393 29.75090973 23.43861834 30.20070004 20.02974508  3.37347919 24.73938210 31.02546551 29.36815019
[163] 26.96324552 27.42092369 23.59434757 19.24817472 14.92998708 28.17994702 24.90088942 22.53564162 11.28923288
[172]  2.70558840  7.64768610 23.55584234 19.84932557 23.66049312 17.38412155  6.77773809  0.92557290 27.09402951
[181] 26.74876448 19.30861716 12.71109636  8.69566472  1.21147504 28.89667053 24.71141842 24.63501640 18.18627063
[190] 17.81220450 14.22135902 11.12290684  9.52036214  6.73083283 24.38330023 24.39104831 20.37908178 15.62277978
[199]  6.47556453 23.27214990 18.00388059 19.18844147 15.16909549  4.63766688  4.45442061 28.66807844 23.39495493
[208] 22.52772695 20.71938697 17.03077306 14.26836728  1.69753318 19.71691695  4.62096411 25.20921159 23.19923593
[217] 19.05479035  5.50126247  4.68306996 10.71807282  2.61171459 26.42465944  4.44687952  0.95147735 13.91449165
[226] 24.31005112 23.74380484 13.05138786  9.82116584 21.64768004 13.87690031 18.45218664 11.83764633  7.70510636
[235] 23.90703636 24.67021583 22.08962037  8.46267170  2.99092726  2.46265498  0.07954122 23.39144222 13.53933072
[244] 10.22524071 19.68614822 13.03671948 24.07205615 12.21819887  3.15838932 16.01443143  9.07321099  8.14191250
[253]  3.34764009  2.73718067 23.14679705 19.44462384 14.61254944  7.06674034  3.07439849 12.67618021 18.83618131
[262] 15.67129360 10.13080336  7.50923413  2.34722595  0.39281755 11.29644489  5.06958968  1.73918517 23.57026512
[271] 22.52340690 16.34840758 13.06013394 18.95884370 23.62013194 11.35361646 22.40709491  3.47301835  1.10460905
[280] 19.99183395  8.48519513 13.04783611 21.20789018 10.29552271  5.29363363 21.60197620 10.65384146 19.07972596
[289] 13.26028160  8.42019369  4.57805509 16.97139551 16.10848275 20.32593717  7.65814658 21.07588147 16.17522039
[298] 19.14604027 16.80692084 15.62188645 14.50749016 14.92909706 11.70709676  6.41220612 15.63465791 17.56549003
[307] 15.51356113  9.37771448 19.49970075  9.30867438  6.74294098 19.88567329 20.40813071 12.97690569  7.84550798
[316]  6.54050974  2.11204179 19.91939373 10.65997220  8.37739425  7.28241005  1.71518513 17.13457783 19.62328808
[325]  4.42655855  1.01067125  7.92858323  2.00035728 17.82146390 17.04714866 12.61601749  1.17494424 15.56639997
[334] 19.36361605 14.86269033  6.95978931 14.55046911  3.21928835 18.21265810 16.69005638 18.87183822 15.65034597
[343] 19.52706290  3.47201956  0.36818869 18.51746067 15.00909930  8.61099237  7.88688308  5.59713533  5.12882756
[352]  3.42249201 18.53770542  2.14272454  0.82299607 13.22123985 11.57376062 13.97216807  1.44544826 11.93930032
[361]  2.22100726  6.65654180 14.87287660 13.87859105 18.18655683 15.68586475 13.86717754  9.98384569 16.98107784
[370] 16.73853385 16.28791292  3.15172030 12.59338279  6.95914648  3.04151586  7.78406754  6.77534654  5.99305891
[379] 14.63414501  9.51198450  7.74345777  2.39820345 12.81697827  1.16163152  0.01454437 15.02810126  6.67810287
[388] 10.60452523  4.17954417 13.78903083 12.29236039  8.14382982 14.26840801 11.51804788 14.60980644  8.03805333
[397] 14.10670140 10.32091125  6.33576752  3.04626140  9.37029838 14.85477889 10.67911347 13.52787414 12.14217098
[406] 11.59413649  6.12143671 13.34758290 11.65419835  7.92792443 11.16399256 11.17283733  0.13513486  7.56673381
[415]  3.77776967  2.20133212 14.79531072 10.39347545  8.35210232  6.26178532 11.20712982  2.47879182 13.05833256
[424] 14.29419966 10.94088880 13.32683941  4.82213108  9.85065744  5.96084894 14.35351167  9.27337014  8.57766938
[433]  6.72285519  6.17863576  6.35348467  2.65293913  0.66324199  4.90366365 12.68480190 11.70861204  3.98373501
[442]  1.17391294  8.35554420  2.69572483  2.30378787  0.46150228 13.50700904  4.31772717 11.54604859  8.31023498
[451]  0.25908003  7.04238051  8.55180275  6.26716836  3.74032211 11.35591174 10.59282048  1.33921585 12.77385016
[460]  9.35632245  1.88899341  9.77352961  6.77398926  2.77088363  8.92783529  7.15404283 12.12451357  3.80002241
[469]  3.62252374  2.70299523  0.07295862  5.50773217  3.98906970  3.09749293 12.05908915  3.55231495  2.24471389
[478] 11.81654836  9.72197627  2.92803672  4.82851760  6.31683001  8.77050182 12.45951813  6.72270054  7.76325461
[487]  9.18957944 12.17982438  9.84311130  6.33081317  4.86204547  1.62382942  5.93113292  6.36785170  8.07972933
[496]  8.05685309  6.10242300  0.26208367  6.39055008  4.13796241  6.45235809  1.83340507 11.52266938  0.75310406
[505]  4.34062559  4.15542504  7.86269959  0.15211798  7.83249467  7.19594159  6.04433077 10.12444306  4.23483559
[514]  2.25594766  6.96711667  5.52406672  2.91720493  7.81078960  6.24567086 10.64024149  7.76202310  3.46189327
[523]  2.41514645  6.71881113  6.17982245  0.28607776  8.38463502  8.55546687  4.17426229  3.33095874  2.79961179
[532]  1.90410315  1.05372651  0.44410943  4.76579738  3.02196198  0.78891928  9.77258741  6.15525661  8.25308426
[541]  3.45954732  9.11339249  3.32973405  2.44398843  7.97709176  0.27094416  8.29862912  4.68716648  1.79445624
[550]  5.92162023  8.10046777  7.42540531  7.63292908  0.20800010  5.89440057  3.90969586  7.10573454  1.26911277
[559]  6.17782677  2.10715846  4.75133024  1.59726638  3.71060411  3.73262484  7.71485165  1.54428070  7.07319908
[568]  5.64083890  0.94300108  7.38184999  7.31141620  5.06984291  2.91738185  3.03149991  6.88928118  6.68753887
[577]  1.97285024  0.84360088  4.32780350  1.35908573  2.52894129  1.36184137  0.84916069  7.07270432  4.43570487
[586]  6.70667390  0.62814886  2.15899025  6.71196122  6.31031076  0.87518241  2.69130521  0.65767325  0.36987948
[595]  5.47650308  5.38048014  6.30149717  0.55650789  5.38905492  0.29091399  2.76706319  4.77953390  2.14512468
[604]  4.10238494  3.62913635  5.45857064  5.68527738  1.95734442  4.48328981  5.86254708  3.26427309  0.22795883
[613]  4.63575397  0.63072023  1.37559266  3.82985169  4.54093360  0.77969823  3.32481223  2.26612427  1.65289740
[622]  0.37332403  2.82477478  2.39940012  3.33670543  3.31436881  1.16632530  0.83674495  1.38472655  0.24292392
[631]  2.43002151  2.72724293  0.77876654  4.37931569  0.86321094  4.56782049  3.14112590  0.90258361  0.25386843
[640]  1.74346323  2.06712663  1.09363345  1.18639546  0.71541489  2.79102126  1.27013850  3.99691975  3.47357162
[649]  2.39719778  2.23468395  2.82195238  1.65109716  2.84992423  3.17882228  1.31505309  1.44880591  1.74151825
[658]  1.94403543  2.32139674  1.86196696  0.40658133  1.64691351  1.85266002  1.99939099  0.87032252  0.07366879
[667]  0.42551263  0.38817762  1.65660244  1.39869764  1.30941326  0.77321782  1.12273019  0.98140989  1.24670331
[676]  0.91047613  0.61223899  0.01206476  0.89921075  1.14050936  0.93847791  0.06700305  0.54121300  0.28511285
[685]  0.24419454  0.24851850

$PAR
  [1]  NA   1   2   2   2   2   3   4   4   4   8   8  11  11   9   9   9   9   9  16  16  16  16  16  16  16  16  16  16
 [30]  12  12  12   7   7   7  14  14  10  10  10  10  10   5  30  17  45  45  45  45  31  31  31  31  31  31  31  31  31
 [59]  31  50  50  50  50  46  37  37   6  64  67  66  66  66  66  18  18  18  19  19  60  60  60  60  60  60  60  21  22
 [88]  22  22  51  51  51  33  33  33  53  79  86  86  86  86  74  74  74  70  70  70  70  70  90  90  90  90  90  90  77
[117]  80  80  80  80  80  80  80  80  80  39  39 117 117 117 117 117 117  98  98  72  81  81  81  81  81  91  91  75 144
[146] 144 137 137  96  96  96  96  96  96 142 142 110 110 110  54 119 119 119  82  82  73  73 161 161 161 161 161  76  55
[175]  55 157 157 157 157 143 143 143 143 143 143  49  49  49  49  49  49  49  49  49 155 162 162 162 162 106 106  78  78
[204]  78  78  92  92  92 206 206 206 206  56  56 145 111 111 111 111 164 164 180 180 180 102 121 222 222  26  27  27  88
[233]  88  88 138 103 103 103 103 103 103 215  57  57 187 187 236 236 236 188 188 188 188 188 196 196 196 196 196 195 136
[262] 136 136 136 136 136 226 226 226  93  93  93  93 247 235 227 176 176 176 275 275 165 270 270 270 174 174 107 107 107
[291] 107 129 156 207 207 200 200 216 216 216 216  28 255 255  89 109 109 170 208 208 271 149 123 123 123 123 277 237 237
[320] 237 237 237 130 230 286 286 283 283  94  41  41  41  99 296 209 313 197 197 158 158 146 318 312  29  29 213 213 213
[349] 213 245 324 324 343 343 343 309 256 334 334 182 182 202 298 288 341 341 341 341  58  58 346 346 232 232 339 189 201
[378] 201  97  97  97  97 329 329 329 177 177 323 330 210 369 370 340 272 371  61 297 293 293 293 250 104 104 342 342 305
[407] 198 300 333 333  42 307 307 203 203 203 386 386 347 347 363 363 335  84  84 379 379 113 113 257 257 257 257 395 132
[436] 132 132 337 301 301 430 430 393 393 393 393 211 211 135 135 135 358 225 364 367 150 151 151 426 426 426 289 289 289
[465] 356 356 273 273 273 273 273 423 282 282 314  95  95 383 383 383 459 183 439 331 331 114 484 248 248 248 467 124 475
[494] 360 233 233 233 440 303 303 357 357 449 503 394 456 276 276 171 171 171 421 411 411 192 192 192 425 220 403 319 319
[523] 319 125 125 125 388 457 457 398 244 244  85  85 512 512 512 428 489 229 462 193 401 487 542 465 483 432 432 281 238
[552] 238 320 320 419 419 547 540 133 392 396 545 115 518 376 376 381 381 565 295 295 295 295 414 264  35 570 571 321 466
[581] 557 557 557 567 258 336 336 374 178 194 433 589 589 589 387 387 501 304 494 399 490 590 590 454 454 420 519 525 559
[610] 539 407 407 497 497 511  62 429 429 610 607 516 516 472 153 599 599 599 599  63 351 572 481 481 561 219 204 204 613
[639] 613 585 634 579 448 513 389 389 529 529 604 473 415 455 159 625 372 259 400 517 623 645 645 601 470 523 523 523 588
[668] 603 354 328 577 658 660 566 656 656 646 185 643 384 224 569 676 679 633 593

$EXTANT
  [1] FALSE FALSE FALSE FALSE FALSE FALSE  TRUE FALSE FALSE FALSE FALSE FALSE FALSE FALSE FALSE  TRUE FALSE FALSE  TRUE
 [20] FALSE FALSE FALSE FALSE FALSE FALSE  TRUE  TRUE  TRUE  TRUE FALSE  TRUE FALSE  TRUE FALSE  TRUE FALSE FALSE FALSE
 [39] FALSE FALSE  TRUE  TRUE FALSE FALSE FALSE FALSE FALSE FALSE  TRUE  TRUE FALSE FALSE FALSE FALSE FALSE  TRUE  TRUE
 [58]  TRUE  TRUE  TRUE  TRUE  TRUE  TRUE FALSE FALSE FALSE FALSE FALSE FALSE FALSE FALSE FALSE FALSE  TRUE FALSE FALSE
 [77] FALSE  TRUE FALSE  TRUE FALSE FALSE FALSE FALSE  TRUE  TRUE FALSE FALSE FALSE  TRUE FALSE FALSE FALSE FALSE  TRUE
 [96]  TRUE  TRUE FALSE FALSE FALSE  TRUE  TRUE  TRUE  TRUE FALSE FALSE FALSE FALSE  TRUE  TRUE  TRUE  TRUE FALSE  TRUE
[115]  TRUE FALSE  TRUE FALSE FALSE FALSE FALSE FALSE  TRUE  TRUE  TRUE FALSE FALSE FALSE  TRUE  TRUE  TRUE  TRUE  TRUE
[134] FALSE  TRUE  TRUE  TRUE FALSE  TRUE  TRUE  TRUE FALSE  TRUE FALSE  TRUE FALSE FALSE  TRUE FALSE FALSE  TRUE  TRUE
[153]  TRUE  TRUE FALSE  TRUE  TRUE  TRUE  TRUE FALSE  TRUE  TRUE FALSE FALSE FALSE  TRUE FALSE FALSE FALSE FALSE FALSE
[172]  TRUE  TRUE  TRUE FALSE  TRUE  TRUE  TRUE  TRUE  TRUE FALSE  TRUE  TRUE  TRUE  TRUE FALSE  TRUE  TRUE FALSE FALSE
[191] FALSE  TRUE  TRUE  TRUE FALSE  TRUE  TRUE  TRUE  TRUE FALSE  TRUE  TRUE  TRUE  TRUE  TRUE  TRUE  TRUE  TRUE FALSE
[210] FALSE  TRUE  TRUE  TRUE  TRUE FALSE  TRUE  TRUE FALSE  TRUE  TRUE  TRUE FALSE  TRUE  TRUE  TRUE  TRUE FALSE FALSE
[229]  TRUE FALSE  TRUE  TRUE FALSE  TRUE  TRUE  TRUE  TRUE  TRUE  TRUE  TRUE  TRUE FALSE FALSE  TRUE FALSE FALSE FALSE
[248]  TRUE  TRUE FALSE FALSE  TRUE  TRUE  TRUE  TRUE  TRUE  TRUE  TRUE  TRUE  TRUE  TRUE  TRUE  TRUE  TRUE  TRUE  TRUE
[267]  TRUE FALSE  TRUE FALSE  TRUE  TRUE  TRUE FALSE FALSE  TRUE  TRUE  TRUE  TRUE FALSE  TRUE  TRUE  TRUE  TRUE  TRUE
[286]  TRUE  TRUE FALSE  TRUE FALSE  TRUE FALSE  TRUE  TRUE  TRUE FALSE  TRUE  TRUE  TRUE FALSE FALSE FALSE  TRUE  TRUE
[305]  TRUE FALSE  TRUE  TRUE FALSE  TRUE  TRUE  TRUE  TRUE  TRUE  TRUE  TRUE  TRUE FALSE  TRUE  TRUE  TRUE  TRUE FALSE
[324]  TRUE  TRUE  TRUE FALSE  TRUE  TRUE  TRUE  TRUE  TRUE  TRUE  TRUE FALSE  TRUE  TRUE  TRUE FALSE  TRUE  TRUE  TRUE
[343]  TRUE  TRUE  TRUE  TRUE  TRUE  TRUE  TRUE  TRUE  TRUE  TRUE FALSE  TRUE  TRUE  TRUE  TRUE  TRUE FALSE  TRUE  TRUE
[362]  TRUE  TRUE FALSE FALSE FALSE  TRUE  TRUE  TRUE FALSE  TRUE  TRUE FALSE  TRUE  TRUE  TRUE  TRUE  TRUE  TRUE  TRUE
[381]  TRUE  TRUE  TRUE  TRUE  TRUE FALSE  TRUE  TRUE  TRUE  TRUE FALSE  TRUE  TRUE  TRUE  TRUE  TRUE  TRUE  TRUE  TRUE
[400]  TRUE  TRUE  TRUE  TRUE FALSE FALSE FALSE  TRUE FALSE FALSE  TRUE  TRUE  TRUE  TRUE  TRUE FALSE  TRUE  TRUE FALSE
[419]  TRUE FALSE FALSE  TRUE  TRUE FALSE  TRUE  TRUE  TRUE  TRUE  TRUE  TRUE  TRUE  TRUE  TRUE FALSE FALSE  TRUE  TRUE
[438] FALSE FALSE  TRUE  TRUE  TRUE  TRUE  TRUE FALSE  TRUE FALSE  TRUE  TRUE  TRUE  TRUE  TRUE FALSE  TRUE  TRUE  TRUE
[457]  TRUE  TRUE FALSE  TRUE  TRUE  TRUE  TRUE  TRUE  TRUE  TRUE  TRUE  TRUE  TRUE  TRUE  TRUE  TRUE  TRUE  TRUE FALSE
[476]  TRUE  TRUE FALSE  TRUE  TRUE  TRUE  TRUE  TRUE FALSE  TRUE  TRUE  TRUE  TRUE  TRUE  TRUE  TRUE  TRUE  TRUE  TRUE
[495]  TRUE FALSE  TRUE  TRUE  TRUE  TRUE FALSE  TRUE  TRUE  TRUE  TRUE  TRUE  TRUE  TRUE  TRUE  TRUE  TRUE  TRUE  TRUE
[514]  TRUE  TRUE  TRUE  TRUE  TRUE FALSE FALSE FALSE  TRUE  TRUE  TRUE  TRUE  TRUE FALSE  TRUE  TRUE  TRUE  TRUE  TRUE
[533]  TRUE  TRUE  TRUE  TRUE  TRUE  TRUE FALSE  TRUE  TRUE  TRUE  TRUE  TRUE  TRUE  TRUE  TRUE  TRUE  TRUE  TRUE  TRUE
[552]  TRUE  TRUE  TRUE  TRUE  TRUE  TRUE  TRUE  TRUE  TRUE  TRUE  TRUE  TRUE  TRUE  TRUE  TRUE  TRUE  TRUE  TRUE  TRUE
[571]  TRUE  TRUE  TRUE  TRUE  TRUE FALSE  TRUE  TRUE  TRUE  TRUE  TRUE  TRUE  TRUE  TRUE  TRUE  TRUE  TRUE  TRUE  TRUE
[590]  TRUE  TRUE  TRUE  TRUE  TRUE  TRUE FALSE FALSE  TRUE FALSE  TRUE  TRUE  TRUE  TRUE  TRUE  TRUE  TRUE  TRUE  TRUE
[609]  TRUE  TRUE  TRUE  TRUE  TRUE  TRUE  TRUE  TRUE  TRUE  TRUE  TRUE  TRUE  TRUE  TRUE  TRUE  TRUE  TRUE  TRUE  TRUE
[628]  TRUE  TRUE  TRUE  TRUE  TRUE  TRUE  TRUE  TRUE  TRUE  TRUE  TRUE  TRUE  TRUE  TRUE  TRUE  TRUE  TRUE  TRUE  TRUE
[647]  TRUE  TRUE  TRUE  TRUE  TRUE  TRUE  TRUE  TRUE  TRUE  TRUE FALSE  TRUE  TRUE  TRUE  TRUE  TRUE  TRUE  TRUE  TRUE
[666]  TRUE  TRUE  TRUE  TRUE  TRUE  TRUE  TRUE  TRUE  TRUE  TRUE  TRUE  TRUE  TRUE  TRUE  TRUE  TRUE  TRUE  TRUE  TRUE
[685]  TRUE  TRUE

