
Birth-death simulation object with 719 species and 500 extant species

Details for some species:

Extinction times (NA means extant)
[1] 63.718091 76.910397 58.056597 21.456117 63.115543  8.842908


Speciation times 
[1] 87.03316 81.60731 80.28021 78.87968 65.34757 62.81208


Species parents (NA for initial)
[1] NA  1  1  1  1  3


Species status (extinct or extant)
[1] "extinct" "extinct" "extinct" "extinct" "extinct" "extinct"


For more details on vector y, try sim$y, with y one of
TE TS PAR EXTANT



$TE
  [1] 63.718090788 76.910396529 58.056596702 21.456116557 63.115542719  8.842907648 57.375897125 37.520383097
  [9] 60.575508569  8.166319985 39.657155005           NA 33.588456347 18.930696282           NA 62.815407666
 [17]  8.214312926           NA 53.459409987 20.495087577 33.917393455 52.196163661           NA  8.721949832
 [25] 27.688872845 18.484956840 21.277903567 45.928980967           NA 31.674476911 22.418567909 19.413941555
 [33]           NA 41.448907167 10.914905395 43.532585711 20.994589859  5.661284953 13.243569800 38.449584609
 [41] 34.902350630 43.884284326           NA 47.484574051 25.445024130           NA 17.719538716 22.574985844
 [49]           NA  6.762880901           NA 43.365851226           NA  5.872879055 12.365755860           NA
 [57]           NA           NA 14.774603836           NA           NA 38.398545087 21.386911546           NA
 [65]           NA  9.511755836 10.185667646  1.118930861 10.322244450           NA 18.928749145           NA
 [73]           NA  2.058473010  8.398270893  8.499631394           NA 38.815742928 32.106773554           NA
 [81]           NA  6.326921452 16.837254036           NA 29.390400374 24.757413087 10.337973034 11.302956736
 [89] 36.601474011  2.048660721  9.027056679 33.328768459 26.021325651  3.896902605  7.724820446           NA
 [97] 35.316835520 42.838387031           NA 18.466832668           NA           NA 12.459351706           NA
[105]           NA 14.364841439  2.790964595  5.834175662           NA  5.507752605           NA           NA
[113]           NA 17.103844265           NA  0.742927105           NA 21.824534757           NA  4.712905571
[121] 13.046748074           NA           NA 19.682009103 26.505040919           NA  0.558039292 26.515965273
[129]           NA  4.138994255           NA           NA 23.787747680           NA           NA           NA
[137]           NA           NA  3.197648085           NA           NA           NA           NA  4.694795048
[145]           NA           NA  5.093541212           NA           NA           NA           NA           NA
[153] 26.735737066           NA  4.343345185           NA 20.859871553           NA 11.417172461           NA
[161]  1.468385344           NA           NA 17.468594421           NA           NA  4.372894281           NA
[169]           NA           NA 28.978725394 19.833641952 22.560715877           NA           NA           NA
[177]           NA           NA 12.730086705           NA           NA 17.967943909           NA           NA
[185]           NA           NA 18.835426127           NA 14.186001519           NA 16.430474628           NA
[193]           NA           NA           NA           NA           NA  5.049343482 15.730691556  2.479161512
[201]           NA           NA 22.061656173 10.668746455           NA           NA           NA           NA
[209]  5.769477607 14.729810149           NA           NA 25.912116498           NA           NA           NA
[217]           NA           NA           NA 25.437527013           NA  5.979685230  9.633393430           NA
[225]  9.887969126 28.272142948           NA           NA           NA           NA           NA 17.983802343
[233]           NA           NA           NA           NA           NA           NA           NA 15.725418249
[241]           NA  6.069038137           NA           NA           NA           NA           NA           NA
[249]           NA           NA           NA           NA           NA           NA           NA           NA
[257]           NA           NA           NA 25.424668346           NA           NA  2.315334944           NA
[265]  1.094853421           NA  1.243860975           NA           NA           NA           NA 21.387954237
[273]           NA           NA           NA           NA           NA           NA           NA           NA
[281] 20.813246542           NA           NA           NA           NA 16.690179829 11.267616195           NA
[289]           NA           NA           NA           NA 15.470138173 18.996265311  1.917784703           NA
[297]           NA           NA  3.635357099           NA           NA           NA 18.820375720  3.966512234
[305]  2.911009472 10.792856217           NA  7.767375536 13.563676185           NA           NA           NA
[313]           NA  7.788760966           NA           NA           NA           NA           NA 17.362539007
[321]  2.826789740           NA  5.876444307           NA           NA  7.525570387           NA 14.442669030
[329]           NA  7.927699432           NA           NA           NA  8.518987811           NA  7.206548424
[337]           NA           NA  1.755731361  3.532302296           NA  4.230550031  8.897309187 12.345503483
[345] 15.127988752           NA 10.902853092           NA           NA           NA  5.245804772           NA
[353]           NA  2.524563257           NA           NA           NA           NA  3.859679824           NA
[361]           NA           NA           NA           NA           NA           NA           NA           NA
[369]           NA           NA  1.038098778  4.524483006  4.341693493           NA  4.544001690           NA
[377]           NA 12.342386206           NA           NA           NA           NA  0.992112584           NA
[385]           NA           NA           NA           NA           NA           NA           NA           NA
[393]           NA  2.324989025 16.675147040 18.254754349           NA  9.307109192  0.982134595           NA
[401]           NA           NA           NA           NA           NA           NA           NA           NA
[409]           NA 18.164196187           NA           NA  1.226413201           NA           NA  7.307884829
[417]           NA           NA 12.243315241           NA 13.550510582           NA 12.424826047           NA
[425]           NA           NA           NA  5.473951847           NA  2.931230639           NA  1.195868625
[433]           NA 14.192749709           NA  7.980016918           NA           NA  4.243873773           NA
[441]           NA           NA 12.219104272  7.256543765           NA           NA           NA 15.601233125
[449]           NA           NA           NA           NA 12.863818928           NA           NA           NA
[457]           NA           NA           NA           NA 11.976968642 10.941857489           NA           NA
[465]           NA           NA           NA           NA           NA           NA           NA           NA
[473]           NA           NA  8.011695244           NA           NA  6.873546554           NA           NA
[481]           NA           NA           NA           NA           NA           NA           NA           NA
[489]           NA           NA           NA           NA           NA           NA  5.444878320  3.070036921
[497]           NA           NA  1.430419724           NA           NA  4.829849619           NA           NA
[505]           NA           NA           NA  6.374756454  3.420081751           NA           NA           NA
[513]           NA           NA           NA           NA           NA           NA           NA           NA
[521]           NA           NA  3.636304682           NA           NA           NA           NA           NA
[529]           NA           NA  0.781125225           NA           NA           NA           NA           NA
[537]           NA           NA  3.747427536           NA           NA           NA           NA           NA
[545]           NA           NA           NA           NA           NA           NA           NA           NA
[553]           NA           NA           NA           NA           NA           NA           NA  1.595367966
[561]           NA           NA           NA           NA           NA           NA           NA           NA
[569]           NA           NA  3.336192298  1.681984357  0.921482735           NA           NA           NA
[577]           NA           NA           NA           NA           NA           NA           NA  6.790012849
[585]           NA           NA           NA           NA           NA           NA           NA           NA
[593]  0.798709560           NA           NA           NA           NA           NA           NA           NA
[601]           NA           NA           NA  1.449448435           NA           NA           NA           NA
[609]           NA           NA  2.686787279  2.389991086  3.423386942           NA           NA           NA
[617]           NA  2.508808094           NA           NA           NA  6.608642215           NA           NA
[625]           NA           NA           NA           NA           NA           NA           NA           NA
[633]           NA           NA           NA           NA           NA           NA           NA           NA
[641]           NA           NA           NA           NA           NA           NA           NA           NA
[649]           NA           NA           NA  0.023881659           NA           NA           NA           NA
[657]           NA           NA           NA           NA           NA           NA           NA           NA
[665]  3.468462878           NA           NA  2.887450036           NA           NA           NA           NA
[673]           NA           NA           NA           NA           NA           NA           NA           NA
[681]           NA           NA           NA           NA           NA           NA           NA           NA
[689]           NA           NA           NA           NA           NA  0.262402886           NA           NA
[697]           NA           NA           NA           NA           NA           NA           NA           NA
[705]           NA           NA           NA           NA           NA           NA  0.997756164           NA
[713]           NA           NA           NA  0.319429781           NA  0.002577741           NA

$TS
  [1] 87.03315880 81.60731265 80.28020931 78.87968122 65.34757140 62.81208444 62.17395755 67.98309170 64.46910802
 [10] 58.73522632 58.12174866 46.10981509 39.69155291 25.27510742 21.60328677 65.84249232 45.03067737 41.32491634
 [19] 64.47707820 64.33596305 63.62179064 55.82217955 41.75699015 34.32783598 32.73227904 53.99310062 38.35347604
 [28] 53.71472729 52.84134417 47.86463434 41.32688533 20.63279602 19.89889158 59.29388503 52.99069465 47.25488213
 [37] 45.49615095 34.14673089 34.12558420 55.24247468 50.44070436 45.68638340 44.77917465 51.78524633 42.40069500
 [46] 40.29402191 42.33914016 31.08481474 29.44595498 28.32876961 20.83356007 51.90569927 46.16721190 25.03708722
 [55] 23.74404995 23.21329521  2.24098276  1.43875760 50.79080767 50.19622019 49.22242845 41.55368922 40.53422968
 [64] 44.30891090 41.48250791 22.14313254 18.56987876 18.18585302 18.13413046  6.37944821 38.34673155 35.44414289
 [73] 29.63556333 27.91479227 10.11133723  9.50544172 40.71478981 44.72800069 43.31913039 26.92108601  8.82602874
 [82] 43.30796601 19.95713151 18.10936828 45.38695256 24.83404139 22.07246485 21.22416122 38.12681454 35.06070170
 [91] 30.22419568 40.69665003 36.97661400 22.01770463 19.43098280  0.25334227 39.51646075 44.07138043 40.14070715
[100] 37.85412379 22.90917261  1.17922341 36.07736490 24.27677844 22.19868854 19.19489205 12.97375881  8.53947171
[109] 26.48133641 24.34074471 35.78169113 28.17696640 22.36947218 20.87983305  0.72146981 36.84155162  1.46282336
[118] 22.53676099 31.66571575 29.23948351 13.85574693  9.89812205  4.66806055 40.02475962 26.68710112 25.30182091
[127]  7.48816064 38.43546726 40.33649445 34.92741722 24.98942672 28.54391374 27.92660427  9.75526767  8.88200803
[136]  2.73584849  0.08764606 20.89304717 19.23601972 16.01004314  7.67551164  3.33725084 12.43329779 10.98440283
[145]  9.10844609 25.31824227 39.24097446 22.32319375 18.23806906 18.03538222  6.39373106  5.38273294 36.19773753
[154] 34.13008244 32.42810938 21.81232308 21.68220830 35.87290705 18.66754567 33.67880907 25.01803306 18.15353657
[163] 12.97434488 33.78244493 15.07206173 28.49644670 19.31621047  1.46359710 16.40935522 14.98142394 33.15547034
[172] 31.57295526 28.13955047 17.58977100 13.30721968  9.77652838  7.41946094  5.57932676 34.94405270 32.42829752
[181] 25.03844798 22.01091236 12.15586076 11.16191551  5.47269205  2.35390946 32.37211437 16.88921213 31.72151308
[190] 30.04760340 27.47352728 15.06719976 14.64927451 28.87586512 17.26267695 15.30944116  6.26580143 33.54410934
[199] 16.94083766  9.13258470 26.63263722 14.87813235 24.25008157 28.85388617 28.04630361 13.26021555  5.69193751
[208] 16.37834266 16.06492185 14.80674356 14.74391809 29.41304669 26.91506555 13.77943055 12.67447895 11.73553350
[217]  1.52911304 21.68599055 13.74041159 26.02658106 28.64853500 19.29113479 20.40718617  9.53361345 30.43992019
[226] 30.30536944 30.09815438 29.67095207 12.77479300 28.56330115 15.15243176 28.13411943  8.01014726  1.70355679
[235] 25.87679533 25.21572418 19.45656712  1.66670775 22.62603910 17.13698128  2.50486076 29.39233753 15.00676948
[244] 12.67857864  3.83939993  0.13677473 22.39752266 10.26883242  1.15778879 25.03830468 16.86034641 15.44370255
[253] 14.81711743  7.88858384  3.52876735 26.70600190 26.44437105 18.56330864 10.54061563 28.45161066 21.69744854
[262] 16.06654294 15.37714195 15.37470046 14.13834594  5.17948956 17.59302742 20.87509673 18.21407935 25.43193591
[271]  9.13071813 26.06510334  2.46034971 16.81500314 21.14232572 14.23221517  9.74881658  8.53790558  5.43269134
[280]  0.14790039 26.45417698 10.30740822  7.51095015  6.74937949  4.71363838 24.85375566 16.92209126  8.92187505
[289]  1.13209555 13.93237770 12.31297726  6.26957428 22.49699433 20.99253762  7.13526105  1.11400443  5.70825927
[298] 18.58651179 17.45896884 13.52040948  9.13853505  1.69595664 19.31265582 18.32396017 15.40262003 14.89371909
[307]  2.58966553 18.19341182 18.48965530 17.51613374  8.49902648 10.25618654 21.49025753 12.66302134  8.75368173
[316]  9.18291409 14.48092149  9.34502553 19.02555183 18.48172898 11.67035637 10.97409623 15.31665112  1.25761384
[325] 23.73235091 20.30024340 19.62076079 17.75614638  4.81067709 19.24896411  9.28033746 21.78975659 17.76719312
[334] 15.62167098 19.58112790 15.81950905  4.59784019  0.17812643 18.20650720 11.63983076  9.38059363 19.81848069
[343] 16.95546326 15.25334147 21.84166126 20.27848567 19.06833077 17.96735179 22.01186818  8.00684771 18.38960028
[352]  5.73239912  1.36828748 19.91537513  7.90564338 21.68411376  9.11724927 19.94279898 12.07322143  6.02033735
[361]  4.70454170  2.29279233  0.90607110 20.42049587 14.54669302 10.48792758  7.24774893  1.65107825  0.22268171
[370] 10.19533953  6.13264913  4.84930923 13.97144247  8.34637525 17.56694683 14.85637908  3.13685232 17.59928032
[379] 10.99189908  1.20463745 13.89613181 12.20998048 11.79240584  3.72907394 19.06312333 19.53762764 15.66716457
[388]  1.63933441  0.22588155 13.89579431  7.38365964  6.62534208  4.83881208 19.63198990 18.48805911 19.23040716
[397] 18.38445147 10.25182573  9.81072142  8.14776479  2.83954252  7.48601956  4.95420897 10.99856723  1.31258174
[406] 18.31924641 11.87396818  7.09593021  4.04316751 19.36074344 16.76266715 12.15579785  5.65275817 18.17438312
[415]  7.44124179 12.82337856 16.63491495 15.20131699 12.26620298 12.84211795 18.96801567 18.41302987 17.49764265
[424]  6.26756522  6.19553189  3.90767720 15.00768746 18.43714258 18.16341172  6.04460340  6.60172662  2.87405408
[433]  4.68311327 18.11988135  2.81889829 11.03082838  9.77075126  9.33913568 13.59109590 11.08923010  2.11739517
[442] 15.68203481 12.76267785  7.96575749 13.97388343  3.38107385 13.46223773 15.88688756  3.45201593  8.59349686
[451]  6.06731838  3.68425721 16.96106369 12.44376078 11.65577170  5.28937814  3.47547243 17.10014049  7.84800608
[460]  5.75519696 16.49771357 16.00501522  4.11005364 15.52068935 14.47991730 10.97917733  5.38942936 15.28981120
[469] 15.31032172  6.33488510  4.80312831  4.34062569  0.34618926  1.12182426 11.63758940  5.76341735  8.34762610
[478]  6.87682538  0.85412879  8.66149060 10.39266995  8.97105746  9.01359746  7.09376805  7.19808835 12.36368412
[487] 11.90083970  3.65699339  7.39493424  3.38739620  6.76474031 12.46607747  8.03796099  5.54955970  8.97618096
[496]  7.91841568  1.69126388  5.21518060  9.10487552  4.52084835  2.90071411 12.95533114  5.86555003  4.16175594
[505] 10.80983898 10.68659676  9.66649351 12.27981869  8.82382663  2.62493208  1.14513792  2.35766699  0.31978034
[514] 11.12780981  8.87611271  5.34331985 13.74500196 11.19523994  1.88067586  1.78484088  3.00197455  0.05812061
[523]  7.70942230  7.99985114  2.40137422  0.85919783  7.46104787 11.85574461 10.34112440  2.30318229 10.14956086
[532]  5.44514568  7.58595066  9.76061228  6.29052488  1.32854954  8.18401881  6.58527648  5.14150122 11.52738781
[541]  0.21318950  1.60795003  6.12073143  2.23959422  1.50732762  7.79764825  6.74933400  2.98111209  2.82818238
[550]  0.82977909  4.14371118  0.65714677  0.36508325  0.12068305  6.55046828  4.35423627  4.35552912  6.18406336
[559]  5.91009690  2.35084973  4.28340249  2.24309613  1.29775013  0.51828058  6.24143124  3.68108209  0.27189212
[568]  2.73980354  9.71125632  3.18098770  5.75508187  2.44229676  1.89215004  7.82737174  0.90174986  3.80989088
[577]  2.32084047  0.04331461  6.98624333  5.60899806  1.19627617  8.66259060  5.45324180  7.26355188  5.62325521
[586]  8.40687825  4.53879814  0.63559657  1.64664219  2.67833701  4.86955404  4.00657557  5.57995939  1.88306781
[595]  2.57341805  1.56992059  8.87092157  5.03408253  0.10108385  7.68238702  6.25238452  1.80109341  2.71167732
[604]  5.79190974  0.93761510  4.25536732  7.95797708  4.54948762  7.76662666  0.74834161  7.74247841  4.05809558
[613]  3.96517174  6.57682587  5.20133168  7.16659432  5.67948469  6.80444917  1.09547523  5.03869096  0.33582069
[622]  7.67518081  7.09766543  1.19032385  1.33139994  0.63011532  0.90618812  6.22265883  1.63260022  5.22685265
[631]  2.23297671  0.88169734  6.36685149  6.06794192  0.85608799  1.24272061  0.94012857  0.05716288  2.44561947
[640]  1.61564974  2.60887056  2.27082847  0.66840977  0.71236470  4.86964324  0.31689597  0.15342686  3.71766534
[649]  2.78290976  0.56759220  5.86280706  4.92962708  3.06747761  0.96818091  5.15660251  2.17006777  0.36248847
[658]  1.93738647  5.39697120  2.44520799  1.13779574  2.66940733  3.81467059  2.31516434  5.24702600  4.07336490
[667]  3.53862697  3.71618451  1.64853326  3.53867763  3.95614788  2.00258355  1.40024199  1.16533481  3.46462156
[676]  0.08539153  0.62202524  1.09816381  2.41197404  2.66238113  1.77697901  2.47659965  0.93814416  3.16633957
[685]  1.22817378  2.25940619  2.51942019  2.00052880  2.07337204  3.03141474  0.36168566  0.11612727  1.74188564
[694]  2.71356075  2.08372961  0.68758822  2.69311208  2.11694262  2.12488683  0.48346204  0.13844602  2.12954009
[703]  0.86685456  1.75428591  0.60572187  0.69115601  2.23446514  1.33523262  0.10679559  0.47420784  1.18489417
[712]  0.11484260  1.30392206  1.10937827  0.89100010  0.75386603  0.66456348  0.18364225  0.17296186

$PAR
  [1]  NA   1   1   1   1   3   3   4   4   4   4   4   4   4   4   8   8   8   5   5   5  19  20  20  20  21  21   6   6
 [30]   6   6   6   6   7  10  10  10  10  10  11  11  40  40  26  26  26  35  35  35  35  35  29  29  29  29  29  29  29
 [59]  44  41  41  41  41  60  60  60  60  60  60  60  61  61  61  61  61  61  30  36  53  53  53  12  12  12  42  37  37
 [88]  37  85  17  17  43  43  43  43  43  78  64  64  64  64  64  82  82  82  82  82  82  45  47  23  23  23  23  23  65
[117]  65  31  18  18  18  18  18  77  77  77  77  92  63  63  63 129 129 129 129 129 129  46  46  46  46  46  99  99  99
[146] 124  13 147 147 147 147 147 128  27  71  71  71 100 100 116 116 116 116 103 103 158 158 158 111 111  72  72  72  72
[175]  72  72  72  72  90  90  90  90  90  90  90  90 179 179 130 130  24  24  24  38  38  38  38 154 154 154  39  39 164
[204] 160 160 160 160 198 198 198 198 171 180 180 180 180 180 155 155 187 189 189 119 119 172 172 225 225 225 226  91 227
[233] 227 227 190 190 190 190 228 228 228  73  73  73  73  73  49  49  49 212 212 212 212 212 212 242 242 242 242 120 120
[262] 194 194 194 194 194 204 221 221 230 230 132 132 166  50 112 112 112 112 112  74  74  74  74  74  80  80  80  80 256
[291] 256 201 109 109 109 109 257 270 270 270 270 270 146 146 146 146 146 126 236 236 236 181 250 250 250  54 131 131 110
[320] 110 110 110 104 104  55 325 325 325 325  56  56 101 101 101 239 239 239 239 247 148 148 105 105 105  66  66  66  66
[349]  94  94 349 349 349 182 332 261 261 218 218 218 218 218 218 356 356 356 356 356 356  15 275 275 138 138 268 268 268
[378]  51 364 364 223 223 223 346  83 358 358 358 358 354 354 354 354  33  33 342 394 394 394 394 394 327 327 335 335 386
[407] 386 386 386  95 167 167 167 222 222 330 347 347 347 385 319 421 421 298 298 258 309 395 428 428 422 422 397 304 406
[436] 149 149 339  68  68  68 414 414 414 162 162  69  84  84 150 150 150 348 333 333 174 174 310 310 310 299 299 299 458
[465] 458 458 458 287 188 251 251 274 274 411 208 208 262 262 140 442 387 464 252 252 305 263 263 263 264 264 323 469 469
[494] 469 196 418 418 231 192 192 192 427 427 170 202 202 202 376 365 317 317 465 276 373 290 390 121 517 517 517 300 300
[523] 206 163 163 163 229 244 244 244 492 492 454 486 486 291 382 412 359 487 407 528 216 455 455 340 540 440 440 440 404
[552] 379 379 379 466 506 259 366 366 366 481 481 481 481 529 312 312 370 531 531 122 122 122 399 176 437 437 534 134 134
[581] 134 569 569 224 224 318 318 438 316 301 200 499 483 483 482 288 135 135 135 597 597 597 315 480 480 450 586 374 537
[610] 537 400 350 350 524 524 496 496 355 254 546 609 523 600 533 283 283 127 527 177 391 391 616 295 295 491 538 538 614
[639] 151  70 470 470 470 292 565 558 558 543 543 543 634 451 360 559 503 503 651 460 207 617 593 279 659 659 152 630 498
[668] 615 615 266 655 598 645 393 285 285 472 463 666 409 409 592 592 426 245 663 384 488 667 457 675 142 684 377 377 377
[697] 521 521 697 662 680 510 510 307 595 682 639 664 562 681 238 217  58 474 683 627 363 643 646

$EXTANT
  [1] FALSE FALSE FALSE FALSE FALSE FALSE FALSE FALSE FALSE FALSE FALSE  TRUE FALSE FALSE  TRUE FALSE FALSE  TRUE FALSE
 [20] FALSE FALSE FALSE  TRUE FALSE FALSE FALSE FALSE FALSE  TRUE FALSE FALSE FALSE  TRUE FALSE FALSE FALSE FALSE FALSE
 [39] FALSE FALSE FALSE FALSE  TRUE FALSE FALSE  TRUE FALSE FALSE  TRUE FALSE  TRUE FALSE  TRUE FALSE FALSE  TRUE  TRUE
 [58]  TRUE FALSE  TRUE  TRUE FALSE FALSE  TRUE  TRUE FALSE FALSE FALSE FALSE  TRUE FALSE  TRUE  TRUE FALSE FALSE FALSE
 [77]  TRUE FALSE FALSE  TRUE  TRUE FALSE FALSE  TRUE FALSE FALSE FALSE FALSE FALSE FALSE FALSE FALSE FALSE FALSE FALSE
 [96]  TRUE FALSE FALSE  TRUE FALSE  TRUE  TRUE FALSE  TRUE  TRUE FALSE FALSE FALSE  TRUE FALSE  TRUE  TRUE  TRUE FALSE
[115]  TRUE FALSE  TRUE FALSE  TRUE FALSE FALSE  TRUE  TRUE FALSE FALSE  TRUE FALSE FALSE  TRUE FALSE  TRUE  TRUE FALSE
[134]  TRUE  TRUE  TRUE  TRUE  TRUE FALSE  TRUE  TRUE  TRUE  TRUE FALSE  TRUE  TRUE FALSE  TRUE  TRUE  TRUE  TRUE  TRUE
[153] FALSE  TRUE FALSE  TRUE FALSE  TRUE FALSE  TRUE FALSE  TRUE  TRUE FALSE  TRUE  TRUE FALSE  TRUE  TRUE  TRUE FALSE
[172] FALSE FALSE  TRUE  TRUE  TRUE  TRUE  TRUE FALSE  TRUE  TRUE FALSE  TRUE  TRUE  TRUE  TRUE FALSE  TRUE FALSE  TRUE
[191] FALSE  TRUE  TRUE  TRUE  TRUE  TRUE  TRUE FALSE FALSE FALSE  TRUE  TRUE FALSE FALSE  TRUE  TRUE  TRUE  TRUE FALSE
[210] FALSE  TRUE  TRUE FALSE  TRUE  TRUE  TRUE  TRUE  TRUE  TRUE FALSE  TRUE FALSE FALSE  TRUE FALSE FALSE  TRUE  TRUE
[229]  TRUE  TRUE  TRUE FALSE  TRUE  TRUE  TRUE  TRUE  TRUE  TRUE  TRUE FALSE  TRUE FALSE  TRUE  TRUE  TRUE  TRUE  TRUE
[248]  TRUE  TRUE  TRUE  TRUE  TRUE  TRUE  TRUE  TRUE  TRUE  TRUE  TRUE  TRUE FALSE  TRUE  TRUE FALSE  TRUE FALSE  TRUE
[267] FALSE  TRUE  TRUE  TRUE  TRUE FALSE  TRUE  TRUE  TRUE  TRUE  TRUE  TRUE  TRUE  TRUE FALSE  TRUE  TRUE  TRUE  TRUE
[286] FALSE FALSE  TRUE  TRUE  TRUE  TRUE  TRUE FALSE FALSE FALSE  TRUE  TRUE  TRUE FALSE  TRUE  TRUE  TRUE FALSE FALSE
[305] FALSE FALSE  TRUE FALSE FALSE  TRUE  TRUE  TRUE  TRUE FALSE  TRUE  TRUE  TRUE  TRUE  TRUE FALSE FALSE  TRUE FALSE
[324]  TRUE  TRUE FALSE  TRUE FALSE  TRUE FALSE  TRUE  TRUE  TRUE FALSE  TRUE FALSE  TRUE  TRUE FALSE FALSE  TRUE FALSE
[343] FALSE FALSE FALSE  TRUE FALSE  TRUE  TRUE  TRUE FALSE  TRUE  TRUE FALSE  TRUE  TRUE  TRUE  TRUE FALSE  TRUE  TRUE
[362]  TRUE  TRUE  TRUE  TRUE  TRUE  TRUE  TRUE  TRUE  TRUE FALSE FALSE FALSE  TRUE FALSE  TRUE  TRUE FALSE  TRUE  TRUE
[381]  TRUE  TRUE FALSE  TRUE  TRUE  TRUE  TRUE  TRUE  TRUE  TRUE  TRUE  TRUE  TRUE FALSE FALSE FALSE  TRUE FALSE FALSE
[400]  TRUE  TRUE  TRUE  TRUE  TRUE  TRUE  TRUE  TRUE  TRUE  TRUE FALSE  TRUE  TRUE FALSE  TRUE  TRUE FALSE  TRUE  TRUE
[419] FALSE  TRUE FALSE  TRUE FALSE  TRUE  TRUE  TRUE  TRUE FALSE  TRUE FALSE  TRUE FALSE  TRUE FALSE  TRUE FALSE  TRUE
[438]  TRUE FALSE  TRUE  TRUE  TRUE FALSE FALSE  TRUE  TRUE  TRUE FALSE  TRUE  TRUE  TRUE  TRUE FALSE  TRUE  TRUE  TRUE
[457]  TRUE  TRUE  TRUE  TRUE FALSE FALSE  TRUE  TRUE  TRUE  TRUE  TRUE  TRUE  TRUE  TRUE  TRUE  TRUE  TRUE  TRUE FALSE
[476]  TRUE  TRUE FALSE  TRUE  TRUE  TRUE  TRUE  TRUE  TRUE  TRUE  TRUE  TRUE  TRUE  TRUE  TRUE  TRUE  TRUE  TRUE  TRUE
[495] FALSE FALSE  TRUE  TRUE FALSE  TRUE  TRUE FALSE  TRUE  TRUE  TRUE  TRUE  TRUE FALSE FALSE  TRUE  TRUE  TRUE  TRUE
[514]  TRUE  TRUE  TRUE  TRUE  TRUE  TRUE  TRUE  TRUE  TRUE FALSE  TRUE  TRUE  TRUE  TRUE  TRUE  TRUE  TRUE FALSE  TRUE
[533]  TRUE  TRUE  TRUE  TRUE  TRUE  TRUE FALSE  TRUE  TRUE  TRUE  TRUE  TRUE  TRUE  TRUE  TRUE  TRUE  TRUE  TRUE  TRUE
[552]  TRUE  TRUE  TRUE  TRUE  TRUE  TRUE  TRUE  TRUE FALSE  TRUE  TRUE  TRUE  TRUE  TRUE  TRUE  TRUE  TRUE  TRUE  TRUE
[571] FALSE FALSE FALSE  TRUE  TRUE  TRUE  TRUE  TRUE  TRUE  TRUE  TRUE  TRUE  TRUE FALSE  TRUE  TRUE  TRUE  TRUE  TRUE
[590]  TRUE  TRUE  TRUE FALSE  TRUE  TRUE  TRUE  TRUE  TRUE  TRUE  TRUE  TRUE  TRUE  TRUE FALSE  TRUE  TRUE  TRUE  TRUE
[609]  TRUE  TRUE FALSE FALSE FALSE  TRUE  TRUE  TRUE  TRUE FALSE  TRUE  TRUE  TRUE FALSE  TRUE  TRUE  TRUE  TRUE  TRUE
[628]  TRUE  TRUE  TRUE  TRUE  TRUE  TRUE  TRUE  TRUE  TRUE  TRUE  TRUE  TRUE  TRUE  TRUE  TRUE  TRUE  TRUE  TRUE  TRUE
[647]  TRUE  TRUE  TRUE  TRUE  TRUE FALSE  TRUE  TRUE  TRUE  TRUE  TRUE  TRUE  TRUE  TRUE  TRUE  TRUE  TRUE  TRUE FALSE
[666]  TRUE  TRUE FALSE  TRUE  TRUE  TRUE  TRUE  TRUE  TRUE  TRUE  TRUE  TRUE  TRUE  TRUE  TRUE  TRUE  TRUE  TRUE  TRUE
[685]  TRUE  TRUE  TRUE  TRUE  TRUE  TRUE  TRUE  TRUE  TRUE FALSE  TRUE  TRUE  TRUE  TRUE  TRUE  TRUE  TRUE  TRUE  TRUE
[704]  TRUE  TRUE  TRUE  TRUE  TRUE  TRUE  TRUE FALSE  TRUE  TRUE  TRUE  TRUE FALSE  TRUE FALSE  TRUE

