
Birth-death simulation object with 708 species and 500 extant species

Details for some species:

Extinction times (NA means extant)
[1]  51.98647 107.52567  87.36982  43.99965  50.59464  56.96721


Speciation times 
[1] 123.58265 119.48972  92.02006  89.25132  88.32100  61.14524


Species parents (NA for initial)
[1] NA  1  1  1  1  1


Species status (extinct or extant)
[1] "extinct" "extinct" "extinct" "extinct" "extinct" "extinct"


For more details on vector y, try sim$y, with y one of
TE TS PAR EXTANT



$TE
  [1] 5.198647e+01 1.075257e+02 8.736982e+01 4.399965e+01 5.059464e+01 5.696721e+01 5.539958e+01 8.977565e+01
  [9] 3.851111e+01 8.242896e+01 1.815846e+01 6.600630e+01 3.685202e+01 4.630672e+01           NA 3.050750e+01
 [17] 1.480651e+01 3.443675e+00           NA 3.188257e+01 8.244004e+01 6.103513e+01           NA           NA
 [25] 3.145166e+01 6.992263e+01 1.964948e+01           NA 3.328760e+01           NA           NA 2.806957e+01
 [33] 1.601179e+01 3.351646e+01           NA 4.258538e+01 4.415078e+01           NA 3.310703e+01 1.491594e+01
 [41]           NA 3.022590e+01 7.174883e+00           NA 1.433699e+01 9.002708e+00 8.409107e+00 2.937338e+01
 [49]           NA           NA 9.089992e+00 2.355763e+01 6.835633e+00 2.163798e+00 1.900620e+01 2.029714e+01
 [57]           NA           NA           NA           NA           NA 3.660544e+01           NA 1.414271e+01
 [65] 1.533512e+01           NA 1.230614e+01 5.592717e+00           NA           NA 3.878900e+01 2.383189e+01
 [73] 3.982137e+00           NA 2.003380e+01           NA           NA           NA           NA           NA
 [81] 2.531940e+01 1.262073e+01           NA 9.451903e+00           NA 2.678743e+01           NA 2.262224e+00
 [89] 2.921763e-01 6.981010e+00 2.292393e+01           NA 2.327651e+01 1.052031e+01           NA           NA
 [97] 3.448899e+01           NA           NA           NA 3.491209e+00 3.604104e+01 4.913490e+00 2.016126e+00
[105] 2.156289e+01 9.100757e+00 3.796367e+00           NA           NA 1.067284e+00           NA           NA
[113] 3.023028e+01           NA 1.983212e+01           NA 1.527161e+01           NA           NA           NA
[121]           NA           NA 1.504792e+01           NA           NA           NA           NA 4.479162e+00
[129]           NA           NA           NA           NA           NA           NA           NA           NA
[137] 5.207188e+00 2.906765e+01           NA 1.559497e+01           NA           NA 9.898383e+00 2.659476e+00
[145]           NA           NA 2.257305e+01 1.499931e+01           NA 1.463091e+01           NA 2.476450e+00
[153] 2.362556e+01           NA           NA           NA           NA           NA           NA           NA
[161]           NA 5.420527e+00           NA           NA 5.323514e+00           NA           NA           NA
[169] 1.871370e+01 1.950595e+01           NA           NA           NA           NA 2.014383e+01           NA
[177]           NA 5.519895e+00 2.844910e+00 2.780745e+00           NA           NA           NA           NA
[185] 2.134283e+01 3.205152e+00           NA           NA 1.077878e+01 1.304914e+01 1.902229e+01 6.160716e+00
[193] 7.661969e+00           NA           NA           NA 2.691617e+01 1.486742e+01           NA           NA
[201]           NA           NA 1.800563e+00           NA           NA           NA           NA           NA
[209]           NA           NA           NA           NA           NA           NA           NA           NA
[217]           NA           NA           NA           NA           NA 1.781799e+01 2.009556e+01           NA
[225]           NA           NA 4.313823e+00           NA           NA 2.215629e+01           NA           NA
[233]           NA 1.781183e+01 1.609840e+01 7.690957e+00           NA 4.655949e+00           NA           NA
[241]           NA           NA 1.736958e+01 1.375683e+01 1.268587e+01           NA           NA           NA
[249] 5.393535e-01 8.841666e+00           NA           NA           NA           NA           NA           NA
[257]           NA 6.472327e+00           NA 1.588236e+01           NA           NA           NA           NA
[265]           NA           NA 7.929945e+00           NA 7.695864e+00           NA           NA           NA
[273] 2.999225e+00           NA           NA           NA           NA           NA 1.712103e+01           NA
[281]           NA           NA 1.605561e+01 3.685928e+00           NA           NA           NA           NA
[289] 7.059658e+00           NA           NA           NA           NA           NA           NA           NA
[297]           NA 4.944488e-01           NA 1.372083e+00           NA           NA           NA           NA
[305]           NA           NA           NA           NA           NA           NA           NA           NA
[313] 1.519628e+01           NA 8.338439e+00           NA 9.218404e+00           NA           NA           NA
[321]           NA           NA 1.963100e+01           NA           NA           NA           NA 4.867344e+00
[329]           NA           NA 9.481688e-01           NA           NA 7.293352e+00 1.020540e+01           NA
[337]           NA           NA           NA 5.180787e+00           NA           NA           NA           NA
[345] 2.595230e+00           NA 1.004300e+00           NA 9.069642e+00 8.474119e+00           NA 1.245905e+00
[353]           NA 1.725596e+00 1.720135e+01           NA           NA 1.684818e+01           NA 3.307751e-01
[361]           NA           NA           NA 8.734674e+00           NA           NA           NA           NA
[369]           NA 4.065854e+00           NA 1.555847e+01           NA 1.733576e+00           NA           NA
[377]           NA 1.743482e+01           NA 6.160413e+00 8.230912e+00 4.460474e+00 1.279947e+01           NA
[385] 7.218655e+00           NA           NA           NA           NA           NA           NA           NA
[393]           NA           NA           NA 8.229778e-01           NA           NA           NA 1.389310e+01
[401] 8.566667e+00           NA 1.132265e+01 7.457682e+00           NA           NA           NA           NA
[409]           NA 4.331715e+00           NA           NA 5.274989e-02           NA           NA           NA
[417]           NA 4.497217e+00           NA 7.259551e+00           NA           NA           NA           NA
[425]           NA           NA 2.674544e+00           NA           NA           NA           NA           NA
[433]           NA           NA 8.900130e+00           NA 1.127334e+01           NA           NA 8.655079e+00
[441]           NA           NA           NA           NA 3.469000e+00           NA           NA           NA
[449]           NA           NA           NA           NA           NA           NA           NA           NA
[457]           NA           NA           NA           NA           NA           NA           NA           NA
[465]           NA           NA 2.269630e+00 2.027413e+00           NA 7.884112e+00           NA           NA
[473]           NA           NA           NA 9.987400e+00           NA           NA 9.548587e+00           NA
[481]           NA           NA 9.341927e+00           NA           NA           NA           NA           NA
[489]           NA           NA 6.995430e+00 7.005870e+00           NA           NA           NA           NA
[497] 3.465189e+00 6.791544e+00           NA           NA           NA           NA           NA           NA
[505]           NA 3.012544e+00 7.994488e+00           NA           NA 4.676187e+00           NA           NA
[513]           NA           NA           NA           NA           NA           NA           NA           NA
[521]           NA 5.233336e-01           NA           NA           NA           NA           NA 6.841144e+00
[529] 2.981476e+00           NA 1.174122e+00           NA           NA 2.576740e-02 3.856511e+00 2.677421e+00
[537]           NA           NA           NA 1.324474e+00 5.649884e+00           NA           NA           NA
[545]           NA           NA 5.496896e+00           NA           NA           NA           NA 2.884554e+00
[553]           NA           NA           NA           NA           NA 1.998050e+00           NA           NA
[561]           NA 3.913756e+00           NA           NA           NA           NA           NA           NA
[569]           NA           NA           NA           NA           NA           NA           NA           NA
[577]           NA           NA           NA           NA           NA           NA           NA           NA
[585]           NA           NA           NA           NA           NA           NA           NA           NA
[593] 4.888705e+00           NA           NA           NA           NA           NA           NA           NA
[601]           NA 2.773175e-03           NA 2.454109e+00           NA           NA 3.924990e-01 5.715702e+00
[609]           NA           NA           NA           NA 4.902497e+00           NA           NA           NA
[617]           NA           NA           NA           NA 1.896444e+00           NA           NA           NA
[625]           NA           NA           NA 5.969338e+00           NA           NA           NA           NA
[633]           NA 1.465628e+00           NA           NA           NA           NA           NA           NA
[641]           NA           NA           NA 3.924611e+00           NA           NA           NA           NA
[649]           NA 2.204828e+00           NA           NA           NA           NA           NA           NA
[657]           NA           NA           NA           NA           NA           NA           NA           NA
[665]           NA           NA           NA           NA           NA           NA           NA           NA
[673]           NA           NA           NA           NA           NA           NA           NA           NA
[681]           NA           NA           NA           NA           NA           NA           NA           NA
[689]           NA           NA           NA           NA           NA           NA           NA           NA
[697]           NA           NA           NA           NA           NA           NA           NA           NA
[705]           NA 6.733978e-01           NA           NA

$TS
  [1] 123.58264891 119.48972146  92.02005961  89.25131866  88.32099547  61.14524211  58.45829309  90.03920272
  [9]  88.12404706  86.37456798  56.53307566  74.98360536  61.39283675  57.62773983  51.59989668  80.86735457
 [17]  60.99726746  55.16605834  47.07936158  39.15744760  84.10369690  70.00484570  59.93526723  38.07977859
 [25]  36.84271557  70.65612294  48.03580249  46.98466671  41.66207277  23.31641111  51.22226456  48.48789920
 [33]  43.75766977  39.61121245  33.99904358  50.14732767  49.44371082  49.91018223  48.86446671  48.30628653
 [41]  35.37951981  33.73320254  32.26402429  29.71246955  27.92580107  25.83632937  15.87669937  37.10097836
 [49]  25.74436108  10.62331222  51.18875494  42.22712131  28.45934106   6.77361190  24.30610169  21.83818880
 [57]  43.11755919  48.19935029  45.41993309  40.50092201   0.46799680  40.29688551  32.66784176  30.10228238
 [65]  23.33290387  27.65142746  15.77680052   9.64431824   9.15754711   3.16636149  44.10807654  36.01119069
 [73]  32.70829617  20.98836646  36.26794088  29.68250154  25.95088195  10.86667020   4.70869863  30.99820157
 [81]  25.72496023  24.63719912  23.79856532  15.41434293   2.44992761  28.80606137  19.09481309   6.13575703
 [89]   4.78584693  34.37009658  28.65258545  33.54101088  27.60081429  18.09975895   2.37398355   0.34119627
 [97]  40.79713733  37.45056800  34.37319061  32.79979443  30.38609527  38.92502144  17.72093594   8.13996033
[105]  34.41070720  12.12817054   5.17975612   0.58218976  24.38113138  14.02125842  13.46195876  33.99708716
[113]  31.64028473  31.90759480  29.26937520  34.03640328  34.02651257  18.64733013  16.50107630   5.76009201
[121]   5.52739182  26.50830446  22.83982703   1.54437447  23.49127895  23.09155866  15.66032627  26.00501277
[129]  12.88479976   9.05555069  21.58961111  17.92206153  33.64337189  32.92489588  30.83575841  17.92452509
[137]   9.77460150  33.83387370   6.19735032  31.99973974  27.56473356  20.34679173  11.45308543   6.60409303
[145]   4.25276749   1.60208323  29.95354791  24.66714223  23.68475211  21.93732288  29.84191531  28.46217941
[153]  24.69398357   3.08714470  26.78187699  25.45050755   5.20572700   4.98021530  31.01076805  22.11948314
[161]  13.80883709   9.68484559   9.34327539   8.41797611   5.90754200  21.53835570  31.74658799  26.36982592
[169]  21.86307279  21.24948121  18.31033344  12.12824115   6.35267968  25.95136909  23.13710727  29.87065631
[177]  26.84565039   6.06403086   2.99573014  29.50587769  22.60130448  11.07785186  28.16977607  27.72801829
[185]  21.53649741  21.04276956   6.18430666  21.47970054  22.16067905  29.06322611  28.56518667  23.05773512
[193]  14.18805930   0.75651105  21.57100117  15.53033572  26.96596854  21.46245753  12.14895765  28.57400371
[201]  26.42429627  21.11420368  20.14278859  15.00230148   5.02647196   4.99239289  24.86429911  24.07710165
[209]  27.05232201  10.60251551   8.81493197   4.19027267   2.70063294   1.63566050  28.08397242  24.24484573
[217]  25.30702957  10.75135629  22.94553977   3.30174796   2.53520500  22.28166122  21.77951002  21.19619101
[225]  17.58669075  16.96240887  16.30745808  23.73932582  13.14970749  26.41951464  23.72145807  23.68517710
[233]  21.37013817  20.46399922  17.11431360  13.56962260   5.33586308  24.96587788   9.42116068  10.34359915
[241]   1.46938402   0.22647188  25.45351368  22.57219970  14.45032447   6.97929209  15.07615147   6.39009347
[249]  15.47426896   9.02566051  22.70839719  21.36557815  17.54546974  13.30459973   7.91520135   3.87801974
[257]  23.39917244  14.52332670  22.02786535  18.87399356  14.53353899   9.22673778   0.72900152  17.87496281
[265]  13.40405696  20.07249848  18.13311860  15.62007660  11.58886902   8.36251215   6.87061314   6.33308737
[273]  23.63487252  22.96444781  20.99896411   0.41858962   1.04577377  17.60645661  20.49131834  11.41003884
[281]   4.90954045   3.84736180  16.55283134  14.92730414  13.02889585  14.12603604   4.29908392  22.84850821
[289]  22.03845846   4.01102706  17.42318361  13.57455656  11.19067366   7.39279535  21.59445594  17.17743820
[297]  14.51065918  14.33685321   0.31770815  17.10127710  15.06318485   0.83046607  14.33949820  14.24123929
[305]   9.06169499   7.76533133   4.13957369   3.54306632  21.01762943  21.22036318  16.27525035  11.49782239
[313]  17.21593236  14.89775372   9.31447902  22.73045751  20.14553508  15.19188219  18.80767571  16.76485592
[321]  12.44324450   4.42481531  20.42142581  16.75007528  12.66260686   7.95864206   6.03220217   8.98945926
[329]   4.81136504   2.47623575  20.33193414  13.20360609  12.97740962  12.46021892  21.77095073  12.59040228
[337]  12.33386613  15.43821173  19.78750318   5.35634918  20.62590450  20.55505295  19.28579375  14.80482015
[345]  11.58562190  13.90300167  11.24408339   3.00821505  13.41509644  11.00942648  10.58713158   3.14984901
[353]  17.21245169  13.33611643  19.41306421  14.07579845  21.32321812  18.91157724   9.34798133   5.20143609
[361]  13.50416722  11.25719340  19.78691501  12.94116436   6.57018058   7.68718284   8.33888770   8.31242776
[369]  12.13003595   5.10955583   0.35938096  20.17087075  13.40534146   2.52255237  17.58018349  14.96663970
[377]   2.70606572  19.19970511   4.05928020  16.75701332  16.45849697  10.07145996  15.65628254  14.43853296
[385]   9.04680341   5.48197674   5.38253673  11.14887500   2.58107632  15.49260200   0.74514536   9.62911963
[393]   9.42424289   8.82491149   2.33858861  11.02306531  16.34625000  12.07559337   2.86944834  17.44652326
[401]   9.01943602   3.70952002  12.14613931   9.51360368  12.62258304  17.21885019  12.49673945   9.35520642
[409]   8.57474387   5.95385961   5.65008433  15.03144197   4.05477066   2.98873636  11.34770508  10.82508282
[417]   6.59877288   6.04680911   2.76983203  14.59393226  14.04467119  16.34748719  12.21131828   7.71013525
[425]   2.81159263   0.62763759  16.35043155  14.76953657  13.70260038   6.40844333   1.85036687  14.26604480
[433]  16.39813124   7.78254529  12.29877040   7.71700068  16.41007622  13.70320891  11.43189331  10.36191570
[441]   0.34337966   6.98209740   5.34154633  11.65814388  10.78014012   8.69620875   8.84770473  11.84933020
[449]   1.46328941  13.71187093  13.45944483  14.49662956  15.52937550   6.63215176  10.67767158   4.57053348
[457]   2.45085671   0.73151522  15.00768131   9.29122032   7.84198306   5.37729286   2.08183039   0.53527417
[465]  10.59756921   5.21930455   4.86367830   3.22516158  10.73244149   8.18280643   3.90376002   2.67679041
[473]  10.73799077   9.86135566   7.95800505  11.29472945   5.44985769   2.33792098  10.26826141   5.20287060
[481]   4.57871373  14.29265869  13.24261521   3.58830623   2.72929067  14.15199398   4.46907518   2.26068891
[489]   4.36157185   0.85028964  10.02380307  13.52785804   8.78275882   8.36700659   7.58410163   5.03016421
[497]  10.66804181   7.13891326  12.48362233  10.05438495   4.82069616   2.13895547   0.33587536   8.76734956
[505]   8.11465760   3.75526878  11.11162302  12.12357812  11.71894408   7.61932471   5.98089433  13.34037315
[513]  13.00437209   9.42947506   6.00182215   5.84635245   4.58469457   7.39557667   5.23795889   4.57365582
[521]   9.65129193   9.19871617   8.74269730   0.58559080   6.74333993  10.50103058   3.86182868  10.07525326
[529]   3.54391905   6.71609721   8.89757431   5.24616729   1.30464222   9.91350905  12.10370245   9.49031863
[537]   6.71784938   4.67638280   1.88121004   8.38559493  12.06171655  10.60897184   2.59294931   9.43531366
[545]   5.47850247   3.93838927  11.14059852   7.39753832   0.47977078  10.49992144   5.94971033   4.91723889
[553]   3.69614950   3.28136122   6.70486138   3.55394123   2.16735149   7.93148515   3.01721529   2.69394889
[561]   9.95576954   9.91604611   5.13247152   0.43300169  10.52139193   9.44977177   7.52458956   8.41190804
[569]   8.85169325   9.48674145   4.35522932   3.41460717   9.46223032   3.03344882   9.85857257   9.67305658
[577]   7.67889477   5.48232455   2.34281613   5.20237031   3.54141589  10.50273089   1.92256251   6.88475352
[585]   5.85632926   2.75514223   6.16311649   8.08375487   7.92599013   7.73419870   6.76758884   4.38908509
[593]   9.13875448   6.74084186   8.04292798   6.07130715   8.55421144   4.71601534   2.71495014   4.99147044
[601]   4.14193315   1.54860883   1.71811991   7.35526682   5.22184597   7.09619529   2.80312444   6.93258312
[609]   4.22437930   8.04875755   5.36989747   2.57978757   6.31578367   5.49936086   7.00300214   5.87693941
[617]   4.49154137   4.68067034   7.33117213   6.79049956   2.88174623   0.26601295   2.02895412   7.65402626
[625]   0.59514597   1.87877132   4.76282740   6.18838404   2.11091069   3.69068176   5.94224436   2.44122463
[633]   2.13361860   2.47320510   6.95821505   4.86573595   1.33940484   6.49605485   4.05728248   3.38610093
[641]   5.56076163   2.59822925   3.27913731   4.19894718   6.04277197   0.34501690   0.89434822   5.70044102
[649]   3.21028595   5.77050713   4.07291190   3.55208473   4.68470450   4.18433375   0.59843203   1.73604421
[657]   4.93392521   2.22771139   2.08210695   1.47896041   0.43131065   2.19225202   0.93626295   0.71561027
[665]   4.34472895   5.05089431   4.24547294   1.00087826   3.32247577   4.74271368   0.02871594   2.15087977
[673]   0.83530305   1.39901821   1.56023341   4.14703912   1.63811864   4.17944610   0.14635418   3.04812524
[681]   2.52943645   3.39179538   0.71048581   3.27610823   1.73881831   2.32686558   3.25577047   0.12320412
[689]   0.92575901   0.58863785   1.06040153   1.29020957   1.01873575   0.15571267   2.13154073   2.17836886
[697]   2.09645698   0.58285399   2.17997905   0.65437977   2.34336206   1.24621535   2.21885974   0.70441731
[705]   1.51843540   0.91108987   0.48735108   0.22941111

$PAR
  [1]  NA   1   1   1   1   1   1   3   3   4   4   5   5   5   5   9   9   9   9   9  10  16  16  16  16  12  13  13
 [29]  13  17  23  23  23  23  23  14  14  11  18  18  18  18  18  18  18  18  18  15  15  15  31  31  31  31  51  51
 [57]  36  38  38  38  38  39  32  40  40  58  58  58  58  58  27  27  27  27  19  19  19  19  19  28  28  28  28  28
 [85]  28  59  59  59  59  33  33  57  57  57  57  57  52  52  52  52  52  97  60  60  24  24  24  24  98  98  98  48
[113]  75  72  72  41  41  41  41  41  41 105  99  99  90  90  90 116 116 116 117 117  35  35  35  35  35 112 112  42
[141] 133 133 133 133 133 133  92  92  92 134 100 100 100 100  73  73  73  73  63  63  63  63  63  63  63  43 140 114
[169] 114 114 114 114 114 167 167 159 159 159 159  80  80  80 135 135 135 135 135 101  64 147 176 151 151 151  44  44
[197]  76  76  76 180 180 180 180 180 180 180 115 190  91 200 200 200 200 200 191 191 152 152  53 183 183  45  45  45
[225]  45  45  45 184 184  66  66  93 141 141 141 141 141 209 209 177 177 177 155 155 155 155 122 122 201 201 168 168
[253] 168 168 168 168 128 128 174 174 174 174 174  77  77  46  46  46  49  49  49  49 156 156 156 156 217 238 207 207
[281] 207 207  82  82  82 109 109 216 216 216 208 208 208 208  83 228 228 228 228 231 231 231 232 232 257 257 257 257
[309]  65  30  30  30 126 126 192 274 274 219 288 288 288 288 123 123 316 251 251 181 181 181 244 189 189 189 160 160
[337] 160 289 259 259 295 295 295 295 295 131 131 131 195 195 195 195 166 166 188 233 252 252 252 252 357 357 310 310
[365] 310 224 202 186 309 309 275  74 341 342 279 142 142 331 331 317 317 317 203 203 203 203 203 266 266 339 363 343
[393]  87  87  87 319 118 118 118 171 171 171 136 136 132 264 264 264 264 264 264 103 375 375 406 406 406 406 406 353
[421] 353 296 296 296 296 296 300 300 300 226 320 380 324 324 119 119 381 437 433 433 433 427 427 422 397 397 227 311
[449] 311  47  47  67 268 268 338 338 338 338 318 318 318 318 318 247 301 301 301 301 412 412 412 412 204 204 376 344
[477] 344 344 428 428 428 261 303 482 482 432 432 432 304 304 193 356 356 356 356 356 346 346 161 161 161 438 438 292
[505] 292 292 236 492 492 451 451 265 265 265 265 265 265 512 254 254 483 332 332 229 285 129 129 405 405 336 407 407
[533] 499 321 423 423 423 423 423 199 403 369 172 106 535 535 398 398 444 345 345 345 345 345 312 439 415 362 362 362
[561] 293 293 293 182 396 396 396  78 416 445 218 218 473 473 469 469 455 455 455  50  50 542 465 582 582 582 382 561
[589] 562 562 534 534 575 575 521 392 514 514 514 239 408 359 460 522 522  69 305 130 531 447 394 394 211 211 493 493
[617] 504 523 597 597 597 597 270 368 368 595 326 475 558 589 461 590 436 366 495 495 548 442 635 635 271  54 555 144
[645] 365 365 272 139 596 418 645 645 327 515 585 516 650 650 411 411 545 477 532 605 466 157 666 158 552 281 501 329
[673] 329 653 538 481 456 322 322 654 676 307 413 282 652 308 572 682 669 669 220  70 154 680 607 586 472 543 389  85
[701] 632 478 686 656 677 277 194 391

$EXTANT
  [1] FALSE FALSE FALSE FALSE FALSE FALSE FALSE FALSE FALSE FALSE FALSE FALSE FALSE FALSE  TRUE FALSE FALSE FALSE  TRUE
 [20] FALSE FALSE FALSE  TRUE  TRUE FALSE FALSE FALSE  TRUE FALSE  TRUE  TRUE FALSE FALSE FALSE  TRUE FALSE FALSE  TRUE
 [39] FALSE FALSE  TRUE FALSE FALSE  TRUE FALSE FALSE FALSE FALSE  TRUE  TRUE FALSE FALSE FALSE FALSE FALSE FALSE  TRUE
 [58]  TRUE  TRUE  TRUE  TRUE FALSE  TRUE FALSE FALSE  TRUE FALSE FALSE  TRUE  TRUE FALSE FALSE FALSE  TRUE FALSE  TRUE
 [77]  TRUE  TRUE  TRUE  TRUE FALSE FALSE  TRUE FALSE  TRUE FALSE  TRUE FALSE FALSE FALSE FALSE  TRUE FALSE FALSE  TRUE
 [96]  TRUE FALSE  TRUE  TRUE  TRUE FALSE FALSE FALSE FALSE FALSE FALSE FALSE  TRUE  TRUE FALSE  TRUE  TRUE FALSE  TRUE
[115] FALSE  TRUE FALSE  TRUE  TRUE  TRUE  TRUE  TRUE FALSE  TRUE  TRUE  TRUE  TRUE FALSE  TRUE  TRUE  TRUE  TRUE  TRUE
[134]  TRUE  TRUE  TRUE FALSE FALSE  TRUE FALSE  TRUE  TRUE FALSE FALSE  TRUE  TRUE FALSE FALSE  TRUE FALSE  TRUE FALSE
[153] FALSE  TRUE  TRUE  TRUE  TRUE  TRUE  TRUE  TRUE  TRUE FALSE  TRUE  TRUE FALSE  TRUE  TRUE  TRUE FALSE FALSE  TRUE
[172]  TRUE  TRUE  TRUE FALSE  TRUE  TRUE FALSE FALSE FALSE  TRUE  TRUE  TRUE  TRUE FALSE FALSE  TRUE  TRUE FALSE FALSE
[191] FALSE FALSE FALSE  TRUE  TRUE  TRUE FALSE FALSE  TRUE  TRUE  TRUE  TRUE FALSE  TRUE  TRUE  TRUE  TRUE  TRUE  TRUE
[210]  TRUE  TRUE  TRUE  TRUE  TRUE  TRUE  TRUE  TRUE  TRUE  TRUE  TRUE  TRUE FALSE FALSE  TRUE  TRUE  TRUE FALSE  TRUE
[229]  TRUE FALSE  TRUE  TRUE  TRUE FALSE FALSE FALSE  TRUE FALSE  TRUE  TRUE  TRUE  TRUE FALSE FALSE FALSE  TRUE  TRUE
[248]  TRUE FALSE FALSE  TRUE  TRUE  TRUE  TRUE  TRUE  TRUE  TRUE FALSE  TRUE FALSE  TRUE  TRUE  TRUE  TRUE  TRUE  TRUE
[267] FALSE  TRUE FALSE  TRUE  TRUE  TRUE FALSE  TRUE  TRUE  TRUE  TRUE  TRUE FALSE  TRUE  TRUE  TRUE FALSE FALSE  TRUE
[286]  TRUE  TRUE  TRUE FALSE  TRUE  TRUE  TRUE  TRUE  TRUE  TRUE  TRUE  TRUE FALSE  TRUE FALSE  TRUE  TRUE  TRUE  TRUE
[305]  TRUE  TRUE  TRUE  TRUE  TRUE  TRUE  TRUE  TRUE FALSE  TRUE FALSE  TRUE FALSE  TRUE  TRUE  TRUE  TRUE  TRUE FALSE
[324]  TRUE  TRUE  TRUE  TRUE FALSE  TRUE  TRUE FALSE  TRUE  TRUE FALSE FALSE  TRUE  TRUE  TRUE  TRUE FALSE  TRUE  TRUE
[343]  TRUE  TRUE FALSE  TRUE FALSE  TRUE FALSE FALSE  TRUE FALSE  TRUE FALSE FALSE  TRUE  TRUE FALSE  TRUE FALSE  TRUE
[362]  TRUE  TRUE FALSE  TRUE  TRUE  TRUE  TRUE  TRUE FALSE  TRUE FALSE  TRUE FALSE  TRUE  TRUE  TRUE FALSE  TRUE FALSE
[381] FALSE FALSE FALSE  TRUE FALSE  TRUE  TRUE  TRUE  TRUE  TRUE  TRUE  TRUE  TRUE  TRUE  TRUE FALSE  TRUE  TRUE  TRUE
[400] FALSE FALSE  TRUE FALSE FALSE  TRUE  TRUE  TRUE  TRUE  TRUE FALSE  TRUE  TRUE FALSE  TRUE  TRUE  TRUE  TRUE FALSE
[419]  TRUE FALSE  TRUE  TRUE  TRUE  TRUE  TRUE  TRUE FALSE  TRUE  TRUE  TRUE  TRUE  TRUE  TRUE  TRUE FALSE  TRUE FALSE
[438]  TRUE  TRUE FALSE  TRUE  TRUE  TRUE  TRUE FALSE  TRUE  TRUE  TRUE  TRUE  TRUE  TRUE  TRUE  TRUE  TRUE  TRUE  TRUE
[457]  TRUE  TRUE  TRUE  TRUE  TRUE  TRUE  TRUE  TRUE  TRUE  TRUE FALSE FALSE  TRUE FALSE  TRUE  TRUE  TRUE  TRUE  TRUE
[476] FALSE  TRUE  TRUE FALSE  TRUE  TRUE  TRUE FALSE  TRUE  TRUE  TRUE  TRUE  TRUE  TRUE  TRUE FALSE FALSE  TRUE  TRUE
[495]  TRUE  TRUE FALSE FALSE  TRUE  TRUE  TRUE  TRUE  TRUE  TRUE  TRUE FALSE FALSE  TRUE  TRUE FALSE  TRUE  TRUE  TRUE
[514]  TRUE  TRUE  TRUE  TRUE  TRUE  TRUE  TRUE  TRUE FALSE  TRUE  TRUE  TRUE  TRUE  TRUE FALSE FALSE  TRUE FALSE  TRUE
[533]  TRUE FALSE FALSE FALSE  TRUE  TRUE  TRUE FALSE FALSE  TRUE  TRUE  TRUE  TRUE  TRUE FALSE  TRUE  TRUE  TRUE  TRUE
[552] FALSE  TRUE  TRUE  TRUE  TRUE  TRUE FALSE  TRUE  TRUE  TRUE FALSE  TRUE  TRUE  TRUE  TRUE  TRUE  TRUE  TRUE  TRUE
[571]  TRUE  TRUE  TRUE  TRUE  TRUE  TRUE  TRUE  TRUE  TRUE  TRUE  TRUE  TRUE  TRUE  TRUE  TRUE  TRUE  TRUE  TRUE  TRUE
[590]  TRUE  TRUE  TRUE FALSE  TRUE  TRUE  TRUE  TRUE  TRUE  TRUE  TRUE  TRUE FALSE  TRUE FALSE  TRUE  TRUE FALSE FALSE
[609]  TRUE  TRUE  TRUE  TRUE FALSE  TRUE  TRUE  TRUE  TRUE  TRUE  TRUE  TRUE FALSE  TRUE  TRUE  TRUE  TRUE  TRUE  TRUE
[628] FALSE  TRUE  TRUE  TRUE  TRUE  TRUE FALSE  TRUE  TRUE  TRUE  TRUE  TRUE  TRUE  TRUE  TRUE  TRUE FALSE  TRUE  TRUE
[647]  TRUE  TRUE  TRUE FALSE  TRUE  TRUE  TRUE  TRUE  TRUE  TRUE  TRUE  TRUE  TRUE  TRUE  TRUE  TRUE  TRUE  TRUE  TRUE
[666]  TRUE  TRUE  TRUE  TRUE  TRUE  TRUE  TRUE  TRUE  TRUE  TRUE  TRUE  TRUE  TRUE  TRUE  TRUE  TRUE  TRUE  TRUE  TRUE
[685]  TRUE  TRUE  TRUE  TRUE  TRUE  TRUE  TRUE  TRUE  TRUE  TRUE  TRUE  TRUE  TRUE  TRUE  TRUE  TRUE  TRUE  TRUE  TRUE
[704]  TRUE  TRUE FALSE  TRUE  TRUE

