
Birth-death simulation object with 642 species and 500 extant species

Details for some species:

Extinction times (NA means extant)
[1] 17.45978 35.95433 36.18499 18.81851 16.31894 23.75620


Speciation times 
[1] 80.65109 54.81379 53.47486 48.78333 43.77721 36.03809


Species parents (NA for initial)
[1] NA  1  1  1  1  1


Species status (extinct or extant)
[1] "extinct" "extinct" "extinct" "extinct" "extinct" "extinct"


For more details on vector y, try sim$y, with y one of
TE TS PAR EXTANT



$TE
  [1] 17.45978000 35.95432632 36.18498740 18.81851452 16.31894034 23.75619698 27.35938056          NA 28.67247840          NA 28.93405859
 [12] 37.90673597          NA 37.89403316          NA 10.91786073          NA  6.70763108          NA          NA          NA  6.19964836
 [23] 33.24756836 17.16966228  6.28477043 37.37773410          NA          NA          NA 10.93010603 31.14397675 26.31205419          NA
 [34] 13.83520474 10.76414594  5.59471472          NA  6.07526847          NA 29.81198146          NA 16.73143902          NA          NA
 [45]  5.20537918          NA          NA          NA          NA 31.76693884  0.42423839          NA 14.93272366          NA          NA
 [56] 10.01492994          NA          NA 27.21453449 13.57020219          NA          NA          NA          NA 27.04426772          NA
 [67]          NA  7.96831210          NA          NA          NA          NA          NA          NA          NA          NA          NA
 [78]  4.10963500          NA          NA          NA  4.43070978 16.75092936  3.95582279          NA          NA          NA  4.87264949
 [89] 18.46757588 18.16698258          NA          NA          NA          NA          NA          NA  3.43462150          NA          NA
[100]  1.15266386  4.62017895          NA          NA          NA          NA          NA          NA  5.19204586          NA          NA
[111]          NA          NA          NA 22.14829712 19.11160174          NA          NA          NA          NA  2.79656558          NA
[122]          NA          NA          NA          NA          NA 11.72044099          NA          NA          NA          NA 14.74302888
[133]          NA  5.69883094          NA          NA          NA          NA  7.12973573          NA  7.27360071          NA          NA
[144]          NA  3.63352252 17.35373057          NA  5.83608360          NA  7.11140991 11.09636910          NA          NA          NA
[155]          NA  4.19841777          NA          NA  4.68853294          NA          NA          NA 15.30473042          NA          NA
[166]  8.15995279  5.76827955  4.23639301          NA          NA  1.34386178          NA          NA 12.96322327          NA  4.07729018
[177]  7.18178737          NA          NA          NA  0.24580318  4.10684704          NA          NA          NA          NA          NA
[188]          NA  5.67640774          NA          NA          NA          NA          NA  4.74837458          NA  1.89002665          NA
[199]          NA          NA          NA          NA 14.19943154          NA  2.44072591          NA          NA          NA          NA
[210]          NA          NA          NA          NA          NA 13.18988089          NA  1.50599546          NA  1.36668566  2.84691956
[221]          NA          NA          NA          NA          NA          NA  4.43698912          NA          NA          NA 10.43865526
[232]          NA          NA          NA          NA          NA  5.85947928  9.96175487          NA          NA          NA          NA
[243]  4.35814369          NA          NA          NA          NA          NA 13.15623266  9.80705193          NA          NA          NA
[254]          NA          NA          NA          NA          NA  1.18257192          NA          NA          NA  4.64431069  3.19817736
[265]          NA          NA  0.12473444          NA          NA  0.71651749          NA  2.03480915          NA  1.48795339          NA
[276]          NA          NA  1.85614804          NA  3.47682720          NA          NA  3.59931987          NA  2.67375900  4.78894992
[287]          NA          NA          NA          NA          NA  4.56658550  1.30668508          NA          NA          NA          NA
[298]  2.32511000          NA          NA          NA          NA          NA  9.45141178          NA  5.41225420          NA          NA
[309]  1.86479243          NA          NA          NA          NA          NA          NA          NA  5.77398791  0.22338931          NA
[320]          NA  5.15024562          NA          NA          NA          NA          NA          NA          NA          NA          NA
[331]          NA          NA          NA          NA          NA          NA          NA          NA          NA          NA          NA
[342]  0.54380917          NA          NA          NA          NA  3.14693508          NA          NA          NA  0.07316416          NA
[353]  1.09885973          NA          NA          NA          NA          NA          NA          NA          NA          NA          NA
[364]          NA          NA          NA  1.23184789          NA  0.89421962          NA          NA          NA          NA          NA
[375]          NA          NA          NA          NA          NA          NA          NA          NA  4.33827995          NA          NA
[386]          NA          NA          NA          NA          NA          NA          NA          NA  3.16144281          NA          NA
[397]          NA          NA          NA          NA          NA          NA          NA          NA          NA          NA  4.76002030
[408]  0.72019886          NA          NA          NA          NA  0.22183388          NA          NA          NA          NA          NA
[419]          NA          NA          NA  4.44315817          NA  0.34911823          NA          NA          NA  5.85029046          NA
[430]          NA          NA          NA          NA          NA          NA          NA  7.03083426          NA          NA          NA
[441]          NA          NA          NA          NA          NA          NA          NA          NA          NA          NA          NA
[452]          NA          NA          NA          NA  2.47151594          NA  4.70434845          NA          NA          NA          NA
[463]          NA  5.58814402          NA          NA  4.64411415          NA          NA          NA          NA          NA          NA
[474]          NA          NA          NA          NA          NA          NA          NA          NA          NA          NA  2.22642757
[485]          NA          NA          NA          NA          NA          NA          NA          NA          NA          NA          NA
[496]          NA          NA          NA  4.42189259          NA          NA          NA          NA          NA          NA          NA
[507]  4.96700664  4.35797207          NA          NA          NA          NA          NA          NA          NA          NA          NA
[518]          NA          NA  1.55014240          NA          NA          NA          NA          NA          NA  3.35393408          NA
[529]          NA          NA  0.99039651          NA          NA          NA          NA          NA          NA          NA          NA
[540]          NA  1.17012569          NA          NA          NA          NA          NA          NA          NA          NA          NA
[551]          NA          NA          NA          NA          NA          NA          NA          NA          NA          NA  0.10574781
[562]          NA  1.95493877          NA          NA          NA          NA          NA          NA          NA  0.84307127          NA
[573]          NA          NA          NA          NA          NA          NA          NA          NA          NA          NA          NA
[584]          NA          NA          NA          NA          NA          NA          NA          NA          NA          NA          NA
[595]  3.03448576          NA  0.88638807  2.11697311          NA          NA          NA          NA          NA          NA          NA
[606]          NA          NA          NA          NA          NA          NA          NA          NA          NA          NA          NA
[617]          NA          NA          NA          NA          NA          NA          NA          NA          NA          NA          NA
[628]          NA          NA          NA          NA          NA          NA          NA          NA          NA          NA          NA
[639]          NA          NA          NA          NA

$TS
  [1] 80.651088293 54.813785007 53.474856774 48.783332335 43.777208651 36.038086740 34.447807841 31.280135129 28.734652996 18.618373703
 [11] 46.087446543 50.112693801 47.378236479 41.527937387 31.620962659 28.253576515 25.238105689 31.575709453 20.897962674 17.876928625
 [21] 15.389243864 35.312385428 34.153405178 33.750875366 41.797357253 40.924692816 40.855786615 31.156809594 24.224117239 18.836903499
 [31] 34.298763941 31.408105472 30.353936756 22.883589456 21.759651971 17.800472170 14.006434358 11.975326653  7.288720019 40.265355665
 [41] 28.589151266 26.813968146 16.988311129  9.973442911  5.666563362  4.175233715  3.975807154  3.739136306  0.437021722 34.183426741
 [51] 20.486839024 29.188836114 33.967496105 16.285139476 18.951061048 17.390025564 30.931509175 30.366625669 30.306596547 18.290190154
 [61] 14.672280478  9.531516197  6.822539877  0.030420282 28.982073223 27.716056952 18.841413254 10.412797124 10.036508506  4.142509937
 [71] 13.744781400 10.966599985 23.080366483 10.722984562 25.481234253 21.276317974 20.411211324 19.972429373 15.297205852 11.956974470
 [81] 28.794054533 27.021318835 17.447175767 11.720297794  5.710410390  5.164768748 11.294493821 26.279135689 22.509504339 19.807650811
 [91] 24.107783378 11.177306760  9.376619437  5.947100885  3.650514700 17.503554329  8.058136585  4.739542426 24.562649256 23.669715111
[101] 10.649677373 25.218456546 19.912655038 13.432082288 10.949638877 10.089309844  9.936804997  8.005687639  4.440787608  3.068428977
[111]  2.445973452  1.804766306  1.612689612 24.562141979 22.230119936 13.741640398  5.404056375  1.560982417 21.812354816 17.851394893
[121] 10.636464550  1.936292666 20.333163464  5.479508209  1.190269076 14.665023657 12.073479425  8.393638812  6.376146471  3.631150978
[131]  3.310164753 16.722734296 16.077417149 22.416405034 20.336878801 18.478334932 10.918564659  5.816876527 21.599291401 20.315400682
[141] 19.812930553 14.437569576 21.247459420 14.843340777  9.564068055 19.011157422  2.433913918 10.401090727  8.758336071  7.796436001
[151] 11.910341034  3.058455026  5.003784344  3.048193715  3.210652786 16.928900114  4.998599781 18.420458667 16.713461421 12.229537087
[161] 11.074435298 19.433185341 16.431788735  4.173263981  0.104973472 12.912619763  9.423636715 13.652826218 18.594066625  9.119359583
[171]  4.841112329 10.261781126  8.547132237 17.791928008 16.969095398  8.435738900  7.446352525  1.145335581 12.729675547 12.551904695
[181] 11.748651945  7.269874916  3.132205921 13.881299922  7.542278840 12.100639921  8.754996891 17.032377607 15.049159593  9.359397790
[191]  7.449269854  2.098720342  1.742377505  1.417950427 10.437217809  1.233224068 15.857060159 16.743443870 15.670545678 14.092765994
[201]  8.668860898 16.256339882 15.896066462 11.815126809  7.681043142  6.445963185 13.942345035 13.650711993  8.868027547  5.266062271
[211]  4.683235819  3.381351454  3.376823503 16.527892031 14.483365962  8.373725285 16.373170307 15.462040677 12.445501683  3.275617543
[221] 10.460229270  7.694075986  6.434717163  4.694396217 16.062976073 12.167845204  9.025555782  4.293368610  4.300466721  3.994052792
[231] 11.870894630  5.621512860  4.100129710  3.791296913  3.342677710  3.242507008  6.993462043 14.024475120  5.748564790  3.008191090
[241] 14.940462762  8.345986058 11.182571164 11.348552858 10.150363294  9.552178436  8.478571161  1.646416617 14.275968268 12.758295997
[251] 10.183419652  7.143118628  4.173794810  3.274425033  1.508154713 13.459613634  9.843582370  8.511000095 10.911312944  5.894458502
[261]  4.398597768 11.960392654 10.606406093 10.436685564 10.107574164 12.574097857 10.736989484  6.501214906  5.772225176  5.160632245
[271]  2.206777341  8.354029293  7.986677624  3.799091064 11.842472225  9.908177139  3.943099131  6.171004230  1.924909352 12.091236500
[281]  7.311824974  5.776958227  8.683975020  9.279740372 11.846477061  7.124190126  2.353302324  6.786593489  3.932793657  6.750949489
[291]  5.735163680  8.883520065  8.662186725  7.543840816  9.095612159  7.517900135  7.207870958  3.713415194  6.254475287  9.606548838
[301]  8.391752817 11.325346545  2.389763068 10.458739826 10.396478503  6.361531061  9.597080992 11.454536223  9.101685439  7.870598240
[311]  5.893994384 11.143156950 10.735431928  9.480655095  4.922647315 11.081432795 10.132290745  9.400156011  1.482284220  9.049089220
[321]  8.531416669  9.461166372  4.605022582  5.572679985  5.838999859  3.259763954  9.054683940  2.358899843  9.404114525  7.323354977
[331]  2.573838514  9.581131529  8.414836643  8.016842172  3.686705824  0.606044815  9.194163406  8.780461017  8.423229910  5.614401456
[341]  4.140633953  3.234150874  0.259577146  5.479195537  0.023968488  5.890293004  8.827597826  7.465560268  5.073385264  2.896764776
[351]  9.888641413  2.365299348  3.316061001  8.309052210  3.172185642  4.381736519  2.013985982  8.806350576  2.269861926  5.385799201
[361]  3.740608691  0.059693591  9.603642485  9.279306924  1.929566075  4.332727269  9.480498248  2.479200465  7.258846740  0.741742428
[371]  5.197020162  3.450603799  8.927176820  6.041538992  4.412311778  3.642097397  7.500731634  7.180898779  6.676468005  5.869651591
[381]  4.836204014  4.711334706  5.543026889  8.472250893  7.736011733  2.270054267  2.426791092  9.134417241  6.988238105  2.266020311
[391]  2.259757586  7.098063115  4.576164556  3.279360384  0.482187301  8.378797869  7.980227044  4.814603584  7.683676901  5.964679374
[401]  5.278218782  4.642811548  2.241875147  5.295956146  0.506556024  5.003519078  5.651746079  1.183630573  3.611520415  7.215121546
[411]  0.006143776  2.613864060  1.185040518  3.724814134  6.974128649  5.287715500  6.044309231  4.129667908  2.363081486  4.016677250
[421]  0.085991977  7.761264796  4.010054840  8.091762052  7.348487073  0.679977744  7.059313344  6.131618545  1.150627185  0.692781598
[431]  1.618796439  7.795024943  4.606681833  0.010055018  7.441682591  7.381727857  7.195741902  6.280746895  6.175660547  0.568607376
[441]  4.961634306  2.623657591  5.323952367  0.783050787  1.608818460  5.173477102  5.853454789  0.540920295  0.073175502  0.446754968
[451]  3.859067851  7.088549721  3.779769205  1.106677348  3.245432871  3.208296498  2.929303082  5.222040332  3.320095187  7.251767239
[461]  4.733102554  4.110981526  2.944273421  6.810306328  4.623714837  1.361032295  4.909880258  4.486294073  1.727531392  0.916829710
[471]  5.647457435  4.266053197  0.839232342  1.500356629  4.245198092  2.174156292  5.433058722  6.824983497  5.822189774  5.240895908
[481]  3.233100387  6.210383171  2.464379187  6.230582259  0.923941113  2.201894554  5.758925922  2.475037937  1.593329907  1.169686001
[491]  0.687498427  3.264690102  2.956096978  4.726972685  2.845245236  2.192682287  0.579646858  0.431766026  4.473015700  1.230986625
[501]  4.105871117  1.564522148  5.245386795  4.986363645  1.478449185  0.869787488  5.296441570  4.584657200  0.529906342  5.537553255
[511]  2.078936269  3.206645339  2.262263475  1.931827553  1.441687884  3.885795782  0.165180240  4.149915682  3.135285717  5.066077574
[521]  1.858112239  1.619841388  5.071092931  4.514765717  3.312024290  4.936035190  4.069239777  4.450801597  0.049111702  3.427907593
[531]  2.374851523  5.020410270  4.818662746  3.766264420  3.635216244  2.940071376  0.839065310  4.736779058  3.743042278  3.306567683
[541]  4.461593815  3.269544929  0.902073227  4.552107941  1.923722714  4.267224761  2.959177780  0.055511353  2.929746312  4.038076743
[551]  2.397200821  3.555148110  3.728882143  2.632418727  2.303829263  1.039171921  0.764413053  3.563797069  4.315427875  1.510510997
[561]  1.972905725  1.307235411  2.337666290  2.160474383  0.586617264  2.509989141  1.484498432  0.810356544  3.789719537  3.654216418
[571]  1.979679607  1.553399518  0.696735459  2.998203817  1.388752170  3.234360484  0.469939432  3.440165485  1.183841600  1.562949266
[581]  1.380336705  0.105290375  3.390344575  3.241940620  1.743485133  0.308019692  0.784388482  0.322466578  2.500697765  1.668869569
[591]  0.979185406  1.201720512  2.150284900  1.743066441  3.173320247  1.971203329  1.181323956  2.862786187  2.644684930  1.783513375
[601]  2.808696009  1.800520014  0.156733166  2.818332363  2.266751604  2.243363509  0.978741045  0.477654752  0.842639418  1.214442461
[611]  0.741058358  1.426341795  1.142248392  2.192642590  1.452911170  0.690145556  0.811175929  1.086864639  0.278435185  1.062552534
[621]  0.341122239  0.228774234  0.084713153  0.637004954  1.090011210  0.290972849  1.239376423  0.676005841  0.643760741  0.641509958
[631]  0.294030867  0.072426779  1.039595853  0.907232697  0.114616938  0.816979053  0.356652565  0.661844614  0.549978314  0.678505842
[641]  0.430057917  0.428796547

$PAR
  [1]  NA   1   1   1   1   1   1   1   1   1   2   3   3   4   4   4   4  13  13  13  13  11  11  11   5   5   5   5   5   5  25  25  25
 [34]  25  25  25  25  25  25  14  27  27  27  27  27  27  27  27  27  40  22   7  50  53  24  24  15  15  15  15  15  15  15  15  18  18
 [67]   8   8   8  28  57  57  58  58  33  33  33  33  33  33  52  52  52  52  52  81  41  16  16  16  66  66  66  66  66  82  82  82  88
[100]  88  88  75  75  75  75  75  75  75  75  75  75  75  17 102 102 102 102 102  99  99  29  29  91  91  91 100  73  73  73  73  73  34
[133]  34  89 134 134 134 119  35  35  35  35 139 139 139  76  76 143 143 143  19  51  77  77 135 140 140  78  78  78  78 103 103 103 103
[166] 141 141 162 146  67  67  10  10 169 169 169 169 169 136 158 158 158 158  20  20 120 120  36  36  36  36  96  96  96  56 188  43 175
[199] 175 175 175 156 156 156 156 156 198 198 198 198 198 198 198 132 214 214 163 217 217 217  54  54  54  54 202 202 202 202 133 133 225
[232] 225 225 197 197 199 218  21  21  21  79  79 189 241 241 241 241 241 144 144 144 144 144 144 144  61 126 126 142 142 142 200 200 200
[265] 200 238  37  37  37  37  37 207 207 184  71  71  71 116 116 168 208 208 256 104 250 179 266 180 180 160 160 226 226 226 186 280 280
[298] 280  38 262 262  80  80 285 285 285 275 204 204 204 204 181 181 181  84 308 308 308 308 244 312 316 316 161  72  72 105 105 137 137
[331] 137 259 259 259 267 267 313 313 313 313 313 313  74 101 121 263 221 221 221 221 304 305 172 251 245 265 265 106  44 107 107 276 351
[364] 351 351 300 307 307 145 246 314 314 367 367 367 367 322 322 322 322 322 318  93 190 190 190 284 364 364 364 337 295 295 295 295 327
[397] 327 327 320 373 373 358 358 149 149 283 201 201 293 173 173 258 258 384 176 176 339 339 339 333 333 301 301 396 216 216 242 242 242
[430] 242 354 424  97 334 273 273 397 397 397 397 432 432 422 385 399 205 294 294 294 185 296 348 191 191 435 435 436 330 330 281 281 281
[463] 281 369 369 460 297 297 297 297 378 378 378 252 392 392 452 427 389 478 478  63  63 464 290 379 268 206 438 438 438 299 299 484 482
[496] 482 417 374 400 260 311 311 346 447 325 479 138 282 282 239 291  85  85  85 471 232 232 324 124 117 117 117 360 443 443 416 416 480
[529] 371 446 270 520 520 532 532 532 532 153 153 406 504 504 504 441 526 533 533 533 398 494 494 224 402 323 323 323 544 524 468 468 528
[562] 528 375 261 228 546 253 253 518 518 418 418 462 501 420 423 230  47 277 451 234 453 534 361  48 553 414 130 409 552 578 235 353 131
[595] 254 542 342 355 519 519 110 110 110 574 547 493 493 463 350 601 601 589 419 328 328 287 605 391 279 602 600 600 522 431 113 572 255
[628] 474 567 567 615 612 597 429 454 618 634 543 568 616 395 641

$EXTANT
  [1] FALSE FALSE FALSE FALSE FALSE FALSE FALSE  TRUE FALSE  TRUE FALSE FALSE  TRUE FALSE  TRUE FALSE  TRUE FALSE  TRUE  TRUE  TRUE FALSE
 [23] FALSE FALSE FALSE FALSE  TRUE  TRUE  TRUE FALSE FALSE FALSE  TRUE FALSE FALSE FALSE  TRUE FALSE  TRUE FALSE  TRUE FALSE  TRUE  TRUE
 [45] FALSE  TRUE  TRUE  TRUE  TRUE FALSE FALSE  TRUE FALSE  TRUE  TRUE FALSE  TRUE  TRUE FALSE FALSE  TRUE  TRUE  TRUE  TRUE FALSE  TRUE
 [67]  TRUE FALSE  TRUE  TRUE  TRUE  TRUE  TRUE  TRUE  TRUE  TRUE  TRUE FALSE  TRUE  TRUE  TRUE FALSE FALSE FALSE  TRUE  TRUE  TRUE FALSE
 [89] FALSE FALSE  TRUE  TRUE  TRUE  TRUE  TRUE  TRUE FALSE  TRUE  TRUE FALSE FALSE  TRUE  TRUE  TRUE  TRUE  TRUE  TRUE FALSE  TRUE  TRUE
[111]  TRUE  TRUE  TRUE FALSE FALSE  TRUE  TRUE  TRUE  TRUE FALSE  TRUE  TRUE  TRUE  TRUE  TRUE  TRUE FALSE  TRUE  TRUE  TRUE  TRUE FALSE
[133]  TRUE FALSE  TRUE  TRUE  TRUE  TRUE FALSE  TRUE FALSE  TRUE  TRUE  TRUE FALSE FALSE  TRUE FALSE  TRUE FALSE FALSE  TRUE  TRUE  TRUE
[155]  TRUE FALSE  TRUE  TRUE FALSE  TRUE  TRUE  TRUE FALSE  TRUE  TRUE FALSE FALSE FALSE  TRUE  TRUE FALSE  TRUE  TRUE FALSE  TRUE FALSE
[177] FALSE  TRUE  TRUE  TRUE FALSE FALSE  TRUE  TRUE  TRUE  TRUE  TRUE  TRUE FALSE  TRUE  TRUE  TRUE  TRUE  TRUE FALSE  TRUE FALSE  TRUE
[199]  TRUE  TRUE  TRUE  TRUE FALSE  TRUE FALSE  TRUE  TRUE  TRUE  TRUE  TRUE  TRUE  TRUE  TRUE  TRUE FALSE  TRUE FALSE  TRUE FALSE FALSE
[221]  TRUE  TRUE  TRUE  TRUE  TRUE  TRUE FALSE  TRUE  TRUE  TRUE FALSE  TRUE  TRUE  TRUE  TRUE  TRUE FALSE FALSE  TRUE  TRUE  TRUE  TRUE
[243] FALSE  TRUE  TRUE  TRUE  TRUE  TRUE FALSE FALSE  TRUE  TRUE  TRUE  TRUE  TRUE  TRUE  TRUE  TRUE FALSE  TRUE  TRUE  TRUE FALSE FALSE
[265]  TRUE  TRUE FALSE  TRUE  TRUE FALSE  TRUE FALSE  TRUE FALSE  TRUE  TRUE  TRUE FALSE  TRUE FALSE  TRUE  TRUE FALSE  TRUE FALSE FALSE
[287]  TRUE  TRUE  TRUE  TRUE  TRUE FALSE FALSE  TRUE  TRUE  TRUE  TRUE FALSE  TRUE  TRUE  TRUE  TRUE  TRUE FALSE  TRUE FALSE  TRUE  TRUE
[309] FALSE  TRUE  TRUE  TRUE  TRUE  TRUE  TRUE  TRUE FALSE FALSE  TRUE  TRUE FALSE  TRUE  TRUE  TRUE  TRUE  TRUE  TRUE  TRUE  TRUE  TRUE
[331]  TRUE  TRUE  TRUE  TRUE  TRUE  TRUE  TRUE  TRUE  TRUE  TRUE  TRUE FALSE  TRUE  TRUE  TRUE  TRUE FALSE  TRUE  TRUE  TRUE FALSE  TRUE
[353] FALSE  TRUE  TRUE  TRUE  TRUE  TRUE  TRUE  TRUE  TRUE  TRUE  TRUE  TRUE  TRUE  TRUE FALSE  TRUE FALSE  TRUE  TRUE  TRUE  TRUE  TRUE
[375]  TRUE  TRUE  TRUE  TRUE  TRUE  TRUE  TRUE  TRUE FALSE  TRUE  TRUE  TRUE  TRUE  TRUE  TRUE  TRUE  TRUE  TRUE  TRUE FALSE  TRUE  TRUE
[397]  TRUE  TRUE  TRUE  TRUE  TRUE  TRUE  TRUE  TRUE  TRUE  TRUE FALSE FALSE  TRUE  TRUE  TRUE  TRUE FALSE  TRUE  TRUE  TRUE  TRUE  TRUE
[419]  TRUE  TRUE  TRUE FALSE  TRUE FALSE  TRUE  TRUE  TRUE FALSE  TRUE  TRUE  TRUE  TRUE  TRUE  TRUE  TRUE  TRUE FALSE  TRUE  TRUE  TRUE
[441]  TRUE  TRUE  TRUE  TRUE  TRUE  TRUE  TRUE  TRUE  TRUE  TRUE  TRUE  TRUE  TRUE  TRUE  TRUE FALSE  TRUE FALSE  TRUE  TRUE  TRUE  TRUE
[463]  TRUE FALSE  TRUE  TRUE FALSE  TRUE  TRUE  TRUE  TRUE  TRUE  TRUE  TRUE  TRUE  TRUE  TRUE  TRUE  TRUE  TRUE  TRUE  TRUE  TRUE FALSE
[485]  TRUE  TRUE  TRUE  TRUE  TRUE  TRUE  TRUE  TRUE  TRUE  TRUE  TRUE  TRUE  TRUE  TRUE FALSE  TRUE  TRUE  TRUE  TRUE  TRUE  TRUE  TRUE
[507] FALSE FALSE  TRUE  TRUE  TRUE  TRUE  TRUE  TRUE  TRUE  TRUE  TRUE  TRUE  TRUE FALSE  TRUE  TRUE  TRUE  TRUE  TRUE  TRUE FALSE  TRUE
[529]  TRUE  TRUE FALSE  TRUE  TRUE  TRUE  TRUE  TRUE  TRUE  TRUE  TRUE  TRUE FALSE  TRUE  TRUE  TRUE  TRUE  TRUE  TRUE  TRUE  TRUE  TRUE
[551]  TRUE  TRUE  TRUE  TRUE  TRUE  TRUE  TRUE  TRUE  TRUE  TRUE FALSE  TRUE FALSE  TRUE  TRUE  TRUE  TRUE  TRUE  TRUE  TRUE FALSE  TRUE
[573]  TRUE  TRUE  TRUE  TRUE  TRUE  TRUE  TRUE  TRUE  TRUE  TRUE  TRUE  TRUE  TRUE  TRUE  TRUE  TRUE  TRUE  TRUE  TRUE  TRUE  TRUE  TRUE
[595] FALSE  TRUE FALSE FALSE  TRUE  TRUE  TRUE  TRUE  TRUE  TRUE  TRUE  TRUE  TRUE  TRUE  TRUE  TRUE  TRUE  TRUE  TRUE  TRUE  TRUE  TRUE
[617]  TRUE  TRUE  TRUE  TRUE  TRUE  TRUE  TRUE  TRUE  TRUE  TRUE  TRUE  TRUE  TRUE  TRUE  TRUE  TRUE  TRUE  TRUE  TRUE  TRUE  TRUE  TRUE
[639]  TRUE  TRUE  TRUE  TRUE

