
Birth-death simulation object with 645 species and 500 extant species

Details for some species:

Extinction times (NA means extant)
[1] 22.575227 31.143464 30.026530 15.493704  1.620433        NA


Speciation times 
[1] 59.92147 57.55216 52.75033 51.75547 42.19643 37.68307


Species parents (NA for initial)
[1] NA  1  1  1  1  1


Species status (extinct or extant)
[1] "extinct" "extinct" "extinct" "extinct" "extinct" "extant" 


For more details on vector y, try sim$y, with y one of
TE TS PAR EXTANT



$TE
  [1] 22.5752270 31.1434644 30.0265301 15.4937044  1.6204333         NA         NA         NA         NA 25.1439595
 [11] 32.7592017         NA  4.3123074 11.6767674 24.6484414  2.2157964  7.7035852  3.9699570 13.2032571         NA
 [21]  5.8696483  8.3145188         NA 17.3677527         NA 10.6051722         NA 14.8277693 20.5864829 15.7103046
 [31]         NA         NA 31.8685970 12.7528310         NA         NA         NA  4.6214195         NA         NA
 [41] 22.7345739 25.6786819         NA         NA         NA 16.8664127         NA         NA 20.8307340         NA
 [51] 17.6675889 23.7171081 15.5091359  7.4416851         NA 24.5527416         NA         NA         NA         NA
 [61]         NA 14.0067554  8.3785450         NA         NA 25.5199888 18.2171722         NA         NA         NA
 [71]         NA  7.8098969         NA         NA 15.2741728         NA         NA         NA         NA         NA
 [81] 14.0359633         NA         NA  6.1343246         NA         NA         NA  1.8009618         NA         NA
 [91]  3.3598191         NA         NA  2.2544855 21.1198418  9.5719988         NA         NA         NA 14.2793014
[101]         NA  0.8074197         NA  2.6227202         NA         NA 22.6937100 12.3117868         NA         NA
[111]         NA         NA         NA         NA         NA         NA         NA         NA         NA         NA
[121]         NA         NA  6.9473005         NA         NA         NA         NA  1.5054630         NA  0.2106792
[131]         NA         NA         NA         NA         NA         NA         NA 23.7049626         NA         NA
[141]         NA  1.4497443  4.9876471         NA         NA         NA 19.1426729         NA         NA         NA
[151] 11.0854144         NA         NA         NA 12.6429663         NA  2.6972242 12.0394719         NA 17.4479155
[161] 20.5199474         NA 14.3897110  8.6471774         NA  8.5993099         NA  1.8371293         NA         NA
[171]         NA         NA 16.7980884         NA  6.2214111 12.8202946         NA         NA         NA         NA
[181]         NA         NA         NA         NA         NA  8.0871919         NA 14.2983333         NA 12.9280968
[191]  0.3691685         NA         NA  1.9475545 18.2221316         NA         NA  3.0249946  0.8536394         NA
[201]         NA         NA         NA 13.1455616  0.3874543         NA  9.4565292         NA         NA         NA
[211]         NA         NA 14.0069170         NA 10.5371178         NA         NA 10.9203335         NA  2.5053816
[221]         NA         NA 10.2010727         NA         NA         NA         NA         NA         NA  6.7961669
[231]  2.4156571         NA         NA  8.7476569         NA  3.0254861         NA         NA         NA         NA
[241]         NA  7.9766522         NA         NA 13.0702769         NA  1.1222285         NA 17.8109946 11.5141754
[251]         NA 14.5330789         NA         NA  7.1779931         NA         NA  1.9452753         NA         NA
[261]         NA         NA  1.8593987         NA         NA         NA 14.9551295         NA         NA  7.1027148
[271]  7.9272524  0.9484480         NA         NA         NA         NA         NA         NA         NA         NA
[281]         NA         NA         NA         NA  5.6126180 10.0083867         NA  0.9303080         NA  1.6453118
[291]  3.1595887         NA  8.1906774         NA         NA  1.9516369         NA 12.4190876  2.9619139         NA
[301]  5.1215977  8.4895664         NA         NA         NA         NA         NA         NA         NA         NA
[311]         NA         NA  4.2711804         NA         NA         NA         NA         NA         NA         NA
[321]         NA         NA         NA         NA         NA         NA         NA         NA         NA  8.3320454
[331]  4.5078968         NA         NA         NA  0.2110011         NA         NA         NA         NA         NA
[341]         NA         NA         NA         NA         NA         NA         NA  8.3243335 10.0016287         NA
[351]         NA  3.5568460         NA         NA         NA         NA         NA         NA         NA         NA
[361]         NA         NA         NA         NA  0.6159171         NA         NA         NA         NA         NA
[371]         NA         NA         NA  7.8214806  3.4973958         NA         NA         NA         NA         NA
[381]         NA         NA         NA         NA         NA         NA         NA         NA         NA         NA
[391]         NA         NA         NA         NA  6.0232003         NA         NA         NA         NA         NA
[401]         NA         NA         NA         NA         NA         NA         NA  0.5798905         NA         NA
[411]         NA  1.8802344  5.0084117  0.6993240         NA         NA         NA         NA  0.9152811         NA
[421]         NA         NA  0.7637945         NA         NA         NA         NA         NA         NA         NA
[431]         NA         NA         NA         NA         NA         NA         NA         NA  1.0542487         NA
[441]         NA         NA         NA         NA         NA         NA         NA  3.1857678         NA         NA
[451]         NA         NA         NA         NA         NA  2.7236582         NA         NA         NA         NA
[461]         NA         NA         NA         NA         NA         NA         NA         NA         NA         NA
[471]         NA         NA         NA         NA         NA         NA         NA         NA         NA         NA
[481]         NA  3.0402046         NA         NA         NA         NA  2.2379454         NA         NA         NA
[491]         NA         NA  1.2023964         NA         NA         NA         NA         NA         NA         NA
[501]         NA         NA         NA  3.4430472         NA         NA         NA         NA         NA         NA
[511]         NA         NA         NA         NA  2.1034629         NA         NA         NA  1.4797368         NA
[521]         NA         NA         NA         NA         NA         NA         NA         NA         NA         NA
[531]         NA  2.1426117         NA         NA         NA         NA         NA         NA         NA         NA
[541]         NA         NA         NA         NA         NA         NA         NA         NA         NA         NA
[551]         NA         NA         NA         NA         NA         NA  0.2843047         NA         NA         NA
[561]         NA         NA         NA         NA         NA         NA         NA         NA         NA         NA
[571]         NA         NA         NA         NA         NA         NA         NA         NA         NA         NA
[581]         NA         NA         NA         NA  2.8963218         NA         NA         NA         NA         NA
[591]         NA         NA         NA         NA         NA         NA         NA         NA         NA         NA
[601]         NA         NA         NA  2.3763539         NA         NA         NA         NA         NA         NA
[611]         NA         NA         NA         NA         NA         NA         NA         NA         NA         NA
[621]         NA         NA         NA         NA         NA         NA         NA         NA         NA         NA
[631]         NA         NA         NA         NA         NA         NA         NA         NA         NA         NA
[641]         NA         NA         NA         NA         NA

$TS
  [1] 59.921465979 57.552156677 52.750334379 51.755473974 42.196429758 37.683066212 34.669481926 34.332144509
  [9] 28.869800428 45.741522601 38.528461289 26.261240291 37.977093942 34.289279007 33.914592379 37.482327179
 [17] 37.182204282 29.980176949 29.826498893 27.974457999 13.730224594 10.970684288  4.236763242 35.773640517
 [25] 26.200848851 14.883386125 12.282986836 29.380048518 26.225572095 25.173690642 20.607419336  1.790824154
 [33] 37.203829379 33.957868312 25.114129134 17.810495442 14.281215857 12.319395537  5.843935779 36.962661302
 [41] 35.148701995 35.403482538 22.095271369  7.786549981 19.208982036 18.690256903 12.295685382 12.263100697
 [49] 33.138459239 32.538296606 26.594257195 25.135525583 32.651260246 31.230323829 30.173627961 25.744147024
 [57] 24.760601621 31.355575634 28.668195591 17.408278456 30.966452871 18.567857588  8.778148227  4.557949974
 [65] 32.112247678 30.577284793 29.148884085 26.190924514 22.890620535 21.336204317 23.752814649 24.397230595
 [73] 21.238747156 22.914915288 20.107353448 19.976989187  2.326967109  1.577101618 28.032586220 19.714304150
 [81] 19.495192375 30.394495243 24.970063641 24.211498194 21.976350361 19.811416154 11.423626284 10.667142112
 [89]  9.468875433 14.363211633 14.198153623  6.744492114  5.504288371  4.990303166 28.369975174 25.699421715
 [97] 18.567644781  6.876374116 26.883302778 21.343468669 11.833071853  6.531087303 22.475685800 27.844870170
[105] 24.117271410 27.815356011 24.355193540 19.707773215 12.274439818  6.204282075 27.603800613 27.210820323
[113]  9.686493043  6.861556559 14.691327985 17.469993209 13.308973264  9.144590141  7.403100948 26.143496888
[121] 23.043875848 18.888668809 11.760327995 24.439691328 22.712589362  3.126051379 26.169802887 18.767865006
[129] 18.528228058  6.431058503 24.108068793 17.238512430 16.217397857 11.402467568  3.204439775  2.495551053
[137] 23.016897981 25.471171480  0.782850260 23.046304825  9.057468005  7.816812215  6.408697403  3.227534072
[145]  9.556497405 23.771224105 23.703631013  6.663623317  4.647849264  0.948727036 18.181407616  9.088641955
[153]  4.755797081 22.086585246 16.971681130  2.747530277 16.841506389 13.794764097 22.448239215 19.814921817
[161] 23.546447933 23.418280908 18.827658528 17.794460216 14.353258613  9.512672899  6.438291454  6.379285140
[169]  2.497395499  8.794208578  0.856337313  0.170806770 21.636114936 19.378401753 17.792242010 15.017858056
[177]  4.511804260 22.427927084 11.273309083  1.973981729  5.661175163 12.656505683  8.461184116  5.301324618
[185] 16.207526817 13.044538181  1.174476589 21.880057448 20.746271998 18.732911968 15.128103008 21.668198367
[193] 19.284542740 10.348010512 20.027618369 10.328576379  2.852460951 14.631547442  5.094084329  4.341863446
[201] 14.484330901  4.223358582 19.837385941 19.799929766 14.711439287 14.338545976 12.909546131 12.005276693
[209]  5.825016878 11.002213860  5.857359683  1.336853133 18.642883438 16.956921583 12.729056176  5.423375993
[217] 18.205653177 17.895868250  8.596496310  7.192893726  2.188754641 15.083668927 18.968126189  7.078176893
[225]  5.154792121  0.174185996  3.424684792 18.990311578 17.759049490 17.525441088 14.921496573  3.526439944
[233]  3.261385688 15.444738780 13.607323447  8.672380747 16.337011707 14.956755914  5.079691654 17.124634377
[241]  9.866575473  9.769055077  5.493284778  0.684534584 13.507317982 12.266549046 17.672134229 13.349403433
[249] 18.601629709 18.558074628 17.107074940 18.503796097  5.531718507  1.427153063 15.515509392 13.652270045
[257] 13.959439247  4.821624933 11.558826519 16.355148409 15.755845614 17.106318285  8.155804092  4.453550755
[265]  6.630611333 16.744066339 16.335818150 14.366740550  2.986591353 17.169495902  9.552059683  6.873267888
[273]  6.831094737  3.433675188  1.544378379  0.554115437 15.633498387  9.795934548 11.278843344 10.736764681
[281] 10.368075197  9.761552523  4.264023541  8.523098246 13.424722863 15.430109737  5.279167694  4.155816360
[289]  3.036133891 16.777298262 14.493102598 14.076885168 12.188208203  5.076053976  1.725616954  6.539398745
[297]  1.792825261 14.220797600  7.223763900  0.096858246 10.734492086 13.207554206  7.686463298  0.709753724
[305] 11.042881313  0.651267210  0.265690546 13.933191291 13.512514735 12.287489696  4.946530001 10.048980278
[313]  9.427235778  7.700631694  7.148635734 13.416366849  9.978135909  6.977257586  9.776517966  0.084536615
[321] 13.128029001 11.122243338  9.456024622  6.036092946  4.456804441 11.895947986  4.898728830 10.693211111
[329]  0.682424647 13.796380697  7.972349728  6.131566388 10.463924996 10.068639978  7.883775094  5.084937788
[337]  9.877501548  2.761714879 12.266679604 10.063487378  5.278885347  0.779476041  4.864332133  0.894942017
[345]  4.366335219  1.494836623 12.099151432 10.676423543 12.634610123  8.921926184  6.735922784  5.332372255
[353]  9.306759569  4.986457732  4.867961808  4.348376729  0.030449776  8.743675632  1.654276981  5.288297523
[361]  4.215160321  0.833640060  8.069922084  0.219526435  9.744767584  8.800602039  8.319216102  9.659817743
[369]  6.126198007  4.972859383  4.745422117 11.456725114  9.680867305 10.153365272 11.065411067  5.287274661
[377] 10.182913462  5.248669022  4.023786943  7.890416261  4.507643852  1.848954179  0.678792257 10.611795551
[385]  5.153614286  3.586277581  3.570254930  8.786934582  5.765380706  3.237780312  1.482749025  8.923924695
[393]  3.736102950  9.964975265  9.328400919  5.562313629  0.050171283  7.767666147  2.798406717  0.602012167
[401]  1.805353241  0.105319180  4.865724402  8.210067152  6.349730540  5.274014506  8.094022116  6.904945582
[409]  3.537669696  3.053448751  3.015194929  5.004695237  6.910064917  6.843981716  3.016636708  8.996878976
[417]  6.148341777  4.187540255  1.114675449  8.320638203  0.784592160  7.940558923  7.529815474  4.336010879
[425]  3.789295376  6.289818399  6.176895836  2.017433526  0.035981753  4.054043945  3.593229052  2.959919511
[433]  1.568350145  6.671657846  4.595986668  8.718788072  8.125731758  1.681069456  2.917714795  2.909785274
[441]  1.277608283  8.395205276  8.119514099  7.178696019  7.008853308  5.653265649  6.208263853  5.909486260
[449]  3.336393082  2.896021674  7.474873688  6.307338320  6.102946321  3.739402927  2.509875039  3.613055044
[457]  1.447398791  0.762192744  5.854416019  2.554949596  7.271880169  6.701241409  7.681248683  2.297727026
[465]  5.174700144  4.644432595  3.766011897  4.112311332  3.307439237  4.007258791  1.479785632  2.731179357
[473]  7.090750338  5.080879931  5.074493971  6.960402396  5.464274229  5.720798578  5.414464790  3.117032027
[481]  5.942019130  6.020175769  4.247476920  6.297613859  1.733124008  6.311396063  3.781130950  0.795128461
[489]  4.910485333  2.243704191  5.310237954  4.947415638  4.882875848  2.068183731  1.595151602  4.304284698
[497]  0.615020975  3.683480677  0.252894569  5.673254865  5.183949385  3.006485362  0.644325395  4.421770072
[505]  3.235594849  2.333254789  0.796420562  2.391335812  4.986734100  4.999150411  3.587600012  5.339550482
[513]  4.757273164  1.330782789  2.255726402  4.948681765  4.545471942  2.113348158  3.533735126  0.959743595
[521]  5.102886722  5.125261736  1.803464829  2.072705059  0.431381326  0.949843306  4.681905997  4.128163463
[529]  3.915207224  1.060180116  0.307457975  3.374082552  4.966874924  4.676957477  0.963872317  4.052301158
[537]  0.154848672  4.653887496  3.268673501  3.174419073  1.583747099  0.146724936  3.245750414  2.923589781
[545]  2.448529364  3.685756396  3.298147443  4.315246870  3.566064155  1.564910712  2.464150763  1.163152447
[553]  2.340866356  2.100455135  4.133555033  2.002706568  4.464128963  1.721619375  0.472129029  0.398929747
[561]  0.202701085  0.071424695  0.451545003  2.358106718  0.706849119  0.130409382  1.287615353  0.334902720
[569]  0.252421913  2.032134769  1.670021844  3.522694086  1.262479853  2.826234625  1.098055435  3.009713974
[577]  0.932001922  2.801346146  2.818221228  2.596323931  3.326714863  1.566751407  3.407900007  0.006124928
[585]  3.099256894  1.218090906  3.259682258  0.105600780  3.190701944  0.324481744  0.489572012  0.115107602
[593]  3.179878333  2.641295877  2.300659415  1.703223685  3.092017056  0.271930759  2.960611271  2.572076556
[601]  1.567714923  0.254993102  1.955078616  2.425489802  0.311252251  1.862969995  0.574363105  1.640278176
[609]  3.001815575  1.098700462  2.727328025  2.483595075  2.239295794  1.992765385  1.042838108  0.202189405
[617]  0.186224681  0.032789494  1.346713803  1.292553364  0.129798335  0.017137254  0.788257042  0.323965352
[625]  2.345793877  1.288440520  2.081129819  1.057981407  2.044282287  0.442087393  1.347750885  1.996163875
[633]  0.788237732  1.705172861  0.725615083  0.135563182  0.941925480  0.671964051  0.502290558  0.321632387
[641]  1.230395838  0.505191543  0.671552431  0.030116668  0.219135991

$PAR
  [1]  NA   1   1   1   1   1   1   1   1   2   3   4  10  10  10   5   5   5   5   5   5   5   5  11  13  13  13   6   6
 [30]   6   6   6  16  16  16  16  16  16  16  33  33  17  17  17  40  40  40  40  24  24  24  24  42  42  42  42  41   7
 [59]   7   7   8   8   8   8  14  14  14  14  14  34  49  53  53  50  50  50  50  50  65  65  65  58  54  54  54  54  54
 [88]  54  54  61  61  61  61  61  66  66  82  82  18  18  18  18  19  28  28  67  67   9   9   9  59  59  59  79  20 104
[117] 106 106 106 111 111 111 111 112 112 112  99  99  99  99  51  12  12  12  12  12  29  25  25  68  68  68  68  68 127
[146]  30  30  35  35  35  83  83  83  57  57  57 124 124  72  72 105 105 105 105 105 105 105 105 105 131 131 131 146 146
[175] 146  71 162 140 140 140 121 137 137 137  74  74  74  69  69 125 125 103 103 103 159 159 159 178 178  43 154 154  85
[204]  85  85  85  85  85  85 192 192 192 100 100  70  70  73  73  73  73  73 189  31  31  31  31 203 160 160 160  86  86
[233]  86 204 204  80  81  81 174 193 193 193 193 228 223 122 163 190  46 249  62  97  97  97 250 250 129 217 151 218 218
[262]  36  36  36 175 229 229 229 229 247 247 247 247 247 116 116 132 132 270 270 270 270 240 251 262 155 214 214 214 157
[291] 157 157 157 157 266 133 185 277 277 277 255 222 222 222 238 238 238 231 231 231 231 205 205 205 205 115 115 291 268
[320] 268  90  90  90 165 165 206 206  37 292 257 308 308 330 330 256 235 309 309 285 285 316 248 117 117 321 321 186 207
[349] 215  38  38  38  47  47  47  47  47 310 310 109 109 339 246 246 347 347 347 208 208 208 208 101 101 259 279 179 375
[378] 375 375 305 210 280 280 348 384 384 384 333 281 281 281 374 334 340 340 340 340 312 312 312 317 317 337 241 241 319
[407] 242 282 282 282 282 365 373 373 373 368 368 368 368 145 145  89  89  89  89 323 313 353 353 118 118 141 416 350 350
[436] 170 170 170 388 388 388  63 358 236 219 219 183 183 183 420 263 263 437 443 443 407 407 407 380 335 142  44 398 314
[465] 303 463 463 423 423 451 451 461 299 299 299 220 220 315 315 315 224 476 476 408 273 351 434 434 296 167 168 168 168
[494] 405 486 426 426 447 447 417 332 332 332 369 369 481 481 211 389 478 478 500 500 500 181 396 396 243 512 512 352 491
[523] 491 184 287 501 225 225 225 225 225 385 521 521 521 336 336 474 475  94 509 354 311 327 327 493 493 355 355 403 258
[552] 513 153 153 149 177 381 557 325 325 325 325 264 356 356 356 496 496 283  23  23 418 418 468 430 379 470 529 487 487
[581] 467 454 498 431 511 409 519 232 572 572 274 274 469 547 547 233 543 543 390 505 144 135 589 593 540 597 410 411 576
[610] 576 599 544 440 440 579 578 338 611 594 600 600 455 136 545 508 625 506 506 595 627 570 556 382 523 634 359 433 550
[639] 391 619 620 586 577 329 639

$EXTANT
  [1] FALSE FALSE FALSE FALSE FALSE  TRUE  TRUE  TRUE  TRUE FALSE FALSE  TRUE FALSE FALSE FALSE FALSE FALSE FALSE FALSE
 [20]  TRUE FALSE FALSE  TRUE FALSE  TRUE FALSE  TRUE FALSE FALSE FALSE  TRUE  TRUE FALSE FALSE  TRUE  TRUE  TRUE FALSE
 [39]  TRUE  TRUE FALSE FALSE  TRUE  TRUE  TRUE FALSE  TRUE  TRUE FALSE  TRUE FALSE FALSE FALSE FALSE  TRUE FALSE  TRUE
 [58]  TRUE  TRUE  TRUE  TRUE FALSE FALSE  TRUE  TRUE FALSE FALSE  TRUE  TRUE  TRUE  TRUE FALSE  TRUE  TRUE FALSE  TRUE
 [77]  TRUE  TRUE  TRUE  TRUE FALSE  TRUE  TRUE FALSE  TRUE  TRUE  TRUE FALSE  TRUE  TRUE FALSE  TRUE  TRUE FALSE FALSE
 [96] FALSE  TRUE  TRUE  TRUE FALSE  TRUE FALSE  TRUE FALSE  TRUE  TRUE FALSE FALSE  TRUE  TRUE  TRUE  TRUE  TRUE  TRUE
[115]  TRUE  TRUE  TRUE  TRUE  TRUE  TRUE  TRUE  TRUE FALSE  TRUE  TRUE  TRUE  TRUE FALSE  TRUE FALSE  TRUE  TRUE  TRUE
[134]  TRUE  TRUE  TRUE  TRUE FALSE  TRUE  TRUE  TRUE FALSE FALSE  TRUE  TRUE  TRUE FALSE  TRUE  TRUE  TRUE FALSE  TRUE
[153]  TRUE  TRUE FALSE  TRUE FALSE FALSE  TRUE FALSE FALSE  TRUE FALSE FALSE  TRUE FALSE  TRUE FALSE  TRUE  TRUE  TRUE
[172]  TRUE FALSE  TRUE FALSE FALSE  TRUE  TRUE  TRUE  TRUE  TRUE  TRUE  TRUE  TRUE  TRUE FALSE  TRUE FALSE  TRUE FALSE
[191] FALSE  TRUE  TRUE FALSE FALSE  TRUE  TRUE FALSE FALSE  TRUE  TRUE  TRUE  TRUE FALSE FALSE  TRUE FALSE  TRUE  TRUE
[210]  TRUE  TRUE  TRUE FALSE  TRUE FALSE  TRUE  TRUE FALSE  TRUE FALSE  TRUE  TRUE FALSE  TRUE  TRUE  TRUE  TRUE  TRUE
[229]  TRUE FALSE FALSE  TRUE  TRUE FALSE  TRUE FALSE  TRUE  TRUE  TRUE  TRUE  TRUE FALSE  TRUE  TRUE FALSE  TRUE FALSE
[248]  TRUE FALSE FALSE  TRUE FALSE  TRUE  TRUE FALSE  TRUE  TRUE FALSE  TRUE  TRUE  TRUE  TRUE FALSE  TRUE  TRUE  TRUE
[267] FALSE  TRUE  TRUE FALSE FALSE FALSE  TRUE  TRUE  TRUE  TRUE  TRUE  TRUE  TRUE  TRUE  TRUE  TRUE  TRUE  TRUE FALSE
[286] FALSE  TRUE FALSE  TRUE FALSE FALSE  TRUE FALSE  TRUE  TRUE FALSE  TRUE FALSE FALSE  TRUE FALSE FALSE  TRUE  TRUE
[305]  TRUE  TRUE  TRUE  TRUE  TRUE  TRUE  TRUE  TRUE FALSE  TRUE  TRUE  TRUE  TRUE  TRUE  TRUE  TRUE  TRUE  TRUE  TRUE
[324]  TRUE  TRUE  TRUE  TRUE  TRUE  TRUE FALSE FALSE  TRUE  TRUE  TRUE FALSE  TRUE  TRUE  TRUE  TRUE  TRUE  TRUE  TRUE
[343]  TRUE  TRUE  TRUE  TRUE  TRUE FALSE FALSE  TRUE  TRUE FALSE  TRUE  TRUE  TRUE  TRUE  TRUE  TRUE  TRUE  TRUE  TRUE
[362]  TRUE  TRUE  TRUE FALSE  TRUE  TRUE  TRUE  TRUE  TRUE  TRUE  TRUE  TRUE FALSE FALSE  TRUE  TRUE  TRUE  TRUE  TRUE
[381]  TRUE  TRUE  TRUE  TRUE  TRUE  TRUE  TRUE  TRUE  TRUE  TRUE  TRUE  TRUE  TRUE  TRUE FALSE  TRUE  TRUE  TRUE  TRUE
[400]  TRUE  TRUE  TRUE  TRUE  TRUE  TRUE  TRUE  TRUE FALSE  TRUE  TRUE  TRUE FALSE FALSE FALSE  TRUE  TRUE  TRUE  TRUE
[419] FALSE  TRUE  TRUE  TRUE FALSE  TRUE  TRUE  TRUE  TRUE  TRUE  TRUE  TRUE  TRUE  TRUE  TRUE  TRUE  TRUE  TRUE  TRUE
[438]  TRUE FALSE  TRUE  TRUE  TRUE  TRUE  TRUE  TRUE  TRUE  TRUE FALSE  TRUE  TRUE  TRUE  TRUE  TRUE  TRUE  TRUE FALSE
[457]  TRUE  TRUE  TRUE  TRUE  TRUE  TRUE  TRUE  TRUE  TRUE  TRUE  TRUE  TRUE  TRUE  TRUE  TRUE  TRUE  TRUE  TRUE  TRUE
[476]  TRUE  TRUE  TRUE  TRUE  TRUE  TRUE FALSE  TRUE  TRUE  TRUE  TRUE FALSE  TRUE  TRUE  TRUE  TRUE  TRUE FALSE  TRUE
[495]  TRUE  TRUE  TRUE  TRUE  TRUE  TRUE  TRUE  TRUE  TRUE FALSE  TRUE  TRUE  TRUE  TRUE  TRUE  TRUE  TRUE  TRUE  TRUE
[514]  TRUE FALSE  TRUE  TRUE  TRUE FALSE  TRUE  TRUE  TRUE  TRUE  TRUE  TRUE  TRUE  TRUE  TRUE  TRUE  TRUE  TRUE FALSE
[533]  TRUE  TRUE  TRUE  TRUE  TRUE  TRUE  TRUE  TRUE  TRUE  TRUE  TRUE  TRUE  TRUE  TRUE  TRUE  TRUE  TRUE  TRUE  TRUE
[552]  TRUE  TRUE  TRUE  TRUE  TRUE FALSE  TRUE  TRUE  TRUE  TRUE  TRUE  TRUE  TRUE  TRUE  TRUE  TRUE  TRUE  TRUE  TRUE
[571]  TRUE  TRUE  TRUE  TRUE  TRUE  TRUE  TRUE  TRUE  TRUE  TRUE  TRUE  TRUE  TRUE  TRUE FALSE  TRUE  TRUE  TRUE  TRUE
[590]  TRUE  TRUE  TRUE  TRUE  TRUE  TRUE  TRUE  TRUE  TRUE  TRUE  TRUE  TRUE  TRUE  TRUE FALSE  TRUE  TRUE  TRUE  TRUE
[609]  TRUE  TRUE  TRUE  TRUE  TRUE  TRUE  TRUE  TRUE  TRUE  TRUE  TRUE  TRUE  TRUE  TRUE  TRUE  TRUE  TRUE  TRUE  TRUE
[628]  TRUE  TRUE  TRUE  TRUE  TRUE  TRUE  TRUE  TRUE  TRUE  TRUE  TRUE  TRUE  TRUE  TRUE  TRUE  TRUE  TRUE  TRUE

