
Birth-death simulation object with 804 species and 500 extant species

Details for some species:

Extinction times (NA means extant)
[1] 151.9948 163.7648 145.9124 148.0796 120.1151 161.4548


Speciation times 
[1] 181.0948 167.4731 159.2866 166.1833 166.1438 164.7372


Species parents (NA for initial)
[1] NA  1  1  2  2  2


Species status (extinct or extant)
[1] "extinct" "extinct" "extinct" "extinct" "extinct" "extinct"


For more details on vector y, try sim$y, with y one of
TE TS PAR EXTANT



$TE
  [1] 151.99480704 163.76478809 145.91244316 148.07961762 120.11509017 161.45479211 114.67740992 124.92334698
  [9] 110.37552025 137.98672395 130.36333567 108.97068595 102.42287855  77.57961705 100.66910744 106.55730690
 [17] 113.51407745 108.54579567 114.89344876  79.15048686  91.93434707  86.57592830  96.94372081  89.45648314
 [25]  85.94680483  82.90397601  29.52893151  88.91243521  98.02356580  58.27764042  81.24873563  39.96223664
 [33]  65.42435124  48.09943253  27.93098590  22.80188752  48.62958427  52.89083587  83.95599483  43.72622960
 [41]  26.44708985  27.62259181  42.70950064  58.95423193  26.08469843  38.86171279  43.99505265           NA
 [49]  39.08331841           NA  57.92128728  11.04381871  28.10177236  26.76492396  36.56781867  33.29892082
 [57]  33.58530979           NA  47.23667304  16.48916383  16.47050430  39.18707438  43.00648148  18.82163234
 [65]  26.19650933   9.06761982   5.52944449           NA  36.47741786           NA   9.66248892  39.38679527
 [73]  23.97048282           NA  35.51775924           NA  24.91203583  26.37942045  28.59999345           NA
 [81]   9.96893008  24.12579278  15.28296919  29.92455219           NA           NA  19.10541548  12.53010141
 [89]  35.52982203  36.14654650  38.25782837           NA           NA  18.33738654  17.27754179           NA
 [97]  11.75446479           NA  15.10018739  13.52977693   0.53943841           NA  11.79280807  21.88064333
[105]           NA           NA           NA  11.82367214   7.95742512  27.32524470           NA  33.75207542
[113]           NA           NA  31.74361584  31.54276909           NA   8.13092400           NA  34.99512094
[121]  35.48687525  21.96510938   5.48332657   5.21312964           NA           NA  28.17919458  14.95123448
[129]   1.08374361  10.49651194  31.78202407           NA   5.02149365  13.23533339   0.53742007           NA
[137]  18.77307838           NA  21.66887235           NA  26.04658561           NA           NA           NA
[145]   0.31113197   1.41337065  23.37082935           NA           NA           NA  18.49227278           NA
[153]   6.22715943  21.44625257           NA  25.28990123           NA           NA           NA   3.23610171
[161]           NA   2.56868440  14.67874951           NA   8.72993149           NA  19.05911845  17.90239847
[169]   2.17354099   1.59447371  20.58975629           NA           NA  17.16403434   9.83512643  32.50856431
[177]           NA  30.66641992  11.11623132   7.04480378  26.89564259           NA           NA           NA
[185]           NA           NA   4.88214006           NA           NA           NA           NA  13.65716430
[193]  16.61733833  11.12182116           NA   8.92487291           NA           NA  16.45103404           NA
[201]           NA  13.98391303   2.92970850   5.33809503  12.65674739           NA  13.59801321  21.63708878
[209]  30.89690911  21.34300035  21.57500628   9.23517516  13.22026764  14.57418537           NA  11.02202441
[217]           NA           NA           NA           NA           NA           NA           NA           NA
[225]   4.07394427  17.29709291   7.64488406           NA           NA           NA   4.33485131  10.07301319
[233]           NA           NA           NA           NA   8.27086500           NA           NA           NA
[241]           NA   9.69837863           NA   7.40588452           NA           NA  24.88780318  11.62317684
[249]           NA  22.56473445  18.82275560  20.80800187  19.48548241           NA           NA           NA
[257]           NA           NA  14.78705393           NA           NA   1.53851251           NA           NA
[265]           NA           NA  12.51293975   2.55152989  14.45517611           NA  10.68052808           NA
[273]   9.59506903           NA           NA           NA           NA           NA  19.34100984           NA
[281]           NA   3.41407015   7.23927370           NA  18.75836951           NA  14.76385839           NA
[289]   9.86396565           NA  13.02165589           NA           NA           NA   2.85756057           NA
[297]  11.12359958  15.58698812   8.71413291           NA           NA           NA           NA           NA
[305]           NA           NA           NA           NA  13.87575068           NA           NA  21.08965247
[313]  22.02119636  11.89370707   8.36823550  11.30957199  11.79662893  11.09548291   1.67724490           NA
[321]  12.60677956           NA           NA  11.33983759           NA           NA  15.80152896           NA
[329]           NA   9.48763518           NA  16.67744000   7.22271148           NA           NA   8.32840153
[337]           NA  21.02401335           NA           NA           NA           NA           NA   2.91924513
[345]           NA   8.30053071           NA           NA           NA  16.04561808           NA           NA
[353]           NA   9.20422658  11.22670106           NA           NA           NA   9.47302804           NA
[361]           NA   1.29626571           NA           NA           NA           NA           NA  19.06009107
[369]   8.26045882  14.69381944           NA           NA   1.83522101   5.46773356           NA  18.92999477
[377]           NA   0.63520847           NA           NA  10.78135724           NA   2.65177032           NA
[385]   1.65535042           NA   5.63498072           NA           NA           NA   0.70047730           NA
[393]           NA   9.34410399           NA           NA           NA           NA           NA           NA
[401]           NA           NA           NA           NA           NA           NA           NA           NA
[409]           NA           NA           NA   9.00373837  10.80896433           NA           NA           NA
[417]   2.61430767   0.45714041  13.50645704           NA           NA           NA   9.03724382           NA
[425]           NA           NA   3.33793832   7.87607954   2.87504516           NA           NA   4.45715089
[433]   7.33509532           NA           NA           NA           NA           NA  14.21593053           NA
[441]   5.25859326   5.23620013           NA           NA           NA           NA           NA           NA
[449]           NA           NA   2.28719759  15.89430045   4.40892038   4.81426876           NA           NA
[457]           NA           NA           NA   5.81651863           NA   2.65518496           NA           NA
[465]           NA   5.13912421           NA           NA           NA   0.51387546           NA           NA
[473]           NA           NA           NA           NA           NA           NA   8.41707985   4.55856564
[481]           NA           NA           NA           NA           NA           NA  10.49978434           NA
[489]           NA           NA   4.99942852   3.54222737   8.33386029           NA  13.88097861           NA
[497]           NA  11.16682597           NA           NA           NA           NA           NA           NA
[505]           NA           NA           NA  10.76999078           NA           NA           NA  14.09701577
[513]           NA           NA           NA   7.68257710           NA           NA           NA   5.95298404
[521]           NA   3.78203021           NA           NA           NA   0.11861060           NA           NA
[529]   2.78784886   4.46699831   3.08223519   3.82872822           NA           NA           NA           NA
[537]           NA           NA           NA           NA           NA           NA           NA   2.28819231
[545]           NA   2.90448113   2.98821536           NA           NA           NA           NA           NA
[553]           NA           NA           NA           NA           NA   8.19222795           NA           NA
[561]           NA           NA           NA           NA   1.52715811   1.26217405           NA           NA
[569]           NA           NA           NA           NA   5.17353460           NA           NA           NA
[577]           NA           NA           NA   0.51286624           NA           NA           NA           NA
[585]           NA           NA           NA           NA           NA           NA   7.98342670           NA
[593]           NA           NA           NA           NA           NA   9.12980518           NA   9.25171264
[601]           NA           NA           NA   7.55662974           NA   3.50471514           NA           NA
[609]           NA           NA   7.46188199           NA   3.38707543   8.98350261           NA           NA
[617]           NA           NA           NA           NA           NA           NA           NA           NA
[625]           NA           NA           NA           NA           NA   1.52135623   9.55313387           NA
[633]   0.59301988           NA           NA           NA           NA           NA           NA           NA
[641]           NA           NA           NA   4.57326144           NA           NA   2.54933860           NA
[649]   3.42286880   1.09976012           NA   6.65364619           NA           NA           NA           NA
[657]           NA           NA           NA           NA           NA           NA           NA           NA
[665]           NA           NA           NA           NA           NA   2.05315016           NA   0.44684452
[673]           NA           NA           NA           NA   4.29308512   1.54655446           NA           NA
[681]           NA           NA           NA   0.95966927           NA   2.74734928           NA           NA
[689]           NA   0.55281863           NA           NA           NA   4.57124203           NA           NA
[697]           NA           NA           NA           NA           NA           NA           NA           NA
[705]           NA   4.89304351           NA           NA   5.91130884           NA           NA           NA
[713]           NA   2.52427197   5.39213297           NA           NA           NA           NA           NA
[721]   0.87248512           NA           NA           NA           NA           NA           NA           NA
[729]           NA           NA           NA           NA           NA           NA           NA           NA
[737]           NA           NA           NA           NA           NA           NA           NA           NA
[745]           NA           NA           NA           NA           NA           NA           NA           NA
[753]           NA           NA           NA           NA           NA           NA           NA           NA
[761]           NA           NA           NA           NA           NA           NA           NA           NA
[769]           NA           NA           NA           NA           NA           NA           NA           NA
[777]           NA           NA           NA   0.68701706   0.01541234           NA           NA           NA
[785]   1.04162866           NA           NA           NA           NA           NA           NA           NA
[793]           NA           NA           NA           NA   1.24033721           NA           NA           NA
[801]           NA           NA           NA           NA

$TS
  [1] 181.09481349 167.47307166 159.28661456 166.18333274 166.14383426 164.73723693 148.11732047 132.78725170
  [9] 123.93461094 147.40691419 132.12758065 130.69242229 124.72115404 114.44453027 114.42266599 121.10463067
 [17] 113.80585330 118.42953784 116.29454442 108.90224796 106.49772662  87.63913202 104.77093224 107.92680545
 [25]  88.03369278  95.81706877  89.66220250  95.68521111 103.32105454  87.35083546  84.89090003  69.92935457
 [33]  66.49699636  49.19051227  36.96874765  33.42990442  86.31821961  76.93552735  85.47571696  51.13068647
 [41]  49.11432002  70.40560548  60.94412573  59.66294251  60.05102885  53.06410820  49.76572971  40.82933358
 [49]  40.81308250  32.69760857  69.47203201  62.60588668  60.03856091  41.41381946  44.69713246  56.43257417
 [57]  44.65224557  57.94897310  56.28412230  42.45780284  30.94512044  57.65376038  57.21296912  48.07229699
 [65]  47.95873696  32.90385518  19.63710503   5.19068924  52.26576735  39.88357965  39.22747040  47.21583803
 [73]  55.15366660  49.82906286  46.63442088  46.03057638  41.30798870  32.39349342  30.61074148  12.16217858
 [81]  12.06694583  48.56815097  45.32119550  42.73690850  36.28573410  30.20029242  29.00882621  28.72318841
 [89]  45.45080421  41.99578182  41.88624386  20.17922248  45.56486098  36.74579023  42.89045711  41.77228555
 [97]  42.43193718  33.51542933  30.65909825  20.28718911   3.05585470   1.31320155  41.28608870  25.85767329
[105]  19.12894621   0.81006188  44.26741133  43.27686084  40.22617261  38.29101065  37.24763148  35.48637654
[113]  18.45515284  16.79610185  43.26244899  38.67017807  29.24327904  16.85016478  15.77759012  43.17686621
[121]  41.57512054  41.31193589  41.30071975  40.93636003  35.71021102  35.15342842  30.15478966  21.66229245
[129]  17.54667519  21.64537477  36.89781874  29.68860726  23.19598183  40.29636560   3.08427477   2.60482985
[137]  33.83708471  33.56971591  40.71357620  28.68507880  30.97137331  19.27770260  13.40370808  13.13437232
[145]  33.33111525  28.42427787  26.73248812  16.60645283  10.28782190   3.84491307  37.22440626  32.37549053
[153]  23.98144765  23.09988173  37.55475882  25.85416723  22.00757199  32.35905944  38.71238755  19.29198753
[161]  18.87967690  17.59081473  15.88094363  10.61386567   9.01425434   1.11056044  35.41698921  28.56905646
[169]  27.31399873   9.72284911  35.42449919  21.29869924  19.04683282  17.86674915  11.27405359  37.94391395
[177]  32.89653108  34.25366708  33.26555770  32.43085937  29.47605450   8.53385630   2.55768277   0.45516715
[185]  22.89842979  17.60361010  14.44913152   5.18938099   2.06988933   1.11751879  36.99644532  30.58704444
[193]  22.47815202  15.88852683   3.23311713  29.63362387  28.73588689  25.20703613  22.25539757  12.32135073
[201]  26.59490411  22.48600672  19.59342377  18.17776134  12.81758860  24.25728088  23.28532380  31.72277681
[209]  31.67619926  23.77155244  22.69384475  26.85988661  24.54986638  21.95489424  17.42550923  11.72558932
[217]  10.21399541  33.55169403  26.94728353  20.43203006  18.86021822  15.19415002   0.30051397  32.71262638
[225]  32.54640922  19.10543688  19.08960722  15.28898821  12.59690203  12.10981635  21.61813414  18.02789129
[233]   7.35283401   0.71507279  12.48989055  26.14707817  19.80520836  20.16113618  24.75443995  20.79796902
[241]   7.32061207  31.91667551  24.46957417  20.33602691  17.61456091  26.80723019  25.48922239  23.13949463
[249]   0.64411594  27.17947009  22.17782964  30.13974491  25.51812399  25.24712258  25.65287980  20.13221424
[257]  14.88977278   1.88254182  22.96408843  29.49529572  15.39982915   4.49209283   3.37342063  22.77384169
[265]  12.18543543   8.78684661  28.94936644  27.45772027  25.09935169  19.08021662  24.55458273  23.86775046
[273]  27.90408841  25.97682590  18.74401592  14.30601881  12.93721613  11.35738424  19.78059496  23.36096134
[281]  18.76075760   8.44781136  10.36442154  23.64236259  22.83348295  13.30335044  26.07689983  13.89136012
[289]  10.32354061  23.18893998  17.27821993  12.75749405   9.47805406   8.36459638   4.61594522  25.11832765
[297]  22.24652040  20.26883009  22.52754978  13.42938513  11.44165531  10.04910719   9.69822450   2.47824662
[305]   1.53951473   0.81836461  26.08524860   5.08398788  25.45157082  23.64430498  22.11355720  25.23202054
[313]  23.26996957  15.92313861  19.66065062  18.73349394  15.74058055  11.46800765  25.68735261  22.48335886
[321]  20.63651691  16.01557105   5.08975738  22.78735644   7.23886732   5.72715808  24.48778398  13.28929858
[329]   9.45060489  22.23327413   1.81306399  22.69126104  17.36382732  24.65515575  20.85996109  18.17519747
[337]   1.11076574  21.77507199  20.98429723  10.72220056   3.76983447  18.20571713  13.70690806  20.33148743
[345]  22.20158308  19.14782694   9.46289540   0.72609415  15.72284071  22.94729696  13.84666271   8.82670119
[353]   5.44394714  22.10380720  17.30739752  16.45907173  15.18297742  11.55170941  11.48910103   8.22280926
[361]  13.96724174  12.30536611   1.71764673  15.62214204  13.27978707   4.18836571   1.80871385  20.81175420
[369]  18.38164753  21.77127228  19.35081496   6.75232690   5.68397247  22.69453877   9.95776767  22.27369289
[377]  17.00761705  15.42961973  18.45808164   3.24568399  20.31187718  16.87167615  20.46459550   9.98554667
[385]  10.44280560   2.01416764  14.70160718  14.39401967   9.22776968   7.66184127   1.13085153  20.74735608
[393]  16.00759646  19.49498170   9.84178149   4.35343202   0.89120777  20.04400979  18.63234050  16.73592921
[401]  14.45686839  11.43235805   4.67585418   1.64555718  11.13496158   9.01548790   5.80250879   2.55985471
[409]  14.35508335   2.42753005  20.37463852  13.47529839  10.92289592  19.17686127  13.61239727   2.60590915
[417]  10.70776218   7.95854460  20.03308417   8.83681511   1.83509427  19.14662796  18.75416220  14.06564804
[425]   6.18230178   1.39185009  18.37257356  14.89901275   4.75390534   3.43157061  13.61559312  11.38555697
[433]  11.82289449   2.35912426  13.83430134  13.27967351  11.28422582   6.02677873  18.92136002   3.65825908
[441]  15.18802951   9.22488633   6.05621503   5.07833890  10.86256147  12.04326807   2.37456972  13.13379542
[449]   5.06416566   1.22068687  17.91887652  17.54322802  17.18228910  15.59546276  12.84695941   1.23712217
[457]  11.87609366   3.28429974   2.02620284  17.99508045  12.94469927   7.46858273   6.87145870   6.30960464
[465]   5.88757343  12.24822821  17.00504597  10.52160312   9.94380069  18.13170221  16.74121080   4.86176554
[473]  15.27508611  11.77330376  12.99403321  17.19212414   9.45544969  14.39929077  11.09105044   5.63693447
[481]  17.05287870  13.66354876   9.14001319  11.97470024  11.25698078   1.41650842  11.98713486  13.59697609
[489]  13.56893656   4.17227305  14.77475039  12.96038582   9.66782337   8.19873970  16.20633124  15.55941164
[497]  12.79631476  11.53513139   5.18931389   1.48067715   0.30932026  16.52034485   0.78355060   5.49135928
[505]   5.20144097   0.67362848   3.88403887  15.15636908   4.28763360   4.07975898   2.22696205  15.68765821
[513]   8.90491463  12.56641806  11.83855088  15.69825603   2.80972997  12.76335593   8.43193042  11.05668572
[521]   4.46361945  10.31377163   1.47350468  15.17315031  12.06830452  13.17860689   9.24959634   4.21907234
[529]   9.19385211  12.41483370  10.67370030  13.30944015  10.96186755   8.91865197  11.06753594   4.73660938
[537]   1.99735503   0.65512046   7.24290794  12.08637694   6.13452040  14.20029476  11.01960797   2.44933539
[545]   4.72118054   3.30588945   9.50832231   5.13397128  10.93494027  10.23347928   1.46385560   6.53069631
[553]   5.66195363   8.08504464   0.01365212  11.22295931   7.05039998  11.02583580  12.27909016   5.40292965
[561]   3.82719978   4.73418525   2.72566965   1.17690416  10.31713425   9.57924498   9.98692249  13.04038190
[569]  11.42879206   4.48060601   7.10051218   0.93352939  11.85808967  10.24010301   4.86358619   4.33871498
[577]  12.71741945  12.15111997   8.40655456   1.87242968   0.90176249   8.34752224   1.32652676   8.68802746
[585]   4.55098109   6.97530146  10.56067132   1.29752397   1.12178919   0.77591629  11.49949515  10.72718622
[593]   6.77663263   3.13470750   2.22238685  11.98301077   6.94341542  10.61487766   2.61415422   9.59210165
[601]   7.00587871   2.80678108   3.27082477  11.13070747   0.44960749   5.73022713  10.46527360  10.10346466
[609]   8.81937638   2.46830674  11.77609943   8.61786921   4.02202252  10.72016632   4.71430161   3.99205303
[617]   7.20598111   5.92413380   4.28253627   9.15165285   5.23571096   0.16789455   1.71225570   0.03383197
[625]  10.38583161   2.74105021   9.27926545  10.89750553   2.85564308   2.37775517  11.62070395   4.65737736
[633]   0.84889135   0.44275898   3.79998796   2.47054028   0.97302413   6.05037423   0.49239880   6.56793596
[641]   2.46911166   0.12058362   7.73611596  10.06860782   9.80092581   7.46175768  10.16126393   4.14398426
[649]   7.76021570   4.52248461   9.72636877   9.00628332   8.42775541   2.32403327  10.41320693   6.00911318
[657]   5.13628353   9.53074643   8.15500630   0.45641781   0.14141450   5.13990249   7.19122087   3.08344150
[665]   7.21284132   7.89195016   3.56954978   4.30078701   4.87243001   9.59774837   3.84476779   8.16968868
[673]   5.08614174   2.59832289   0.03774412   9.22585996   5.00542944   3.09199457   1.30106016   2.90955822
[681]   6.65248427   0.97608802   2.37945765   6.88821438   6.01077538   5.70357022   1.51871199   0.23266868
[689]   3.47660114   5.18134776   4.85849850   3.85897035   0.20211089   6.80110648   5.94050355   4.27369546
[697]   3.16539118   4.42442518   3.73734275   7.32485389   7.37833181   2.91056520   5.96868486   3.08020018
[705]   0.26652782   8.15063362   5.26424978   3.80639975   7.62514667   6.31586267   1.30668959   0.77894932
[713]   0.00279548   3.50862143   6.95623592   3.50294009   0.78242242   0.58959369   1.32082214   3.67218097
[721]   5.19744450   1.72776788   4.55481254   4.41848799   1.46162022   4.99062928   4.38855104   5.60029625
[729]   0.62456790   3.89134574   3.49916820   1.92164361   1.89024920   5.46119376   5.15358600   2.35274447
[737]   5.81130417   1.33584750   0.91670652   3.08066715   1.05945360   1.26962564   3.18712935   2.75768701
[745]   3.76687865   0.90783367   3.88098361   1.74228210   0.27787657   3.82577337   4.27825349   0.14491758
[753]   4.32569960   4.80114094   0.03489737   4.60757112   1.67151155   4.02598947   3.52004765   4.54120471
[761]   0.01453212   1.96316206   3.54737589   1.55774996   0.41700392   3.32564914   0.79803270   1.73852185
[769]   3.01203420   2.92243013   2.10746020   3.03534108   1.32606855   2.14013484   2.69063550   3.11441237
[777]   3.26659471   1.23971080   2.68548040   2.13681864   1.45913457   0.87805049   3.34465902   1.67798141
[785]   3.30302960   2.82627286   3.07862990   1.40800707   2.52603378   1.32901136   1.41563474   2.57389084
[793]   0.82324195   2.07177149   0.50300227   0.04683856   1.34495237   0.70021363   1.14492793   0.42598236
[801]   0.10859463   0.06354438   0.98995655   0.36302554

$PAR
  [1]  NA   1   1   2   2   2   5   5   5   7   8   8  12  13  13   9   9  16  16  16  14  14  15  20  20  24  24  21
 [29]  23  27  27  27  27  27  27  27  25  30  37  37  37  38  38  38  42  42  42  42  42  42  32  32  32  32  52  43
 [57]  43  45  45  45  45  53  53  53  53  53  58  58  62  62  62  56  59  73  74  74  74  74  74  74  74  41  41  41
 [85]  41  82  82  82  64  64  64  64  65  65  72  72  75  76  76  76  76  76  93  93  93  93  89  89  83  83  83  83
[113]  83  83  55 107 107 107 108 115 115 115 120 120 120 120  95  95  95  60  97  97  97  90  96  96  54  54 122 123
[141] 103 124 124 124  48  48  48  48  48  48 139 139 139 139 134 134 134 109  70  70  70  70  70  70  70  70  71  71
[169]  71  71 159 159 159 159 159 116 116 110 110 110 155 155 155 155 111 111 111 111 111 111 151 151 191 191 191  35
[197]  35  94  85  85 125 125 125 125 125 171 171 167 167 167 167 126 126 126 126 126 126 138 138 138 138 138 138 218
[225] 218  98  98  98  98  98 145 145 145 145 179  66  66 224 225 225 180 152 152 152 152 158 158 158 158 242 242 208
[253] 208  61  99 192  86  86 252 196 260 260 260 117 117 117  87  87 267 267 197 197 140 140 140 140 140 140 168 146
[281] 146 146 273 268 268 268 169 169 169 250 219 219 219 219 219 212 212 212 246 246 246 246 246 246 246 246 147 236
[309] 307 307 307 287 287 287 274 274 274 274 156 319 319 255 255 309 254 254 198 198 198 296 296 269 269 239 239 239
[337] 239 334 334 334 334 271 271 327 243 206 206 206 153 272 272 272 272 210 310 310 310 310 310 310 284 284 284 280
[365] 280 280 280 207 207 154 350 185 185 285 264 299 299 202 320 320 199 199 297 330 345 345 311 311 311 311 311 128
[393] 128 172 172 172 339 335 335 335 335 335 335 335 240 240 240 240 392 392 321 321 383 220 220 411 244 344 381  92
[421]  92 238 238 238 238 238 256 256 256 398 419 237 394 371 160 160 142 142 414 414 346 422 422 422 227 270 270 173
[449] 173 173 439 439 439 439 161 161 221 221 221 281 281 275 275 275 275 316 379 369 369 427 427 427 342 342 204 336
[477] 336 470 232 245 186 186 186 129 129 129 333 476 476 476 453 453 453 453 377 467 382 114 114 114 114 471 471 400
[505] 502 502 356 495 393 393 393 119 119 317 317 349 349 364 364 378 378 228 228 473 473 222 222 222 441 357 357 524
[533] 508 428 257 257 257 257 491 387 387 401 401 478 388 388 542 542 361 361 288 435 435 343 343 431 431 415 488 488
[561] 488 489 489 489 412 412 300 143 143 143 532 328 365 436 436 436 526 144 144 144 144 568 568 475 475 492 461 461
[589] 461 461 455 497 497 518 518 292 292 577 229 235 200 200 362 559 559 466 265  80  80 578 230 230 230 540 540 540
[617] 525 525 525 446 596 596 457 457 515 515 611 474 474 474 216 358 301 301 402 569 569 278 437 485 485 556 405 535
[645] 543 549 445 445 592 340 614 587 468 468 607 385 385 565 522 149 149 574 550 550 302 567 567 375 170 303 303 566
[673] 566 658 658 547 293 293 293 347 329 627 389 676 676 676 676 676 513 420 420 420 420 352 352 352 352 609 266 182
[701] 282 519 294 294 294 360 360 360 494 418 418 666 666 643 390 390 646 646 701 665 663 586 593 552 464 425 425 443
[729] 438 656 656 656 656 703 695 695 465 465 465 407 407 553 728 728 353 505  68 188 499 662 548 673 449 726 472 691
[757] 691 754 429 536 756 650 521 521 521 727 396 509 619 619 751 696 528 366 510 758 730 747 561 341 763 759 714 731
[785] 263 766 195 743 101 629 775 136 136 410 683 654 537 762 732 732 768 742 799 639

$EXTANT
  [1] FALSE FALSE FALSE FALSE FALSE FALSE FALSE FALSE FALSE FALSE FALSE FALSE FALSE FALSE FALSE FALSE FALSE FALSE FALSE
 [20] FALSE FALSE FALSE FALSE FALSE FALSE FALSE FALSE FALSE FALSE FALSE FALSE FALSE FALSE FALSE FALSE FALSE FALSE FALSE
 [39] FALSE FALSE FALSE FALSE FALSE FALSE FALSE FALSE FALSE  TRUE FALSE  TRUE FALSE FALSE FALSE FALSE FALSE FALSE FALSE
 [58]  TRUE FALSE FALSE FALSE FALSE FALSE FALSE FALSE FALSE FALSE  TRUE FALSE  TRUE FALSE FALSE FALSE  TRUE FALSE  TRUE
 [77] FALSE FALSE FALSE  TRUE FALSE FALSE FALSE FALSE  TRUE  TRUE FALSE FALSE FALSE FALSE FALSE  TRUE  TRUE FALSE FALSE
 [96]  TRUE FALSE  TRUE FALSE FALSE FALSE  TRUE FALSE FALSE  TRUE  TRUE  TRUE FALSE FALSE FALSE  TRUE FALSE  TRUE  TRUE
[115] FALSE FALSE  TRUE FALSE  TRUE FALSE FALSE FALSE FALSE FALSE  TRUE  TRUE FALSE FALSE FALSE FALSE FALSE  TRUE FALSE
[134] FALSE FALSE  TRUE FALSE  TRUE FALSE  TRUE FALSE  TRUE  TRUE  TRUE FALSE FALSE FALSE  TRUE  TRUE  TRUE FALSE  TRUE
[153] FALSE FALSE  TRUE FALSE  TRUE  TRUE  TRUE FALSE  TRUE FALSE FALSE  TRUE FALSE  TRUE FALSE FALSE FALSE FALSE FALSE
[172]  TRUE  TRUE FALSE FALSE FALSE  TRUE FALSE FALSE FALSE FALSE  TRUE  TRUE  TRUE  TRUE  TRUE FALSE  TRUE  TRUE  TRUE
[191]  TRUE FALSE FALSE FALSE  TRUE FALSE  TRUE  TRUE FALSE  TRUE  TRUE FALSE FALSE FALSE FALSE  TRUE FALSE FALSE FALSE
[210] FALSE FALSE FALSE FALSE FALSE  TRUE FALSE  TRUE  TRUE  TRUE  TRUE  TRUE  TRUE  TRUE  TRUE FALSE FALSE FALSE  TRUE
[229]  TRUE  TRUE FALSE FALSE  TRUE  TRUE  TRUE  TRUE FALSE  TRUE  TRUE  TRUE  TRUE FALSE  TRUE FALSE  TRUE  TRUE FALSE
[248] FALSE  TRUE FALSE FALSE FALSE FALSE  TRUE  TRUE  TRUE  TRUE  TRUE FALSE  TRUE  TRUE FALSE  TRUE  TRUE  TRUE  TRUE
[267] FALSE FALSE FALSE  TRUE FALSE  TRUE FALSE  TRUE  TRUE  TRUE  TRUE  TRUE FALSE  TRUE  TRUE FALSE FALSE  TRUE FALSE
[286]  TRUE FALSE  TRUE FALSE  TRUE FALSE  TRUE  TRUE  TRUE FALSE  TRUE FALSE FALSE FALSE  TRUE  TRUE  TRUE  TRUE  TRUE
[305]  TRUE  TRUE  TRUE  TRUE FALSE  TRUE  TRUE FALSE FALSE FALSE FALSE FALSE FALSE FALSE FALSE  TRUE FALSE  TRUE  TRUE
[324] FALSE  TRUE  TRUE FALSE  TRUE  TRUE FALSE  TRUE FALSE FALSE  TRUE  TRUE FALSE  TRUE FALSE  TRUE  TRUE  TRUE  TRUE
[343]  TRUE FALSE  TRUE FALSE  TRUE  TRUE  TRUE FALSE  TRUE  TRUE  TRUE FALSE FALSE  TRUE  TRUE  TRUE FALSE  TRUE  TRUE
[362] FALSE  TRUE  TRUE  TRUE  TRUE  TRUE FALSE FALSE FALSE  TRUE  TRUE FALSE FALSE  TRUE FALSE  TRUE FALSE  TRUE  TRUE
[381] FALSE  TRUE FALSE  TRUE FALSE  TRUE FALSE  TRUE  TRUE  TRUE FALSE  TRUE  TRUE FALSE  TRUE  TRUE  TRUE  TRUE  TRUE
[400]  TRUE  TRUE  TRUE  TRUE  TRUE  TRUE  TRUE  TRUE  TRUE  TRUE  TRUE  TRUE FALSE FALSE  TRUE  TRUE  TRUE FALSE FALSE
[419] FALSE  TRUE  TRUE  TRUE FALSE  TRUE  TRUE  TRUE FALSE FALSE FALSE  TRUE  TRUE FALSE FALSE  TRUE  TRUE  TRUE  TRUE
[438]  TRUE FALSE  TRUE FALSE FALSE  TRUE  TRUE  TRUE  TRUE  TRUE  TRUE  TRUE  TRUE FALSE FALSE FALSE FALSE  TRUE  TRUE
[457]  TRUE  TRUE  TRUE FALSE  TRUE FALSE  TRUE  TRUE  TRUE FALSE  TRUE  TRUE  TRUE FALSE  TRUE  TRUE  TRUE  TRUE  TRUE
[476]  TRUE  TRUE  TRUE FALSE FALSE  TRUE  TRUE  TRUE  TRUE  TRUE  TRUE FALSE  TRUE  TRUE  TRUE FALSE FALSE FALSE  TRUE
[495] FALSE  TRUE  TRUE FALSE  TRUE  TRUE  TRUE  TRUE  TRUE  TRUE  TRUE  TRUE  TRUE FALSE  TRUE  TRUE  TRUE FALSE  TRUE
[514]  TRUE  TRUE FALSE  TRUE  TRUE  TRUE FALSE  TRUE FALSE  TRUE  TRUE  TRUE FALSE  TRUE  TRUE FALSE FALSE FALSE FALSE
[533]  TRUE  TRUE  TRUE  TRUE  TRUE  TRUE  TRUE  TRUE  TRUE  TRUE  TRUE FALSE  TRUE FALSE FALSE  TRUE  TRUE  TRUE  TRUE
[552]  TRUE  TRUE  TRUE  TRUE  TRUE  TRUE FALSE  TRUE  TRUE  TRUE  TRUE  TRUE  TRUE FALSE FALSE  TRUE  TRUE  TRUE  TRUE
[571]  TRUE  TRUE FALSE  TRUE  TRUE  TRUE  TRUE  TRUE  TRUE FALSE  TRUE  TRUE  TRUE  TRUE  TRUE  TRUE  TRUE  TRUE  TRUE
[590]  TRUE FALSE  TRUE  TRUE  TRUE  TRUE  TRUE  TRUE FALSE  TRUE FALSE  TRUE  TRUE  TRUE FALSE  TRUE FALSE  TRUE  TRUE
[609]  TRUE  TRUE FALSE  TRUE FALSE FALSE  TRUE  TRUE  TRUE  TRUE  TRUE  TRUE  TRUE  TRUE  TRUE  TRUE  TRUE  TRUE  TRUE
[628]  TRUE  TRUE FALSE FALSE  TRUE FALSE  TRUE  TRUE  TRUE  TRUE  TRUE  TRUE  TRUE  TRUE  TRUE  TRUE FALSE  TRUE  TRUE
[647] FALSE  TRUE FALSE FALSE  TRUE FALSE  TRUE  TRUE  TRUE  TRUE  TRUE  TRUE  TRUE  TRUE  TRUE  TRUE  TRUE  TRUE  TRUE
[666]  TRUE  TRUE  TRUE  TRUE FALSE  TRUE FALSE  TRUE  TRUE  TRUE  TRUE FALSE FALSE  TRUE  TRUE  TRUE  TRUE  TRUE FALSE
[685]  TRUE FALSE  TRUE  TRUE  TRUE FALSE  TRUE  TRUE  TRUE FALSE  TRUE  TRUE  TRUE  TRUE  TRUE  TRUE  TRUE  TRUE  TRUE
[704]  TRUE  TRUE FALSE  TRUE  TRUE FALSE  TRUE  TRUE  TRUE  TRUE FALSE FALSE  TRUE  TRUE  TRUE  TRUE  TRUE FALSE  TRUE
[723]  TRUE  TRUE  TRUE  TRUE  TRUE  TRUE  TRUE  TRUE  TRUE  TRUE  TRUE  TRUE  TRUE  TRUE  TRUE  TRUE  TRUE  TRUE  TRUE
[742]  TRUE  TRUE  TRUE  TRUE  TRUE  TRUE  TRUE  TRUE  TRUE  TRUE  TRUE  TRUE  TRUE  TRUE  TRUE  TRUE  TRUE  TRUE  TRUE
[761]  TRUE  TRUE  TRUE  TRUE  TRUE  TRUE  TRUE  TRUE  TRUE  TRUE  TRUE  TRUE  TRUE  TRUE  TRUE  TRUE  TRUE  TRUE  TRUE
[780] FALSE FALSE  TRUE  TRUE  TRUE FALSE  TRUE  TRUE  TRUE  TRUE  TRUE  TRUE  TRUE  TRUE  TRUE  TRUE  TRUE FALSE  TRUE
[799]  TRUE  TRUE  TRUE  TRUE  TRUE  TRUE

