
Birth-death simulation object with 746 species and 500 extant species

Details for some species:

Extinction times (NA means extant)
[1] 145.5752 156.7891 145.6343 124.5047 124.5114 131.8627


Speciation times 
[1] 161.9366 156.9954 155.5054 147.9503 145.7220 140.8182


Species parents (NA for initial)
[1] NA  1  1  3  4  5


Species status (extinct or extant)
[1] "extinct" "extinct" "extinct" "extinct" "extinct" "extinct"


For more details on vector y, try sim$y, with y one of
TE TS PAR EXTANT



$TE
  [1] 145.57518491 156.78906838 145.63431567 124.50467821 124.51136001 131.86266820  84.40518563  62.38579962
  [9]  33.29351522  80.45454319  79.55858314  76.26664774           NA  72.49177495  60.09122133  51.21669698
 [17]           NA           NA           NA           NA  74.80694634  25.52876451           NA  88.47218858
 [25]  37.70040815  57.63053944  71.78275975  72.73316477  58.78042840  26.59148876  43.32098743  31.29211082
 [33]  29.92084071  61.74784577  49.66387318  71.46901804  72.47705239  66.16359257  38.99000653  40.37698483
 [41]           NA  62.10318008   4.10891555           NA  26.09932448           NA  11.25022614           NA
 [49]  26.73921585   5.48370309  19.52088018   9.97936258           NA  38.70584599  49.92183898  48.10809384
 [57]  12.51092518  13.25946583   0.29636973           NA   1.95560223  57.39694116           NA  38.33926634
 [65]  19.42292069  26.74348969  48.64602289  29.06824469  19.47933299           NA  46.97885733   4.65276122
 [73]  43.92071610  47.21214689  41.17032881  26.86299338   8.03795668  28.66962258   8.17072479  18.44631473
 [81]  31.16396023  23.23378494  28.91769250           NA           NA  19.13894092           NA           NA
 [89]           NA           NA           NA           NA  18.41971802   5.68174160  49.90305524  18.83237964
 [97]           NA           NA           NA  20.36761064  15.48841764  29.88921612           NA  16.39738052
[105]           NA           NA           NA           NA           NA  10.46367827  13.40127243           NA
[113]           NA   6.32158914           NA           NA  35.31475926           NA   1.46217746  33.41843978
[121]  10.87907533   5.89062824  28.14542330           NA   1.44799360   8.19563866   5.12827856           NA
[129]   3.19585497           NA  28.06293171  16.42128270  12.51252018  35.40588172  13.66733312  20.35329721
[137]  28.71883917  36.03943215  29.52146852           NA  22.99749085           NA           NA           NA
[145]  28.71345642  23.07489298   7.48403340  17.16718481  25.13915656           NA           NA           NA
[153]           NA           NA   5.03180564           NA           NA   8.39438239   7.09280606           NA
[161]           NA           NA           NA  19.52907749           NA           NA           NA           NA
[169]  16.30315268           NA           NA           NA  22.20185714  29.66473804           NA           NA
[177]           NA           NA           NA           NA           NA  31.51386787  21.48073433           NA
[185]  16.27946105           NA  19.52095462           NA           NA           NA           NA           NA
[193]           NA   2.72794085           NA  17.48182195           NA  24.47128228  19.12890783           NA
[201]           NA           NA           NA   6.53182324           NA           NA   7.35977405  10.23358919
[209]           NA           NA           NA           NA           NA   3.38065432           NA           NA
[217]           NA  14.89866679  22.41511978           NA           NA           NA  18.68345334           NA
[225]  15.79980888           NA           NA  22.61403910  17.64336909           NA  12.64960926           NA
[233]           NA   0.69460111           NA  23.88602596           NA           NA           NA   4.31395071
[241]           NA           NA           NA   2.05617165           NA           NA           NA           NA
[249]           NA           NA  26.76387435   8.74340718  11.47496695   5.20991004           NA           NA
[257]  11.35377742           NA           NA  17.96074709           NA  14.60237512  18.38650685           NA
[265]   8.41452244  15.05926062  17.22651164   2.65256047           NA   9.38891404   6.57202614           NA
[273]           NA   4.16802982           NA           NA           NA           NA   5.70666178           NA
[281]           NA   7.34827596           NA           NA           NA           NA           NA           NA
[289]           NA   2.98689263   1.71543807           NA           NA   1.01270184           NA  22.22587753
[297]   1.55575631           NA  14.04972334           NA           NA           NA   0.92121215   7.86176316
[305]   3.54231276           NA   8.71528802           NA  19.65605643           NA  11.00106055           NA
[313]           NA           NA   3.11825806           NA           NA           NA   0.98899813           NA
[321]           NA  13.22147750   3.16968484           NA           NA           NA   5.89125609   7.46007439
[329]           NA  11.25031357           NA   3.09457688           NA           NA   7.16830177   8.02344230
[337]   1.13379807           NA           NA   9.96239491           NA           NA           NA           NA
[345]           NA           NA           NA           NA   9.64695614           NA           NA  12.16905491
[353]           NA           NA           NA  17.95286619           NA           NA           NA   8.46572428
[361]           NA           NA           NA  13.65931225           NA           NA           NA  15.50069386
[369]  15.74762454   7.57154029           NA           NA           NA  18.31696319           NA           NA
[377]           NA           NA           NA   4.56685121           NA           NA           NA           NA
[385]           NA           NA           NA           NA           NA   2.54519631  11.72047845           NA
[393]           NA           NA           NA           NA           NA   4.61145858           NA           NA
[401]           NA           NA           NA           NA           NA           NA   6.63319952           NA
[409]           NA           NA           NA   5.29424552           NA           NA           NA           NA
[417]           NA           NA           NA   4.14459582           NA   7.67997674           NA           NA
[425]   3.04251969           NA           NA           NA           NA           NA           NA           NA
[433]           NA           NA           NA           NA           NA           NA           NA           NA
[441]           NA   0.44474697           NA   6.15645395           NA           NA           NA           NA
[449]   3.20911719           NA           NA   0.04318887           NA           NA           NA   3.73918138
[457]           NA           NA           NA  14.47847241           NA   5.85932288           NA           NA
[465]           NA   6.98705260           NA   5.38709821           NA   6.52691062   8.78043720           NA
[473]           NA           NA   2.22899090   7.24684587   0.57606471           NA   3.14112397           NA
[481]   3.70533520   3.21473579           NA           NA           NA           NA   0.80925583           NA
[489]           NA           NA           NA           NA   2.68237457           NA           NA           NA
[497]   3.24370820           NA           NA           NA           NA           NA           NA           NA
[505]           NA           NA           NA           NA           NA           NA           NA           NA
[513]   4.68300855   9.95749716   3.96947832           NA           NA           NA           NA           NA
[521]           NA           NA   3.29038622           NA           NA           NA           NA           NA
[529]           NA           NA           NA           NA           NA           NA           NA           NA
[537]           NA           NA           NA           NA   5.61774135           NA           NA           NA
[545]   3.02259953   6.77111925           NA           NA           NA           NA           NA           NA
[553]           NA           NA           NA   0.27194323   4.06183793           NA   9.47676953           NA
[561]           NA   7.69490095           NA           NA           NA           NA           NA   0.71154012
[569]           NA           NA           NA           NA           NA           NA   1.87188553           NA
[577]           NA           NA           NA           NA           NA           NA   3.19061659           NA
[585]           NA           NA           NA   3.88161426           NA   7.33899785           NA           NA
[593]           NA   5.98980602   3.66456945           NA   1.34818136   3.86113975           NA           NA
[601]           NA   3.36127243           NA           NA           NA           NA           NA           NA
[609]           NA           NA           NA   4.79787435           NA   0.96607740           NA           NA
[617]           NA           NA           NA           NA           NA           NA           NA           NA
[625]           NA           NA           NA           NA           NA           NA           NA           NA
[633]           NA           NA           NA           NA   2.59444606           NA           NA           NA
[641]           NA           NA           NA           NA           NA           NA           NA           NA
[649]           NA   2.82449944           NA   3.02968280           NA           NA           NA           NA
[657]   4.10047483   5.16429704           NA           NA           NA           NA           NA           NA
[665]           NA           NA           NA   1.71070774           NA           NA           NA           NA
[673]   0.65012402           NA           NA           NA           NA           NA           NA           NA
[681]           NA           NA           NA           NA           NA           NA           NA           NA
[689]   1.40864384           NA           NA           NA           NA           NA           NA           NA
[697]           NA           NA           NA           NA           NA           NA           NA           NA
[705]           NA           NA           NA           NA           NA           NA           NA           NA
[713]           NA           NA           NA           NA           NA           NA           NA           NA
[721]           NA           NA           NA           NA           NA           NA           NA           NA
[729]           NA           NA           NA           NA           NA           NA           NA           NA
[737]           NA           NA           NA           NA           NA           NA           NA           NA
[745]           NA           NA

$TS
  [1] 161.93662753 156.99544951 155.50544634 147.95032441 145.72200583 140.81816490 139.34064942  96.49398831
  [9]  94.01430565  93.40369502  92.53772928  90.61166870  94.76876457  92.13561654  83.08449257  57.98231779
 [17]  54.70423669  24.82556710   9.80317397   5.22760061  81.74398057  68.85152743  50.47867263  89.01041800
 [25]  85.39757270  76.86294787  74.97637069  73.51209780  64.92334585  49.48757824  45.42544108  38.47644193
 [33]  38.11461586  76.28668419  76.27762873  72.39306368  75.29373314  73.00403255  60.63990783  70.51243605
 [41]  70.23947352  64.82585078  48.13470051  67.18916631  62.92721337  45.28449458  38.50901689  36.60881522
 [49]  33.45996090  32.44450017  30.57444827  13.35914028   0.44696017  48.32061105  63.89283035  59.45054828
 [57]  42.18803669  23.28161147  20.06186102  18.24627729   8.81360210  59.33579625  54.63511229  40.07061428
 [65]  33.10635351  31.84491822  60.11270033  59.70827184  48.54383990  40.44056502  59.73252180  56.55114159
 [73]  58.77276589  55.35749850  44.46077959  56.95616225  42.46235125  40.16412874  31.31344366  27.08100579
 [81]  32.97541702  31.10339485  29.48061252  16.45870090   5.94669819  53.52431264  37.35792498  20.91744086
 [89]   9.00474900  40.68643344  30.21706638  29.37753898  29.14154236  10.43497526  53.13464135  52.81415155
 [97]  35.12508754  32.70144726  22.25555282  21.13533061  15.86119985  33.83328041  46.37508991  41.34067601
[105]  41.33053726  26.19864530   8.53680947   6.87944543  31.39159465  23.54712853  15.34439112  11.28230603
[113]   4.01627295  43.27505818  35.00524273   1.35947583  37.16927740  35.56406499  16.95302037  34.01244705
[121]  32.95085396  31.05100258  30.23055066  22.97628032  22.88588993  22.24362627  21.12355461  16.86414116
[129]   7.34329670   4.27793658  32.94702843  32.13442977  15.42266305  38.25917359  33.62893373  32.39098962
[137]  30.27320184  39.22870116  34.81739112  38.54523974  35.08840823  15.39892520   9.86794139   8.41181895
[145]  37.35266063  36.73801627  29.61276266  21.67070792  32.01278420  23.40570743  21.14655891  16.49149345
[153]   9.25814469   0.95404117  32.80853185  31.24157578  36.31206844  28.48729700  14.73732791   5.71374259
[161]  16.52677482  12.40689216  10.50571386  24.06331782  12.58984212  10.40490962  10.22384470   1.36700298
[169]  31.19455990  23.87090033  17.79704772   6.44052875  27.57499351  32.03498360  29.75153604  23.72331674
[177]  19.46751277  16.98280213  16.05983359   8.69701866   0.08759831  32.78781466  29.63524429  24.93214430
[185]  19.53458103  32.04070908  28.92106604  31.27322348  22.21688387  28.02741800  27.85923020  25.92755180
[193]  16.13724463   9.17344501   8.84063287  25.06694529  19.01569026  30.74508015  23.73609822  18.52693811
[201]  17.14871854  12.03144986  23.03463302  13.44006605   8.63520478   4.33339238  15.77853518  11.20348226
[209]  23.32442493  23.06314828   7.68416075  21.72168873  19.67399080  16.53260404   6.84495959   0.22460003
[217]  29.27227968  27.85315322  26.16480788  19.48931026  17.86032685  29.16839236  25.93639956  25.51558833
[225]  15.98193501  12.95296587   9.14057762  27.16259643  27.12787144  23.97555581  29.96448604   5.48836578
[233]   5.37014327   0.83981152  29.34451777  27.13905221  23.00612943   9.50241049   3.82269400  28.16133894
[241]  24.02752071  19.08640816  17.06471634  19.68734828  11.62818958  14.66496015   9.91622476   9.41437125
[249]   3.08045869   2.08446325  29.04425336  25.43655085  14.24296305   7.34186250   6.06389461   5.73660514
[257]  24.59637549  23.51811482  26.27201843  24.73143892  12.68178793  23.22718737  21.91705326  21.09922190
[265]  19.31004692  16.11116212  26.99846325  17.39863098  12.17949408  19.56253485   9.50414309   4.48657229
[273]   1.36797294  27.67902415  26.41230248  17.55707299  22.98469403  19.82480248  13.95054786   6.58404090
[281]   2.51231489  21.22096646   8.07108975   3.74295423   0.69740761  19.01073403  15.98605348  10.11157227
[289]  19.82177564  16.59808137  12.94155303   4.49080680   3.81855403   1.78771221  23.88863905  23.06626259
[297]  21.47204725  21.35859780  18.89833077  17.28081691   4.58712888   1.52238252   1.45760301  11.42985641
[305]   9.59737105   1.22957322  13.13688366   0.84912274  22.44248816  21.27755210  23.30557752  22.74287643
[313]   8.07879821  21.70764786  21.07705708   5.88572402   3.80827297   4.11428130   4.27619962  22.92820671
[321]  19.90288771  19.99702222  17.89566436  16.72183689  10.42292558   9.08854507  22.61682302  13.16137634
[329]  12.43604814  13.98182725  13.86466145   5.22247945   3.68507025  12.44474764  14.43509577   9.64203926
[337]   9.51344278   5.50350863  17.61314833  12.59239111   2.68072334  17.03898933  10.19167237  10.92801749
[345]   1.02678926   0.75215764   0.29747416  19.01858603  15.15089461  12.40826031   9.39241751  21.30251589
[353]   9.83882647  13.23751562   2.22281601  21.49474767  19.45209107  13.78763370  13.24851556  11.87781261
[361]   7.92146285   7.43962514   1.31831363  16.42888428  13.99828254  11.31949104  20.45706668  20.13704859
[369]  19.44887934  16.69826663  14.34807366   2.22416342   2.02035891  18.92322190  13.32528418   3.25557652
[377]  15.64217696   7.91843167   5.72706735  15.68630049  13.03622941   9.04957869   6.41506425  13.10204430
[385]  10.55654145   5.88273194   1.15402122   0.78519920   0.53767114  13.12725138  12.03692750   5.77942017
[393]  13.42109250   1.69989973   4.04379471  17.73202239  16.94143703  12.38668179  14.08394325  18.72949893
[401]  11.27471692  10.17911391   9.52636635   7.05580740   2.36181660   0.25781517  17.48697303   9.52149538
[409]   9.34903754  15.85315936  13.62898458  10.60291128  15.55341716   5.78873874  16.88949169  10.56892791
[417]   9.75421062   6.17625750   3.12459870  16.45940112  16.30713400  18.40996740  17.34607969   8.42598935
[425]  17.54152781   4.63426894   6.22232055   1.34248897  10.30541175   8.07576901   6.42839081   1.06293172
[433]   2.73713438  12.10109170   9.88307936   6.82553845   6.87726023   2.38964422  15.53572402   8.49464050
[441]   4.46491178   3.20317873  15.80718408  12.03868199   4.52935419   3.68993877   0.33579515   8.30353344
[449]   6.90225536   5.66403782  13.13017907  10.08049274   4.82010466   8.53161986   4.65283281   4.04564529
[457]  10.01562448   6.36781988   5.48471383  16.18954810   9.57304497   8.02383992   2.77420357   3.09821127
[465]   2.35424549  15.62750266   8.24729188   5.99110607   5.70249680  15.41947929   9.39466743  12.08828771
[473]  10.32030043   7.17650864  11.62972319  11.42732518   2.91481633   1.58076042  12.96050832  15.11551558
[481]  13.73049421   7.81281490   4.17618018   3.13212164  13.82949124  10.32982034   8.32395882   6.02585156
[489]   5.03118006   0.33843766  13.40212776  10.69140069   6.98782570   2.85068900  11.81805936   9.28971139
[497]   7.99209824  11.27810939   1.07685357  13.37542653   9.41543695   8.92483578   7.29815659   6.85057145
[505]  10.79720779  13.00735528  12.11520643  11.02227938   8.49989125   2.77408631  10.02761766   6.62454576
[513]  12.92220162  11.95658183   4.57143996   7.85155119   5.89372265   2.78915245   2.06853934   8.58963830
[521]   0.64774602   8.38474953  11.57741759   2.49790007   9.11850384   7.90130561  11.11608210   1.34962205
[529]  10.95101144   2.27981014   0.95992388   6.65615524   9.12195500   2.21927158   4.50528644   7.17207646
[537]   5.67258515   4.35807823   4.01342479  11.82461925  11.76383875   6.46739614  10.71124723   6.51064432
[545]   7.34546838   7.09124337   5.67813998   3.30800726   8.72990863   6.26613164   4.71698463   9.07813667
[553]   8.93107264   7.95994375   0.15121587   0.46074635   4.12625066   4.86397563  10.68933691   5.52657728
[561]   0.92560542   8.78518090   2.05341079   5.43638150   1.07051649   9.24917508   9.86394496   4.13242208
[569]   1.57696073   3.17850659   2.05220773   9.04030582  10.19634540   1.48365101   3.80881844   3.16215469
[577]   8.65290668   6.50435769   0.16543684   9.22339675   6.94119212   7.53963624   5.46792929   9.28836514
[585]   8.23951178   5.45489880   5.26808659   4.61406827   1.01568718   8.55619833   5.24553064   1.49752124
[593]   8.13191277   7.84810223   6.12936771   4.85877363   6.90999731   5.06516085   2.65502908   0.20832578
[601]   0.33886225   7.18647065   5.32381202   5.07880579   7.27036972   5.01778255   2.98701542   2.89271577
[609]   7.80829146   4.43556092   8.79345805   6.91268438   4.83611937   7.00524185   6.11446598   5.78148590
[617]   1.41418040   8.29604762   4.37307407   2.81081725   6.04541157   1.78980926   1.39790121   1.92041908
[625]   6.68158201   2.54656057   3.86361953   1.22714388   3.25318870   2.26328903   0.26804990   4.16066364
[633]   5.86196444   4.12241379   7.14869007   3.26085717   2.93180557   0.36823878   3.61259879   2.77418436
[641]   1.34922811   3.37728496   6.12662438   4.10948487   4.06007849   5.71238675   5.96358608   6.28447572
[649]   1.86016266   3.78823068   1.33451974   5.66539098   2.60920421   1.80694599   0.11883858   0.20354618
[657]   4.34724138   5.72660916   3.87444402   2.64461117   5.58356120   4.17740416   3.30303663   3.25408536
[665]   0.56760996   3.04514343   4.09468677   4.55506553   1.55032259   5.24164469   1.18029138   1.30360298
[673]   3.16507519   4.94798453   1.59091521   1.79802222   1.90927852   0.16781666   0.96020809   0.37574431
[681]   2.31898447   1.34290937   2.81951275   0.57942567   4.60858118   0.56269503   0.62027722   2.58239415
[689]   2.19905626   1.56257958   2.68535580   2.89407451   4.48936214   3.51955005   3.46396740   1.67695505
[697]   3.69914663   2.37389426   3.69312910   1.53840999   3.40486046   1.18339940   1.97752645   4.02001700
[705]   1.88334927   0.37349854   3.42982855   1.72709190   3.58438206   1.66799474   0.14074152   3.53186418
[713]   0.52015520   0.56621429   1.37767934   1.18126416   1.49060002   2.15814532   2.79696937   2.48204518
[721]   3.09059410   0.09274018   1.05764005   1.68520633   1.29185812   0.18427209   1.07191270   1.02376472
[729]   1.39098615   0.73441862   1.90046802   1.80247763   0.37508620   1.63426555   0.70875075   0.69004538
[737]   0.80637093   1.17804338   0.32407887   0.14089061   0.36019724   0.99141277   0.61556286   0.59080550
[745]   0.45186234   0.16329761

$PAR
  [1]  NA   1   1   3   4   5   6   7   7   7   7   7   8  13  13  13  13  13  13  13   9   9   9  10  11  14  14  25
 [29]  25  25  25  25  25  21  26  34  35  35  35  38  40  40  40  41  41  41  41  41  41  41  41  41  41  22  44  44
 [57]  44  44  44  44  44  55  55  45  45  45  39  39  39  39  67  67  68  68  68  16  76  76  76  76  72  72  72  72
 [85]  72  74  17  17  17  63  63  63  63  63  86  86  96  23  23  23  23  30  69  69  43  43  43  43 103 103 103 103
[113] 103  46  46  46 114  77  77  57 104 104 105 105 105 105 105 105 105 105  90  90  90  70  70  70  70  78  78  64
[141] 140 140 140 140  47  47  47  47  33  87  87  87  87  87 145 145 117  48  48  48 157 157 157 118 118 118 118 118
[169]  97  97  97  97 141 115 115 115 115 115 115 115 115 139 139 135 135  49  65 131 155  98  98  98  98  98  98  50
[197] 132 186 186 186 186 186 109 109 109 109  79  79 188 188 188 156 156 156 156 156 169 169 169 169 169  82  82  82
[225] 122 122 122 198 198  51  91  91  91  91 231 175 175 175 175 183 183 147 147  92  92 235 235 235 235 235 217 222
[253] 222 222 222 222  93  93 187 158 158 240 240 240 240 240 190 190 190 191 191 191 191 218 218 218 274 267 275 259
[281] 259 106 106 192 192 224 252 252 196  18  18  18  18  18 260 257 164 164 241 241 241 241 241 230 230 230 295 295
[309] 170 170 199 199 176 110 110 258 258 150 209  58  58 262 262 210 237 237 277 277 277 124 124 124 124 320 125 125
[337] 125 125 312 312 312 327 327  99  99  99  99 189 189 189 189 263 212 314 314 148 297 297 297 297 297 298 298 310
[365] 282 151 100 127 264 264 264 264 264 315 315 315  88 367 367 368  59  59  59 321 321 321 321 321 321 278 278 278
[393] 289 289 244 213 213 213 270 220 220 220 220 177 357 357 369 265 265 242 242 242 348 348 197 286 286 286 286 299
[421] 299 400 400 400 200 200 221 171 396 396 339 339 276 425 425 407 268 300 201 201 201 201 342 342 342 119 397 415
[449] 415 415 128 128 128 290 290 290 214 161 161 152 152 152 152  84  84 364 421 421 421 193 193 179 287 410 207 380
[477] 377 377 413 111 111 480 480 480 159 159 159 246 246 246 253 399 399 399 365 279 279 331 358 481 204 204 204 204
[505] 393 491 491 491 491 500 375 359 451 451 451 384 384 384 384 381 381 506 226 226 291 513 261 261 334 334 350 162
[533] 269 269 507 434 434 472 472 444 391 202 360 540 495 495 495 495 475 475 475 476 366 112 112 401 527 529 344 344
[561] 344 505 505 412 416  94 325 325 325 166 166 486 429 429 167 167 573 573 573 343 343 402 288 457 457 457 457 567
[589] 567  19 417 461 403 408 337 337 238 238 238 501 351 409 409 584 153 566 566 566 580 227 533 525 552  89 502 195
[617] 205 590 454 454 509 440 467 585 593 526 516 516 609 609 609 211 545 545 254 503 503 503 602 474 614 493 581 597
[645] 449 512 578 172 431 458 648 550 550 550 427 418 643 621 647 647  85 517 517 386 414 616 392 256 379 160 160 469
[673] 547 537 450 661 338 232 603 587 591 670 604 604 598 606 674 613 613 453 551 445 292 693 619 619 538 538 206 206
[701] 130 319 662 634 634 644 113 113 539 659 659 627 317 284 697 446 639 695 642 636 376 664 629 442 249 607 691 626
[729] 698 465 563 563 373 622 394 696 710 569 669 669 700 641 308 687 744 739

$EXTANT
  [1] FALSE FALSE FALSE FALSE FALSE FALSE FALSE FALSE FALSE FALSE FALSE FALSE  TRUE FALSE FALSE FALSE  TRUE  TRUE  TRUE
 [20]  TRUE FALSE FALSE  TRUE FALSE FALSE FALSE FALSE FALSE FALSE FALSE FALSE FALSE FALSE FALSE FALSE FALSE FALSE FALSE
 [39] FALSE FALSE  TRUE FALSE FALSE  TRUE FALSE  TRUE FALSE  TRUE FALSE FALSE FALSE FALSE  TRUE FALSE FALSE FALSE FALSE
 [58] FALSE FALSE  TRUE FALSE FALSE  TRUE FALSE FALSE FALSE FALSE FALSE FALSE  TRUE FALSE FALSE FALSE FALSE FALSE FALSE
 [77] FALSE FALSE FALSE FALSE FALSE FALSE FALSE  TRUE  TRUE FALSE  TRUE  TRUE  TRUE  TRUE  TRUE  TRUE FALSE FALSE FALSE
 [96] FALSE  TRUE  TRUE  TRUE FALSE FALSE FALSE  TRUE FALSE  TRUE  TRUE  TRUE  TRUE  TRUE FALSE FALSE  TRUE  TRUE FALSE
[115]  TRUE  TRUE FALSE  TRUE FALSE FALSE FALSE FALSE FALSE  TRUE FALSE FALSE FALSE  TRUE FALSE  TRUE FALSE FALSE FALSE
[134] FALSE FALSE FALSE FALSE FALSE FALSE  TRUE FALSE  TRUE  TRUE  TRUE FALSE FALSE FALSE FALSE FALSE  TRUE  TRUE  TRUE
[153]  TRUE  TRUE FALSE  TRUE  TRUE FALSE FALSE  TRUE  TRUE  TRUE  TRUE FALSE  TRUE  TRUE  TRUE  TRUE FALSE  TRUE  TRUE
[172]  TRUE FALSE FALSE  TRUE  TRUE  TRUE  TRUE  TRUE  TRUE  TRUE FALSE FALSE  TRUE FALSE  TRUE FALSE  TRUE  TRUE  TRUE
[191]  TRUE  TRUE  TRUE FALSE  TRUE FALSE  TRUE FALSE FALSE  TRUE  TRUE  TRUE  TRUE FALSE  TRUE  TRUE FALSE FALSE  TRUE
[210]  TRUE  TRUE  TRUE  TRUE FALSE  TRUE  TRUE  TRUE FALSE FALSE  TRUE  TRUE  TRUE FALSE  TRUE FALSE  TRUE  TRUE FALSE
[229] FALSE  TRUE FALSE  TRUE  TRUE FALSE  TRUE FALSE  TRUE  TRUE  TRUE FALSE  TRUE  TRUE  TRUE FALSE  TRUE  TRUE  TRUE
[248]  TRUE  TRUE  TRUE FALSE FALSE FALSE FALSE  TRUE  TRUE FALSE  TRUE  TRUE FALSE  TRUE FALSE FALSE  TRUE FALSE FALSE
[267] FALSE FALSE  TRUE FALSE FALSE  TRUE  TRUE FALSE  TRUE  TRUE  TRUE  TRUE FALSE  TRUE  TRUE FALSE  TRUE  TRUE  TRUE
[286]  TRUE  TRUE  TRUE  TRUE FALSE FALSE  TRUE  TRUE FALSE  TRUE FALSE FALSE  TRUE FALSE  TRUE  TRUE  TRUE FALSE FALSE
[305] FALSE  TRUE FALSE  TRUE FALSE  TRUE FALSE  TRUE  TRUE  TRUE FALSE  TRUE  TRUE  TRUE FALSE  TRUE  TRUE FALSE FALSE
[324]  TRUE  TRUE  TRUE FALSE FALSE  TRUE FALSE  TRUE FALSE  TRUE  TRUE FALSE FALSE FALSE  TRUE  TRUE FALSE  TRUE  TRUE
[343]  TRUE  TRUE  TRUE  TRUE  TRUE  TRUE FALSE  TRUE  TRUE FALSE  TRUE  TRUE  TRUE FALSE  TRUE  TRUE  TRUE FALSE  TRUE
[362]  TRUE  TRUE FALSE  TRUE  TRUE  TRUE FALSE FALSE FALSE  TRUE  TRUE  TRUE FALSE  TRUE  TRUE  TRUE  TRUE  TRUE FALSE
[381]  TRUE  TRUE  TRUE  TRUE  TRUE  TRUE  TRUE  TRUE  TRUE FALSE FALSE  TRUE  TRUE  TRUE  TRUE  TRUE  TRUE FALSE  TRUE
[400]  TRUE  TRUE  TRUE  TRUE  TRUE  TRUE  TRUE FALSE  TRUE  TRUE  TRUE  TRUE FALSE  TRUE  TRUE  TRUE  TRUE  TRUE  TRUE
[419]  TRUE FALSE  TRUE FALSE  TRUE  TRUE FALSE  TRUE  TRUE  TRUE  TRUE  TRUE  TRUE  TRUE  TRUE  TRUE  TRUE  TRUE  TRUE
[438]  TRUE  TRUE  TRUE  TRUE FALSE  TRUE FALSE  TRUE  TRUE  TRUE  TRUE FALSE  TRUE  TRUE FALSE  TRUE  TRUE  TRUE FALSE
[457]  TRUE  TRUE  TRUE FALSE  TRUE FALSE  TRUE  TRUE  TRUE FALSE  TRUE FALSE  TRUE FALSE FALSE  TRUE  TRUE  TRUE FALSE
[476] FALSE FALSE  TRUE FALSE  TRUE FALSE FALSE  TRUE  TRUE  TRUE  TRUE FALSE  TRUE  TRUE  TRUE  TRUE  TRUE FALSE  TRUE
[495]  TRUE  TRUE FALSE  TRUE  TRUE  TRUE  TRUE  TRUE  TRUE  TRUE  TRUE  TRUE  TRUE  TRUE  TRUE  TRUE  TRUE  TRUE FALSE
[514] FALSE FALSE  TRUE  TRUE  TRUE  TRUE  TRUE  TRUE  TRUE FALSE  TRUE  TRUE  TRUE  TRUE  TRUE  TRUE  TRUE  TRUE  TRUE
[533]  TRUE  TRUE  TRUE  TRUE  TRUE  TRUE  TRUE  TRUE FALSE  TRUE  TRUE  TRUE FALSE FALSE  TRUE  TRUE  TRUE  TRUE  TRUE
[552]  TRUE  TRUE  TRUE  TRUE FALSE FALSE  TRUE FALSE  TRUE  TRUE FALSE  TRUE  TRUE  TRUE  TRUE  TRUE FALSE  TRUE  TRUE
[571]  TRUE  TRUE  TRUE  TRUE FALSE  TRUE  TRUE  TRUE  TRUE  TRUE  TRUE  TRUE FALSE  TRUE  TRUE  TRUE  TRUE FALSE  TRUE
[590] FALSE  TRUE  TRUE  TRUE FALSE FALSE  TRUE FALSE FALSE  TRUE  TRUE  TRUE FALSE  TRUE  TRUE  TRUE  TRUE  TRUE  TRUE
[609]  TRUE  TRUE  TRUE FALSE  TRUE FALSE  TRUE  TRUE  TRUE  TRUE  TRUE  TRUE  TRUE  TRUE  TRUE  TRUE  TRUE  TRUE  TRUE
[628]  TRUE  TRUE  TRUE  TRUE  TRUE  TRUE  TRUE  TRUE  TRUE FALSE  TRUE  TRUE  TRUE  TRUE  TRUE  TRUE  TRUE  TRUE  TRUE
[647]  TRUE  TRUE  TRUE FALSE  TRUE FALSE  TRUE  TRUE  TRUE  TRUE FALSE FALSE  TRUE  TRUE  TRUE  TRUE  TRUE  TRUE  TRUE
[666]  TRUE  TRUE FALSE  TRUE  TRUE  TRUE  TRUE FALSE  TRUE  TRUE  TRUE  TRUE  TRUE  TRUE  TRUE  TRUE  TRUE  TRUE  TRUE
[685]  TRUE  TRUE  TRUE  TRUE FALSE  TRUE  TRUE  TRUE  TRUE  TRUE  TRUE  TRUE  TRUE  TRUE  TRUE  TRUE  TRUE  TRUE  TRUE
[704]  TRUE  TRUE  TRUE  TRUE  TRUE  TRUE  TRUE  TRUE  TRUE  TRUE  TRUE  TRUE  TRUE  TRUE  TRUE  TRUE  TRUE  TRUE  TRUE
[723]  TRUE  TRUE  TRUE  TRUE  TRUE  TRUE  TRUE  TRUE  TRUE  TRUE  TRUE  TRUE  TRUE  TRUE  TRUE  TRUE  TRUE  TRUE  TRUE
[742]  TRUE  TRUE  TRUE  TRUE  TRUE

