
Birth-death simulation object with 954 species and 500 extant species

Details for some species:

Extinction times (NA means extant)
[1]  98.32908 100.88314  76.74584  73.03156  76.77413  75.45438


Speciation times 
[1] 111.08405 102.17117  98.34000  96.03051  94.25769  83.64783


Species parents (NA for initial)
[1] NA  1  1  3  3  3


Species status (extinct or extant)
[1] "extinct" "extinct" "extinct" "extinct" "extinct" "extinct"


For more details on vector y, try sim$y, with y one of
TE TS PAR EXTANT



$TE
  [1]  98.3290794 100.8831434  76.7458366  73.0315616  76.7741325  75.4543800  73.5098171  85.4019797  65.5802943
 [10]  74.9385066  29.0752967  39.9541553  73.0951635  69.7430277  85.6464061  71.1421339  82.6943469  87.4381934
 [19]  71.9288482  57.4095724  67.1250001  64.2458633  49.7606942  60.5460394  55.6544399  80.0170550  41.5945893
 [28]  25.6160388  39.7896777  60.0056618  37.3803330  68.4031850  82.0987221  69.0820360  38.0389970  57.7143794
 [37]  31.8360946  76.8472185  48.3506865  43.7510409  58.7239497  74.3211552  54.0612805  63.3883737  51.3595240
 [46]  30.6204845  43.5331239  20.4578329  23.0266232  55.0270936  66.6301512  38.0132974  48.4195619  61.0587586
 [55]  64.2556321  67.1044185  47.3887285  56.2847726  46.2620895          NA  47.0965858  28.7564562  15.8727326
 [64]          NA  10.1994345          NA  40.6980869  52.5921699  51.7822372  38.2240330  43.7177919  41.5783356
 [73]  42.3884726  39.4180337  16.1043955  30.1826936  37.6805589  39.7676774  42.0486049  25.1795106  58.8275691
 [82]   8.8878548          NA  64.8876884  43.3059515  41.5049928  22.0111909  51.7907299  17.0775364  61.6458189
 [91]  60.7166009  59.5645154  26.9375590  43.8485653  41.4395691  30.5493893  18.3964345  39.6749779  35.9876367
[100]  46.5342261  50.6872821          NA  49.0923030  10.1708969  32.1522777   1.4102139  23.6733470  39.0381531
[109]  37.1811577          NA  45.2958995  31.2995660  36.5767524  23.1825819          NA  35.6082142  26.8247434
[118]          NA   2.7566569          NA          NA          NA          NA  28.8158169   4.1080029  47.6633223
[127]  24.8954720  42.7574836  10.8262487  22.9181302  37.3837053  30.5964689  25.7990141  35.6039652  12.4503859
[136]  32.2365645  42.5083820  14.8881420  49.8946044  48.0226462  45.8472475  29.2442548  42.9537447          NA
[145]  43.8478480          NA          NA   4.9982581  24.0646619   1.0192584  12.2439013  45.4108314  19.1682095
[154]          NA  25.6526911          NA  36.5211226  39.6094763  33.5766054  40.8319708          NA          NA
[163]  41.4940058  29.5792940  42.1729370  43.9596047  45.0434600          NA  36.9441357  33.8550403   9.8213762
[172]  12.7631493   0.7997221  17.3072066  13.4070847  33.2540951  39.8028311  38.2689522  37.6409908          NA
[181]          NA          NA   4.5814653  27.6725994          NA          NA  28.3294235  19.2580606  24.0480961
[190]  24.1092321          NA  33.1606908  16.8922909   7.2436360  21.3611034  21.6533445          NA  20.1859315
[199]  28.3234199  29.3202810          NA   3.9753568  23.4650965  22.1286188          NA          NA   5.4411006
[208]   0.4614123  21.6933538  40.3321351  19.1282931          NA   3.2704625          NA  41.8810061  31.1160983
[217]  22.7974940          NA          NA   8.7888436  24.8319675   9.0717556          NA   2.8433300  20.2174175
[226]  14.7415771          NA          NA          NA  22.4146053          NA   1.3930251   4.7459665  11.3898443
[235]  32.7056125  22.8587702          NA  40.1970668  30.7554663          NA          NA  21.7744764  17.4170283
[244]  16.6862000          NA   4.8382381          NA          NA  14.9656644          NA  25.7919351          NA
[253]  31.9473380  12.3401409  29.8293013          NA          NA          NA          NA          NA  20.6306045
[262]  18.9130384  13.0008568          NA          NA          NA          NA          NA  33.5378495   1.3738586
[271]  10.7929087          NA  37.2823831  23.5261979  32.5975411          NA  10.7719272          NA          NA
[280]  16.2341071  12.5938055          NA  24.9750957  27.5821234  14.9310363  15.1826175  11.4838709          NA
[289]  17.3599349   0.3047715   4.8541176          NA  20.3644251          NA          NA          NA          NA
[298]   9.3765415          NA          NA          NA          NA  18.7995293          NA          NA          NA
[307]  34.8829714          NA  16.9363845  14.7499149  29.3946080   9.6082072  14.6432670          NA   3.3922766
[316]          NA          NA  19.5993170          NA  29.7713477   2.5470641  33.6643961  16.2668452  33.1382458
[325]  25.5743073  21.8863533  19.3788283   3.9943550  11.5720918  29.5287797          NA          NA          NA
[334]          NA  13.8161192  25.4263211          NA   0.3127986          NA  13.8875274  19.8340849  22.0099992
[343]  11.7619648          NA   5.4070143   2.1250703  19.5428645   0.2364762   2.8822291  11.6063793          NA
[352]   0.2885176   4.0880230  23.2819546  29.7053569          NA  10.9937147  15.5056600  20.8995363  23.6869967
[361]  21.8155335          NA   6.1750505  29.0937964   8.4315510          NA   1.7454598          NA   4.6092393
[370]          NA  18.5668697  21.3922646          NA   7.4130664   5.5122244  27.0092882  12.4480116  18.5334609
[379]          NA          NA  19.7005229          NA   5.9921668  15.1123721          NA          NA   9.3092683
[388]   9.5164363          NA          NA  22.7537992  21.6594687   7.5809427  23.3531558          NA  24.1840869
[397]          NA  28.5902763  26.1384457  12.5109689   4.8539803          NA   8.8050651  16.7834423  17.2419280
[406]  16.3695071          NA  24.3711067  24.3536678  16.3546874   4.2910082  19.5142650          NA  11.5233038
[415]  29.6550309  10.1230569   7.7413767  14.4206028   9.6400889   7.3196385          NA   2.9205865          NA
[424]  21.3982829  23.1910730          NA   3.6641445  19.7741184   2.7954291  13.9255189          NA          NA
[433]          NA          NA  14.8412148          NA   1.6125794   0.2146953          NA          NA  15.6238539
[442]          NA          NA          NA          NA          NA          NA   7.7689497  18.7594405          NA
[451]   0.7080618          NA          NA          NA  13.8771477          NA          NA   7.1349382   8.4368062
[460]          NA  26.5801659   3.8617746          NA          NA          NA          NA   3.8740589   2.1259068
[469]          NA          NA  23.1671204  20.9737489  13.7555355   7.7009681          NA          NA          NA
[478]          NA          NA  20.4179428  15.9757801   5.8045472          NA  15.3816428   9.5860033          NA
[487]          NA          NA          NA  17.2131105          NA  12.2722050          NA          NA  19.7439292
[496]   4.8279828  14.0583951          NA          NA          NA  12.3570132   8.2454215  13.2301467  21.3648930
[505]  15.4644953          NA          NA  13.5570241          NA          NA   5.2975343          NA  19.4327441
[514]          NA  13.5122770   1.4895277  17.2527763   1.5094746   5.5080542  21.5149649   2.7532258   1.3756572
[523]          NA  18.3357945          NA          NA   3.1578382  12.0695672  10.2960993  10.0488875   2.6036823
[532]          NA   2.2795208          NA          NA  16.9344116          NA   6.9083004   7.9418291   7.6813432
[541]          NA  14.5992238   0.4746995          NA   1.3644289          NA  19.1035227          NA   8.5193682
[550]   5.1832933          NA          NA   1.1578527          NA   6.0386570   9.2871743   4.7541620  10.3405851
[559]          NA  12.9964843          NA          NA   4.5720213          NA          NA   6.7780119          NA
[568]          NA          NA   5.3904657          NA          NA          NA   9.8385540   1.5258007          NA
[577]  10.1778880   4.1220176          NA   8.6488243          NA          NA  10.3776046          NA          NA
[586]          NA          NA          NA          NA          NA          NA          NA          NA          NA
[595]          NA          NA          NA          NA          NA   9.1924474          NA          NA          NA
[604]  10.0153202          NA          NA  11.0232488          NA   0.4545414          NA          NA          NA
[613]          NA          NA  11.4790736          NA          NA  15.4172301          NA          NA          NA
[622]          NA          NA          NA          NA          NA          NA          NA          NA          NA
[631]   9.1690926          NA          NA          NA          NA          NA          NA          NA   9.0259211
[640]          NA          NA          NA          NA   8.7634360          NA          NA   8.8564311          NA
[649]          NA   3.2967022   5.8555454   7.1057589          NA          NA          NA   9.4256324          NA
[658]          NA          NA   8.7007223   9.1468613          NA          NA   6.7369444          NA          NA
[667]   1.3520179   4.4068958          NA          NA          NA          NA          NA          NA          NA
[676]  10.6849074          NA          NA          NA          NA   1.2567232          NA  12.6621297   4.1293671
[685]   1.9098827          NA          NA          NA          NA  13.1262695          NA   3.2744392          NA
[694]   3.3259403   0.7323501   8.1998711          NA          NA  13.7415909          NA          NA          NA
[703]   1.6820292          NA          NA   7.7381739          NA          NA          NA          NA   9.2793577
[712]          NA          NA          NA          NA          NA          NA          NA   1.5891272   3.1310393
[721]   6.3815219          NA   5.4321281          NA          NA          NA   1.2992927          NA          NA
[730]          NA          NA          NA          NA          NA   4.5866699          NA          NA  11.2398761
[739]          NA   5.6632831          NA          NA          NA          NA          NA          NA          NA
[748]   7.9339162          NA   2.1696574          NA          NA          NA          NA          NA          NA
[757]          NA   5.6833674          NA          NA   3.8845838          NA          NA          NA          NA
[766]          NA          NA          NA          NA          NA          NA   4.5608324   2.5963929          NA
[775]          NA          NA          NA          NA          NA          NA          NA          NA          NA
[784]          NA          NA          NA          NA   2.8537582          NA          NA          NA          NA
[793]          NA          NA          NA          NA   5.9844993          NA          NA          NA          NA
[802]          NA          NA          NA          NA          NA          NA          NA          NA          NA
[811]          NA          NA          NA          NA          NA          NA          NA          NA          NA
[820]          NA          NA          NA          NA          NA          NA          NA          NA          NA
[829]          NA          NA   0.1432710          NA          NA          NA          NA          NA          NA
[838]          NA          NA          NA   2.2722521          NA          NA          NA          NA          NA
[847]          NA          NA          NA          NA          NA          NA          NA          NA          NA
[856]          NA          NA          NA   3.4870532          NA          NA          NA          NA          NA
[865]          NA          NA          NA          NA          NA          NA          NA          NA          NA
[874]          NA          NA          NA          NA          NA          NA          NA          NA          NA
[883]          NA   4.2234919          NA          NA          NA          NA          NA          NA          NA
[892]          NA          NA   0.0603884          NA          NA          NA          NA          NA          NA
[901]          NA          NA   0.9951078          NA          NA          NA          NA          NA          NA
[910]          NA          NA          NA          NA          NA          NA          NA          NA          NA
[919]          NA          NA          NA   0.3333252          NA          NA   1.4557525          NA          NA
[928]          NA          NA          NA          NA          NA          NA          NA          NA          NA
[937]          NA          NA          NA          NA          NA          NA          NA          NA          NA
[946]          NA          NA          NA          NA          NA          NA          NA          NA          NA

$TS
  [1] 1.110841e+02 1.021712e+02 9.834000e+01 9.603051e+01 9.425769e+01 8.364783e+01 8.006220e+01 9.476594e+01
  [9] 8.869796e+01 7.815437e+01 7.715542e+01 7.609479e+01 9.447876e+01 9.414699e+01 9.405680e+01 9.217880e+01
 [17] 8.549844e+01 8.830536e+01 8.211439e+01 9.220659e+01 8.085748e+01 7.392715e+01 6.586505e+01 6.264455e+01
 [25] 9.072793e+01 8.389756e+01 7.600597e+01 7.142042e+01 7.939861e+01 7.341651e+01 6.996549e+01 8.479779e+01
 [33] 8.304404e+01 7.682974e+01 7.186717e+01 8.156676e+01 6.373265e+01 7.785477e+01 5.858198e+01 5.299137e+01
 [41] 7.750271e+01 7.598183e+01 5.892934e+01 7.028485e+01 5.851927e+01 4.897279e+01 4.415519e+01 4.358161e+01
 [49] 3.270816e+01 7.150656e+01 7.535280e+01 4.295570e+01 6.625439e+01 6.397061e+01 6.607061e+01 7.100798e+01
 [57] 6.872608e+01 5.772206e+01 5.760888e+01 5.891352e+01 5.449447e+01 4.837945e+01 4.555722e+01 4.248774e+01
 [65] 3.226787e+01 3.054905e+01 6.900361e+01 6.537050e+01 5.718898e+01 5.472511e+01 5.337938e+01 5.212633e+01
 [73] 4.608176e+01 4.327858e+01 3.800276e+01 5.042982e+01 4.841783e+01 4.389564e+01 4.217240e+01 6.684576e+01
 [81] 6.219336e+01 4.914026e+01 3.369905e+01 6.625178e+01 6.170791e+01 5.593063e+01 5.390813e+01 5.786917e+01
 [89] 5.622877e+01 6.268991e+01 6.134775e+01 6.155814e+01 5.665284e+01 5.085297e+01 5.078665e+01 5.434855e+01
 [97] 5.377480e+01 5.057407e+01 4.097009e+01 5.551259e+01 5.190840e+01 4.414557e+01 4.914917e+01 4.317935e+01
[105] 4.276931e+01 2.520898e+01 2.515124e+01 5.227773e+01 4.152818e+01 5.434274e+01 5.271348e+01 5.146564e+01
[113] 4.338537e+01 3.722234e+01 3.151705e+01 3.749577e+01 3.116036e+01 2.418813e+01 1.560486e+01 1.452797e+01
[121] 7.600085e+00 3.203397e+00 3.369636e-02 5.317216e+01 4.545471e+01 5.201569e+01 4.927798e+01 4.738868e+01
[129] 3.904018e+01 4.456205e+01 5.042242e+01 4.018141e+01 3.184643e+01 4.695424e+01 4.805945e+01 4.280343e+01
[137] 4.977564e+01 4.929138e+01 5.048581e+01 5.000541e+01 4.875766e+01 4.072009e+01 4.977606e+01 3.838706e+01
[145] 4.974090e+01 4.387157e+01 4.872674e+01 4.494645e+01 3.526100e+01 3.167338e+01 2.248394e+01 4.749133e+01
[153] 3.674922e+01 3.191936e+01 3.174951e+01 2.912732e+01 3.783159e+01 4.858051e+01 4.801362e+01 4.766171e+01
[161] 2.665260e+01 2.112571e+01 4.701719e+01 4.390272e+01 4.393314e+01 4.823294e+01 4.794257e+01 4.560743e+01
[169] 4.736841e+01 4.525960e+01 3.437302e+01 2.763337e+01 4.259231e+01 4.106044e+01 3.925878e+01 4.312457e+01
[177] 4.064389e+01 4.036199e+01 4.164517e+01 3.683412e+01 3.212718e+01 3.085829e+01 1.419092e+01 3.253241e+01
[185] 3.038761e+01 2.770451e+01 4.008473e+01 3.839648e+01 3.239425e+01 3.401199e+01 6.898581e+00 3.835965e+01
[193] 3.753248e+01 3.217705e+01 2.320502e+01 2.940307e+01 2.483467e+01 4.229191e+01 3.998514e+01 3.143033e+01
[201] 4.001889e+01 4.184818e+01 3.866843e+01 3.692397e+01 2.131453e+01 1.829702e+01 1.702167e+01 9.641163e+00
[209] 3.958970e+01 4.227607e+01 4.301039e+01 3.665676e+01 3.067094e+01 2.541664e+01 4.211826e+01 4.060702e+01
[217] 3.477294e+01 2.870634e+01 2.627563e+01 3.975843e+01 3.694965e+01 3.590546e+01 3.298926e+01 2.380423e+01
[225] 2.155375e+01 1.798810e+01 1.037810e+01 4.138301e+01 3.984456e+01 3.865116e+01 3.785275e+01 1.695752e+01
[233] 1.111349e+01 3.904833e+01 3.731680e+01 2.441260e+01 4.143006e+01 4.091058e+01 3.280806e+01 1.385203e+01
[241] 3.301586e+00 3.102516e+01 2.834692e+01 1.874745e+01 1.714742e+01 1.707523e+01 1.620126e+01 2.544986e+00
[249] 3.909395e+01 3.830968e+01 4.007182e+01 3.774872e+01 3.276451e+01 3.813387e+01 3.641841e+01 3.070005e+01
[257] 2.731179e+01 2.547041e+01 4.891121e+00 3.185509e+00 2.968794e+01 2.405915e+01 2.129176e+01 1.907849e+01
[265] 1.557967e+01 8.876027e+00 3.444233e+00 9.945813e-01 3.445434e+01 3.187271e+01 2.203303e+01 1.618795e+01
[273] 3.732906e+01 3.215323e+01 3.883246e+01 3.813159e+01 2.977789e+01 2.595719e+01 2.583726e+01 3.008296e+01
[281] 3.056248e+01 2.008622e+01 3.766567e+01 3.399403e+01 2.541571e+01 3.129037e+01 2.922256e+01 3.559494e+01
[289] 3.187962e+01 1.251597e+01 7.201930e+00 7.074441e+00 3.797790e+01 3.646801e+01 2.181472e+01 3.224100e-01
[297] 2.554017e+01 2.035130e+01 1.581962e+01 1.357491e+01 1.273846e+01 3.544987e+01 3.074046e+01 1.843689e+01
[305] 1.776491e+01 2.683135e+00 3.648136e+01 3.609465e+01 3.160107e+01 3.726479e+01 3.358369e+01 1.280055e+01
[313] 2.573990e+01 2.023885e+00 3.619726e+01 3.096268e+01 2.390844e+01 3.026126e+01 2.137751e+01 3.010401e+01
[321] 2.936889e+01 3.617295e+01 3.493791e+01 3.559309e+01 3.533287e+01 3.348769e+01 2.380536e+01 2.347876e+01
[329] 1.919385e+01 3.052877e+01 2.127658e+01 1.093494e+01 4.207293e+00 2.797682e-01 3.093825e+01 2.852237e+01
[337] 2.539439e+01 6.646373e+00 6.585413e+00 1.666864e+01 2.739953e+01 2.479096e+01 1.238382e+01 1.145005e+01
[345] 1.143930e+01 3.504013e+01 3.030093e+01 1.010867e+01 3.976933e+00 1.613157e+01 1.223155e+01 8.297726e+00
[353] 2.662352e+01 3.486493e+01 3.106191e+01 9.944016e+00 2.351181e+01 2.832232e+01 2.565380e+01 3.349418e+01
[361] 2.400966e+01 3.312313e+01 3.244065e+01 3.160385e+01 1.501561e+01 1.089812e+01 3.944103e+00 2.277120e-03
[369] 3.281432e+01 3.032009e+01 2.602616e+01 2.543372e+01 1.224810e+01 1.050610e+01 8.036819e+00 2.707222e+01
[377] 2.514645e+01 2.496471e+01 4.754448e+00 3.000120e+01 2.651237e+01 1.776846e+01 1.103077e+01 2.895414e+01
[385] 2.447346e+01 3.001713e+01 1.571627e+01 1.770330e+01 7.870435e+00 2.483994e+01 2.792485e+01 2.752192e+01
[393] 9.194407e+00 2.980286e+01 2.762407e+01 2.632483e+01 1.961261e+01 3.167814e+01 2.629221e+01 1.290122e+01
[401] 9.587112e+00 7.770132e+00 2.701192e+01 2.425374e+01 2.343606e+01 2.007141e+01 1.534902e+01 2.687532e+01
[409] 2.553537e+01 2.454590e+01 1.229738e+01 2.573859e+01 2.193626e+01 1.579799e+01 2.988359e+01 2.986117e+01
[417] 2.995845e+01 3.083005e+01 1.471802e+01 2.542185e+01 1.481654e+01 1.055644e+01 3.011382e+01 2.621275e+01
[425] 2.520506e+01 1.853356e+01 2.635349e+01 2.756173e+01 2.072816e+01 1.452768e+01 1.155417e+00 1.114261e+01
[433] 7.907858e+00 1.948739e+01 2.849197e+01 2.445499e+01 2.033706e+01 1.274725e+01 6.440107e+00 1.727813e+01
[441] 1.720645e+01 1.569105e+01 6.272182e+00 4.960719e+00 3.009305e+00 5.897185e-01 4.907788e-01 1.785374e+01
[449] 2.968910e+01 2.882390e+01 1.082993e+01 9.253433e+00 2.011962e+00 1.714594e+00 1.605248e+01 1.530193e+01
[457] 1.152996e+01 1.059729e+01 2.433402e+01 2.435425e+01 2.659904e+01 2.636255e+01 2.208011e+01 1.257842e+01
[465] 1.966976e+01 3.489504e+00 1.670981e+01 1.121493e+01 8.408947e+00 2.427763e+01 2.384218e+01 2.173260e+01
[473] 2.580790e+01 1.743397e+01 1.692002e+01 1.735684e+01 1.962877e+01 9.013709e+00 1.529815e+00 2.165506e+01
[481] 2.602051e+01 2.331682e+01 1.623860e+01 1.582268e+01 1.527105e+01 7.461350e+00 2.121912e+00 8.753741e-01
[489] 1.351057e+01 2.463069e+01 5.802110e+00 1.657353e+01 9.220112e+00 6.669167e+00 2.123015e+01 1.566985e+01
[497] 2.135601e+01 1.765724e+01 1.203341e+01 2.171768e+00 2.548413e+01 1.959606e+01 2.478416e+01 2.376351e+01
[505] 1.637684e+01 1.004289e+01 1.127942e+00 2.497469e+01 1.491296e+01 1.474957e+01 1.320053e+01 2.515983e+01
[513] 2.349373e+01 1.960230e+01 1.844482e+01 1.744324e+01 2.537133e+01 1.310980e+01 1.036707e+01 2.337382e+01
[521] 1.081767e+01 7.777738e+00 1.966175e+01 2.185044e+01 1.873020e+01 1.011889e+00 1.623517e+01 2.182912e+01
[529] 1.354629e+01 1.288632e+01 2.334357e+01 2.083011e+01 9.059785e+00 5.700637e+00 2.516273e-01 2.150231e+01
[537] 1.430797e+01 2.157913e+01 1.026912e+01 7.996161e+00 2.045543e+01 1.991231e+01 9.679934e+00 7.981151e+00
[545] 5.289908e+00 2.136449e+00 2.311490e+01 5.504156e+00 1.310769e+01 1.246952e+01 1.000767e+01 9.171825e+00
[553] 1.254369e+01 1.126236e+01 1.410999e+01 2.163481e+01 1.916280e+01 1.183532e+01 7.005273e+00 1.374568e+01
[561] 6.029478e+00 1.999830e+01 9.841895e+00 3.683858e+00 5.569489e-01 2.053601e+01 1.936227e+01 1.790779e+01
[569] 1.386354e+01 2.003634e+01 1.995630e+01 1.675801e+01 4.353944e+00 2.024000e+01 1.673814e+01 1.265832e+01
[577] 1.209015e+01 9.617677e+00 1.860373e+01 1.781025e+01 1.231807e+01 1.355058e+01 1.457887e+01 1.384165e+01
[585] 6.963093e+00 1.667114e+01 1.229857e+01 4.794617e+00 6.093609e+00 6.024518e+00 4.615684e-01 1.638759e+01
[593] 1.633947e+01 1.008814e+01 1.540146e+01 9.008976e+00 8.280772e+00 7.560223e+00 1.296457e+00 1.259822e+01
[601] 1.089890e+01 4.346837e+00 1.160051e+01 1.866248e+01 9.476180e+00 7.646696e+00 1.245032e+01 8.108774e+00
[609] 6.752415e+00 1.222977e+00 1.054196e+01 8.370712e+00 1.536325e+01 1.468679e+01 1.292654e+01 8.856277e+00
[617] 9.947400e+00 1.788409e+01 1.289679e+01 7.445179e+00 5.281977e+00 6.557929e-01 1.706372e+01 1.621962e+01
[625] 1.614412e+01 1.762359e+00 9.860232e+00 3.099790e+00 1.026969e+01 2.933052e+00 1.675568e+01 1.372636e+01
[633] 1.354478e+00 1.318737e+01 1.436728e+01 1.068250e+01 2.775617e+00 1.753066e+01 1.558776e+01 1.258774e+01
[641] 8.196414e+00 9.254754e+00 2.895079e+00 1.157309e+01 4.697826e+00 1.366623e+01 1.199966e+01 6.762380e+00
[649] 1.581487e+01 1.085165e+01 1.028463e+01 7.230791e+00 9.278494e+00 9.019983e+00 7.176946e-01 1.353808e+01
[657] 9.186698e+00 1.416227e+01 2.054333e+00 1.504782e+01 1.426959e+01 1.256107e+01 4.576260e+00 7.761749e+00
[665] 2.982551e+00 9.794517e+00 1.136847e+01 8.253194e+00 8.110179e+00 6.569979e+00 1.359181e+01 1.615744e+01
[673] 7.589147e-01 9.225351e+00 8.470830e+00 1.372222e+01 2.536961e-01 6.588316e+00 6.567816e+00 4.872671e+00
[681] 2.500666e+00 1.433399e+01 1.445509e+01 1.269032e+01 1.514946e+01 7.586960e+00 3.547322e+00 2.559084e+00
[689] 2.530226e+00 1.564209e+01 1.309750e+01 7.462648e+00 1.314202e+01 6.037015e+00 9.964161e-01 1.141960e+01
[697] 9.837818e+00 7.421454e+00 1.489121e+01 1.266563e+01 1.482858e+00 3.804410e+00 1.327838e+01 1.131524e+01
[705] 4.436607e+00 1.469251e+01 1.231120e+01 8.558743e+00 5.681263e+00 3.998186e+00 1.372593e+01 6.667613e+00
[713] 4.503062e+00 7.619860e+00 7.406443e-03 5.021514e-01 4.260961e-01 8.188272e+00 5.457102e+00 7.640314e+00
[721] 1.349146e+01 1.054797e+01 1.171112e+01 8.430652e+00 4.749240e+00 1.302732e+01 7.433232e+00 8.307370e+00
[729] 8.343856e+00 5.826376e-01 8.858246e+00 5.949855e+00 3.234695e+00 2.450388e+00 1.025459e+01 3.471536e+00
[737] 4.015845e+00 1.275775e+01 1.351593e+00 1.156173e+01 4.516579e+00 2.725448e+00 6.394952e+00 3.128498e+00
[745] 1.121529e+00 9.501804e+00 7.236076e+00 9.247612e+00 7.982529e+00 4.389161e+00 3.650950e+00 1.257389e+01
[753] 5.135065e+00 1.735854e+00 1.193758e+01 1.308716e+00 2.190750e+00 6.581122e+00 1.136377e+00 6.259599e-01
[761] 4.849806e+00 6.966643e+00 6.400387e+00 7.418358e+00 9.216510e+00 7.845182e+00 3.387461e+00 6.207570e+00
[769] 8.872231e+00 7.845608e+00 9.174585e+00 4.809840e+00 3.875617e+00 3.443758e+00 5.150369e+00 1.077017e+01
[777] 1.090570e+00 3.273490e-01 3.283261e-01 9.894282e+00 4.171372e+00 2.882114e+00 1.344405e+00 1.358066e+00
[785] 6.164308e+00 7.137257e+00 6.084615e+00 3.674903e+00 8.713281e+00 1.285959e+00 6.627851e+00 5.648561e+00
[793] 4.442457e+00 8.708366e+00 5.956942e+00 5.796080e+00 9.111820e+00 6.725785e+00 1.294452e+00 6.951492e+00
[801] 1.203539e+00 7.447949e+00 1.329494e+00 9.246014e+00 4.454916e+00 3.433290e+00 1.924902e+00 4.559736e+00
[809] 3.664964e+00 2.184384e+00 6.986162e+00 9.990349e-02 5.704073e+00 3.608200e+00 1.589618e+00 1.184364e+00
[817] 3.102819e+00 5.708863e+00 4.271090e+00 5.553683e-02 2.170605e+00 8.311605e+00 7.245262e+00 7.594746e-01
[825] 1.883494e+00 7.620842e+00 5.620257e+00 7.775567e+00 3.263973e+00 1.444800e+00 7.809990e+00 5.002590e+00
[833] 2.421251e+00 2.866403e-01 4.253900e+00 2.481596e+00 6.103110e+00 1.118080e+00 7.036544e+00 6.442715e+00
[841] 4.854102e+00 2.733734e+00 7.021681e+00 2.497851e+00 5.692148e-01 6.014289e+00 7.618700e+00 6.476663e+00
[849] 6.391483e+00 3.741813e+00 2.471225e+00 1.566305e+00 7.479283e+00 2.569608e-01 1.939195e+00 5.711792e-01
[857] 1.187526e-01 3.297148e+00 4.553253e+00 2.254531e+00 5.152021e-01 4.960068e-01 3.823581e+00 5.515281e-01
[865] 7.178258e+00 5.305745e+00 3.935667e+00 3.642797e+00 2.749773e+00 6.415319e+00 4.577848e+00 2.563166e+00
[873] 5.691770e+00 1.076160e+00 1.078447e+00 5.176056e+00 5.089479e+00 2.451860e+00 6.095922e+00 3.742868e+00
[881] 1.891625e+00 3.048883e-03 3.771697e+00 5.263833e+00 3.037976e+00 5.899856e+00 1.575540e+00 4.410729e+00
[889] 3.995416e+00 4.412450e+00 5.456428e+00 4.491733e+00 2.839879e+00 2.021248e+00 3.865937e+00 2.443531e+00
[897] 6.040860e-01 5.689095e+00 2.904685e+00 1.683836e+00 2.113449e+00 4.019845e+00 1.142217e+00 9.404227e-01
[905] 1.929783e+00 3.668854e+00 1.290992e+00 4.635971e+00 4.221657e+00 3.027768e+00 2.804712e+00 3.199639e+00
[913] 1.261159e+00 3.074794e+00 8.766997e-02 8.406579e-01 3.826748e+00 1.787309e+00 3.665961e+00 8.778453e-01
[921] 5.597613e-01 3.467801e+00 3.108850e+00 1.610580e+00 2.361791e+00 2.059362e+00 2.509315e-01 3.215920e+00
[929] 2.456692e+00 8.200399e-01 1.350133e+00 1.433565e+00 5.057897e-01 2.477613e+00 9.026281e-01 2.337830e+00
[937] 1.274527e+00 2.438766e+00 1.931144e+00 2.195806e-01 5.605092e-01 1.581230e+00 1.150221e+00 8.413770e-03
[945] 2.517788e-01 8.483266e-01 1.661872e+00 1.248399e-01 6.568716e-01 1.329537e+00 7.293213e-01 1.034556e+00
[953] 1.327706e-01 3.951952e-03

$PAR
  [1]  NA   1   1   3   3   3   3   4   4   4   4   4   8   8   8   5   5  14  14  15  20  20  20  20  16  16  16  16
 [29]   9   9   9  17  17  32  32  26  36  29  29  29  10  41  41  11  11  11  11  11  11  34  12  12  27  27  22  30
 [57]  30  35  50  28  28  28  28  28  28  28  44  44  31  31  31  31  31  31  31  67  67  67  67  57  80  80  80  53
 [85]  23  23  23  68  68  37  24  81  85  85  85  60  60  60  60  45  88  93  89  89  89  89  89  70  70  61  96  96
[113]  96  96  96 110 110 110 110 110 110 110 110  87  87  97  97  97  97  71 124 124 124  40 111 108  95  95  98  98
[141]  76  76 131 131 143 137 145 145 138 138 138 127  82  82  82  82  46 147 147 147 147 147 158 158  77  62  62  62
[169] 166 166 135 135 160 160 169 163 134 134 168 168 168 168 168  63  63  63 125 125 125 148 148 130 130 130 130 102
[197] 102 165 164 164  78 146 146 146 146 146 146 146  48  74 104 104 104 104 176 176 176 211 211 136 136 136 105 173
[225] 173 173 173  64  64  64  64  64  64 198 198 198 210 202 202 237 237 228 228 228 228 228 228 228  99 178 132 132
[253] 251 201 201 201 201 201 201 201 199 229 229 229 229 229 229 229 220 220 220 220 209 209 175 175 249 249 249 234
[281] 129 129 203 203 203 230 230 188 144 144 144 144 250 250 250 250 254 254 254 254 254 276 276 276 276 276 293 293
[309] 293 231 231 231 252 252 193 193 193 310 310 114 114 221 221 204 204 180 180 180 153 212 212 212 212 212 294 294
[337] 294 294 294 315 308 308 308 222 222 288 288 288 288 302 302 302 325 346 346 346 323 217 217 171 171 190 190  83
[365]  83  83  83  83 360 360 326 326 362 362 362 223 223 223 223  49  49 363 363 189 189  65  65 194 194 181 154 154
[393] 154 289 289 289 289 270 270 270 270 270 155 150 150 150 150 309 309 309 115 286 286 286 117 117 355 242 316 335
[421] 182 182 418 418 418 418 303 256 256 256 256 213 213  66 185 185 185 185 185 370 370 370 370 370 370 370 370 280
[449] 386 386 386 386 386 386 417 417 417 417 416 394 449 449 321 287 156 156 450 450 450 218 218 218 435 435 435 186
[477] 395 395 395 428 403 161 161 161 161 161 161 161 353 381 462 427 427 427 219 219 481 278 278 279 412 412 297 297
[505] 297 297 297 501 501 501 501 214 214 214 214 214 285 337 106 512 512 512 377 508 378 390 197 410 385 385 436 436
[533] 436 436 460 459 459 470 470 118 262 317 317 317 317 317 224 224 357 328 328 328 531 482 151 463 463 463 463 413
[561] 413 524 295 295 295 480 556 556 556 538 497 205 205 263 331 331 331 162 532 532 532 566 541 541 541 298 437 437
[589] 282 282 282 570 570 570 562 562 562 562 562 571 465 465 523 477 477 477 397 397 397 397 514 502 567 567 567 567
[617] 557 264 264 264 264 264 525 525 525 525 426 426 304 206 226 568 568 448 580 580 382 388 388 638 638 516 516 476
[645] 476 440 440 440 441 246 246 246 623 623 623 207 207 232 232 475 475 475 475 572 575 467 586 586 586 592 593 483
[673] 483 527 527 624 624 272 272 272 272 672 625 350 299 299 299 299 299 387 496 119 265 265 265 595 595 595 407 407
[701] 407 456 485 685 685 660 509 509 509 509 510 510 510 614 614 120 635 682 537 183 658 658 584 584 584 711 646 300
[729] 582 582 703 703 703 703 511 693 518 549 691 726 619 619 438 438 438 684 684 700 700 700 700 576 576 640 464 464
[757] 662 290 290 290 707 587 411 373 351 351 351 499 647 723 603 457 457 554 468 332 601 601 366 650 451 451 451 636
[785] 422 611 611 227 519 348 594 506 506 551 551 551 780 780 780 666 208 401 746 452 452 493 657 771 771 771 654 478
[813] 596 596 769 769 616 789 794 794 708 469 729 822 352 597 668 669 669 669 375 749 749 749 544 544 770 766 831 831
[841] 831 831 402 402 402 606 720 826 714 714 714 714 847 121 598 598 598 853 692 486 486 620 727 823 652 786 292 843
[869] 843 559 762 800 191 609 798 494 712 670 840 840 763 763 743 443 443 768 785 694 590 846 886 886 886 796 818 813
[897] 813 873 873 873 709 827 548 548 876 775 775 753 753 877 877 444 725 645 805 793 890 888 333 781 737 889 889 895
[925] 883 814 736 922 922 767 733 928 122 885 910 869 742 929 929 936 546 487 453 939 905 807 754 947 479 701 931 599
[953] 913 431

$EXTANT
  [1] FALSE FALSE FALSE FALSE FALSE FALSE FALSE FALSE FALSE FALSE FALSE FALSE FALSE FALSE FALSE FALSE FALSE FALSE FALSE
 [20] FALSE FALSE FALSE FALSE FALSE FALSE FALSE FALSE FALSE FALSE FALSE FALSE FALSE FALSE FALSE FALSE FALSE FALSE FALSE
 [39] FALSE FALSE FALSE FALSE FALSE FALSE FALSE FALSE FALSE FALSE FALSE FALSE FALSE FALSE FALSE FALSE FALSE FALSE FALSE
 [58] FALSE FALSE  TRUE FALSE FALSE FALSE  TRUE FALSE  TRUE FALSE FALSE FALSE FALSE FALSE FALSE FALSE FALSE FALSE FALSE
 [77] FALSE FALSE FALSE FALSE FALSE FALSE  TRUE FALSE FALSE FALSE FALSE FALSE FALSE FALSE FALSE FALSE FALSE FALSE FALSE
 [96] FALSE FALSE FALSE FALSE FALSE FALSE  TRUE FALSE FALSE FALSE FALSE FALSE FALSE FALSE  TRUE FALSE FALSE FALSE FALSE
[115]  TRUE FALSE FALSE  TRUE FALSE  TRUE  TRUE  TRUE  TRUE FALSE FALSE FALSE FALSE FALSE FALSE FALSE FALSE FALSE FALSE
[134] FALSE FALSE FALSE FALSE FALSE FALSE FALSE FALSE FALSE FALSE  TRUE FALSE  TRUE  TRUE FALSE FALSE FALSE FALSE FALSE
[153] FALSE  TRUE FALSE  TRUE FALSE FALSE FALSE FALSE  TRUE  TRUE FALSE FALSE FALSE FALSE FALSE  TRUE FALSE FALSE FALSE
[172] FALSE FALSE FALSE FALSE FALSE FALSE FALSE FALSE  TRUE  TRUE  TRUE FALSE FALSE  TRUE  TRUE FALSE FALSE FALSE FALSE
[191]  TRUE FALSE FALSE FALSE FALSE FALSE  TRUE FALSE FALSE FALSE  TRUE FALSE FALSE FALSE  TRUE  TRUE FALSE FALSE FALSE
[210] FALSE FALSE  TRUE FALSE  TRUE FALSE FALSE FALSE  TRUE  TRUE FALSE FALSE FALSE  TRUE FALSE FALSE FALSE  TRUE  TRUE
[229]  TRUE FALSE  TRUE FALSE FALSE FALSE FALSE FALSE  TRUE FALSE FALSE  TRUE  TRUE FALSE FALSE FALSE  TRUE FALSE  TRUE
[248]  TRUE FALSE  TRUE FALSE  TRUE FALSE FALSE FALSE  TRUE  TRUE  TRUE  TRUE  TRUE FALSE FALSE FALSE  TRUE  TRUE  TRUE
[267]  TRUE  TRUE FALSE FALSE FALSE  TRUE FALSE FALSE FALSE  TRUE FALSE  TRUE  TRUE FALSE FALSE  TRUE FALSE FALSE FALSE
[286] FALSE FALSE  TRUE FALSE FALSE FALSE  TRUE FALSE  TRUE  TRUE  TRUE  TRUE FALSE  TRUE  TRUE  TRUE  TRUE FALSE  TRUE
[305]  TRUE  TRUE FALSE  TRUE FALSE FALSE FALSE FALSE FALSE  TRUE FALSE  TRUE  TRUE FALSE  TRUE FALSE FALSE FALSE FALSE
[324] FALSE FALSE FALSE FALSE FALSE FALSE FALSE  TRUE  TRUE  TRUE  TRUE FALSE FALSE  TRUE FALSE  TRUE FALSE FALSE FALSE
[343] FALSE  TRUE FALSE FALSE FALSE FALSE FALSE FALSE  TRUE FALSE FALSE FALSE FALSE  TRUE FALSE FALSE FALSE FALSE FALSE
[362]  TRUE FALSE FALSE FALSE  TRUE FALSE  TRUE FALSE  TRUE FALSE FALSE  TRUE FALSE FALSE FALSE FALSE FALSE  TRUE  TRUE
[381] FALSE  TRUE FALSE FALSE  TRUE  TRUE FALSE FALSE  TRUE  TRUE FALSE FALSE FALSE FALSE  TRUE FALSE  TRUE FALSE FALSE
[400] FALSE FALSE  TRUE FALSE FALSE FALSE FALSE  TRUE FALSE FALSE FALSE FALSE FALSE  TRUE FALSE FALSE FALSE FALSE FALSE
[419] FALSE FALSE  TRUE FALSE  TRUE FALSE FALSE  TRUE FALSE FALSE FALSE FALSE  TRUE  TRUE  TRUE  TRUE FALSE  TRUE FALSE
[438] FALSE  TRUE  TRUE FALSE  TRUE  TRUE  TRUE  TRUE  TRUE  TRUE FALSE FALSE  TRUE FALSE  TRUE  TRUE  TRUE FALSE  TRUE
[457]  TRUE FALSE FALSE  TRUE FALSE FALSE  TRUE  TRUE  TRUE  TRUE FALSE FALSE  TRUE  TRUE FALSE FALSE FALSE FALSE  TRUE
[476]  TRUE  TRUE  TRUE  TRUE FALSE FALSE FALSE  TRUE FALSE FALSE  TRUE  TRUE  TRUE  TRUE FALSE  TRUE FALSE  TRUE  TRUE
[495] FALSE FALSE FALSE  TRUE  TRUE  TRUE FALSE FALSE FALSE FALSE FALSE  TRUE  TRUE FALSE  TRUE  TRUE FALSE  TRUE FALSE
[514]  TRUE FALSE FALSE FALSE FALSE FALSE FALSE FALSE FALSE  TRUE FALSE  TRUE  TRUE FALSE FALSE FALSE FALSE FALSE  TRUE
[533] FALSE  TRUE  TRUE FALSE  TRUE FALSE FALSE FALSE  TRUE FALSE FALSE  TRUE FALSE  TRUE FALSE  TRUE FALSE FALSE  TRUE
[552]  TRUE FALSE  TRUE FALSE FALSE FALSE FALSE  TRUE FALSE  TRUE  TRUE FALSE  TRUE  TRUE FALSE  TRUE  TRUE  TRUE FALSE
[571]  TRUE  TRUE  TRUE FALSE FALSE  TRUE FALSE FALSE  TRUE FALSE  TRUE  TRUE FALSE  TRUE  TRUE  TRUE  TRUE  TRUE  TRUE
[590]  TRUE  TRUE  TRUE  TRUE  TRUE  TRUE  TRUE  TRUE  TRUE  TRUE FALSE  TRUE  TRUE  TRUE FALSE  TRUE  TRUE FALSE  TRUE
[609] FALSE  TRUE  TRUE  TRUE  TRUE  TRUE FALSE  TRUE  TRUE FALSE  TRUE  TRUE  TRUE  TRUE  TRUE  TRUE  TRUE  TRUE  TRUE
[628]  TRUE  TRUE  TRUE FALSE  TRUE  TRUE  TRUE  TRUE  TRUE  TRUE  TRUE FALSE  TRUE  TRUE  TRUE  TRUE FALSE  TRUE  TRUE
[647] FALSE  TRUE  TRUE FALSE FALSE FALSE  TRUE  TRUE  TRUE FALSE  TRUE  TRUE  TRUE FALSE FALSE  TRUE  TRUE FALSE  TRUE
[666]  TRUE FALSE FALSE  TRUE  TRUE  TRUE  TRUE  TRUE  TRUE  TRUE FALSE  TRUE  TRUE  TRUE  TRUE FALSE  TRUE FALSE FALSE
[685] FALSE  TRUE  TRUE  TRUE  TRUE FALSE  TRUE FALSE  TRUE FALSE FALSE FALSE  TRUE  TRUE FALSE  TRUE  TRUE  TRUE FALSE
[704]  TRUE  TRUE FALSE  TRUE  TRUE  TRUE  TRUE FALSE  TRUE  TRUE  TRUE  TRUE  TRUE  TRUE  TRUE FALSE FALSE FALSE  TRUE
[723] FALSE  TRUE  TRUE  TRUE FALSE  TRUE  TRUE  TRUE  TRUE  TRUE  TRUE  TRUE FALSE  TRUE  TRUE FALSE  TRUE FALSE  TRUE
[742]  TRUE  TRUE  TRUE  TRUE  TRUE  TRUE FALSE  TRUE FALSE  TRUE  TRUE  TRUE  TRUE  TRUE  TRUE  TRUE FALSE  TRUE  TRUE
[761] FALSE  TRUE  TRUE  TRUE  TRUE  TRUE  TRUE  TRUE  TRUE  TRUE  TRUE FALSE FALSE  TRUE  TRUE  TRUE  TRUE  TRUE  TRUE
[780]  TRUE  TRUE  TRUE  TRUE  TRUE  TRUE  TRUE  TRUE FALSE  TRUE  TRUE  TRUE  TRUE  TRUE  TRUE  TRUE  TRUE FALSE  TRUE
[799]  TRUE  TRUE  TRUE  TRUE  TRUE  TRUE  TRUE  TRUE  TRUE  TRUE  TRUE  TRUE  TRUE  TRUE  TRUE  TRUE  TRUE  TRUE  TRUE
[818]  TRUE  TRUE  TRUE  TRUE  TRUE  TRUE  TRUE  TRUE  TRUE  TRUE  TRUE  TRUE  TRUE FALSE  TRUE  TRUE  TRUE  TRUE  TRUE
[837]  TRUE  TRUE  TRUE  TRUE FALSE  TRUE  TRUE  TRUE  TRUE  TRUE  TRUE  TRUE  TRUE  TRUE  TRUE  TRUE  TRUE  TRUE  TRUE
[856]  TRUE  TRUE  TRUE FALSE  TRUE  TRUE  TRUE  TRUE  TRUE  TRUE  TRUE  TRUE  TRUE  TRUE  TRUE  TRUE  TRUE  TRUE  TRUE
[875]  TRUE  TRUE  TRUE  TRUE  TRUE  TRUE  TRUE  TRUE  TRUE FALSE  TRUE  TRUE  TRUE  TRUE  TRUE  TRUE  TRUE  TRUE  TRUE
[894] FALSE  TRUE  TRUE  TRUE  TRUE  TRUE  TRUE  TRUE  TRUE FALSE  TRUE  TRUE  TRUE  TRUE  TRUE  TRUE  TRUE  TRUE  TRUE
[913]  TRUE  TRUE  TRUE  TRUE  TRUE  TRUE  TRUE  TRUE  TRUE FALSE  TRUE  TRUE FALSE  TRUE  TRUE  TRUE  TRUE  TRUE  TRUE
[932]  TRUE  TRUE  TRUE  TRUE  TRUE  TRUE  TRUE  TRUE  TRUE  TRUE  TRUE  TRUE  TRUE  TRUE  TRUE  TRUE  TRUE  TRUE  TRUE
[951]  TRUE  TRUE  TRUE  TRUE

