
Birth-death simulation object with 851 species and 500 extant species

Details for some species:

Extinction times (NA means extant)
[1] 75.68763 96.20321 92.10415 78.11396 82.85596 22.76526


Speciation times 
[1] 120.79276 107.31619  93.73896  90.56757  90.47329 101.50875


Species parents (NA for initial)
[1] NA  1  1  1  1  2


Species status (extinct or extant)
[1] "extinct" "extinct" "extinct" "extinct" "extinct" "extinct"


For more details on vector y, try sim$y, with y one of
TE TS PAR EXTANT



$TE
  [1] 75.68763200 96.20320868 92.10414722 78.11395714 82.85595845 22.76525820 76.50961291 93.23181467 44.79240835
 [10] 34.13514503 45.59262021 29.81754469  4.31671069 89.81691726 78.19386658 93.90387356 60.29384799 74.18009019
 [19] 58.07019180 59.46154997 85.44050162 82.76806844 81.39010074 67.87844803 80.95293039 66.16987808 68.47649599
 [28] 63.58787821 41.30160289 34.74519199          NA 85.46493670 81.56970267 73.15920800 69.63839909 57.01645410
 [37] 43.68775919 32.70562344 78.51523848 69.90939736 26.49185189 58.06590269 61.07992886 43.90398239          NA
 [46] 53.23026183 10.93155030 46.37041955 33.48195409 60.22227240 27.21187980 40.30118398 44.53931424 54.79060977
 [55] 25.99904003 43.73211063 24.40498465 53.23915365 18.82787047          NA 31.05387211 15.16314838 45.66116085
 [64] 16.83491850 45.66883030          NA 12.93773801  0.44693132 10.00813305          NA          NA          NA
 [73] 55.08807141 37.52294783  3.25986465          NA 25.46582433 32.03138010 36.30829393 24.01294595 12.28231659
 [82]          NA 28.11880627 26.80777584 24.79561299 35.66699070 39.38932938          NA 19.73164240          NA
 [91] 35.40561643 31.10339156          NA 43.19442284 43.81656460 27.81261339 24.29548869          NA  7.05333592
[100] 19.53515664 43.72456624 17.48064378 20.58829345 35.69867494 36.83546987 21.73957864 19.34207230 46.39984699
[109] 40.61021709 42.18289965 27.71458966 36.67778729 12.31068087 26.77122842          NA 25.51281496 31.43095512
[118] 32.96551548          NA 34.80685245 47.13474223 37.84218337 34.81291230          NA          NA          NA
[127]  6.43388030 24.54385780  7.66062096  8.70539955 16.35933206 34.28875137 23.58202794 26.84115109          NA
[136]  8.28006360 11.68450202  4.04690357          NA          NA          NA 42.26042219 37.59626959          NA
[145] 35.95225394          NA 17.69254174          NA  1.21663609 36.18439977 34.29727489 31.79399145 30.55893223
[154]  1.92272191 11.67381768  2.12807944 34.89821338          NA 15.85164099 10.90539128 23.81079722  4.24288274
[163] 28.29023251 29.25472745 27.28948393          NA          NA 19.05461274  4.24318138 23.75378785 37.00869503
[172] 22.15682346 36.25311261 20.17257695 16.92306181 25.37621850          NA          NA  6.15695793 10.29756860
[181] 26.35144532 25.30769579 15.11021591 36.31276699  9.73897493 35.67862430 34.34906077 24.74479170          NA
[190]  3.68998594          NA          NA          NA          NA          NA 24.66880596 17.41759105  4.23107892
[199]  6.69395897  5.26405541          NA          NA 24.90838187  3.74824217          NA          NA  1.32370171
[208]          NA          NA          NA 14.29346101          NA 12.23406919          NA 23.44098959          NA
[217] 10.32929776 21.34861275          NA          NA          NA  3.99291880 12.38592273          NA  5.35889154
[226]          NA 12.59934074          NA          NA 10.59604383  7.04335102 13.31481901 25.69863799 18.34121043
[235] 24.45661507  9.04379534          NA 19.80587503          NA          NA 33.12803653          NA          NA
[244]  2.85670819          NA  6.30405531 22.55880044 13.27739712 16.05702012          NA  1.65172330  2.68457419
[253]          NA          NA          NA 10.67957226 22.75541707  9.50699536          NA          NA  8.78554924
[262] 24.41508225 27.50685358 24.19700162          NA 13.31261091          NA          NA 24.06238743          NA
[271]  8.49695512 19.72687892 17.89881500          NA 19.13483963 22.79744641          NA 18.78348306 23.26118442
[280]          NA 11.66614363          NA  7.51466042          NA 26.20348176          NA          NA          NA
[289]          NA          NA          NA          NA  0.06416454  3.59873087  8.88857478  9.25418745          NA
[298]          NA  6.68828858 10.18859805  6.22819061 17.66382720 24.47095886          NA          NA 10.81228770
[307]          NA          NA          NA          NA 21.72771980          NA          NA          NA 19.11565341
[316] 13.13843518  7.15428472          NA          NA  1.13643558          NA  0.28812210          NA  1.02715478
[325]          NA          NA          NA          NA          NA          NA  1.60006110          NA          NA
[334]          NA 20.71704765  1.45345953          NA          NA          NA 13.06415192  3.83236751  9.24686758
[343] 11.98843134          NA 11.78397560          NA          NA  5.39675263 11.82775825          NA          NA
[352]          NA          NA  4.45115838          NA          NA          NA          NA          NA          NA
[361]          NA          NA          NA          NA 19.74943879          NA  4.56266827  7.67046125  8.56203897
[370]          NA          NA  2.16814564  1.41992417 11.90474216          NA          NA          NA          NA
[379]          NA          NA  8.11429506 14.78143429          NA 10.12255798  2.61229256          NA          NA
[388]          NA  0.37805659          NA          NA  8.99843333  6.53022419          NA  0.08960042 12.48326575
[397]  0.57868032          NA          NA 12.11936112  5.79967991          NA  3.63732839  0.77086744  9.69859658
[406]          NA  3.69807336          NA  5.16579231          NA          NA  3.12898647          NA          NA
[415]  9.92371897          NA          NA 20.87575631          NA  8.80696045          NA          NA          NA
[424]          NA          NA          NA          NA 18.73291851 12.94099155 12.84495035  2.18803237 10.95894256
[433]          NA          NA          NA          NA  3.75984750  9.35663725  9.55503044          NA          NA
[442]  5.00841303  6.74314528          NA          NA  8.61470458 16.40872725          NA          NA          NA
[451] 14.91264984          NA 10.50722129          NA  7.03500946  7.90043458          NA          NA          NA
[460]          NA          NA          NA          NA          NA          NA          NA          NA          NA
[469]          NA          NA          NA          NA          NA          NA  1.19786576          NA          NA
[478]          NA          NA          NA          NA          NA          NA          NA          NA  9.04601165
[487]  3.63433862          NA  4.90063139          NA          NA  3.22829965          NA          NA          NA
[496]  1.55009914          NA          NA          NA  4.89894537  4.79122333          NA          NA          NA
[505]  3.71492838 12.29698666          NA          NA          NA          NA  4.06637611          NA          NA
[514]  1.07890494          NA          NA          NA 11.95782587 13.40871400          NA          NA 13.17145177
[523]  3.61876085          NA          NA  2.10465247          NA          NA  7.50729063          NA          NA
[532]          NA          NA          NA          NA          NA          NA          NA  7.17359913          NA
[541]          NA          NA          NA          NA          NA          NA          NA          NA          NA
[550]          NA          NA  9.00014696          NA          NA  8.70400477          NA          NA          NA
[559]          NA          NA  3.60506455 12.97784294  5.11868107          NA          NA  4.81452643          NA
[568]          NA          NA          NA          NA          NA          NA          NA          NA  8.96421040
[577]  3.79393449          NA  5.13879933          NA          NA          NA          NA  0.30777186          NA
[586]          NA  7.10575050          NA          NA          NA          NA          NA  9.16100436  3.88395878
[595]          NA  4.41384219  7.50461656          NA 10.21761973          NA          NA          NA          NA
[604]          NA  5.98589630          NA          NA          NA          NA          NA  7.05332676          NA
[613]          NA          NA  4.41374889  0.48090559          NA          NA          NA          NA          NA
[622]          NA          NA          NA          NA          NA          NA          NA          NA          NA
[631]          NA          NA  7.96260056          NA          NA          NA          NA          NA          NA
[640]          NA          NA          NA  4.37344320          NA          NA          NA          NA          NA
[649]          NA  1.78640583          NA          NA          NA          NA  9.75234931          NA          NA
[658]          NA          NA          NA          NA          NA          NA  3.06488144          NA          NA
[667]  8.06032935          NA          NA          NA          NA          NA  3.65491671          NA  2.43779446
[676]          NA  5.93561885          NA          NA          NA          NA          NA          NA          NA
[685]          NA          NA          NA          NA  4.63423789          NA          NA  2.24695004          NA
[694]          NA          NA          NA          NA          NA          NA          NA          NA          NA
[703]          NA          NA          NA          NA          NA          NA          NA          NA          NA
[712]  1.00805001          NA          NA  8.03326496          NA          NA          NA          NA          NA
[721]          NA          NA          NA          NA          NA          NA          NA          NA          NA
[730]  1.85107457          NA          NA          NA          NA          NA          NA          NA          NA
[739]  5.77591769          NA          NA          NA  0.40806210          NA  4.06818627  2.68787494          NA
[748]          NA          NA          NA  6.40544281          NA          NA          NA          NA  2.62494242
[757]  6.95229146          NA  3.82065810          NA          NA          NA          NA          NA          NA
[766]          NA          NA          NA          NA          NA          NA          NA          NA          NA
[775]          NA          NA          NA          NA  2.85708118          NA          NA          NA          NA
[784]          NA          NA          NA          NA          NA          NA          NA          NA          NA
[793]  4.19992577          NA          NA          NA  0.34047034          NA          NA          NA          NA
[802]          NA  0.64318855          NA          NA  0.69326416          NA          NA          NA  0.64464225
[811]          NA          NA          NA          NA          NA          NA  1.46773537          NA          NA
[820]          NA          NA          NA          NA          NA          NA          NA          NA          NA
[829]          NA          NA          NA          NA          NA          NA          NA          NA          NA
[838]          NA          NA          NA          NA          NA          NA          NA          NA          NA
[847]          NA          NA          NA          NA          NA

$TS
  [1] 1.207928e+02 1.073162e+02 9.373896e+01 9.056757e+01 9.047329e+01 1.015088e+02 1.011268e+02 9.606080e+01
  [9] 5.127561e+01 5.038404e+01 4.900254e+01 4.079383e+01 3.785190e+01 9.994442e+01 9.818931e+01 9.575179e+01
 [17] 9.580066e+01 9.500580e+01 7.935818e+01 9.448727e+01 9.148059e+01 9.021380e+01 8.482195e+01 8.275503e+01
 [25] 8.208374e+01 7.877999e+01 8.302217e+01 6.568322e+01 6.304916e+01 6.057639e+01 6.048137e+01 8.667199e+01
 [33] 8.508491e+01 7.796305e+01 7.659753e+01 7.270764e+01 6.713938e+01 6.255759e+01 7.857635e+01 7.348894e+01
 [41] 7.049490e+01 6.620959e+01 6.567979e+01 4.834759e+01 3.734486e+01 6.648481e+01 5.196522e+01 5.049440e+01
 [49] 4.870994e+01 6.261982e+01 5.672891e+01 6.472509e+01 6.369653e+01 6.267562e+01 5.919287e+01 4.550035e+01
 [57] 5.619927e+01 6.051689e+01 5.430929e+01 4.627561e+01 4.050215e+01 5.586318e+01 5.409681e+01 5.164675e+01
 [65] 4.604705e+01 2.281018e+01 1.709326e+01 1.360179e+01 1.126001e+01 9.863305e+00 4.162802e+00 8.109138e-01
 [73] 5.678586e+01 4.664288e+01 3.809614e+01 3.657011e+01 5.458976e+01 4.095922e+01 5.196366e+01 3.219401e+01
 [81] 4.043675e+01 2.448099e+01 3.088822e+01 4.970704e+01 4.278355e+01 4.191648e+01 4.108452e+01 3.774810e+01
 [89] 2.562896e+01 2.234979e+01 5.021623e+01 5.173770e+01 4.774487e+01 4.700421e+01 4.469769e+01 3.868936e+01
 [97] 2.481797e+01 2.247054e+01 1.887516e+01 5.032399e+01 4.710270e+01 4.753394e+01 4.191156e+01 4.121388e+01
[105] 4.738216e+01 3.600763e+01 2.978403e+01 4.832411e+01 5.021697e+01 4.548540e+01 3.982861e+01 4.949002e+01
[113] 4.213474e+01 3.558840e+01 2.654963e+01 4.924540e+01 4.897522e+01 4.344630e+01 4.419442e+01 4.923101e+01
[121] 4.739105e+01 4.705549e+01 3.796481e+01 3.666746e+01 3.401689e+01 3.318646e+01 3.824345e+01 3.974368e+01
[129] 2.618630e+01 2.444143e+01 1.939921e+01 4.591616e+01 4.541706e+01 3.163507e+01 4.723357e+01 3.873314e+01
[137] 4.387201e+01 3.712543e+01 7.847428e+00 3.858080e+00 3.450034e+00 4.309858e+01 3.999610e+01 3.875681e+01
[145] 3.887588e+01 2.835165e+01 1.775251e+01 1.224735e+01 4.301424e+01 4.296775e+01 3.501019e+01 3.885465e+01
[153] 3.550801e+01 1.862654e+01 1.641307e+01 5.996684e+00 4.293542e+01 3.820494e+01 3.446098e+01 4.236429e+01
[161] 2.455235e+01 9.632968e+00 4.079212e+01 3.592208e+01 3.321835e+01 3.187625e+01 3.764330e+01 4.086395e+01
[169] 2.536033e+01 3.954472e+01 3.987034e+01 3.982260e+01 3.938032e+01 2.629956e+01 2.031929e+01 2.833648e+01
[177] 2.433732e+01 1.935835e+01 1.435806e+01 1.232886e+01 3.751205e+01 3.620070e+01 3.585305e+01 3.805494e+01
[185] 3.715214e+01 3.844351e+01 3.633092e+01 3.334550e+01 2.755027e+01 2.289138e+01 1.331671e+01 4.902522e+00
[193] 2.760493e+01 3.491263e+01 3.315908e+01 3.196706e+01 1.956648e+01 8.639231e+00 7.399011e+00 2.733665e+01
[201] 1.733483e+01 1.378860e+01 2.495865e+01 7.809232e+00 5.893449e+00 3.048897e+01 2.869526e+01 3.495258e+01
[209] 1.411587e+01 2.862944e+01 2.151932e+01 2.065012e+01 1.253981e+01 1.899178e+00 3.276079e+01 3.219875e+01
[217] 2.735191e+01 3.359563e+01 2.402208e+01 1.736547e+01 1.452153e+01 5.440767e+00 2.332442e+01 2.910201e+01
[225] 2.560411e+01 5.762892e+00 3.370750e+01 2.469218e+01 2.268819e+01 2.749482e+01 2.660782e+01 2.369283e+01
[233] 3.295335e+01 2.804246e+01 2.672885e+01 2.636806e+01 3.343531e+01 2.144494e+01 1.806560e+01 2.371118e+00
[241] 3.488921e+01 3.183284e+01 2.098834e+01 5.687846e+00 4.009931e+00 3.378448e+01 2.261671e+01 1.775626e+01
[249] 1.774709e+01 1.712832e+01 5.539017e+00 2.318727e+01 1.760209e+01 1.142414e+01 3.347829e+01 3.304045e+01
[257] 2.546408e+01 1.520512e+01 1.370866e+01 2.122876e+01 1.285619e+01 3.296307e+01 2.840567e+01 2.839918e+01
[265] 2.301946e+01 1.831353e+01 1.026236e+01 3.236442e+00 2.945350e+01 2.338698e+01 2.771061e+01 2.488548e+01
[273] 2.572885e+01 3.000523e+01 2.501819e+01 2.445320e+01 2.407576e+01 2.048425e+01 2.546405e+01 2.839455e+01
[281] 2.493001e+01 2.486619e+01 2.592901e+01 2.245117e+01 3.156835e+01 2.767802e+01 2.136384e+01 1.531315e+01
[289] 1.514295e+01 1.438977e+01 4.153283e+00 3.014481e+01 2.876530e+01 2.756274e+01 2.991914e+01 1.495858e+01
[297] 1.189218e+01 1.275416e+01 2.226351e+01 1.231957e+01 7.706763e+00 2.908944e+01 2.884677e+01 1.966566e+01
[305] 1.911425e+01 2.048283e+01 1.875942e+01 1.075023e+01 9.005495e+00 2.142070e+01 2.864527e+01 2.807816e+01
[313] 2.462183e+01 1.067790e+01 2.159106e+01 1.888135e+01 1.214425e+01 7.831242e+00 2.613447e+00 2.618586e+01
[321] 1.420414e+01 5.696920e+00 4.088859e+00 2.265220e+00 9.335450e-01 2.740482e+01 1.920651e+01 2.479730e+01
[329] 1.498826e+01 1.026679e+01 5.639014e+00 3.918646e+00 3.440733e+00 2.423559e+01 2.109034e+01 1.526614e+01
[337] 5.033011e-01 2.294540e+01 8.044747e+00 2.585233e+01 2.104315e+01 1.981325e+01 1.740021e+01 1.361114e+01
[345] 1.315515e+01 4.696912e+00 4.450939e+00 2.246234e+01 1.440626e+01 1.391758e+01 7.451978e+00 2.136531e+01
[353] 1.533529e+01 1.493365e+01 2.638792e+01 1.154276e+01 1.107244e+01 9.540406e+00 9.172082e+00 2.579871e+01
[361] 1.776218e+01 1.604184e+01 1.073794e+01 2.573002e+01 2.314482e+01 1.516142e+01 7.878753e+00 1.905920e+01
[369] 1.362598e+01 1.188427e+01 1.093806e+01 2.951454e+00 1.830149e+01 1.430631e+01 1.975299e+01 1.577794e+01
[377] 8.092120e+00 7.837425e+00 1.557454e+00 1.095760e+01 2.222991e+01 1.778970e+01 2.512773e-01 2.305138e+01
[385] 2.123334e+01 2.417608e+01 1.311275e+01 7.041130e+00 5.575371e+00 2.435041e+01 2.400230e+01 1.953355e+01
[393] 1.228133e+01 1.222390e+01 2.101126e+00 1.324671e+01 3.074750e+00 2.717279e+00 2.350693e+01 1.519225e+01
[401] 7.958192e+00 5.335723e+00 2.302200e+01 2.286935e+01 2.232621e+01 1.207045e+01 9.343026e+00 1.138613e+01
[409] 5.870721e+00 4.635276e+00 3.287673e-01 1.923025e+01 1.718121e+01 4.467766e+00 2.006653e+01 1.032923e+01
[417] 2.564424e+00 2.226224e+01 1.217219e+01 2.153968e+01 2.024904e+01 4.098874e+00 3.077459e+00 1.942682e+01
[425] 6.069501e-01 1.825702e+01 1.772265e+01 2.103916e+01 1.832935e+01 1.593980e+01 1.167494e+01 1.152947e+01
[433] 9.821860e+00 8.751314e+00 1.093312e+01 1.953792e+00 2.096564e+01 9.788576e+00 1.936080e+01 1.611771e+01
[441] 1.459839e+01 1.615635e+01 1.590848e+01 1.265875e+01 9.680829e+00 1.029956e+01 1.938149e+01 1.094780e+01
[449] 1.631961e+01 1.958335e+01 1.745565e+01 1.152079e+01 1.401215e+01 1.895848e+01 1.485263e+01 1.365937e+01
[457] 1.691640e+01 1.022409e+01 1.682990e+01 1.710421e+01 8.005059e+00 7.752264e+00 6.022042e+00 2.112746e+01
[465] 1.176902e+01 6.645667e+00 3.735421e+00 2.089494e+01 1.556202e+01 1.260894e+01 1.137821e+01 4.193426e-01
[473] 1.047092e+01 1.991498e+01 1.977761e+01 1.294013e+01 1.048291e+01 1.872449e+01 1.573714e+01 1.000163e+01
[481] 2.014751e+01 8.459634e+00 5.891113e+00 2.316409e+00 1.883224e+01 1.275605e+01 4.862269e+00 2.518582e+00
[489] 1.989640e+01 1.622640e+01 5.307289e+00 1.252692e+01 6.833020e+00 1.495241e+01 1.285442e+01 1.828849e+01
[497] 9.105471e+00 8.060244e+00 1.483972e+01 8.416932e+00 1.237952e+01 1.276789e+01 3.174538e+00 1.418537e+00
[505] 9.369802e+00 1.260332e+01 1.716217e+01 1.704974e+01 6.409651e+00 1.166934e+01 1.130347e+01 2.584609e+00
[513] 9.867291e+00 1.302111e+01 1.119259e+01 2.601154e+00 1.486518e+00 1.849599e+01 1.436097e+01 1.279265e+01
[521] 1.166799e+01 1.801241e+01 1.588723e+01 1.388704e+01 7.441907e+00 9.679612e+00 1.600211e+00 1.054559e-01
[529] 1.629638e+01 2.396641e+00 8.506409e+00 2.010511e+00 1.026892e+01 1.538339e+00 1.512522e+01 1.068034e+01
[537] 6.029975e-01 1.463131e+01 1.412871e+01 1.185029e+01 1.191218e+01 1.160350e+01 2.642946e+00 1.425388e+01
[545] 1.948177e+00 8.037757e-04 8.137070e+00 7.014496e+00 3.603393e+00 3.745904e-01 1.342395e+01 1.432074e+01
[553] 1.084312e+01 1.046988e+00 1.031869e+01 1.176192e+01 8.352678e+00 6.253154e+00 1.390863e+01 1.000975e+01
[561] 8.979662e+00 1.435905e+01 9.817074e+00 6.314383e+00 2.110838e-01 1.127475e+01 1.330577e+01 1.033755e+01
[569] 8.242373e+00 8.669332e-01 1.286885e+01 1.116081e+01 5.449786e+00 2.133696e-01 4.944469e+00 9.060387e+00
[577] 5.492023e+00 2.009358e+00 7.013172e+00 4.346604e+00 3.695791e+00 3.127111e+00 9.820746e+00 8.300157e+00
[585] 8.286448e+00 7.934216e+00 1.191129e+01 8.187424e+00 8.454826e+00 8.233237e+00 6.636782e+00 1.231937e+01
[593] 1.309888e+01 1.192692e+01 7.600940e+00 1.019750e+01 1.054488e+01 9.482431e+00 1.064280e+01 8.948515e+00
[601] 5.409749e+00 2.697301e+00 1.090789e+00 1.055173e+01 1.262110e+01 1.447762e+00 7.987746e+00 7.811215e+00
[609] 8.318834e+00 1.020606e+01 1.197434e+01 6.695428e+00 4.060979e+00 1.507023e+00 9.334105e+00 5.503226e+00
[617] 1.242350e+01 1.044347e+01 1.574041e+00 9.994571e+00 9.366986e+00 2.550851e+00 1.545503e-01 3.233872e+00
[625] 1.013842e+01 1.044066e+01 5.115364e+00 2.851698e+00 4.518755e+00 2.705684e+00 4.231740e+00 1.114325e+01
[633] 9.093486e+00 1.188616e+01 6.760110e+00 1.209891e+01 4.260173e+00 6.294869e+00 9.682895e+00 7.814339e+00
[641] 6.788964e+00 1.076067e+01 9.657820e+00 8.255741e+00 3.246165e-01 9.343102e+00 1.041127e+01 6.105932e+00
[649] 4.123096e+00 5.014636e+00 1.115375e+01 1.735695e+00 2.492091e+00 4.587898e+00 1.109198e+01 8.683621e-01
[657] 1.007959e+01 9.131674e+00 6.323663e+00 1.096365e+01 1.074892e+01 5.923188e-01 3.060682e+00 8.419676e+00
[665] 9.615707e+00 4.011286e-01 8.240809e+00 7.171620e+00 5.116728e+00 9.074789e+00 2.429529e+00 9.996491e+00
[673] 9.532145e+00 1.607265e+00 1.048423e+01 4.051311e+00 6.430246e+00 5.260634e+00 4.778771e+00 3.299553e+00
[681] 6.947942e+00 1.848981e+00 7.920494e+00 6.002613e+00 5.904397e+00 8.861780e+00 6.003990e+00 1.602680e+00
[689] 9.859364e+00 6.885163e+00 6.534145e+00 4.712219e+00 9.763234e+00 7.845026e+00 7.329622e+00 7.310548e+00
[697] 5.532100e+00 2.147355e+00 3.707123e+00 6.725400e+00 3.043022e+00 2.475423e+00 2.168322e+00 7.015308e+00
[705] 1.259055e+00 6.144754e+00 1.975696e+00 9.488537e+00 6.918223e+00 7.070243e+00 5.928876e+00 8.227969e+00
[713] 2.927086e+00 7.565256e-01 8.847508e+00 2.440025e+00 2.338383e+00 9.612068e-01 4.995534e+00 9.113497e+00
[721] 7.992575e+00 7.768990e+00 5.999656e+00 7.858262e+00 6.221929e+00 2.014995e+00 8.957994e+00 5.371907e+00
[729] 4.729788e+00 4.155445e+00 8.507612e+00 5.245951e+00 8.492293e+00 3.642718e+00 2.985326e+00 2.179841e+00
[737] 4.995129e+00 4.044536e+00 7.255262e+00 6.770024e+00 4.182400e+00 7.568466e+00 4.565908e+00 3.721561e+00
[745] 5.995473e+00 3.878573e+00 4.229483e+00 3.611236e+00 5.588341e+00 6.368299e+00 6.523357e+00 4.923290e+00
[753] 9.981790e-01 6.640127e+00 4.012920e+00 3.667487e+00 7.272773e+00 6.162245e+00 4.540360e+00 4.161129e+00
[761] 6.447673e+00 6.290607e+00 5.479187e+00 4.566333e+00 6.302810e+00 4.988784e+00 4.545584e+00 5.507696e+00
[769] 3.232284e+00 1.561718e+00 1.239053e-01 2.998541e+00 1.304201e+00 5.361617e+00 6.201274e+00 3.980006e+00
[777] 5.227061e+00 3.008150e+00 5.239084e+00 1.985611e-01 6.230541e+00 2.055726e+00 2.303283e+00 2.321037e+00
[785] 4.830175e+00 5.912111e+00 5.374123e+00 4.082429e+00 5.558370e+00 3.973457e+00 3.544574e+00 7.374177e-01
[793] 5.035601e+00 3.543782e+00 1.628037e+00 7.520829e-02 1.333682e+00 6.730098e-01 4.102671e-03 4.959544e+00
[801] 1.443890e+00 1.543229e+00 3.155710e+00 3.000904e+00 1.845684e+00 4.643586e+00 1.936176e+00 3.228506e+00
[809] 3.860908e+00 3.375050e+00 1.682801e+00 3.365831e+00 3.048406e+00 1.745060e+00 1.553514e+00 1.061986e+00
[817] 1.480912e+00 3.892831e+00 1.056169e+00 1.798299e+00 2.610432e+00 3.259916e+00 2.336989e+00 1.883890e+00
[825] 2.155989e+00 3.199513e+00 1.836057e+00 1.311936e+00 2.791884e+00 1.773023e+00 5.610249e-01 1.800509e+00
[833] 1.314802e-02 1.933808e+00 1.145725e-01 2.339747e+00 1.648203e+00 1.674615e+00 1.046776e+00 3.453418e-01
[841] 4.146106e-01 9.823418e-01 4.027488e-01 1.222085e+00 1.096041e+00 1.379906e+00 6.506151e-01 7.876511e-02
[849] 1.015636e+00 4.212073e-01 2.001842e-01

$PAR
  [1]  NA   1   1   1   1   2   6   6   6   6   6   6   6   7   7  14  15  15  15  17  17  17  17  17  17  17  18  20
 [29]  20  20  20  21   4  24  24  24  19  19  26  34  40  36  41  41  41  37  37  37  37  46  46  42  43  43  52  52
 [57]  53  29  29  29  38  58  31  31  31  31  31  31  31  31  31  31  55  55  55  55  51  51  57  57  62  62  77  59
 [85]  59  59  59  59  59  59  63  47  47  47  47  47  47  47  47  79  79  92  92  92  64  64  64  48  10  10  10 100
[113] 100 100 100 109  84  84 112 116 116 116 116 116 116 116 120  49  93  93  93 102 102 102 105 105 135 135 135 135
[141] 135 122 122 122  74  60  60  60 132 133 133 119 119 119 119 119 118 118 118 142 149 149 150  85  85 160 113 103
[169] 103 104  78 168 168 168 168  81  81  81  81  81 111 172 128 173 173 145 152 152 144 144 144 144 136  96  96 127
[197] 127 127 127 158 158 158  75  75  75  13  13  88  88 167 167 167 167 167 181 181 181  45  45  45  45  45 185 138
[225] 138 138  76  76  76 182 106 106 183 183 183 183 114 208 208 208 194 194 194 194 194 241 159 125 125 125 125 246
[253] 246 246 227 227 227 227 255 237 237 165 126 195 195 195 195 195 256 256 262 262 233 216 216 216 216 216  80 196
[281] 196 196 166 166 242 242 242 242 242 242 242 134 134 285  83 206 206 292 274 274 274 295 295 295 295 107 224 224
[309] 224 293 207 207 207 207 210 210 280 280 280 312 312 312 312 312 312 234 234 271 271 271 286 286 286 193 193 193
[337] 193 294 294 189 189 189 189 189 189 189 189 230 326 326 326 217 217 217 200 200 200 200 200 235 231 231 231 115
[365] 115 115 115 355 355 355 355 355 236 236 129 320 320 320 320 283 360 364 364 273  89 225 225 225 225 169 275 275
[393] 282 282 282 328 228 313  82  82  82  82 276 130 130 130 130 177 177 177 177 334 334 334 386 386 386 277 277 219
[421] 219 219 219 399 399 270 270 365 403 403 403 403 403 403 265 265 338 338 190 190 190 404 404 404 404  66 229 229
[449] 348 284 284 284 299 381 381 381 420 420 211 310 310 310 310 352 352 352 352 287 287 287 287 287 385 341 341 341
[477] 341 243 243 468 212 212 212 212 421 421 481 481 474 474 474 489 489 342 342 475 475 475 375 375 304 450 450 450
[505] 392 424 412 412 327 305 305 305 454 307 307 307 307 478 478 154 154 518 266 266 496 239 361 361 249 427 253 253
[533] 220 220 201 201 413 250 250 250 460 460 508 457 457 457 459 459 459 459 155 449 449 449 529 490 490 490 442 442
[561] 442 362 362 362 362 443 523 523 479 479 469 469 469 353 288 336 336 336 366 366 366 366 289 289 329 329 499 499
[589] 538 538 221 179 552 544 544 321 539 539 209 209 209 209 209 453 350 350 559 259 456 369 344  68  68  68 551 191
[617] 387 387 387 593 476 476 476 571 261 495 495 520 502 502 298 444 605 470 470 492 492 617 501 501 592 393 393 393
[645] 394 419 406 594 594 541 370 370 556 510 521 542 356 356 356 432 452 452 254 408 471 471 511 511 566 515 515 651
[673] 651 651 357 357 380 448 448 448 371 553 661 661 661 363 536 536 314 314 314 314 604 604 477 477 477 477 473 618
[701] 618 626 568 416 533 330 620  70  70 689 433 583 583 583 563 708 598 621 407 615 615 359 359 497 670 670 309 561
[729] 561 600 686 686 434 434 731 731 733 733 589 589 664 609 609 584 585 569 590 547 498 461 721 586 724 139 139 694
[757] 378 378 378 318 695 695 695 696 668 388 704 690 690 740 740 635 612 466 754 591 659 564 765 638 558 781 758 648
[785] 687 723 786 226 244 331 389 389 763 573 573 573 787 774 491 678 777 800 192 679 679 346 654 764 347 580 580 631
[813] 631 291 291 649 738 776 776 467 744 699 699 581 791 141 141 822 503 582 423 663 663 778 630 602 543 821 821 488
[841] 717 484 736 532 578 619 619 619 773 705 603

$EXTANT
  [1] FALSE FALSE FALSE FALSE FALSE FALSE FALSE FALSE FALSE FALSE FALSE FALSE FALSE FALSE FALSE FALSE FALSE FALSE FALSE
 [20] FALSE FALSE FALSE FALSE FALSE FALSE FALSE FALSE FALSE FALSE FALSE  TRUE FALSE FALSE FALSE FALSE FALSE FALSE FALSE
 [39] FALSE FALSE FALSE FALSE FALSE FALSE  TRUE FALSE FALSE FALSE FALSE FALSE FALSE FALSE FALSE FALSE FALSE FALSE FALSE
 [58] FALSE FALSE  TRUE FALSE FALSE FALSE FALSE FALSE  TRUE FALSE FALSE FALSE  TRUE  TRUE  TRUE FALSE FALSE FALSE  TRUE
 [77] FALSE FALSE FALSE FALSE FALSE  TRUE FALSE FALSE FALSE FALSE FALSE  TRUE FALSE  TRUE FALSE FALSE  TRUE FALSE FALSE
 [96] FALSE FALSE  TRUE FALSE FALSE FALSE FALSE FALSE FALSE FALSE FALSE FALSE FALSE FALSE FALSE FALSE FALSE FALSE FALSE
[115]  TRUE FALSE FALSE FALSE  TRUE FALSE FALSE FALSE FALSE  TRUE  TRUE  TRUE FALSE FALSE FALSE FALSE FALSE FALSE FALSE
[134] FALSE  TRUE FALSE FALSE FALSE  TRUE  TRUE  TRUE FALSE FALSE  TRUE FALSE  TRUE FALSE  TRUE FALSE FALSE FALSE FALSE
[153] FALSE FALSE FALSE FALSE FALSE  TRUE FALSE FALSE FALSE FALSE FALSE FALSE FALSE  TRUE  TRUE FALSE FALSE FALSE FALSE
[172] FALSE FALSE FALSE FALSE FALSE  TRUE  TRUE FALSE FALSE FALSE FALSE FALSE FALSE FALSE FALSE FALSE FALSE  TRUE FALSE
[191]  TRUE  TRUE  TRUE  TRUE  TRUE FALSE FALSE FALSE FALSE FALSE  TRUE  TRUE FALSE FALSE  TRUE  TRUE FALSE  TRUE  TRUE
[210]  TRUE FALSE  TRUE FALSE  TRUE FALSE  TRUE FALSE FALSE  TRUE  TRUE  TRUE FALSE FALSE  TRUE FALSE  TRUE FALSE  TRUE
[229]  TRUE FALSE FALSE FALSE FALSE FALSE FALSE FALSE  TRUE FALSE  TRUE  TRUE FALSE  TRUE  TRUE FALSE  TRUE FALSE FALSE
[248] FALSE FALSE  TRUE FALSE FALSE  TRUE  TRUE  TRUE FALSE FALSE FALSE  TRUE  TRUE FALSE FALSE FALSE FALSE  TRUE FALSE
[267]  TRUE  TRUE FALSE  TRUE FALSE FALSE FALSE  TRUE FALSE FALSE  TRUE FALSE FALSE  TRUE FALSE  TRUE FALSE  TRUE FALSE
[286]  TRUE  TRUE  TRUE  TRUE  TRUE  TRUE  TRUE FALSE FALSE FALSE FALSE  TRUE  TRUE FALSE FALSE FALSE FALSE FALSE  TRUE
[305]  TRUE FALSE  TRUE  TRUE  TRUE  TRUE FALSE  TRUE  TRUE  TRUE FALSE FALSE FALSE  TRUE  TRUE FALSE  TRUE FALSE  TRUE
[324] FALSE  TRUE  TRUE  TRUE  TRUE  TRUE  TRUE FALSE  TRUE  TRUE  TRUE FALSE FALSE  TRUE  TRUE  TRUE FALSE FALSE FALSE
[343] FALSE  TRUE FALSE  TRUE  TRUE FALSE FALSE  TRUE  TRUE  TRUE  TRUE FALSE  TRUE  TRUE  TRUE  TRUE  TRUE  TRUE  TRUE
[362]  TRUE  TRUE  TRUE FALSE  TRUE FALSE FALSE FALSE  TRUE  TRUE FALSE FALSE FALSE  TRUE  TRUE  TRUE  TRUE  TRUE  TRUE
[381] FALSE FALSE  TRUE FALSE FALSE  TRUE  TRUE  TRUE FALSE  TRUE  TRUE FALSE FALSE  TRUE FALSE FALSE FALSE  TRUE  TRUE
[400] FALSE FALSE  TRUE FALSE FALSE FALSE  TRUE FALSE  TRUE FALSE  TRUE  TRUE FALSE  TRUE  TRUE FALSE  TRUE  TRUE FALSE
[419]  TRUE FALSE  TRUE  TRUE  TRUE  TRUE  TRUE  TRUE  TRUE FALSE FALSE FALSE FALSE FALSE  TRUE  TRUE  TRUE  TRUE FALSE
[438] FALSE FALSE  TRUE  TRUE FALSE FALSE  TRUE  TRUE FALSE FALSE  TRUE  TRUE  TRUE FALSE  TRUE FALSE  TRUE FALSE FALSE
[457]  TRUE  TRUE  TRUE  TRUE  TRUE  TRUE  TRUE  TRUE  TRUE  TRUE  TRUE  TRUE  TRUE  TRUE  TRUE  TRUE  TRUE  TRUE FALSE
[476]  TRUE  TRUE  TRUE  TRUE  TRUE  TRUE  TRUE  TRUE  TRUE  TRUE FALSE FALSE  TRUE FALSE  TRUE  TRUE FALSE  TRUE  TRUE
[495]  TRUE FALSE  TRUE  TRUE  TRUE FALSE FALSE  TRUE  TRUE  TRUE FALSE FALSE  TRUE  TRUE  TRUE  TRUE FALSE  TRUE  TRUE
[514] FALSE  TRUE  TRUE  TRUE FALSE FALSE  TRUE  TRUE FALSE FALSE  TRUE  TRUE FALSE  TRUE  TRUE FALSE  TRUE  TRUE  TRUE
[533]  TRUE  TRUE  TRUE  TRUE  TRUE  TRUE FALSE  TRUE  TRUE  TRUE  TRUE  TRUE  TRUE  TRUE  TRUE  TRUE  TRUE  TRUE  TRUE
[552] FALSE  TRUE  TRUE FALSE  TRUE  TRUE  TRUE  TRUE  TRUE FALSE FALSE FALSE  TRUE  TRUE FALSE  TRUE  TRUE  TRUE  TRUE
[571]  TRUE  TRUE  TRUE  TRUE  TRUE FALSE FALSE  TRUE FALSE  TRUE  TRUE  TRUE  TRUE FALSE  TRUE  TRUE FALSE  TRUE  TRUE
[590]  TRUE  TRUE  TRUE FALSE FALSE  TRUE FALSE FALSE  TRUE FALSE  TRUE  TRUE  TRUE  TRUE  TRUE FALSE  TRUE  TRUE  TRUE
[609]  TRUE  TRUE FALSE  TRUE  TRUE  TRUE FALSE FALSE  TRUE  TRUE  TRUE  TRUE  TRUE  TRUE  TRUE  TRUE  TRUE  TRUE  TRUE
[628]  TRUE  TRUE  TRUE  TRUE  TRUE FALSE  TRUE  TRUE  TRUE  TRUE  TRUE  TRUE  TRUE  TRUE  TRUE FALSE  TRUE  TRUE  TRUE
[647]  TRUE  TRUE  TRUE FALSE  TRUE  TRUE  TRUE  TRUE FALSE  TRUE  TRUE  TRUE  TRUE  TRUE  TRUE  TRUE  TRUE FALSE  TRUE
[666]  TRUE FALSE  TRUE  TRUE  TRUE  TRUE  TRUE FALSE  TRUE FALSE  TRUE FALSE  TRUE  TRUE  TRUE  TRUE  TRUE  TRUE  TRUE
[685]  TRUE  TRUE  TRUE  TRUE FALSE  TRUE  TRUE FALSE  TRUE  TRUE  TRUE  TRUE  TRUE  TRUE  TRUE  TRUE  TRUE  TRUE  TRUE
[704]  TRUE  TRUE  TRUE  TRUE  TRUE  TRUE  TRUE  TRUE FALSE  TRUE  TRUE FALSE  TRUE  TRUE  TRUE  TRUE  TRUE  TRUE  TRUE
[723]  TRUE  TRUE  TRUE  TRUE  TRUE  TRUE  TRUE FALSE  TRUE  TRUE  TRUE  TRUE  TRUE  TRUE  TRUE  TRUE FALSE  TRUE  TRUE
[742]  TRUE FALSE  TRUE FALSE FALSE  TRUE  TRUE  TRUE  TRUE FALSE  TRUE  TRUE  TRUE  TRUE FALSE FALSE  TRUE FALSE  TRUE
[761]  TRUE  TRUE  TRUE  TRUE  TRUE  TRUE  TRUE  TRUE  TRUE  TRUE  TRUE  TRUE  TRUE  TRUE  TRUE  TRUE  TRUE  TRUE FALSE
[780]  TRUE  TRUE  TRUE  TRUE  TRUE  TRUE  TRUE  TRUE  TRUE  TRUE  TRUE  TRUE  TRUE FALSE  TRUE  TRUE  TRUE FALSE  TRUE
[799]  TRUE  TRUE  TRUE  TRUE FALSE  TRUE  TRUE FALSE  TRUE  TRUE  TRUE FALSE  TRUE  TRUE  TRUE  TRUE  TRUE  TRUE FALSE
[818]  TRUE  TRUE  TRUE  TRUE  TRUE  TRUE  TRUE  TRUE  TRUE  TRUE  TRUE  TRUE  TRUE  TRUE  TRUE  TRUE  TRUE  TRUE  TRUE
[837]  TRUE  TRUE  TRUE  TRUE  TRUE  TRUE  TRUE  TRUE  TRUE  TRUE  TRUE  TRUE  TRUE  TRUE  TRUE

