
Birth-death simulation object with 847 species and 500 extant species

Details for some species:

Extinction times (NA means extant)
[1] 106.53173  65.84961 108.38655  88.89241 104.86631  29.20342


Speciation times 
[1] 111.3851 111.0631 109.2331 106.1159 104.9962  68.4082


Species parents (NA for initial)
[1] NA  1  2  2  2  2


Species status (extinct or extant)
[1] "extinct" "extinct" "extinct" "extinct" "extinct" "extinct"


For more details on vector y, try sim$y, with y one of
TE TS PAR EXTANT



$TE
  [1] 106.53173367  65.84961145 108.38654536  88.89241296 104.86631048  29.20342286  81.15645727  15.09083816
  [9]  74.23704306  61.61933397  35.37389225   2.74522306           NA           NA  39.43176133  15.20631647
 [17]  10.62602615           NA  14.79108913  53.73979580  17.83786164  71.33986951  59.58387814  14.83294177
 [25]  31.69607538  38.61376858  31.16485191  43.47434673   8.53397664  22.55919932  35.55840417  43.12253913
 [33]  26.07351732  35.27058608  23.25465063  12.58550063  43.63462283  27.33358096   5.55007290  56.55561810
 [41]  40.10516895  42.59274940  15.89524010  29.58750514  17.53234511  37.80033686   5.11858751           NA
 [49]  33.71772054  56.81024590  10.58862245  42.13339067  11.73861194           NA           NA           NA
 [57]  26.56238234  24.19926230  10.16883294  33.83781663  19.28394599           NA   5.65991114           NA
 [65]  10.47370505           NA  36.23407562           NA  50.31191980  27.12304381  18.06108973  38.76864240
 [73]           NA  24.73272047  22.22409542   8.61009887   4.10695673           NA  35.66934378   1.21418140
 [81]  25.35262243  22.98516179  20.31802594  25.34405180  25.15636821  13.08234519           NA           NA
 [89]  24.15001413           NA           NA           NA  42.35768390  25.78912126   8.15774021           NA
 [97]           NA  35.51714274  20.78386949           NA           NA  21.12771561  41.60887233  36.83166092
[105]  14.05194233  21.70087187           NA  20.28749106  21.26692427   0.34258623   5.88076113   4.05301384
[113]  16.10019899  21.34553944  23.71929238           NA  19.97343252  17.11765862           NA  13.80212426
[121]           NA           NA  10.45672916  33.46452577  28.11883141   2.53158484  13.70118131           NA
[129]           NA           NA           NA           NA  37.23922550  33.13594778           NA   7.85535682
[137]   1.22786503           NA  39.70190993  22.83965647  30.55029359           NA  30.08853012  34.97802520
[145]   0.54558287  32.99415754   8.31622253   9.05852027  12.29697011           NA  27.88584610  12.92496437
[153]           NA   3.86380268  19.18927164  16.63064559  24.97836768  28.92468969  26.33846998           NA
[161]           NA  15.22220729  10.53026227           NA           NA   7.60553467           NA           NA
[169]   4.18861157           NA  21.38284850           NA           NA   8.21254744           NA           NA
[177]           NA           NA  16.56616944           NA  29.27578501           NA   9.26280917  11.10104402
[185]  11.94420774   8.22230431           NA           NA  33.90951313  18.03442422           NA   5.73655878
[193]           NA           NA           NA  11.69632110   5.57620571   0.57265260   3.50191277  25.25404753
[201]  22.40685948   4.04132026           NA           NA   8.29638537  19.07891202   6.02645382  10.40092895
[209]  16.18103176           NA  18.15207180           NA           NA           NA   9.07512734   7.94948344
[217]  22.60418105   8.98924387           NA           NA  15.03487827   7.32535025           NA           NA
[225]           NA           NA           NA           NA           NA   5.22555875           NA   4.74767839
[233]           NA  12.56710381           NA  14.29124685   6.61302533  25.65704137   7.95995193           NA
[241]   0.02485014           NA  26.98170983   5.57261871   3.12766330  13.02386225           NA           NA
[249]  12.13957000           NA           NA   3.91618658   2.35506114           NA           NA           NA
[257]           NA   5.41222598           NA           NA  11.20623159   5.79805860           NA           NA
[265]  15.84071722   4.88515174           NA           NA           NA           NA           NA   6.64772474
[273]  12.05621410           NA           NA           NA           NA   2.84582119  18.18055726   5.12899425
[281]  12.35060824   8.18672816           NA   2.72720907           NA           NA           NA   0.27289151
[289]           NA   3.37281791   9.87508260  13.80307643   0.28921995           NA   4.49037767           NA
[297]  15.50228677  18.18341483           NA  15.12336830   4.62303504  17.76862249  16.15193757           NA
[305]  11.28520060           NA           NA           NA           NA   6.58109449  12.54163240   6.21393910
[313]           NA           NA  10.88610746           NA  14.00792822           NA           NA           NA
[321]  23.27237207  15.45689781           NA  10.84945633   0.89107922           NA           NA           NA
[329]  16.15249878  20.99601866           NA           NA           NA           NA   5.76049279           NA
[337]           NA   7.55230062           NA           NA  18.28087270           NA           NA   7.37927931
[345]  14.76457804   3.51711284           NA           NA  15.61968573   3.47930877           NA   3.11697762
[353]           NA   3.31352969           NA           NA   6.24443340  20.07593216           NA           NA
[361]           NA   2.22364327           NA           NA           NA           NA           NA           NA
[369]   0.95086368           NA  13.36369701           NA  13.67222501   6.60899029           NA           NA
[377]           NA  20.10603731           NA           NA  16.40050214           NA           NA  16.96965054
[385]   4.50325639           NA   8.28678228           NA           NA  14.13965063   6.05630325           NA
[393]           NA  16.15168868   5.38908838   1.58773834  13.18673339           NA           NA  16.21386254
[401]           NA           NA           NA           NA  18.76445456   6.45420757   8.77686433           NA
[409]           NA           NA           NA           NA  12.46634073  10.41659325           NA           NA
[417]           NA           NA   1.73221206           NA   9.96105195           NA   0.47693545           NA
[425]  10.03792839           NA           NA  12.29152999           NA           NA           NA           NA
[433]           NA   4.66763634  16.39860465  14.31082047           NA           NA           NA           NA
[441]           NA           NA   1.40723138  15.06809389  11.82098558           NA           NA           NA
[449]           NA           NA           NA   1.72578572   4.24712262   2.21505971           NA           NA
[457]           NA           NA           NA   5.28467707           NA           NA           NA           NA
[465]           NA           NA   3.43308616           NA           NA   6.30303289           NA           NA
[473]           NA           NA           NA           NA           NA           NA           NA   3.02085597
[481]   1.80045920           NA           NA           NA           NA   5.14134630           NA   3.36528998
[489]           NA           NA   8.00464342   2.76729782           NA   3.97372429   6.71245847           NA
[497]           NA   4.39426072  12.59936748           NA           NA   0.63908381           NA           NA
[505]           NA           NA           NA           NA           NA           NA  16.09261023           NA
[513]           NA           NA           NA  14.17905596   6.92434394   6.44722358           NA           NA
[521]           NA           NA  10.07568234           NA           NA           NA           NA           NA
[529]           NA           NA           NA           NA  13.09630110   1.92051723   5.72007994           NA
[537]           NA           NA   5.21402362   0.88446355           NA           NA           NA           NA
[545]           NA           NA           NA           NA  13.54737253   1.74538185           NA  13.54260168
[553]           NA           NA           NA   3.90542617           NA           NA           NA   9.43698809
[561]           NA   4.39147691           NA           NA           NA   0.41103361           NA           NA
[569]   4.10221008           NA           NA   8.22026328           NA           NA           NA           NA
[577]           NA           NA   1.59263945   2.50326042           NA           NA           NA           NA
[585]           NA           NA   0.80319468           NA   3.53664805           NA           NA           NA
[593]           NA           NA   7.68594599   8.50263831   6.58378281           NA           NA   4.71788590
[601]   0.04391807   1.72487910  10.53652296   1.02203406  10.42251744           NA           NA           NA
[609]           NA           NA           NA           NA           NA           NA   2.91627853   3.75486048
[617]           NA   1.63214432           NA           NA           NA   0.39908494           NA           NA
[625]           NA           NA           NA           NA           NA           NA           NA           NA
[633]   5.02107610           NA   1.56673538           NA           NA           NA   5.39702853           NA
[641]           NA   4.55758001           NA           NA   3.00841531   7.11010663           NA   8.41362090
[649]           NA           NA           NA           NA           NA           NA           NA   9.09945053
[657]   5.60436984           NA           NA           NA           NA           NA           NA           NA
[665]           NA           NA           NA           NA           NA           NA           NA   0.75177021
[673]           NA           NA           NA           NA           NA           NA           NA           NA
[681]           NA           NA           NA   8.84817503           NA           NA           NA           NA
[689]           NA           NA           NA   4.51326697           NA           NA           NA           NA
[697]           NA           NA           NA           NA   3.21647785   0.72406879           NA           NA
[705]           NA           NA   6.20430388           NA   0.48778639   4.88942331   0.80558625           NA
[713]           NA   4.28314377   2.00612236           NA   0.57557525           NA           NA           NA
[721]           NA   0.21070075   3.63471937           NA           NA   3.40156415           NA   0.46274317
[729]           NA           NA   0.23951612           NA           NA           NA           NA           NA
[737]           NA           NA           NA           NA           NA           NA           NA   2.23481723
[745]           NA           NA           NA           NA           NA   2.26891369           NA           NA
[753]           NA   3.51018448           NA           NA           NA           NA           NA   1.93331035
[761]   5.61441876           NA           NA           NA           NA   2.20788021           NA           NA
[769]           NA   0.05169110   2.99590688           NA           NA           NA   0.63150623           NA
[777]   2.87533711           NA           NA           NA           NA           NA           NA   0.20857303
[785]           NA           NA           NA           NA           NA           NA   1.58190166           NA
[793]           NA           NA           NA           NA           NA           NA           NA           NA
[801]           NA   1.92855582           NA           NA           NA           NA   1.22588035           NA
[809]           NA           NA           NA           NA           NA           NA           NA           NA
[817]           NA           NA           NA           NA           NA           NA           NA           NA
[825]           NA           NA           NA           NA           NA           NA           NA           NA
[833]           NA           NA           NA           NA           NA           NA           NA           NA
[841]           NA           NA   0.03174396           NA           NA           NA           NA

$TS
  [1] 1.113851e+02 1.110631e+02 1.092331e+02 1.061159e+02 1.049962e+02 6.840820e+01 9.264531e+01 8.304020e+01
  [9] 8.200746e+01 7.765488e+01 7.624389e+01 6.328074e+01 5.661688e+01 5.482015e+01 4.915239e+01 4.549809e+01
 [17] 4.345416e+01 3.975216e+01 2.826349e+01 7.766667e+01 5.861053e+01 7.461947e+01 6.725541e+01 6.722057e+01
 [25] 6.039451e+01 5.379526e+01 4.851654e+01 4.633023e+01 3.848734e+01 3.561235e+01 6.060859e+01 4.342618e+01
 [33] 5.240344e+01 4.329503e+01 2.711681e+01 2.201892e+01 4.406843e+01 4.354449e+01 7.605186e+00 5.789214e+01
 [41] 5.194585e+01 4.896218e+01 4.471484e+01 5.282161e+01 4.379349e+01 4.312843e+01 4.251558e+01 3.538685e+01
 [49] 5.857102e+01 5.799037e+01 5.159698e+01 4.559735e+01 4.404102e+01 2.586092e+01 2.030570e+01 2.026657e+01
 [57] 4.281274e+01 4.040585e+01 4.826092e+01 4.478434e+01 2.367091e+01 2.279260e+01 6.679335e+00 2.195441e+01
 [65] 2.189564e+01 4.065762e+01 3.810696e+01 3.363065e+01 5.130452e+01 4.595820e+01 4.879547e+01 5.068310e+01
 [73] 4.727609e+01 4.791451e+01 4.674919e+01 4.522769e+01 4.362539e+01 4.242879e+01 3.718218e+01 2.117502e+01
 [81] 4.426761e+01 4.432977e+01 4.071712e+01 3.840730e+01 4.137835e+01 3.448506e+01 4.606355e+01 3.366421e+01
 [89] 3.138684e+01 2.936903e+00 2.291598e+00 1.868084e+00 4.406852e+01 4.260851e+01 1.503334e+01 1.027734e+01
 [97] 2.191567e+00 3.585181e+01 3.047774e+01 2.915059e+01 2.411669e+01 2.357950e+01 4.485932e+01 3.696992e+01
[105] 3.016450e+01 2.570411e+01 2.506299e+01 2.469473e+01 2.393348e+01 1.845937e+01 1.563029e+01 1.174240e+01
[113] 3.391106e+01 2.380960e+01 4.403792e+01 3.025611e+01 2.730256e+01 3.602517e+01 4.175872e+01 3.355356e+01
[121] 2.537580e+01 1.919915e+01 4.168585e+01 3.807634e+01 3.094426e+01 2.829262e+01 3.539825e+01 2.338690e+01
[129] 2.398316e+01 1.137711e+01 8.902265e+00 2.932255e+01 4.135423e+01 4.067432e+01 3.340175e+01 2.448501e+01
[137] 1.243173e+01 1.133553e+01 4.280412e+01 3.439716e+01 3.376791e+01 2.838559e+01 3.770883e+01 3.705007e+01
[145] 1.642401e+01 4.126651e+01 2.580704e+01 3.105134e+01 3.784456e+01 3.017488e+01 2.977298e+01 2.207739e+01
[153] 1.698803e+01 1.364576e+01 3.833118e+01 3.089189e+01 3.022763e+01 3.021414e+01 2.674123e+01 3.282547e+01
[161] 2.640203e+01 2.050843e+01 3.830749e+01 3.509352e+01 2.431317e+01 1.260651e+01 7.859763e+00 2.725450e+01
[169] 9.343968e+00 2.045175e+01 2.922803e+01 2.027054e+01 3.766427e+01 2.761446e+01 2.696915e+01 2.037679e+01
[177] 1.482372e+01 1.399944e+01 2.605931e+01 1.883926e+01 3.641588e+01 2.078832e+01 1.546784e+01 3.525918e+01
[185] 2.934297e+01 2.026305e+01 3.262417e+01 3.033121e+01 3.495841e+01 2.736997e+01 1.416312e+01 1.358420e+01
[193] 1.309290e+01 9.531640e-01 2.453173e+01 1.720524e+01 1.578098e+01 1.410941e+01 1.120654e+01 2.894271e+01
[201] 2.262944e+01 2.143297e+01 1.667497e+01 2.943832e+01 2.864056e+01 2.772486e+01 2.767834e+01 2.270197e+01
[209] 3.039294e+01 2.952272e+01 2.838179e+01 2.523722e+01 1.191412e+01 1.161688e+01 3.007941e+01 2.305330e+01
[217] 2.274685e+01 1.440091e+01 2.009419e+01 2.134583e+01 2.562196e+01 2.559239e+01 2.426747e+01 2.158164e+01
[225] 2.994411e+01 2.005299e+01 1.893487e+00 2.447417e-01 1.315713e-01 2.914972e+01 2.832525e+01 1.678362e+01
[233] 1.018735e+01 1.320826e+01 4.233006e+00 2.863924e+01 2.691121e+01 2.615302e+01 2.384753e+01 6.740826e+00
[241] 3.741375e+00 2.575376e-01 2.830538e+01 1.631099e+01 1.474019e+01 2.682119e+01 1.868497e+01 1.652593e+01
[249] 1.450237e+01 2.172914e+01 2.076165e+01 6.970304e+00 5.051785e+00 9.096981e+00 7.257018e+00 2.788841e+01
[257] 2.345560e+01 8.975541e+00 3.929199e+00 3.416130e+00 2.398770e+01 1.859653e+01 1.812442e+01 1.106426e+01
[265] 2.078553e+01 1.567472e+01 1.142762e+01 6.104272e+00 2.234702e+01 1.918022e+01 1.898890e+01 1.696687e+01
[273] 1.607001e+01 1.635807e+01 1.314190e+01 1.660092e+00 2.018928e+01 2.173573e+01 2.243889e+01 2.025691e+01
[281] 1.276158e+01 9.951643e+00 8.503414e+00 3.114064e+00 2.389510e+01 2.239988e+01 1.289458e+01 9.922026e+00
[289] 6.348609e+00 2.287598e+01 2.241741e+01 2.460640e+01 1.317764e+01 1.203490e+01 1.044831e+01 5.220155e+00
[297] 2.000500e+01 1.864467e+01 2.434848e+01 2.318547e+01 2.200793e+01 2.184461e+01 2.241910e+01 2.263216e+01
[305] 1.135871e+01 1.624842e+00 2.078915e+01 1.452866e+01 1.731675e+00 2.234116e+01 1.426054e+01 1.116817e+01
[313] 5.737092e+00 5.351075e+00 1.316093e+01 1.978726e+01 1.617473e+01 2.008209e+01 6.469892e+00 1.970287e+00
[321] 2.427815e+01 1.589033e+01 1.075732e+01 1.161458e+01 9.871706e+00 5.268511e+00 3.565924e+00 1.249651e+01
[329] 1.869707e+01 2.266120e+01 2.264790e+01 7.154889e+00 1.111153e+01 1.278983e+01 2.129007e+01 1.749897e+01
[337] 1.391052e+01 1.143018e+01 8.837386e+00 2.119887e+01 1.869685e+01 1.185837e+01 1.617726e+01 2.243111e+01
[345] 1.902182e+01 1.200871e+01 5.326200e+00 2.051759e+01 1.881331e+01 1.855156e+01 1.585204e+01 1.418589e+01
[353] 1.378170e+01 5.151908e+00 3.714514e+00 1.661491e+01 1.051138e+01 2.263963e+01 1.650831e+01 1.022574e+01
[361] 7.428819e+00 6.358494e+00 4.456736e+00 1.427622e+01 1.125095e+01 8.090631e+00 6.343858e+00 5.813712e+00
[369] 1.868325e+00 1.954641e+01 1.919430e+01 1.058260e+01 1.630801e+01 2.192122e+01 1.285754e+01 1.255185e+01
[377] 6.697986e+00 2.148607e+01 2.074272e+01 1.890138e+01 2.107621e+01 1.316262e+01 2.032770e+01 1.868476e+01
[385] 1.013544e+01 7.340496e+00 1.770073e+01 2.026568e+01 8.883151e+00 1.952742e+01 1.847044e+01 6.260948e+00
[393] 5.443585e+00 1.900268e+01 1.442765e+01 6.622834e+00 1.931036e+01 2.588825e+00 8.872467e-01 1.930286e+01
[401] 1.540529e+01 6.508978e+00 6.154326e+00 1.603790e+01 2.106834e+01 2.068559e+01 1.645479e+01 1.022903e+01
[409] 5.137620e+00 2.071947e+01 1.604645e+01 1.214872e+01 1.996604e+01 1.522188e+01 1.521785e+01 4.887285e+00
[417] 1.869061e+01 7.999778e+00 7.887896e+00 8.746279e-01 1.560702e+01 1.480301e+01 7.803739e+00 1.116151e+00
[425] 1.108926e+01 7.520011e+00 1.421982e+01 1.304132e+01 7.823225e+00 3.831385e+00 2.476256e+00 9.376120e+00
[433] 7.496368e+00 4.945296e+00 2.020822e+01 1.889061e+01 2.395939e+00 8.008559e-01 1.920795e+01 1.595468e+01
[441] 1.524832e+01 3.306889e+00 1.816973e+01 1.734835e+01 1.672510e+01 7.875822e+00 5.437922e+00 1.455868e+01
[449] 1.217766e+01 1.882448e+01 1.470158e+01 8.617204e+00 6.675178e+00 2.266516e+00 1.273900e-01 6.970960e+00
[457] 1.302033e+00 1.104418e+00 1.175351e+01 8.971172e+00 1.539686e+01 1.425123e+01 1.337781e+01 7.770400e+00
[465] 1.568846e+01 1.330157e+01 9.029003e+00 1.572780e+01 1.407609e+01 1.340920e+01 9.901721e+00 1.815861e+01
[473] 1.715947e+01 1.509763e+01 1.369697e+01 2.151309e+00 1.302030e+01 9.644274e+00 9.198468e+00 7.197271e+00
[481] 3.653874e+00 1.329260e+00 8.869356e-01 9.953763e+00 1.855343e+01 1.767372e+01 1.758628e+01 1.670173e+01
[489] 1.600544e+01 1.327957e+01 1.366514e+01 6.060340e+00 1.820204e+01 1.238262e+01 9.416314e+00 6.657102e-01
[497] 1.662163e+01 1.628558e+01 1.470322e+01 1.745633e+01 1.525516e+01 1.374948e+00 9.505892e+00 5.204753e+00
[505] 1.376128e+01 1.423206e+01 1.189391e+01 2.162656e+00 1.489285e+00 1.091145e+00 1.681767e+01 1.077189e+01
[513] 8.677320e+00 8.767231e+00 1.662162e+01 1.570018e+01 1.125125e+01 1.095212e+01 6.739558e+00 5.459743e+00
[521] 1.188540e+01 5.158664e+00 1.158320e+01 1.212316e+01 1.324281e-02 7.197613e-01 1.544074e+01 1.004774e+01
[529] 1.182570e+01 7.220976e+00 5.392985e+00 1.960339e+00 1.474011e+01 6.980644e+00 8.219200e+00 1.135218e+01
[537] 2.720209e+00 1.130961e+01 6.383891e+00 1.206310e+01 1.522458e+01 7.513677e+00 1.466803e+00 1.153455e+01
[545] 5.476335e+00 3.268467e+00 1.164403e+01 9.370883e-01 1.525796e+01 1.009377e+01 1.155949e+01 1.395647e+01
[553] 8.240565e+00 1.070529e+01 4.306269e+00 8.466503e+00 5.641614e-01 4.902883e+00 1.088443e+00 1.190515e+01
[561] 1.282276e+00 1.495110e+01 6.507521e+00 5.018392e+00 6.358579e+00 4.809356e+00 7.684231e+00 6.612515e+00
[569] 8.500946e+00 4.182314e+00 1.321698e+01 1.298594e+01 4.550990e+00 3.362011e+00 1.335169e+01 1.168900e+01
[577] 9.093443e+00 3.567282e+00 4.863120e+00 4.307643e+00 1.236581e+01 7.939909e+00 1.381195e+01 3.430018e+00
[585] 3.142288e+00 1.231743e+01 4.524334e+00 6.390959e-01 8.493243e+00 1.565362e+00 7.999482e-01 5.656968e-01
[593] 1.169098e+01 8.806802e+00 1.318109e+01 8.719678e+00 7.142970e+00 7.603105e+00 1.139205e+01 1.333039e+01
[601] 5.957287e+00 1.151108e+01 1.137855e+01 2.168347e+00 1.281054e+01 1.068723e+01 8.662212e+00 3.861010e+00
[609] 5.670842e+00 1.240544e+01 3.850338e+00 3.579583e+00 5.975877e+00 3.642170e+00 1.239447e+01 6.747152e+00
[617] 7.252158e+00 1.724611e+00 3.904929e+00 1.057399e+01 4.065792e+00 5.761788e-01 2.565819e+00 5.257333e+00
[625] 4.824228e+00 1.186036e+01 9.079172e+00 2.690095e+00 8.412500e+00 4.598179e+00 7.337739e+00 5.179692e+00
[633] 1.172386e+01 2.823027e+00 4.506728e+00 6.909597e-01 1.116386e+01 9.859129e+00 8.090481e+00 1.121887e+01
[641] 5.548249e+00 4.597498e+00 4.803980e+00 3.527531e+00 9.860471e+00 8.072005e+00 7.384810e+00 9.887294e+00
[649] 8.514884e+00 8.484207e+00 5.917869e+00 6.277269e+00 9.364404e+00 4.375130e+00 8.165441e+00 1.064064e+01
[657] 6.081753e+00 9.924717e+00 8.136756e+00 2.824836e+00 5.516221e+00 2.067899e+00 5.832077e-01 7.576799e+00
[665] 1.143319e+00 4.694531e-01 4.683427e+00 2.758263e+00 9.456794e-01 7.227675e+00 9.299428e+00 9.428073e+00
[673] 4.723421e+00 9.212067e+00 9.057974e+00 2.383731e+00 4.982396e+00 5.090243e-01 6.934472e+00 5.605729e+00
[681] 4.847866e+00 4.686397e+00 3.394207e+00 9.385010e+00 7.686545e+00 2.611598e+00 5.235916e+00 7.577565e+00
[689] 7.266384e+00 3.610706e+00 5.390650e+00 4.963025e+00 1.584068e-01 7.126026e+00 2.706690e+00 6.725484e+00
[697] 4.972129e+00 2.706017e+00 7.444123e+00 6.690958e+00 3.547244e+00 7.975291e+00 6.079869e+00 7.848228e+00
[705] 6.891577e+00 6.090117e+00 6.216727e+00 8.322828e+00 1.584014e+00 7.893490e+00 5.026813e+00 1.287610e+00
[713] 3.922014e-01 8.442809e+00 5.818642e+00 5.929674e+00 6.239807e+00 4.673093e+00 2.459061e+00 3.101608e+00
[721] 7.429379e+00 7.830792e+00 6.521918e+00 6.601908e+00 3.147506e+00 7.664291e+00 7.564590e+00 1.844298e+00
[729] 6.794125e+00 2.065183e+00 3.559515e+00 5.577926e-01 2.885209e+00 3.645976e+00 2.334833e-01 6.123057e+00
[737] 5.040210e+00 7.321216e+00 2.046368e+00 6.946559e+00 2.588613e+00 1.703741e+00 1.029809e+00 6.332896e+00
[745] 1.074639e+00 7.067584e+00 2.549416e+00 2.434474e-01 6.022237e+00 4.362007e+00 5.575185e+00 4.018563e+00
[753] 1.660002e+00 6.091910e+00 5.841109e+00 4.558116e+00 1.205259e+00 4.685831e+00 3.436307e+00 5.566691e+00
[761] 6.303298e+00 1.911850e+00 5.777808e+00 4.795066e+00 3.272827e+00 6.241837e+00 5.237599e+00 5.429554e-01
[769] 4.790908e+00 2.564258e+00 3.541460e+00 3.071305e+00 2.860110e+00 2.978109e+00 3.072436e+00 4.464149e+00
[777] 3.642655e+00 2.994942e+00 1.358462e+00 5.148484e+00 5.086216e+00 6.028642e-01 2.871695e+00 1.280932e+00
[785] 3.100487e+00 1.874375e+00 1.074124e+00 2.166764e+00 2.485428e+00 1.738078e+00 2.730745e+00 1.450432e+00
[793] 3.177909e+00 5.007385e+00 2.058154e+00 2.409823e+00 3.169952e-01 1.060551e+00 3.470826e-01 4.125946e+00
[801] 2.156896e+00 2.873286e+00 2.475404e-03 5.493034e-01 2.772388e+00 2.517241e+00 2.146682e+00 1.715146e-01
[809] 4.548863e+00 4.200418e+00 2.442203e+00 2.345938e+00 3.804665e+00 1.060173e-02 2.190513e+00 5.367537e-01
[817] 3.255818e+00 1.243023e+00 4.116245e-01 3.509053e+00 4.478259e-02 3.642375e+00 8.277985e-01 1.177989e+00
[825] 8.863890e-01 1.720774e+00 2.864193e-01 1.121536e+00 2.438762e+00 2.241645e+00 1.956668e+00 1.401065e+00
[833] 6.438841e-01 1.173981e+00 1.769780e+00 7.411968e-01 4.997599e-01 1.132860e+00 4.634638e-01 3.238364e-01
[841] 1.145409e+00 4.768295e-01 7.834882e-02 4.496665e-02 3.874496e-01 3.375327e-01 2.048282e-01

$PAR
  [1]  NA   1   2   2   2   2   4   7   7   8   8   8   8   8   8   8   8   8   8   9  20  10  10  11  11  11  11  11
 [29]  11  11   6   6  24  24  24  24  12  12  12  31  31  31  31  25  25  25  25  25  21  21  21  21  21  21  21  21
 [57]  49  49  13  13  13  13  13  14  14  44  44  44  33  33  41  51  51  42  42  71  71  71  71  71  27  59  59  59
 [85]  74  74  73  73  73  73  73  73  75  75  87  87  87  70  70  70  16  16  76  76  76  76  76  76  76  76  76  76
[113]  43  43  82  82  82  81  53  53  53  53 115 115 115 115  45  45  77  77  77  38  17  17  17  17  17  17  34  57
[141]  57  57  94  47  47  78  78 119 123 123 123 123 123 123  85  85  85  85  85  83  83  83  66  66  66  66  66  18
[169]  18  29  84 155 163 163 163 163 163 163 149 149 173 173 173 144 181 118  30  30 127  48  48  48  48  48 184 184
[197] 164 164 164  86  86  86  86 113 113 113 113 113  88  88  88  88  88  88  68  68  68  68 120 135 160 160 160 160
[225] 187 187 187 187 187  89 148 148 148 188 188 116 150 150 150 150 150 150 105 105 105 215 215 215 215 210 210 204
[253] 204 132 132 100 100 100 100 100 230 230 205 142 126 126 126 126  19  19  19  19  19 256 256 256 206 207 117 117
[281] 168 168 168 168 175 175 175 175 175 161 161  54  54  54  54  54 147 147 106 106 106 106 221 222 222 121 212 212
[309] 212 107 107 107 107 107 195 136 136 299 299 299 165 165 165 223 223 223 223 101 261 129 129 129 285 239 102 257
[337] 257 257 257 128 128 128 300 290 290 290 290  62  62  62  62  62  62  62  62 208 208 331 331 331 331 331 331 304
[365] 304 304 304 304 304 279 344 344 303 291 291 291 286 269 269 310  36  36 301 301 301 301  64  65 278 250 250 224
[393] 224 202 202 202 220 220 220 335 335 335 335 340  80  80  80  80  80 307 307 307 182 182 182 182 379 379 379 379
[421] 348 348 348 348 170 170 176 383 383 383 383  55  55  55 172 172 172 172  56  56 388 388 186 280 280 280 280 277
[449] 277 219 219 219 219 219 219 318 318 318 226 226 370 370 370 370 390 397 439 122 371 270 270 345 345 271 380 380
[477] 180 180 180 180 180 180 180 450 417 417 417 417 417 417 247 262 485 485 485 485 350 350 350 391 391 110 493 472
[505] 486 487 336 500 473 473 153 153 153 272 232 445 488 488 488 488 203 497 515 248 248 359 407 407 145 274 274 274
[533] 244 244 498 343 343 404 404 489 440 440 440 351 468 468 465 465 266 266 183 527 527 401 401 461 461 501 441 541
[561] 415 474 474 474 562 562 177 177 422 422 499 451 451 451 448 448 308 308 462 506 427 427 352 352 352 191 198 198
[589] 469 469 469 469 178 353 475 491 154 192 470 575 600 466 466 466 595 293 382 382 275 193 477 477 287 375 376 376
[617] 610 610 615 581 586 586 412 294 294 507 507 507 521 626 529 459 112 593 576 576 214 214 214 551 551 551 544 544
[645] 602 602 602 599 599 599 536 538 517 365 199 312 637 333 333 333 264 264 264 323 323 323 606 606 606 295  96 408
[673] 385 550 550 550 528 484 658 288 288 288 471 648 325 325 645 638 638 638 478 503 503 495 432 653 169 671 577 577
[701] 577 467 131 389 389 389 339 514 514 607 607 607 607 283 283 569 650 629 553 366 646 418 418 702 419 446 722 722
[729] 429 429 464 664 426 433 433 699 699 721 721 361 361 647 647 386 386 738 738 689 255 255 617 617 617 332 694 456
[757] 740 679 679 705 729 240 696 377 377 396 396 724 563 565 362 289 744 766 736 754 703 613 763 609 609 680 751 545
[785] 447 447 447 531 691 314 687 296 522 780 677 697 697 558 558 579 579 681 769 673 682 682 718 630 756 756 587 587
[813] 776 363 235 235 570 800 355 734 734 777 820 584 574 805 805 698 686 770 770 830 476 320 786  92 728 742 276 590
[841] 792 757 745 420 782 666 748

$EXTANT
  [1] FALSE FALSE FALSE FALSE FALSE FALSE FALSE FALSE FALSE FALSE FALSE FALSE  TRUE  TRUE FALSE FALSE FALSE  TRUE FALSE
 [20] FALSE FALSE FALSE FALSE FALSE FALSE FALSE FALSE FALSE FALSE FALSE FALSE FALSE FALSE FALSE FALSE FALSE FALSE FALSE
 [39] FALSE FALSE FALSE FALSE FALSE FALSE FALSE FALSE FALSE  TRUE FALSE FALSE FALSE FALSE FALSE  TRUE  TRUE  TRUE FALSE
 [58] FALSE FALSE FALSE FALSE  TRUE FALSE  TRUE FALSE  TRUE FALSE  TRUE FALSE FALSE FALSE FALSE  TRUE FALSE FALSE FALSE
 [77] FALSE  TRUE FALSE FALSE FALSE FALSE FALSE FALSE FALSE FALSE  TRUE  TRUE FALSE  TRUE  TRUE  TRUE FALSE FALSE FALSE
 [96]  TRUE  TRUE FALSE FALSE  TRUE  TRUE FALSE FALSE FALSE FALSE FALSE  TRUE FALSE FALSE FALSE FALSE FALSE FALSE FALSE
[115] FALSE  TRUE FALSE FALSE  TRUE FALSE  TRUE  TRUE FALSE FALSE FALSE FALSE FALSE  TRUE  TRUE  TRUE  TRUE  TRUE FALSE
[134] FALSE  TRUE FALSE FALSE  TRUE FALSE FALSE FALSE  TRUE FALSE FALSE FALSE FALSE FALSE FALSE FALSE  TRUE FALSE FALSE
[153]  TRUE FALSE FALSE FALSE FALSE FALSE FALSE  TRUE  TRUE FALSE FALSE  TRUE  TRUE FALSE  TRUE  TRUE FALSE  TRUE FALSE
[172]  TRUE  TRUE FALSE  TRUE  TRUE  TRUE  TRUE FALSE  TRUE FALSE  TRUE FALSE FALSE FALSE FALSE  TRUE  TRUE FALSE FALSE
[191]  TRUE FALSE  TRUE  TRUE  TRUE FALSE FALSE FALSE FALSE FALSE FALSE FALSE  TRUE  TRUE FALSE FALSE FALSE FALSE FALSE
[210]  TRUE FALSE  TRUE  TRUE  TRUE FALSE FALSE FALSE FALSE  TRUE  TRUE FALSE FALSE  TRUE  TRUE  TRUE  TRUE  TRUE  TRUE
[229]  TRUE FALSE  TRUE FALSE  TRUE FALSE  TRUE FALSE FALSE FALSE FALSE  TRUE FALSE  TRUE FALSE FALSE FALSE FALSE  TRUE
[248]  TRUE FALSE  TRUE  TRUE FALSE FALSE  TRUE  TRUE  TRUE  TRUE FALSE  TRUE  TRUE FALSE FALSE  TRUE  TRUE FALSE FALSE
[267]  TRUE  TRUE  TRUE  TRUE  TRUE FALSE FALSE  TRUE  TRUE  TRUE  TRUE FALSE FALSE FALSE FALSE FALSE  TRUE FALSE  TRUE
[286]  TRUE  TRUE FALSE  TRUE FALSE FALSE FALSE FALSE  TRUE FALSE  TRUE FALSE FALSE  TRUE FALSE FALSE FALSE FALSE  TRUE
[305] FALSE  TRUE  TRUE  TRUE  TRUE FALSE FALSE FALSE  TRUE  TRUE FALSE  TRUE FALSE  TRUE  TRUE  TRUE FALSE FALSE  TRUE
[324] FALSE FALSE  TRUE  TRUE  TRUE FALSE FALSE  TRUE  TRUE  TRUE  TRUE FALSE  TRUE  TRUE FALSE  TRUE  TRUE FALSE  TRUE
[343]  TRUE FALSE FALSE FALSE  TRUE  TRUE FALSE FALSE  TRUE FALSE  TRUE FALSE  TRUE  TRUE FALSE FALSE  TRUE  TRUE  TRUE
[362] FALSE  TRUE  TRUE  TRUE  TRUE  TRUE  TRUE FALSE  TRUE FALSE  TRUE FALSE FALSE  TRUE  TRUE  TRUE FALSE  TRUE  TRUE
[381] FALSE  TRUE  TRUE FALSE FALSE  TRUE FALSE  TRUE  TRUE FALSE FALSE  TRUE  TRUE FALSE FALSE FALSE FALSE  TRUE  TRUE
[400] FALSE  TRUE  TRUE  TRUE  TRUE FALSE FALSE FALSE  TRUE  TRUE  TRUE  TRUE  TRUE FALSE FALSE  TRUE  TRUE  TRUE  TRUE
[419] FALSE  TRUE FALSE  TRUE FALSE  TRUE FALSE  TRUE  TRUE FALSE  TRUE  TRUE  TRUE  TRUE  TRUE FALSE FALSE FALSE  TRUE
[438]  TRUE  TRUE  TRUE  TRUE  TRUE FALSE FALSE FALSE  TRUE  TRUE  TRUE  TRUE  TRUE  TRUE FALSE FALSE FALSE  TRUE  TRUE
[457]  TRUE  TRUE  TRUE FALSE  TRUE  TRUE  TRUE  TRUE  TRUE  TRUE FALSE  TRUE  TRUE FALSE  TRUE  TRUE  TRUE  TRUE  TRUE
[476]  TRUE  TRUE  TRUE  TRUE FALSE FALSE  TRUE  TRUE  TRUE  TRUE FALSE  TRUE FALSE  TRUE  TRUE FALSE FALSE  TRUE FALSE
[495] FALSE  TRUE  TRUE FALSE FALSE  TRUE  TRUE FALSE  TRUE  TRUE  TRUE  TRUE  TRUE  TRUE  TRUE  TRUE FALSE  TRUE  TRUE
[514]  TRUE  TRUE FALSE FALSE FALSE  TRUE  TRUE  TRUE  TRUE FALSE  TRUE  TRUE  TRUE  TRUE  TRUE  TRUE  TRUE  TRUE  TRUE
[533] FALSE FALSE FALSE  TRUE  TRUE  TRUE FALSE FALSE  TRUE  TRUE  TRUE  TRUE  TRUE  TRUE  TRUE  TRUE FALSE FALSE  TRUE
[552] FALSE  TRUE  TRUE  TRUE FALSE  TRUE  TRUE  TRUE FALSE  TRUE FALSE  TRUE  TRUE  TRUE FALSE  TRUE  TRUE FALSE  TRUE
[571]  TRUE FALSE  TRUE  TRUE  TRUE  TRUE  TRUE  TRUE FALSE FALSE  TRUE  TRUE  TRUE  TRUE  TRUE  TRUE FALSE  TRUE FALSE
[590]  TRUE  TRUE  TRUE  TRUE  TRUE FALSE FALSE FALSE  TRUE  TRUE FALSE FALSE FALSE FALSE FALSE FALSE  TRUE  TRUE  TRUE
[609]  TRUE  TRUE  TRUE  TRUE  TRUE  TRUE FALSE FALSE  TRUE FALSE  TRUE  TRUE  TRUE FALSE  TRUE  TRUE  TRUE  TRUE  TRUE
[628]  TRUE  TRUE  TRUE  TRUE  TRUE FALSE  TRUE FALSE  TRUE  TRUE  TRUE FALSE  TRUE  TRUE FALSE  TRUE  TRUE FALSE FALSE
[647]  TRUE FALSE  TRUE  TRUE  TRUE  TRUE  TRUE  TRUE  TRUE FALSE FALSE  TRUE  TRUE  TRUE  TRUE  TRUE  TRUE  TRUE  TRUE
[666]  TRUE  TRUE  TRUE  TRUE  TRUE  TRUE FALSE  TRUE  TRUE  TRUE  TRUE  TRUE  TRUE  TRUE  TRUE  TRUE  TRUE  TRUE FALSE
[685]  TRUE  TRUE  TRUE  TRUE  TRUE  TRUE  TRUE FALSE  TRUE  TRUE  TRUE  TRUE  TRUE  TRUE  TRUE  TRUE FALSE FALSE  TRUE
[704]  TRUE  TRUE  TRUE FALSE  TRUE FALSE FALSE FALSE  TRUE  TRUE FALSE FALSE  TRUE FALSE  TRUE  TRUE  TRUE  TRUE FALSE
[723] FALSE  TRUE  TRUE FALSE  TRUE FALSE  TRUE  TRUE FALSE  TRUE  TRUE  TRUE  TRUE  TRUE  TRUE  TRUE  TRUE  TRUE  TRUE
[742]  TRUE  TRUE FALSE  TRUE  TRUE  TRUE  TRUE  TRUE FALSE  TRUE  TRUE  TRUE FALSE  TRUE  TRUE  TRUE  TRUE  TRUE FALSE
[761] FALSE  TRUE  TRUE  TRUE  TRUE FALSE  TRUE  TRUE  TRUE FALSE FALSE  TRUE  TRUE  TRUE FALSE  TRUE FALSE  TRUE  TRUE
[780]  TRUE  TRUE  TRUE  TRUE FALSE  TRUE  TRUE  TRUE  TRUE  TRUE  TRUE FALSE  TRUE  TRUE  TRUE  TRUE  TRUE  TRUE  TRUE
[799]  TRUE  TRUE  TRUE FALSE  TRUE  TRUE  TRUE  TRUE FALSE  TRUE  TRUE  TRUE  TRUE  TRUE  TRUE  TRUE  TRUE  TRUE  TRUE
[818]  TRUE  TRUE  TRUE  TRUE  TRUE  TRUE  TRUE  TRUE  TRUE  TRUE  TRUE  TRUE  TRUE  TRUE  TRUE  TRUE  TRUE  TRUE  TRUE
[837]  TRUE  TRUE  TRUE  TRUE  TRUE  TRUE FALSE  TRUE  TRUE  TRUE  TRUE

