
Birth-death simulation object with 924 species and 500 extant species

Details for some species:

Extinction times (NA means extant)
[1] 43.90216 22.11474 49.58994 66.35135 70.57450 41.38873


Speciation times 
[1] 81.15787 79.18967 76.50866 76.26197 71.45871 68.28140


Species parents (NA for initial)
[1] NA  1  1  1  1  1


Species status (extinct or extant)
[1] "extinct" "extinct" "extinct" "extinct" "extinct" "extinct"


For more details on vector y, try sim$y, with y one of
TE TS PAR EXTANT



$TE
  [1] 43.90216079 22.11474267 49.58994495 66.35134906 70.57450383 41.38873196 58.31047190          NA 37.61147904
 [10] 61.19347416          NA 50.05816986 52.66705215          NA 40.39621972 24.42935052          NA 26.78510000
 [19] 49.14535980 27.91640274 54.94548518 66.20680310 45.82554811 20.05158510 28.27913931 45.39675982 34.94705633
 [28] 50.77555089 17.19479088  8.77117078          NA          NA  3.19260686  3.21303259 56.31576041 42.41698980
 [37] 36.44158521 43.65359760 43.29604674 13.75224801          NA 61.08050667 44.76574483          NA 36.95005885
 [46] 39.21719393 28.29056336 40.13523935 11.85174455          NA          NA 59.30358281 52.02883765 27.98336963
 [55]          NA 37.25789367  0.87115529 17.85827732 26.22651188  7.54459128 25.58838007 23.05021423 41.06112467
 [64] 33.80007030 26.43935780 10.34534959 14.14151025 28.76560138          NA          NA          NA          NA
 [73] 42.75706608 26.42808813 35.96993972  4.00794760 45.61065953 26.91171483 31.45500825 27.98251841 28.25449009
 [82] 31.42638177 45.84230662 23.35382725          NA  5.89325820  2.45117533 48.49424481 40.39809684 38.09343780
 [91]          NA 28.48652289  1.70113103 12.45352687 17.13314847 17.78430416 16.89590652  6.46507020 32.28265022
[100] 20.47207563 22.91247445 11.85141931          NA          NA 21.23113643 39.62792580 26.76179460 23.99912880
[109] 21.36277669          NA 29.03183939 38.95897947 33.04438630 16.23922532          NA 20.20051213  9.48658924
[118]  1.60822587          NA          NA 11.28831700          NA          NA 11.91737136          NA 15.87376376
[127] 44.70000899 33.16365884 33.04191070 28.35322090 16.23356299 43.23039788  1.62313938 12.49973161 23.99207712
[136]  1.36830945 37.16486168 19.24255086          NA  1.69881940 37.57284341          NA 32.45594212  5.57443263
[145]  7.52830171 10.46350549          NA          NA 27.33443841          NA 29.62773309  4.43180604 10.94295678
[154]  1.91175554          NA 23.73151496 36.64305307 36.20546988 21.98294885 22.52219077 28.02880481  7.59309381
[163] 10.16706199  0.79331695          NA 31.38026620 16.35899830 18.35041768          NA 27.52856695 32.00652838
[172]  7.54364170  2.40183737          NA  1.25752194 37.27956901          NA 36.82055713          NA 23.59479689
[181]          NA 25.68318553  3.85708634 26.06687326 33.17010903          NA          NA  4.98764737          NA
[190]          NA 15.50165271 10.56408693 30.70790585 31.89669219 28.77866270 34.48996824 13.64556451 37.02710285
[199]  4.80804956 19.74933140          NA  1.52254360 29.49635757          NA          NA 16.23598851  2.35141750
[208] 26.36359685 23.57903423 23.47636100          NA 12.35643356  6.04696002          NA 17.86268152          NA
[217]  3.44524578          NA          NA 33.24874994  0.41266885 12.38950668          NA          NA          NA
[226]          NA          NA          NA 21.19858954 21.04245141 14.88821658 17.64108283 24.32159061          NA
[235] 30.93245045          NA  0.26356550          NA  1.52420881 29.49316581          NA          NA          NA
[244] 11.10022142 15.42452549          NA          NA          NA          NA 11.85523390          NA          NA
[253] 22.79406915 21.15633533 19.78589764          NA          NA  5.40716810 18.78519452 22.27323460 15.94720654
[262]  4.79140562  9.80586372  2.71469699          NA          NA 15.62546267 31.78945710          NA 17.05965856
[271]  0.91612528  9.22039463 19.55786212  4.93320597 33.37383662          NA 20.76462319          NA  7.79828862
[280]  9.19620428          NA  8.99886687          NA 25.57393029 10.05603435 20.41499223  1.42246167 24.18179106
[289]          NA  6.11484458          NA          NA          NA 19.95371018 21.89705437  0.87374271          NA
[298]          NA  4.15058399          NA  3.33000109          NA  8.63994245  2.73980416          NA          NA
[307] 17.30871670          NA  3.65175507  8.57414232 10.30648744 10.50009385          NA 16.89348646  6.90121972
[316] 13.57231207  6.26721523          NA  8.33644380          NA 17.71824168 27.54330865 20.09196695          NA
[325]  8.97572970          NA          NA          NA 24.87582447 25.76298229 18.81015171 11.80623530 18.24669826
[334] 16.86552808  8.27363282 11.88585726          NA 12.01404218          NA          NA          NA  7.28143658
[343] 10.09022916  8.91200564 12.84805814 18.94113696          NA          NA          NA          NA 16.36088687
[352]  6.17950384 11.90941501  2.09074207          NA  5.00247534 15.49802407          NA          NA          NA
[361]          NA  2.38918544          NA          NA 15.89761014  5.83767973 17.33692007  3.02914408  2.93932553
[370]  9.06378047          NA          NA          NA          NA 16.46392761          NA  4.84934070          NA
[379]          NA  3.21657636          NA          NA          NA  8.00727181          NA  0.83276490          NA
[388]          NA  0.56378042  9.93081990          NA 17.65390493          NA 10.77586294          NA  4.69089021
[397]  0.48442871 15.58779944          NA 21.89050217  2.16728242 19.03858316 21.43674727          NA          NA
[406] 22.39680175  5.54616520          NA  3.04621132 16.55400577 14.48425940  7.19976114  8.99916679 10.36121231
[415]  0.33910175  8.03995967 14.23108140 19.70179499  5.11936375 22.62605707 19.94640148  5.79965565          NA
[424]          NA 11.45993479 14.83372315  0.18415507  5.24132279 18.26331172          NA          NA  1.26769345
[433]          NA  0.88368870  0.44137869          NA          NA          NA  6.38129528          NA          NA
[442] 11.93981402 14.02371880 17.77637086 18.99718093  7.42060286 10.07413959          NA          NA 10.44944119
[451]          NA          NA          NA 20.87670383  5.79866687          NA          NA          NA 19.45368903
[460]  1.92988837          NA  0.45283593          NA          NA          NA          NA          NA          NA
[469] 11.22150382          NA  6.03295025 17.77865267          NA          NA  2.23092947          NA          NA
[478]          NA 15.42640553 13.40090567          NA          NA  1.92169703  1.14891005          NA          NA
[487] 14.52575839          NA          NA          NA          NA          NA          NA          NA  1.41411581
[496]          NA          NA 14.48482469          NA  5.95116567  5.82519853  4.22482191          NA          NA
[505] 10.32066261  3.35096712          NA  4.01758414          NA 12.60281380          NA 19.78648914          NA
[514] 17.80409852  8.21711014          NA  1.33404559          NA          NA          NA          NA  0.10699146
[523]          NA          NA          NA          NA          NA  6.18833767          NA          NA  6.23449809
[532]  2.98491569          NA          NA          NA          NA  5.75672623 14.31493224          NA  7.37017159
[541]          NA          NA  0.31257263          NA          NA          NA 13.21468123          NA  4.82606639
[550]          NA 12.99840245          NA          NA          NA  8.27410240          NA          NA          NA
[559]  5.85136475  3.37538002  1.31179980          NA          NA  2.97630023          NA  5.20657701          NA
[568]          NA  3.34585197          NA          NA          NA          NA  3.87506681  1.89139605  5.34955558
[577]          NA  5.67862674  6.66601268          NA          NA  8.84660838          NA          NA          NA
[586]  7.22232911  9.32657432          NA          NA          NA          NA          NA          NA  8.47664236
[595] 10.56966455          NA          NA          NA  4.62270648  0.63432759 11.85259416  8.73129821  2.11812750
[604] 10.35895385          NA 10.74627000          NA          NA          NA          NA          NA 13.01469922
[613]  4.99073578 12.44618913          NA          NA  4.50126252          NA          NA          NA  9.06937350
[622]          NA          NA  7.47347359  8.83106459          NA          NA          NA          NA          NA
[631]  3.29153408          NA          NA          NA          NA  7.81086875          NA          NA 13.65336266
[640]          NA          NA          NA          NA          NA          NA  0.56957157          NA          NA
[649]  0.87270636          NA  8.79899396          NA          NA          NA          NA          NA          NA
[658]          NA          NA          NA  0.50832371          NA          NA          NA  2.68458723  2.58221882
[667]          NA          NA          NA          NA          NA          NA          NA          NA  3.50480891
[676]          NA          NA  3.62093157          NA          NA          NA          NA          NA          NA
[685]          NA          NA          NA          NA          NA          NA          NA          NA          NA
[694]          NA          NA          NA          NA          NA          NA          NA          NA          NA
[703]          NA          NA          NA  1.97664965          NA  6.88225895 10.33542362  9.02670215          NA
[712]          NA          NA          NA          NA          NA          NA          NA          NA  5.06326748
[721]          NA  3.31165005          NA          NA          NA          NA  8.11475619          NA          NA
[730]          NA          NA          NA  2.92410296  4.70315434          NA          NA          NA          NA
[739]  5.34523822          NA          NA          NA  1.17379775          NA          NA          NA          NA
[748]          NA  0.22523091          NA          NA          NA          NA          NA  5.46463396          NA
[757]          NA          NA          NA          NA          NA  6.19519790          NA          NA          NA
[766]          NA          NA          NA          NA          NA          NA  0.60997950          NA  5.85900825
[775]          NA  3.20715853          NA  2.73341263  4.76292599          NA  0.30887010          NA          NA
[784]          NA          NA  5.89836755          NA          NA  3.01575218          NA          NA          NA
[793]          NA          NA          NA          NA          NA          NA          NA  0.40423531          NA
[802]          NA          NA          NA          NA          NA          NA          NA          NA          NA
[811]          NA          NA          NA  6.18688009          NA          NA  3.54858211          NA          NA
[820]          NA          NA          NA          NA          NA          NA          NA          NA          NA
[829]  1.76607338  6.17289704          NA          NA          NA          NA          NA          NA          NA
[838]          NA          NA          NA          NA          NA          NA          NA          NA          NA
[847]  1.69637933          NA          NA          NA          NA          NA  5.06362929          NA          NA
[856]          NA  2.38109146          NA          NA          NA          NA          NA          NA          NA
[865]  3.16498041  0.82972761          NA          NA  1.17320075          NA          NA          NA          NA
[874]          NA          NA          NA          NA          NA          NA          NA          NA          NA
[883]          NA          NA          NA          NA          NA          NA          NA          NA          NA
[892]          NA          NA          NA          NA  0.01608686          NA          NA          NA          NA
[901]  1.20100585          NA          NA          NA  0.78594401          NA          NA          NA          NA
[910]          NA          NA          NA          NA          NA          NA          NA          NA          NA
[919]          NA          NA          NA          NA          NA          NA

$TS
  [1] 81.157872242 79.189672008 76.508660793 76.261967818 71.458706443 68.281400932 62.185495912 53.496092277
  [9] 51.543146626 72.577176685 71.276617567 55.826297938 53.726000530 52.139175037 42.798671980 40.594231939
 [17] 27.976799082 60.959853025 57.013184999 71.898445102 62.124964646 68.904216152 49.009824929 38.366020101
 [25] 71.173359840 70.067993477 60.158435991 53.365202127 18.115133618 17.370456388 12.828386367 11.297753808
 [33]  7.396163289  6.660471089 65.644314210 63.864581781 45.772695254 48.853642638 45.828191522 44.822335984
 [41] 63.427353777 63.055426902 49.630436856 62.056455738 52.722412605 43.292641525 42.036861928 41.489822224
 [49] 25.341855222  9.197514477  7.420535336 60.253785363 58.795407122 58.086431618 52.952737781 37.776949975
 [57] 29.668370366 27.285095571 26.329624985 19.990222870 54.108597536 52.654948670 51.100582161 42.224762122
 [65] 41.126187929 33.133816022 30.760994369 29.738279624 50.983915237 45.764374017 37.551148741 37.183001054
 [73] 53.249700098 56.019482851 37.076274265 52.288653709 45.938429801 42.895086106 42.882937325 31.282063743
 [81] 47.294442609 52.205945452 51.996365935 47.880168009 42.296233132 30.871133936  7.250282916 50.458579558
 [89] 45.872123526 42.686928715 38.898224500 40.837724747 29.697333457 26.343391821 25.395888475 25.050363972
 [97] 50.949365145 38.122282646 37.866835453 35.836287772 28.023556101 18.033303431 16.748060821 14.037894317
[105] 48.545082848 48.041507577 43.612264347 32.452232809 26.362347460  2.083282199 46.790532901 48.110584170
[113] 47.008591945 42.546268723 41.986360575 40.379563002 31.697186845 24.981599007 17.413071556 15.308176292
[121] 11.651755748  9.688906310  0.664839161 33.710245925 32.552052850 17.003537233 48.376329304 45.738707679
[129] 34.676121912 33.353121146 31.287576706 45.882448747 42.803658820 40.054747933 31.669844530 29.573263402
[137] 40.991392292 32.197746354 33.333729691 40.236556407 38.316519467 45.657462821 43.490979250 42.152404400
[145] 41.342630182 30.310407360 20.417118963  3.832911790 33.985488695  2.934184104 34.804288089 29.591664212
[153] 19.272360174 15.227258230 38.229851902 38.674959770 41.269494440 39.078404532 37.656959030 32.005020501
[161] 33.501051731 22.104130520 19.210040977  7.160282072  6.012186592 42.334661443 27.549544385 27.127809145
[169] 19.205614676 32.531626268 33.077373869 21.728621807 18.508251670  7.846276442  6.635138759 38.823152259
[177] 38.909124686 38.005968003 34.684023811 29.380262551 15.050279646 37.140235367 36.142258600 34.834064526
[185] 41.182424502 35.356668067 21.437191922 13.506316591  1.231862048  0.758026505 16.662494132 40.387838966
[193] 38.193133742 36.206287058 36.562117616 35.260168481 38.697829136 38.252140909 35.738076243 34.919308719
[201] 28.770144378 26.035274650 37.231869230 11.871229507 39.198839410 36.622695287 31.937543091 37.008087260
[209] 30.634538459 27.043727871 18.135599881 14.504079130 12.585979495  0.277574557 38.628576133 26.681157515
[217] 23.239802962 18.447853687  2.915817192 35.421671134 16.249598743 13.377880606  9.914376054  9.131268899
[225]  1.381972659  1.365506873 33.765599785 27.907892397 22.217854631 34.997746606 25.563578379 33.440097043
[233] 28.219131653 27.302535813 36.467395044 11.941535559  7.789913674  7.192702011  2.192788131 38.151975184
[241] 31.468163099 33.286744573 20.055958306 12.413373258 22.083540425 33.375280679 22.592158367 22.239260345
[249]  6.341416697 23.252371035 22.465978649 34.480015280 31.169139623 33.580035885 26.170193751 33.481110733
[257] 22.876819380 26.731175260 25.825719805 32.613054787 31.999574805 24.224863856 17.460868240 11.736924204
[265]  5.694689894 34.594980317 30.049529678 32.747311397 31.335469462 24.846512238 20.284567872 15.237995471
[273] 30.894103767  5.229629345 33.509332667 29.702982943 21.104996059  3.318259925 33.388337079 19.082612137
[281]  7.293625082 24.903024023 12.071795211 33.492657038 26.314478877 23.421941155 23.011802129 31.640620691
[289] 24.502562926 12.222501225 11.294493344  6.698405216  0.579463422 22.860235221 32.708964674 22.530625221
[297] 17.420083136 23.082349567 21.845824562  4.079372950 30.829287482 26.834072886 15.123227282  3.644080513
[305]  2.403022900 20.307733385 18.961631858 16.367378861 15.820026153 29.185883864 29.028318216 22.226698272
[313] 27.024222564 25.027065863 23.505732635 19.066987163 14.299216293  7.361332918 27.216562795 21.468750056
[321] 26.264823433 29.188902194 23.206989096 15.991673743  9.905093088  9.283663029  5.942249983  3.180163526
[329] 30.790136468 31.411202878 24.745518003 25.173649409 28.348433052 21.305676783 17.894229340 13.954216778
[337] 28.530072572 20.813034168  9.916091497  3.791289372 24.576770645 20.222383281 28.480522418 26.523280358
[345] 25.654425481 24.032714550  8.851419294 16.591762901  6.171569890 15.089014566 27.663645835 30.250460007
[353] 29.868247984 22.945936844 18.991621379 13.658161916 17.152690287 25.514562225 22.119625587 18.488517110
[361] 18.305128203 18.248004303 23.053339729 14.452099986 29.511504279 13.996588061 18.256231662 12.673567198
[369]  6.053881510 29.439927340 20.968957479 15.808080753  5.322262982  4.585835842 19.605304026 16.176162358
[377]  6.841319395 19.824618974 13.651431373  9.725888900  9.280176430  7.395379214 12.817827297 21.536752108
[385]  8.377504236  0.999805411 21.427312039 20.801126913 19.485396418 10.085752123  2.537290613 18.872849078
[393] 12.033805557 27.317305456 20.943816358 19.394248643 16.632054193 19.966525033  5.863573890 24.573612349
[401] 18.398932482 22.962683908 22.933537507 14.055704078  9.769738223 22.565266752 20.351059244 18.901172840
[409] 24.760123301 18.509764230 16.503174134 23.790320755 18.636064668 15.525446584 12.174022453 15.409929632
[417] 14.263949450 26.314969806 17.713762607 24.514803935 22.606367854 24.581943808 10.791505149 18.216202017
[425] 23.951362014 19.145274671 19.694358352 21.872372536 21.701703758 20.538771117 12.017984337 10.078620689
[433]  5.130682213 22.800446397 21.985900972 22.613981678 18.806322760 23.656519282 21.915981146 23.077832761
[441] 20.031361022 24.492806682 16.103322080 22.336599521 22.287172090 18.447740615 14.626797390  9.557487289
[449]  4.547626313 16.017738936 14.640274431 23.678917766  9.521364377 23.786744570 13.505601051 12.738139976
[457] 18.218305666 12.711086908 21.475464476 12.962178880  5.448474636  9.864129716  7.289611466 22.489200381
[465] 15.207648349 12.624924115 10.927166977  6.671000399 18.791154125  4.495043268 16.883389719 21.514358704
[473] 12.832257598  8.034246495  6.825869913 14.525268500  8.544503109  2.781244902 15.701662666 21.539989054
[481] 17.666636970 14.449633466 10.897962921  9.256853912  6.776591188  5.285586779 17.509802774  8.173794849
[489]  1.595659386 19.540932478 16.414183598 15.635452857  4.526594968  3.216615079  3.008304674  2.479157196
[497]  1.697124621 18.353393972 10.283030599  8.027381880 16.221613909 10.251135060 17.744289168  8.396677167
[505] 16.851984423 15.029802905 19.460330538 12.178510441 18.951267028 18.297824074 15.022342224 21.207002090
[513] 20.564284366 17.833857073 14.800448513 10.811907791  6.440593971 14.012870814  9.115937126  7.717253802
[521] 18.428077069 13.051026212 18.983694033  0.693804247  9.181549852  0.657540964 10.984688916 19.321495887
[529]  7.618692132  7.348238449 12.530937258  3.082797740  1.021997632 10.226074858 13.047234018  4.640326708
[537] 15.998921560 17.442634382 14.691120416 13.604466819  1.245671006  0.144995775  1.492773770 13.265983314
[545]  8.414568087  5.689537540 16.330094673  0.193975289 11.903976283 11.330616322 15.111359423 14.277368645
[553] 12.981621521  6.344001406 12.672489846  7.566596080  5.777815004  4.633463827 14.622723474 12.641368039
[561]  9.326798372 14.464911620 12.639566245 11.556372066 16.309130776 11.642297667  1.905357455  1.275707723
[569] 12.370471732  6.787857918  5.493449446  4.420698154 18.082164863 10.061475686  8.336966904  5.987972408
[577]  0.815631021  8.669938421  7.343767149 13.084197468  3.244188321 15.124488884 11.426542243  4.958381085
[585]  4.333552008 16.717327335 12.987332363  4.041013549  3.601566210 10.385028600  3.139949195  1.521243422
[593] 17.077245337 17.747882552 15.692093550  8.712527866  8.689348426  0.420679608  9.909111133  5.074616243
[601] 14.320604582 15.599101327  7.933533431 11.128764103  8.005225041 11.785743867 14.032981018  9.014042848
[609]  3.362374784  1.259290789  1.039473046 13.751454295  7.569913903 12.785246750  2.114158167  2.064343897
[617] 14.639377062  9.530968760  3.150477580  2.551171864 13.068477663  6.233512394  0.772342863 15.496395018
[625] 14.635049835  9.929565465  9.837843094 12.694708697 11.474367993 10.799284912  5.580697981  0.286645548
[633] 13.402774648 12.358074397  8.952973836  8.159027771  2.801210076  1.360611474 14.311380484  5.412835274
[641] 12.467274043  9.222229530 12.518883869  2.028336287  0.882705590  5.584041715  2.152148290 13.081893201
[649]  9.166788758  4.385166680 14.461597150  5.337992637  3.927215957  0.300456821 13.515588741 12.092976815
[657]  7.974870557  6.804951647  4.026878614  8.293015968  6.643737413  6.414310516  5.206197163 11.221697060
[665]  6.250490148  5.920279080  0.543833606 13.484304586  7.221974292 10.058056357  3.048057852  8.879175654
[673]  4.592942150  3.440714694  4.223028569  2.647530307  7.269688726  8.644576691 12.598883837  6.033962608
[681] 13.023272107  7.427684792  5.434679171  6.017944721  6.664175992  4.167180674  0.175668111  5.602468793
[689]  2.416914321 11.038131013  3.324510053  6.245071750  6.219039040  4.222025804  4.106475308  0.468137867
[697]  7.608397821  6.919962837  3.389894235  2.612810179  7.033881146  5.047825484  2.281474779  0.119907722
[705]  4.477721557  6.796651875  1.879069648  9.589413029 11.718199768  9.376571719  5.187239394  2.153149707
[713]  1.990761411  3.927649912  8.687808918 11.339216156  9.692885139  8.197676445  6.948647633  5.509527932
[721]  0.713527105  9.031954746 10.280078570  2.951068166 11.128107157 11.765394167 11.598458201  9.570110151
[729]  8.843505052  7.132105298  3.097688119  3.042319255  3.034522362 10.954486163  9.761429916  0.070172626
[737]  3.172526331  9.614018130  8.781627048  3.002858881  2.858581463  8.627535201  3.594166379  2.522418036
[745]  0.490753293  4.020563658  1.295920263  0.009641170  3.365778063  5.010989625  8.559512735  5.329039182
[753]  8.806136966  2.324960431  9.149755046  5.083625360  5.452438472  9.692180148  1.275794324  5.666710221
[761]  0.731558379  9.303582847  7.220070347  0.000701707  7.156468214  2.843205124  0.521406342  1.454661535
[769]  7.152503693  3.478853769  3.807276323  5.667225056  2.410922630  8.869724445  5.404691430  8.414378092
[777]  6.372558661  8.467773090  7.452933022  3.235920483  3.230017919  2.270461961  5.559413276  2.486563855
[785]  5.371739001  8.086858692  6.899002843  3.315371695  8.682110792  8.097058518  6.420023277  4.147495968
[793]  1.595516120  3.606127392  0.133681425  7.305533198  4.157738316  1.838244804  5.674448321  1.589832712
[801]  7.390585832  7.036418289  4.319992227  3.936435880  3.888463947  3.092413145  6.742435415  4.532969012
[809]  6.941021701  5.427647951  3.183991938  2.010365097  0.140718373  6.770393642  0.165249080  5.216151979
[817]  5.109722174  0.416407009  2.103582678  3.276742872  1.572886561  4.423065661  2.330622864  1.723728720
[825]  0.596695404  1.640434972  5.409763849  4.531760907  3.871261378  7.132341416  3.673950724  3.144973717
[833]  5.480439815  0.853851692  3.493679362  4.167397560  4.670488560  1.347692673  4.131706568  5.772677377
[841]  4.669448559  1.789705494  3.280917856  4.105537416  1.517997708  0.771627788  1.733291529  2.777127523
[849]  3.523658052  4.684462793  0.208024185  2.776212532  5.352756059  0.756755728  3.794659373  3.325477783
[857]  5.135297919  1.193853346  0.011444376  5.086667451  2.672983344  2.171824724  2.535207399  3.947250689
[865]  3.379903214  2.571257094  0.150823637  4.209029148  3.502803960  0.729812965  0.133041724  1.594869188
[873]  1.413231045  0.499221116  1.208135338  0.131308229  3.023330167  3.032433351  1.416973319  1.986654660
[881]  3.933312772  2.662248628  0.226924711  0.221205360  3.027382500  2.607536331  3.628487311  2.976857824
[889]  0.631525467  2.248564865  2.268223747  2.217108511  3.209901563  2.834059119  1.064046693  0.615225630
[897]  3.135469693  0.144541112  1.434380533  0.899589783  2.147853187  0.539469851  0.387081836  2.836298167
[905]  2.889623028  2.024158804  1.570471572  1.611646931  0.058694758  2.356779541  1.083409034  0.247702292
[913]  0.324666586  0.335267343  0.587320082  1.378348203  0.811556387  1.924677420  1.037827882  0.922244909
[921]  0.202383785  1.258777815  0.132455739  0.049064783

$PAR
  [1]  NA   1   1   1   1   1   1   1   1   2   2   2   2   2   2   2   2   3   3   4  10  20  20  20   5  11  11  11  11
 [30]  11  11  11  11  11  25  25  25  26  26   6  35  36  36  41  41  41  41  41  41  41  41   7  44  44  44  44  44  44
 [59]  44  44  18  18  18  18  18  18  18  18  27  27  27  27  53  54  54  19  74  74  74  74  61   8   8   8   8   8   8
 [88]  55  55  55  55  62  62  62  62  62  76  76  76  76  76  76  76  76  82  82  82  82  14  14   9  63  63  63  63  69
[117]  69  69  69  69  69  69  69  97  97  97  38  38 105 105 105 127 112 112  84  84  81  81 113 111 111  77 132  37  70
[146]  70  70  70 128 142  40  40  40  40 143  78  79  79  79  79 133 133 133 133 133  15 114 114 114 166  85  85  85  85
[175]  85  64 144 144 144 144 144  47  47  47 115 115 115 115 115 115 145 157 157  65  92  92  16 192 192 192 192 116 140
[204] 140 134 134 134 205 205 205 205 205 205 205 177 177 177 177 177  91  91  91  91  91  91  91 197 197 197 156 156  24
[233]  24  24 155 155 155 155 155 193 193  98  98  98 159  71  71  71  72 206 206 195 235 194 183 100 100 199 199 186 186
[262] 186 186 186 186 230 230 200 179 179 179 179 266 266 252 252 252 252 149 227 227 124 124 254 254 254 254 284 256 256
[291] 256 256 256 232 279 279 279 246 246 246 139 139 139 139 139 242  66  66  66 295 295 295 260 125 125 125 125 125 138
[320] 138 160 261 261 207 207 207 207 207 117 135 135 288 241 241 241 241 330 269 269 269 131 131 273 273 273  86  86 301
[349] 301  67 209 146 146 146 146 146 352 267 267 267 267 267 353 353 276 276  93  93  93  57  57  57  57  57 152 152 152
[378] 136 136 136 136 136 370 201 201 201 337 337 337 337 337 343 343 228 228 228 351 167 234 319 168 313 313 313 313 302
[407] 302 302 258 258 258 216 216 216 216 344 344  94  94 418 418 285 285 321 202 202 259 231 231 231 358 358 358  95  95
[436]  49 332  96  96 118 270 409 409 331 422 422 289 289 289 442 442 262 262 346 425 425 412 412 452 452 452 438 438 286
[465] 250 298 298 440 363 363 287 403 257 434 434 436 436 247 296 464 248 248 248 248 248 248 312 359 359 245 245 245 435
[494] 435 435 435 435 439 439 439 428 428 299 299 172 480 459 320 187 187 187 334 512 371 371 371 371 395 395 395 338 338
[523] 388 388 513 513 430 147 147 306 271 271 271 342 243 243 441  60  60  60 378 378 427 389 389 389 507 507 528 153 280
[552] 280 280 355 523 509 509 509 408 408 408 437 469 173 360 360 360 360 218 218 218 218 446 446 446 521 521 401 401 361
[581] 361 510 362 362 457 424 424 424 424 211 211 211 573 102 335 503 503 503 419 297 119  30 593 471 471 505 103 103 103
[610] 103 103 586 586 397 397 348 411 491 308 308 565 565 221 501 501 501 501 450 537 324 324 324 309 309 372 372 372 372
[639] 595 492 602 602 624 120 120 154 154 465 465 181 506 511 511 511 515 515 539 539 539 451 451 451 451 625 562 562 562
[668] 317 404 104 104 607 607 607 518 518 356 655 455 455 668 668 668 544 580 648 648 522 522 535 535 681 681 681 681 681
[697] 460 460 473 473  31 458 458 458 628 560 563 466 679 213 643 641 641 569 290 508 415 283 283 283 283 393 236 236 549
[726] 204 264 264 566 564 564 564 564 716 291 291 664 527 527 467 483 630 630 423 423 590 590 590 499 723 502 502 534 534
[755] 432 432 574 339 339 223 223 599 462 627 380 758 758 728 618 618 453 326 381 484 484 642  50 755 755 635 635 672 729
[784] 753 739 596 596 596 597 789 742 742 751 477 477 504 385 385 790 790 605 605 605 603 603 603 237 237 529 529 529 529
[813] 529 697 697 613 682 682  51  33 318 530 530 530 796 281 463 463 677  87  87  87 763 765 769 730 701 719 787 706 485
[842] 485  34 661 661 661 175 517 791 554 249 622 693 680 684 327 399 399 799 646 646 783 810 486 663 860 860 584 584 850
[871] 536 673 673 493 705 650 836 686 792 844 588 588 659 805 829 148 771 771 855 340 869 835 699 699 788 820 781 494 893
[900] 328 832 671 671 877 150 150 905 866 391 744 910 823 782 891 892 862 647 880 918 826 821 838 838 858

$EXTANT
  [1] FALSE FALSE FALSE FALSE FALSE FALSE FALSE  TRUE FALSE FALSE  TRUE FALSE FALSE  TRUE FALSE FALSE  TRUE FALSE FALSE
 [20] FALSE FALSE FALSE FALSE FALSE FALSE FALSE FALSE FALSE FALSE FALSE  TRUE  TRUE FALSE FALSE FALSE FALSE FALSE FALSE
 [39] FALSE FALSE  TRUE FALSE FALSE  TRUE FALSE FALSE FALSE FALSE FALSE  TRUE  TRUE FALSE FALSE FALSE  TRUE FALSE FALSE
 [58] FALSE FALSE FALSE FALSE FALSE FALSE FALSE FALSE FALSE FALSE FALSE  TRUE  TRUE  TRUE  TRUE FALSE FALSE FALSE FALSE
 [77] FALSE FALSE FALSE FALSE FALSE FALSE FALSE FALSE  TRUE FALSE FALSE FALSE FALSE FALSE  TRUE FALSE FALSE FALSE FALSE
 [96] FALSE FALSE FALSE FALSE FALSE FALSE FALSE  TRUE  TRUE FALSE FALSE FALSE FALSE FALSE  TRUE FALSE FALSE FALSE FALSE
[115]  TRUE FALSE FALSE FALSE  TRUE  TRUE FALSE  TRUE  TRUE FALSE  TRUE FALSE FALSE FALSE FALSE FALSE FALSE FALSE FALSE
[134] FALSE FALSE FALSE FALSE FALSE  TRUE FALSE FALSE  TRUE FALSE FALSE FALSE FALSE  TRUE  TRUE FALSE  TRUE FALSE FALSE
[153] FALSE FALSE  TRUE FALSE FALSE FALSE FALSE FALSE FALSE FALSE FALSE FALSE  TRUE FALSE FALSE FALSE  TRUE FALSE FALSE
[172] FALSE FALSE  TRUE FALSE FALSE  TRUE FALSE  TRUE FALSE  TRUE FALSE FALSE FALSE FALSE  TRUE  TRUE FALSE  TRUE  TRUE
[191] FALSE FALSE FALSE FALSE FALSE FALSE FALSE FALSE FALSE FALSE  TRUE FALSE FALSE  TRUE  TRUE FALSE FALSE FALSE FALSE
[210] FALSE  TRUE FALSE FALSE  TRUE FALSE  TRUE FALSE  TRUE  TRUE FALSE FALSE FALSE  TRUE  TRUE  TRUE  TRUE  TRUE  TRUE
[229] FALSE FALSE FALSE FALSE FALSE  TRUE FALSE  TRUE FALSE  TRUE FALSE FALSE  TRUE  TRUE  TRUE FALSE FALSE  TRUE  TRUE
[248]  TRUE  TRUE FALSE  TRUE  TRUE FALSE FALSE FALSE  TRUE  TRUE FALSE FALSE FALSE FALSE FALSE FALSE FALSE  TRUE  TRUE
[267] FALSE FALSE  TRUE FALSE FALSE FALSE FALSE FALSE FALSE  TRUE FALSE  TRUE FALSE FALSE  TRUE FALSE  TRUE FALSE FALSE
[286] FALSE FALSE FALSE  TRUE FALSE  TRUE  TRUE  TRUE FALSE FALSE FALSE  TRUE  TRUE FALSE  TRUE FALSE  TRUE FALSE FALSE
[305]  TRUE  TRUE FALSE  TRUE FALSE FALSE FALSE FALSE  TRUE FALSE FALSE FALSE FALSE  TRUE FALSE  TRUE FALSE FALSE FALSE
[324]  TRUE FALSE  TRUE  TRUE  TRUE FALSE FALSE FALSE FALSE FALSE FALSE FALSE FALSE  TRUE FALSE  TRUE  TRUE  TRUE FALSE
[343] FALSE FALSE FALSE FALSE  TRUE  TRUE  TRUE  TRUE FALSE FALSE FALSE FALSE  TRUE FALSE FALSE  TRUE  TRUE  TRUE  TRUE
[362] FALSE  TRUE  TRUE FALSE FALSE FALSE FALSE FALSE FALSE  TRUE  TRUE  TRUE  TRUE FALSE  TRUE FALSE  TRUE  TRUE FALSE
[381]  TRUE  TRUE  TRUE FALSE  TRUE FALSE  TRUE  TRUE FALSE FALSE  TRUE FALSE  TRUE FALSE  TRUE FALSE FALSE FALSE  TRUE
[400] FALSE FALSE FALSE FALSE  TRUE  TRUE FALSE FALSE  TRUE FALSE FALSE FALSE FALSE FALSE FALSE FALSE FALSE FALSE FALSE
[419] FALSE FALSE FALSE FALSE  TRUE  TRUE FALSE FALSE FALSE FALSE FALSE  TRUE  TRUE FALSE  TRUE FALSE FALSE  TRUE  TRUE
[438]  TRUE FALSE  TRUE  TRUE FALSE FALSE FALSE FALSE FALSE FALSE  TRUE  TRUE FALSE  TRUE  TRUE  TRUE FALSE FALSE  TRUE
[457]  TRUE  TRUE FALSE FALSE  TRUE FALSE  TRUE  TRUE  TRUE  TRUE  TRUE  TRUE FALSE  TRUE FALSE FALSE  TRUE  TRUE FALSE
[476]  TRUE  TRUE  TRUE FALSE FALSE  TRUE  TRUE FALSE FALSE  TRUE  TRUE FALSE  TRUE  TRUE  TRUE  TRUE  TRUE  TRUE  TRUE
[495] FALSE  TRUE  TRUE FALSE  TRUE FALSE FALSE FALSE  TRUE  TRUE FALSE FALSE  TRUE FALSE  TRUE FALSE  TRUE FALSE  TRUE
[514] FALSE FALSE  TRUE FALSE  TRUE  TRUE  TRUE  TRUE FALSE  TRUE  TRUE  TRUE  TRUE  TRUE FALSE  TRUE  TRUE FALSE FALSE
[533]  TRUE  TRUE  TRUE  TRUE FALSE FALSE  TRUE FALSE  TRUE  TRUE FALSE  TRUE  TRUE  TRUE FALSE  TRUE FALSE  TRUE FALSE
[552]  TRUE  TRUE  TRUE FALSE  TRUE  TRUE  TRUE FALSE FALSE FALSE  TRUE  TRUE FALSE  TRUE FALSE  TRUE  TRUE FALSE  TRUE
[571]  TRUE  TRUE  TRUE FALSE FALSE FALSE  TRUE FALSE FALSE  TRUE  TRUE FALSE  TRUE  TRUE  TRUE FALSE FALSE  TRUE  TRUE
[590]  TRUE  TRUE  TRUE  TRUE FALSE FALSE  TRUE  TRUE  TRUE FALSE FALSE FALSE FALSE FALSE FALSE  TRUE FALSE  TRUE  TRUE
[609]  TRUE  TRUE  TRUE FALSE FALSE FALSE  TRUE  TRUE FALSE  TRUE  TRUE  TRUE FALSE  TRUE  TRUE FALSE FALSE  TRUE  TRUE
[628]  TRUE  TRUE  TRUE FALSE  TRUE  TRUE  TRUE  TRUE FALSE  TRUE  TRUE FALSE  TRUE  TRUE  TRUE  TRUE  TRUE  TRUE FALSE
[647]  TRUE  TRUE FALSE  TRUE FALSE  TRUE  TRUE  TRUE  TRUE  TRUE  TRUE  TRUE  TRUE  TRUE FALSE  TRUE  TRUE  TRUE FALSE
[666] FALSE  TRUE  TRUE  TRUE  TRUE  TRUE  TRUE  TRUE  TRUE FALSE  TRUE  TRUE FALSE  TRUE  TRUE  TRUE  TRUE  TRUE  TRUE
[685]  TRUE  TRUE  TRUE  TRUE  TRUE  TRUE  TRUE  TRUE  TRUE  TRUE  TRUE  TRUE  TRUE  TRUE  TRUE  TRUE  TRUE  TRUE  TRUE
[704]  TRUE  TRUE FALSE  TRUE FALSE FALSE FALSE  TRUE  TRUE  TRUE  TRUE  TRUE  TRUE  TRUE  TRUE  TRUE FALSE  TRUE FALSE
[723]  TRUE  TRUE  TRUE  TRUE FALSE  TRUE  TRUE  TRUE  TRUE  TRUE FALSE FALSE  TRUE  TRUE  TRUE  TRUE FALSE  TRUE  TRUE
[742]  TRUE FALSE  TRUE  TRUE  TRUE  TRUE  TRUE FALSE  TRUE  TRUE  TRUE  TRUE  TRUE FALSE  TRUE  TRUE  TRUE  TRUE  TRUE
[761]  TRUE FALSE  TRUE  TRUE  TRUE  TRUE  TRUE  TRUE  TRUE  TRUE  TRUE FALSE  TRUE FALSE  TRUE FALSE  TRUE FALSE FALSE
[780]  TRUE FALSE  TRUE  TRUE  TRUE  TRUE FALSE  TRUE  TRUE FALSE  TRUE  TRUE  TRUE  TRUE  TRUE  TRUE  TRUE  TRUE  TRUE
[799]  TRUE FALSE  TRUE  TRUE  TRUE  TRUE  TRUE  TRUE  TRUE  TRUE  TRUE  TRUE  TRUE  TRUE  TRUE FALSE  TRUE  TRUE FALSE
[818]  TRUE  TRUE  TRUE  TRUE  TRUE  TRUE  TRUE  TRUE  TRUE  TRUE  TRUE FALSE FALSE  TRUE  TRUE  TRUE  TRUE  TRUE  TRUE
[837]  TRUE  TRUE  TRUE  TRUE  TRUE  TRUE  TRUE  TRUE  TRUE  TRUE FALSE  TRUE  TRUE  TRUE  TRUE  TRUE FALSE  TRUE  TRUE
[856]  TRUE FALSE  TRUE  TRUE  TRUE  TRUE  TRUE  TRUE  TRUE FALSE FALSE  TRUE  TRUE FALSE  TRUE  TRUE  TRUE  TRUE  TRUE
[875]  TRUE  TRUE  TRUE  TRUE  TRUE  TRUE  TRUE  TRUE  TRUE  TRUE  TRUE  TRUE  TRUE  TRUE  TRUE  TRUE  TRUE  TRUE  TRUE
[894]  TRUE  TRUE FALSE  TRUE  TRUE  TRUE  TRUE FALSE  TRUE  TRUE  TRUE FALSE  TRUE  TRUE  TRUE  TRUE  TRUE  TRUE  TRUE
[913]  TRUE  TRUE  TRUE  TRUE  TRUE  TRUE  TRUE  TRUE  TRUE  TRUE  TRUE  TRUE

