
Birth-death simulation object with 1017 species and 500 extant species

Details for some species:

Extinction times (NA means extant)
[1]  66.80054  74.91129 105.33448  24.65281  99.09585  84.86602


Speciation times 
[1] 114.11025 109.72372 106.67562  87.96287 100.84592  85.74878


Species parents (NA for initial)
[1] NA  1  1  1  2  2


Species status (extinct or extant)
[1] "extinct" "extinct" "extinct" "extinct" "extinct" "extinct"


For more details on vector y, try sim$y, with y one of
TE TS PAR EXTANT



$TE
   [1]  66.8005361  74.9112870 105.3344827  24.6528080  99.0958493  84.8660179  49.3689946  34.9106315  86.1874894
  [10]  75.1923038  64.1876001  45.5493834   3.4208863  20.9761135   4.4694786  22.2361314  41.9066314  28.0026553
  [19]  29.1702130  22.2222005  62.8853482  81.4673723  41.6269972  44.4584806  46.6649927          NA          NA
  [28]  28.1255642  56.3506096  65.2831745  51.6752772  67.8280574  42.6726876  44.0387406  67.7822338  55.6398383
  [37]  70.8122362  50.7696109  25.8634814  38.8270280  52.4454312  39.7594330  39.8629930  46.8233100  49.1018022
  [46]   4.3841762  45.2461744  56.6434422          NA  65.0203718  35.2677346  35.9160237  45.6106842  52.2195625
  [55]  37.2523573   2.8567635  66.4536449  21.7225209          NA  38.5963156  20.5207588  27.9090518  12.6867233
  [64]  32.7480490  43.4557487  39.8000649  32.0416863  59.9266795  43.0458708  34.5950515  30.8457338  57.2147664
  [73]  46.0275602  28.6346492  45.8438714  23.2598037  19.2933039          NA  37.4848954  25.2864647  48.5685097
  [82]  21.1343224  46.0615592  51.7134453  25.6803797          NA  42.3278842  30.9135225  13.4611750  40.5371703
  [91]  23.0444403  48.6148762  11.5815081  11.6676589   2.6892137  52.6116157  56.2416063  35.1826977  39.9617487
 [100]  24.1148970   4.3634375          NA   7.6544862  14.1487511  40.1883770  25.6413388  20.6258569   3.5882239
 [109]   9.3680329  49.6853340  34.0705832  38.0991638  52.4791465  22.1817831  39.2716508  46.3054557  24.4335276
 [118]          NA  36.1028647          NA  12.3192355  16.9453509  11.9589739          NA          NA  37.8139538
 [127]  30.9438791          NA   7.6768463          NA  18.1291803   3.1191161  40.7302360  22.2515157   9.0278321
 [136]  28.0307594          NA  18.8889652  33.8556053          NA  33.2933519  47.1878881  27.0985908  36.3924045
 [145]  22.2827361   0.9900808          NA  29.0807220  31.3854504  20.4146211  13.2246767  18.3511708  12.9364335
 [154]   3.9085753          NA  24.1762074  29.1547518  20.5225768  40.1125420  41.9664341  43.2008496          NA
 [163]  28.0394910  28.6430060          NA          NA  11.9189726          NA   5.2002552  14.1207485  38.0487186
 [172]  42.2138338  38.6723515  32.5568295          NA          NA  42.4881756  24.1686908  18.9408190  16.7768241
 [181]  25.8454281   7.0995383  22.7244976  23.4516952          NA  19.4996336          NA          NA  20.9690227
 [190]          NA  21.1733561  22.7610119  13.8807501  40.3553569  37.0225766   6.7839358   7.6845958   8.1554016
 [199]   0.6350826  24.8583111   3.9166786  22.2693462  14.2645590          NA  15.8097457  24.3897863  38.2612448
 [208]  24.7286305  15.5210888  21.8309125  25.6087743  40.1082857   4.8878082          NA          NA  21.4528508
 [217]  27.5885871  19.8065413  27.6148416  29.6369762  37.1788663   7.1517556  24.3676002  21.7316608          NA
 [226]          NA   7.9455677          NA  15.5663847  24.5610779          NA  29.7733951  32.2992865  31.6498592
 [235]  31.2803025          NA   8.8345330          NA  15.3396969   5.3144027          NA  26.7027149          NA
 [244]          NA  24.0649897  29.1396284  12.5189558  28.0627421          NA          NA   1.0191625          NA
 [253]  23.7256893  30.4144861  17.3496572  31.0823282  13.5002333   5.4413838  35.3100314   9.4520149  35.0202030
 [262]  19.8459421          NA          NA  36.0126425          NA          NA   7.2354935   1.9561681  13.2460737
 [271]   8.3486334   2.4635671          NA          NA  31.6686555  32.2256863  10.7636274          NA          NA
 [280]  16.3890795  21.6809474          NA  23.6660013  21.7536409          NA  28.1714175  19.1316199  16.0355694
 [289]          NA   0.9012743          NA          NA  35.5985615  28.8787367          NA  20.4710428  26.3132657
 [298]   8.9843640   0.4476020          NA          NA          NA          NA  18.9039227          NA  24.6263178
 [307]  15.8031003   2.7964738          NA  22.1517696  30.4394565  20.4338665  28.7196810  20.4790987  24.3633912
 [316]          NA  20.6890316          NA          NA  30.2777434  16.3745376          NA  27.2661894  11.4401839
 [325]          NA   8.3046895  25.3331149   0.6491732  27.7450243  26.1839512  26.7880301  21.1596000   1.1291116
 [334]  21.6645629  17.0137275  13.9052739   3.0215635          NA          NA          NA          NA  19.6982699
 [343]  29.0524860          NA  24.3960298  12.2124159  28.3446705   9.9397357          NA          NA          NA
 [352]  23.0635833  18.0916898  11.1253841   9.8861372   6.0631613   1.3421810  27.6520365   2.1311444          NA
 [361]  18.5210331  22.1227759  28.2382499  29.5494188          NA   5.7363436  27.0786498  30.8402389          NA
 [370]   8.7956328  10.9040968  18.2071918          NA   8.5850518  17.3715109  12.3483141  28.5405341   1.4467367
 [379]          NA  13.6858781  14.8248764          NA  17.7543361          NA  11.5089398  14.6657888  31.4264872
 [388]          NA          NA  12.6340046   8.7479173          NA          NA   4.2008967  29.0780761  20.2220252
 [397]  16.6138329          NA  20.2028327  14.3105488   8.4074542          NA   5.1395222          NA          NA
 [406]          NA  13.4985677   7.8360906   8.7013017          NA          NA   8.7644214   5.1832446   8.2434064
 [415]          NA          NA          NA  21.0766054  23.1013992  15.0111109  23.6514753  26.3886120          NA
 [424]  22.2423728  21.7356582   8.5946330          NA          NA  15.9530397  14.6517517  19.0790594  17.8489979
 [433]   9.2617466  15.3064297          NA          NA          NA   5.0496553          NA  12.4290660   5.4122717
 [442]  13.2377934   2.2493400          NA  18.7267151  15.3834929  15.1667540  16.5554178          NA          NA
 [451]          NA  13.6144502   9.8524412   9.7353107  14.1957134   8.0445729          NA          NA          NA
 [460]  24.9576889  22.3773701          NA          NA  24.6958415          NA   0.5947028   9.4975475  18.0917339
 [469]  23.3386751  11.9401768          NA   8.8833958   3.4444420   2.0593563          NA          NA  15.9113845
 [478]  22.2667464   6.5897068          NA          NA   6.8514442  13.1497369          NA          NA   5.4227737
 [487]   1.0411541          NA  20.9755900          NA          NA  15.5235328   8.7420474          NA   6.3901482
 [496]          NA          NA          NA          NA          NA          NA  20.2315968  24.4674232          NA
 [505]          NA          NA          NA          NA          NA          NA   5.5222951          NA          NA
 [514]          NA          NA  12.5267695  19.4726614          NA  12.6938469   5.5294431   3.8811148   6.1813489
 [523]          NA   1.8611182          NA          NA   9.3557229   2.7107580          NA   7.8058360   5.1753000
 [532]  14.1456180   3.7357094          NA   4.9511747          NA  13.0987562  18.1134017   5.0375265  14.1351591
 [541]          NA          NA          NA          NA   2.5640454   6.3924884          NA          NA          NA
 [550]  18.4919496  16.9576634  10.9146068          NA   0.4438815          NA          NA  12.9469180   9.0658394
 [559]          NA  19.1665839  11.9854273  10.6526064          NA   7.9879063   0.7026445  11.3461192  10.7124034
 [568]   9.6807278  13.9099068          NA          NA          NA          NA          NA          NA   5.6054389
 [577]          NA   4.2232259   6.7772011          NA          NA          NA   1.9683012   6.9369319          NA
 [586]          NA          NA          NA          NA   5.4007396          NA          NA          NA          NA
 [595]          NA          NA   3.8843265   1.0739072          NA          NA          NA  12.6892391  10.1627424
 [604]          NA   2.5678641   0.5366403          NA          NA   9.3452807          NA   6.8733834          NA
 [613]  17.3807334   6.1750041          NA          NA          NA          NA          NA          NA   8.7119821
 [622]   2.0575496          NA          NA          NA  17.1442512   5.2005542  12.9710809  16.0078850          NA
 [631]          NA          NA          NA          NA   6.5924996          NA          NA   6.3677469   1.1312493
 [640]          NA          NA          NA  10.7091616          NA   8.5332582  12.5293185          NA   4.1065735
 [649]   1.8237573   2.9566295          NA          NA   4.0267607   7.1866533   6.7246263   0.9553237          NA
 [658]   7.6845723          NA          NA   6.7162247          NA          NA          NA          NA          NA
 [667]  12.5168006          NA  16.5229521  12.9579137  12.2783945          NA          NA  12.8638573          NA
 [676]  12.8722362  12.6752172          NA          NA          NA          NA          NA          NA          NA
 [685]          NA          NA   5.1968759   4.8417727   9.9949076  10.8454078          NA   3.7245363          NA
 [694]          NA          NA          NA          NA   4.3002018          NA          NA          NA   4.0050230
 [703]          NA          NA          NA          NA          NA          NA          NA          NA          NA
 [712]  12.8367218          NA   6.7189090          NA          NA          NA          NA          NA   5.3439070
 [721]   0.9332389          NA   7.5229417   8.9675995   5.6284885          NA          NA   1.5460797          NA
 [730]          NA          NA          NA          NA          NA          NA          NA   8.1155029  11.2984870
 [739]   4.6235544   1.5713647          NA          NA  13.2326629   4.6965711   2.1558645          NA  13.6862743
 [748]          NA          NA          NA          NA   1.3551071          NA          NA          NA          NA
 [757]          NA   8.2542931          NA          NA   4.3489876          NA          NA          NA   8.8248771
 [766]          NA          NA          NA          NA          NA          NA          NA          NA   9.2836063
 [775]          NA          NA          NA          NA          NA          NA          NA          NA          NA
 [784]          NA   5.9991629          NA   8.2730358          NA          NA          NA          NA          NA
 [793]          NA   8.2887474          NA   3.0779752          NA          NA          NA          NA   0.4275617
 [802]   5.4888013          NA   8.2907304          NA          NA          NA          NA          NA   6.0754384
 [811]          NA          NA          NA          NA          NA          NA   3.7862944          NA          NA
 [820]          NA   4.0450739          NA          NA          NA          NA          NA          NA   9.9296170
 [829]          NA          NA   7.6250061          NA          NA          NA          NA          NA          NA
 [838]          NA          NA          NA          NA          NA          NA          NA   0.2212625          NA
 [847]          NA          NA          NA   5.7267531          NA          NA   9.0303494          NA          NA
 [856]          NA   5.5790999          NA          NA   2.9817370          NA   0.9987288          NA   5.4159756
 [865]   7.4892055          NA          NA          NA          NA          NA   8.1241984          NA          NA
 [874]   2.3281666   4.2869819          NA          NA          NA          NA          NA          NA          NA
 [883]          NA          NA          NA          NA          NA          NA   2.5468983          NA          NA
 [892]          NA          NA          NA          NA          NA          NA          NA          NA          NA
 [901]          NA          NA          NA          NA          NA          NA          NA          NA          NA
 [910]          NA          NA          NA          NA          NA          NA          NA          NA          NA
 [919]          NA          NA   3.9011082          NA   4.0384666          NA          NA          NA          NA
 [928]          NA          NA          NA          NA          NA          NA          NA          NA   0.8586791
 [937]          NA          NA          NA   5.0824678          NA          NA   2.5538699          NA          NA
 [946]          NA   2.8482584          NA   1.1156557          NA          NA          NA   0.0364620   2.5089014
 [955]          NA          NA          NA          NA          NA          NA          NA          NA   2.3084099
 [964]          NA          NA          NA          NA          NA          NA   1.1227909          NA          NA
 [973]          NA          NA          NA          NA          NA          NA          NA          NA          NA
 [982]          NA          NA          NA          NA          NA          NA          NA          NA          NA
 [991]          NA          NA          NA          NA          NA          NA          NA          NA          NA
[1000]          NA
 [ reached getOption("max.print") -- omitted 17 entries ]

$TS
   [1] 114.11024664 109.72372016 106.67561536  87.96286776 100.84591535  85.74877537  77.20220466 100.44355611
   [9]  90.54014078  88.76834353  73.17268817  58.47887393  49.63038265  48.92276743  47.83507722  44.28659662
  [17]  43.66390027  41.17603175  37.94475584  35.99162818  87.29503132  86.73092793  65.80456279  59.04446324
  [25]  47.80265956  41.97495883  34.02407137  30.09534412  74.36641873  73.25878752  70.61285377  70.53397402
  [33]  63.98142244  70.93846569  70.64839527  59.51358233  71.22734120  70.99274939  69.47834096  66.95674432
  [41]  56.36856767  53.04079534  61.67260994  57.84315776  54.67746276  48.60466990  47.10875858  70.02067023
  [49]  69.76602546  65.66002016  54.60248962  54.41196383  68.71108459  61.17230907  43.49678620   5.08323306
  [57]  68.39730237  49.98283700  44.69093861  39.03079565  35.77731504  30.43839640  58.08685609  66.46657127
  [65]  60.66573198  49.83060585  48.08346720  66.31717510  64.34955062  36.28063852  33.29332070  64.65796080
  [73]  61.94006690  60.09706671  52.94673919  51.95873360  63.87255975  51.68671512  50.70822851  37.25883310
  [81]  56.29161704  51.63627265  47.17851333  61.51598416  61.38871863  59.80415640  47.96013523  38.09701730
  [89]  45.21339624  54.61141552  29.70137482  49.60641129  17.52044035  11.99748824   9.69952881  56.83506572
  [97]  58.89710850  51.90805231  44.31530895  42.30804318  21.07112690  17.22341683  15.23583807  55.59148274
 [105]  47.61876748  47.42171687  39.06630414  29.81339643  22.45202607  50.75129494  49.30792114  42.44364418
 [113]  53.15304412  45.90011552  43.13677083  51.82220851  50.14849402  42.39206843  49.82534566  30.73446749
 [121]  19.14514815  17.44249100  15.43616177   7.60798215   0.25138281  44.74990961  44.41040523  32.28154844
 [129]  31.87747962  23.84893240  47.81311273  42.68031714  48.64722813  39.29822290  36.58593046  36.31787543
 [137]  31.15629832  49.67170044  45.26867194  37.41571525  37.19745720  49.40673584  43.38618810  40.62203299
 [145]  39.01957961  39.17487513  39.11614806  34.97639079  34.18962770  24.56279591  21.94573658  21.77654632
 [153]  17.22190061  11.57023403   6.30293057  42.20300942  38.98073637  33.46314504  41.69131821  48.48923611
 [161]  43.85672201  32.53154569  31.83864084  28.68029576  23.06425091  16.66610866  13.68395280  13.62350846
 [169]   8.26642794  45.49989716  40.34415660  45.53162604  41.77590968  35.76565452  19.80457131   8.09060119
 [177]  44.09632294  32.25141084  30.05252599  47.46945489  41.11628412  40.89724102  34.12111346  31.75184455
 [185]  21.60971608  19.93825647  36.49181865  27.37540610  46.98068917  39.59794919  24.45595489  23.25795068
 [193]  44.32680618  42.81202119  40.94819078  27.16850352  22.91091775  22.61840995  40.00086962  34.64212185
 [201]  28.47189103  27.52749161  15.58946662  32.70933176  25.99123818  39.71619346  38.73639712  31.64913281
 [209]  31.73664083  29.91035204  25.63881844  40.20820740  28.90609781  26.42469489  42.74024169  42.68069617
 [217]  28.75477584  40.46934690  40.20019367  39.62334521  38.10195495  37.34031351  35.79663084  33.80913889
 [225]  22.37567012  14.86950352  12.34635679   1.03080312  42.13283789  36.88799365  28.18560117  40.09247014
 [233]  37.08891639  34.49487734  33.50539463  28.86670916  28.13349202  22.28058687  19.89596939   6.55115015
 [241]   4.32135296  38.06088714   9.04651327   1.97731997  28.63603091  36.70508329  27.94798224  39.51221209
 [249]  18.15679144   5.19582484   2.22093211   0.10172214  38.18308564  34.39106576  31.44285496  35.84671796
 [257]  22.70883941  10.91547123  38.23201400  40.04028005  39.18704710  38.72156799  37.92323033  29.25950297
 [265]  39.60873934  27.94650719  32.71486107  28.95713478  39.68589062  25.81997490  28.81330191  27.37302067
 [273]  16.91477079  15.15082975  39.06283117  36.77301220  19.08593280  10.46968831   5.29197459  35.92513554
 [281]  28.74201702  28.26669877  25.95522869  25.16401916   4.99537590  33.66513109  33.02985514  23.55845305
 [289]  21.75255155  18.51686808   5.85867931   3.59053007  35.99358588  33.54088891  37.30093179  29.79432097
 [297]  27.23257023  23.08942591  20.52428044   4.10596946  23.19356514   0.10169712  30.48986096  26.35725919
 [305]  22.64256316  31.03416766  24.13810156  20.64563549  15.11600013  30.78399263  30.74269379  25.69619915
 [313]  36.48817552  33.40988068  29.00751727  28.15551854  26.02577354  34.97745177  32.55755140  35.11435133
 [321]  33.09326682  30.61222239  29.82464977  14.60961696  11.13808654   8.83286970  30.85106436  33.55831516
 [329]  29.17999347  28.26403501  29.55176618  32.37429644  25.06860999  29.35899317  24.57947696  21.75923031
 [337]  19.69977936   6.29086278   5.67735407   4.69864336   3.58420633  32.64572672  32.59490229  33.64031767
 [345]  32.45529244  26.98841198  29.11734251  24.26827765  13.07633657   0.35321176  24.88511660  30.33947589
 [353]  29.84426799  20.06356839  12.66233633   7.14547673   1.50591534  33.39183618   9.96153863   2.10889623
 [361]  33.53705141  31.39385816  32.64363141  32.56213216  29.10538840  22.75465502  31.27885077  32.94319670
 [369]  21.90699191  24.43945965  24.01753402  22.36842300  21.18175073  19.55712793  19.04245988  17.03529845
 [377]  29.86577836  29.36634250   3.21951827  31.25547519  23.29390664  15.98718314  18.96591616   1.53438571
 [385]  28.81303108  28.22635589  31.93686382  13.61399349   4.18516299  25.19236182  19.69130655  17.56419140
 [393]  12.29541627  28.82611575  29.78428405  30.64715202  28.58657089  21.86296930  20.57283981  29.70712867
 [401]  23.96765515  22.42551340  25.26220370  19.00505845  17.10160268  15.77269402  25.63304564  24.61853491
 [409]  10.76967736   8.00191667   5.34250450  26.09802333   9.66830831  20.78322184  17.89923695   6.16545995
 [417]  16.91401038  30.19765631  27.35667672  26.07982703  29.65821387  28.62474402  22.07364049  25.74457801
 [425]  25.86436157  16.40511049  15.32949220   8.65504113  29.59135550  24.79431503  22.87282750  23.81479341
 [433]  24.21959029  28.70387938  22.96867300   8.85903425   3.32704541  18.06523407   1.63020838  28.65805204
 [441]  14.43727962  14.43391080  12.29233588  11.89030146  27.35091598  19.39437230  17.86205699  24.21641935
 [449]  21.86144618   7.56009716   2.22523596  25.61577552  16.26877692  12.06593494  20.03069768  19.56894420
 [457]  18.68353277  21.17259937  18.87074876  28.05682588  28.26296210  12.24496970  28.14713593  25.60881543
 [465]   8.53437956   1.63454445  20.27461053  18.40208908  24.43442662  22.11510523   1.28341341  22.20331099
 [473]  16.35922627   9.11672420  25.94403503  10.01769620  27.90968941  23.13608328   8.30321038  23.58168169
 [481]  16.00017853  25.86185089  19.59235796   5.32365597  26.84087046   5.85424746  24.30804589  24.49705615
 [489]  26.02438822  20.12270048  11.94597476  22.38515856  21.83832092  20.23588979  17.60803111  13.23966575
 [497]   1.35576020   0.72555788  15.69519853   3.35750619  15.86660395  24.98399436  24.84815235  21.14791819
 [505]  15.81946182   8.20653138   7.90852590   8.98605879  25.67447151  12.77399764  15.95076051  11.31751116
 [513]   5.20030267  19.32945704   7.75142330  22.59925757  21.23975786  11.11386807  22.44293516  16.35439274
 [521]  10.15000888   7.81724907   4.68013313   2.45738461   1.00196868  19.64055522   9.53419396  16.96261167
 [529]  11.92951970  11.53055826  23.86288202  21.41766367  19.20901173  18.93795468  18.87333028  16.90888924
 [537]  21.33498691  19.40323182  17.48139738  17.02170960  16.94596917  12.39193302  19.61364491  15.82097166
 [545]  14.73014894   8.86759236   2.15932845  18.34523975  20.77529435  20.64857698  21.28321919  16.57497936
 [553]   3.87566612   0.70152824  14.78920408   4.31889842  13.85079214  10.33521115   8.30286720  22.47968086
 [561]  16.88660905  15.83773549  12.11071234   9.62993145  22.28987722  21.65927526  17.64481755  16.95598844
 [569]  20.66019209   3.46232666  13.45226294   9.68825301  22.44796948  17.46026682  20.00803927   9.51923547
 [577]  13.85856256  21.14755746  13.16948971  12.59608677   5.99015720  18.20313045   4.51963120  18.49142353
 [585]  12.60666953   3.02785433  20.52707826  17.93110723  13.48875588   6.74204247   5.65850511  16.95246242
 [593]   9.73175612   7.52549167   2.52565822  19.63867189  13.33507311  11.18603195  11.35913014   5.46454541
 [601]  16.99565025  20.15335072  12.73004718  11.91845052  11.59763391   9.94754054  15.05224802   3.60537843
 [609]  19.83929698   2.46415873   9.14996144  18.25986535  17.82496301  14.49226357  10.31026142  10.39688777
 [617]   7.65280147   0.17860070  13.10472641   3.91857765  10.43352391  13.31056681  17.13116087   7.59136710
 [625]  18.88707750  17.60715352  16.20801309  14.45750607  17.42921099   3.28492267  17.33453709  18.57119199
 [633]  16.44182077  15.88935467  17.49925944   4.53370601   0.29760436  10.64302500  10.35747580   5.70069601
 [641]   3.44976768   2.10332970  17.70764095  13.44780907  13.25723869  18.49193369  11.15445769  15.83447211
 [649]   8.35055662   8.95418305   7.87443603   7.64613986   6.14944077  13.03051058  13.78896335   7.94555440
 [657]   1.14867267   9.50936670  13.50413324   6.65835705  10.44084394  16.76724772   4.14849537   9.92118572
 [665]   8.54518680   3.22179000  14.69167394  12.35750552  17.15917558  13.80084603  12.72644866   6.26875552
 [673]   2.18512563  13.16244137   7.52502953  14.27835980  13.19221861   4.77375581   4.42419943  11.76405147
 [681]   7.13026525  15.44780801  17.51706111  16.46262650  11.82018706   7.45922026   6.92395730  13.45288154
 [689]  15.83064339  15.36235619  10.70156999   9.77205584   8.66990103   5.47498520  13.29416457   4.94606463
 [697]  13.83016798  14.12108339  11.83237961   9.98978979   7.62439175  13.88780463   5.03419393  16.62965107
 [705]   9.47500471   6.10158751   6.10148880   3.80853684  12.35615556   6.75015998   6.45478098  16.27969834
 [713]  10.02559918  13.81926855  12.51184869  11.06442738   2.72981321  14.27184044  12.96033818  10.56910318
 [721]  15.54298026  11.07402643  15.70333227  12.64230836  11.79519006   9.60167283   9.09110376   7.70924928
 [729]   3.44682706   0.69974896   6.64982966  13.43929865  11.55792462   2.30255056  15.56348823  11.78072690
 [737]  13.30254624  12.86486337   9.99132205  15.38585428  12.97691396  12.10635922  15.19966099   7.72524738
 [745]   3.88239537  15.45927943  13.93547824  11.67989423  10.82239410   8.66098030   7.74651457  10.23587589
 [753]   1.66511296  10.63277406   6.47649976   0.95289933  15.25455926  14.28322018   2.20076709   0.90599952
 [761]  10.37753655  10.22924673  13.79516242   4.08421582  13.97986612   8.59923715   1.18269445  14.31621470
 [769]   4.58467041   2.59545873  11.29101513  11.64975326   9.36506402   9.29888756   6.25755211   3.88605498
 [777]   3.49896640   1.36694670  12.91527646   6.66383313   2.44056635   7.85992418   2.48169000  13.24340188
 [785]  10.99408678  11.10557499   9.45604964   9.13951323   7.57406195   8.75257496  11.70071540   8.75982883
 [793]   8.74325071  12.37908527   9.23122634   5.66266285  12.40918096  11.54916635   7.61514827   3.30249242
 [801]   6.66446862  11.58623705   0.48777204  12.43646168  12.38616036   4.53546548  10.86271370   6.90034231
 [809]  10.69695682   9.76744998   1.41247649  11.51043544   5.02028272   6.59255348  11.47601768   8.90618752
 [817]   8.04606200   7.69560334   9.91847224   2.41722713   5.79299566   2.63916249   1.15224652   7.23477789
 [825]   4.79676762   0.70324520   0.85961018  10.81078270   6.38609139   3.10101950   7.99271150   2.57561218
 [833]   1.77418670   2.04644622   3.54396109   3.02046324   1.17002468   3.99578268   3.60080537   1.72194955
 [841]   0.46573293   4.22217641   1.85932428   8.63578860   6.32760822   4.24585412   0.64642822  10.34064917
 [849]   5.19780078   7.18171780   4.72005004   8.51943904  10.22084477  10.66574087   2.82046058   1.33700699
 [857]   7.59235062   8.11773383   9.42727263   3.25631895   4.12761476   3.70250889   9.83086407   6.96462484
 [865]   9.59798482   6.63015647   5.46953441   2.61158751   4.59738311   6.74100287   8.91983835   9.20302574
 [873]   1.47275411   8.81549659   5.26412622   5.87543707   3.43210188   5.23183933   3.40953847   6.99678073
 [881]   1.25535459   1.06590833   6.40601328   2.85541158   6.90148904   1.58390501   0.11432950   8.54485817
 [889]   7.03014754   1.80060609   3.49806971   6.74189198   4.77194029   1.36217278   4.39611040   4.94141433
 [897]   2.83260703   6.75393458   4.45249501   4.25977563   0.03089851   8.12501363   5.99482265   4.76382491
 [905]   1.36611453   3.74279429   3.85834389   8.07266901   3.19670466   7.54814209   7.38821505   6.06552113
 [913]   5.81603802   4.21614688   1.67517620   2.32046639   1.33643135   1.14998640   6.61458788   0.48689574
 [921]   4.56799651   3.46838377   4.17833952   6.07839710   1.54650500   0.03971288   4.52969140   4.14460395
 [929]   0.27742678   0.06438178   5.07142947   2.25362608   0.90418069   0.49892562   2.28067782   6.20355575
 [937]   4.33702558   2.10197377   1.69058962   6.22899726   3.08123949   4.27025429   3.68387531   3.48693688
 [945]   3.37796551   2.16959235   3.12364460   5.05043834   5.56224124   1.87620833   1.87347061   1.83959822
 [953]   1.33804420   5.10388122   2.24054898   0.06536162   4.25584385   4.66098010   0.48287262   4.95043929
 [961]   4.23872238   3.50657875   3.38158755   3.00676722   3.36606135   1.33533694   4.69603122   2.48316263
 [969]   1.17405494   1.40437687   0.47601507   4.15984262   2.92347387   1.78519254   0.35225290   1.72016659
 [977]   3.58968908   3.62608808   0.50296208   1.28676595   0.12420830   3.28322146   1.93469706   3.78818096
 [985]   2.66142909   2.06876923   3.65578442   0.87394579   2.63473350   0.53469855   2.67735690   3.42277987
 [993]   3.16854597   2.75828058   2.31175200   2.21252933   3.14287872   1.27142016   2.38237841   0.38530715
 [ reached getOption("max.print") -- omitted 17 entries ]

$PAR
   [1]  NA   1   1   1   2   2   2   5   8   8   8   8   8   8   8   8   8   8   8   8   4   4   4   4   4   4   4   4
  [29]  21  21  21  21  21  29  29  29  30  30  30  38  38  38  34  34  34  34  34  35  35  31  31  31  48  49  49  49
  [57]  39  39  39  39  39  39  53  57  40  40  40  64  64  64  64  68  68  23  23  23  33  77  77  77  73  73  73  43
  [85]  43  84  85  85  65  74  74  86  86  86  86  36  24  63  63  63  63  63  63  96 104 104 104 104 104  45  90  51
 [113]  52  52  52  42  76  76  98  78  78  78  78  78  78  82  82  82  82  82  79  79 117 117 117 117 117  58  58  58
 [141]  58  66  66  66 119  13  13  13  13  13  13  13  13  13  13  14  14  14 133  46  46  46  46  46  46  46  46  46
 [169]  46 160  67  15  15  15  15  15 131 131 131  25 180 180 180 180 180 180 106 106  83 189 189 189 114 114 114 114
 [197] 114 114 170 170 170 170 170  89  89 126  59  59 127 193 193  16  16  16 143 143 143 194 215 215 215 215 215 215
 [225] 215 215 215 215 216 216 216 132 132 132 132 132 132 132 132 132 132 118 118 118 100 156 229  26  26  26  26  26
 [253]  18 181 181 182 182 182 144 218 218 218 218 218 171 260 199 199 206 206 269 269 269 269 265 265 190 190 190 248
 [281] 248 248 134 134 146 147 147 147 147 147 147 147 253 253 242 242 263 263 263 263 140 140 222 222 222 295 295 295
 [309] 295  80  80  80 233 230 230 230 230 276 276 246 246 135 135 135 135 187 313 136 136 136 280 256  61 318 318 318
 [337] 318 318 318 318 318 200 200 234 149 183  27  27  27  27 224 286 286 344 344 344 344 328 328 328 294 235 158 314
 [365] 314 314 358  71 321 287 287 287 287 287 267 267 204 204 204 342 342 319 162 162 345 345 128 128 128 129 129 129
 [393] 129 163 184 209 209 209 209 208 362 362 380 380 380 380 137 137 137 137 137 310 120 322 322 322 303  62 352 352
 [421] 418  28 179 353 108 108 108 108 400 400 400  91 421 378 378 378 378 264 264 347 365 365 365 365 315 268 213 236
 [449] 236 236 236 394 271 271 385 385 385 440 440 245 201 201 282 282 282 282 386 386 231 231 316 463 463 463 237 237
 [477] 247 247 266 477 477 188 188 188 272 272 419 445 196 196 196 346 346 346 346 485 485 485 214 214 205 283 475 475
 [505] 475 475 475 482 312 509 407 403 403 390 351 430 430 408 150 488 488 488 488 488 488 370 370 487 487 487 348 348
 [533] 348 433 433 448 307 307 307 307 401 401 531 531 531 130 130 480 288 288 301 301 301 301 435 435 197 197 197 431
 [561] 366 366 366 366 257 257 257 257 305 305 198 198 516 516 109 109 573 519 519 402 402 225 225 372 565 238 472 472
 [589] 470 369 369 398 398 398 449 336 289 289 185 185 532 551 373 373 373 373 458 458 504 504 578 101 101 101 101 414
 [617] 549 549 587 587 467 494 602 490 354 354 354 354 455 575 239 337 337 337 526 526 526 596 596 596 596 543 483 483
 [645] 456 374 374 446 514 533 404 404 404 534 625 625 625 535 459 459 457 632 632 290 290 290 646 584 548 548 548 548
 [673] 548 612 612 582 582 582 582 249 438 588 447 643 643 392 392 635 539 539 574 574 574 574 631 631 623 405 405 405
 [701] 405 376 601 528 592 592 592 592 273 273 273 417 536 662 662 166 704 684 633 633 473 473 520 520 520 520 520 481
 [729] 382 382 511 634 634 501 562 562 648 648 544 505 505 505 406 406 406 723 499 499 499 735 735 721 721 746 682 682
 [757] 690 757 757 757 103 103 274 274 309 607 607 226 226 555 545 324 441 441 768 768 768 768 758 718 718 577 697 763
 [785] 655 571 571 571 571 597 622 622 695 784 784 784 579 619 741 719 779 738 510 603 585 585 580 580 715 715 715 797
 [813] 797 542 794 794 668 668 709 709 563 563 491 604 604 604 444 685 685 680 772 772 772 798 812 812 812 815 815 815
 [841] 599 598 518 786 786 786 722 716 716 785 807 749 409 809 754 754 278 616 761 639 848 848 713 713 476 476 476 700
 [869] 359 606 664 692 593 572 413 726 859 773 872 611 788 788 474 474 243 243 243 508 508 508 816 792 793 793 693 844
 [897] 844 766 766 665 665 888 888 888 465 649 506 902 858 176 507 751 728 728 728 617 701 124 857 789 910 910 675 686
 [925] 824 824 681 681 880 880 885 710 801 801 866 919 814 814 814 240 711 883 883 883 883 883 672 775 416 416 707 924
 [953] 903 876 291 591 867 931 948 703 285 285 285 825 678 893 340 340 958 927 899 895 241 556 900 961 972 663 663 928
 [981] 300 838 620 553 708 906 862 292 977 962 944 570 992 963 945 437 800 800 379 586
 [ reached getOption("max.print") -- omitted 17 entries ]

$EXTANT
   [1] FALSE FALSE FALSE FALSE FALSE FALSE FALSE FALSE FALSE FALSE FALSE FALSE FALSE FALSE FALSE FALSE FALSE FALSE FALSE
  [20] FALSE FALSE FALSE FALSE FALSE FALSE  TRUE  TRUE FALSE FALSE FALSE FALSE FALSE FALSE FALSE FALSE FALSE FALSE FALSE
  [39] FALSE FALSE FALSE FALSE FALSE FALSE FALSE FALSE FALSE FALSE  TRUE FALSE FALSE FALSE FALSE FALSE FALSE FALSE FALSE
  [58] FALSE  TRUE FALSE FALSE FALSE FALSE FALSE FALSE FALSE FALSE FALSE FALSE FALSE FALSE FALSE FALSE FALSE FALSE FALSE
  [77] FALSE  TRUE FALSE FALSE FALSE FALSE FALSE FALSE FALSE  TRUE FALSE FALSE FALSE FALSE FALSE FALSE FALSE FALSE FALSE
  [96] FALSE FALSE FALSE FALSE FALSE FALSE  TRUE FALSE FALSE FALSE FALSE FALSE FALSE FALSE FALSE FALSE FALSE FALSE FALSE
 [115] FALSE FALSE FALSE  TRUE FALSE  TRUE FALSE FALSE FALSE  TRUE  TRUE FALSE FALSE  TRUE FALSE  TRUE FALSE FALSE FALSE
 [134] FALSE FALSE FALSE  TRUE FALSE FALSE  TRUE FALSE FALSE FALSE FALSE FALSE FALSE  TRUE FALSE FALSE FALSE FALSE FALSE
 [153] FALSE FALSE  TRUE FALSE FALSE FALSE FALSE FALSE FALSE  TRUE FALSE FALSE  TRUE  TRUE FALSE  TRUE FALSE FALSE FALSE
 [172] FALSE FALSE FALSE  TRUE  TRUE FALSE FALSE FALSE FALSE FALSE FALSE FALSE FALSE  TRUE FALSE  TRUE  TRUE FALSE  TRUE
 [191] FALSE FALSE FALSE FALSE FALSE FALSE FALSE FALSE FALSE FALSE FALSE FALSE FALSE  TRUE FALSE FALSE FALSE FALSE FALSE
 [210] FALSE FALSE FALSE FALSE  TRUE  TRUE FALSE FALSE FALSE FALSE FALSE FALSE FALSE FALSE FALSE  TRUE  TRUE FALSE  TRUE
 [229] FALSE FALSE  TRUE FALSE FALSE FALSE FALSE  TRUE FALSE  TRUE FALSE FALSE  TRUE FALSE  TRUE  TRUE FALSE FALSE FALSE
 [248] FALSE  TRUE  TRUE FALSE  TRUE FALSE FALSE FALSE FALSE FALSE FALSE FALSE FALSE FALSE FALSE  TRUE  TRUE FALSE  TRUE
 [267]  TRUE FALSE FALSE FALSE FALSE FALSE  TRUE  TRUE FALSE FALSE FALSE  TRUE  TRUE FALSE FALSE  TRUE FALSE FALSE  TRUE
 [286] FALSE FALSE FALSE  TRUE FALSE  TRUE  TRUE FALSE FALSE  TRUE FALSE FALSE FALSE FALSE  TRUE  TRUE  TRUE  TRUE FALSE
 [305]  TRUE FALSE FALSE FALSE  TRUE FALSE FALSE FALSE FALSE FALSE FALSE  TRUE FALSE  TRUE  TRUE FALSE FALSE  TRUE FALSE
 [324] FALSE  TRUE FALSE FALSE FALSE FALSE FALSE FALSE FALSE FALSE FALSE FALSE FALSE FALSE  TRUE  TRUE  TRUE  TRUE FALSE
 [343] FALSE  TRUE FALSE FALSE FALSE FALSE  TRUE  TRUE  TRUE FALSE FALSE FALSE FALSE FALSE FALSE FALSE FALSE  TRUE FALSE
 [362] FALSE FALSE FALSE  TRUE FALSE FALSE FALSE  TRUE FALSE FALSE FALSE  TRUE FALSE FALSE FALSE FALSE FALSE  TRUE FALSE
 [381] FALSE  TRUE FALSE  TRUE FALSE FALSE FALSE  TRUE  TRUE FALSE FALSE  TRUE  TRUE FALSE FALSE FALSE FALSE  TRUE FALSE
 [400] FALSE FALSE  TRUE FALSE  TRUE  TRUE  TRUE FALSE FALSE FALSE  TRUE  TRUE FALSE FALSE FALSE  TRUE  TRUE  TRUE FALSE
 [419] FALSE FALSE FALSE FALSE  TRUE FALSE FALSE FALSE  TRUE  TRUE FALSE FALSE FALSE FALSE FALSE FALSE  TRUE  TRUE  TRUE
 [438] FALSE  TRUE FALSE FALSE FALSE FALSE  TRUE FALSE FALSE FALSE FALSE  TRUE  TRUE  TRUE FALSE FALSE FALSE FALSE FALSE
 [457]  TRUE  TRUE  TRUE FALSE FALSE  TRUE  TRUE FALSE  TRUE FALSE FALSE FALSE FALSE FALSE  TRUE FALSE FALSE FALSE  TRUE
 [476]  TRUE FALSE FALSE FALSE  TRUE  TRUE FALSE FALSE  TRUE  TRUE FALSE FALSE  TRUE FALSE  TRUE  TRUE FALSE FALSE  TRUE
 [495] FALSE  TRUE  TRUE  TRUE  TRUE  TRUE  TRUE FALSE FALSE  TRUE  TRUE  TRUE  TRUE  TRUE  TRUE  TRUE FALSE  TRUE  TRUE
 [514]  TRUE  TRUE FALSE FALSE  TRUE FALSE FALSE FALSE FALSE  TRUE FALSE  TRUE  TRUE FALSE FALSE  TRUE FALSE FALSE FALSE
 [533] FALSE  TRUE FALSE  TRUE FALSE FALSE FALSE FALSE  TRUE  TRUE  TRUE  TRUE FALSE FALSE  TRUE  TRUE  TRUE FALSE FALSE
 [552] FALSE  TRUE FALSE  TRUE  TRUE FALSE FALSE  TRUE FALSE FALSE FALSE  TRUE FALSE FALSE FALSE FALSE FALSE FALSE  TRUE
 [571]  TRUE  TRUE  TRUE  TRUE  TRUE FALSE  TRUE FALSE FALSE  TRUE  TRUE  TRUE FALSE FALSE  TRUE  TRUE  TRUE  TRUE  TRUE
 [590] FALSE  TRUE  TRUE  TRUE  TRUE  TRUE  TRUE FALSE FALSE  TRUE  TRUE  TRUE FALSE FALSE  TRUE FALSE FALSE  TRUE  TRUE
 [609] FALSE  TRUE FALSE  TRUE FALSE FALSE  TRUE  TRUE  TRUE  TRUE  TRUE  TRUE FALSE FALSE  TRUE  TRUE  TRUE FALSE FALSE
 [628] FALSE FALSE  TRUE  TRUE  TRUE  TRUE  TRUE FALSE  TRUE  TRUE FALSE FALSE  TRUE  TRUE  TRUE FALSE  TRUE FALSE FALSE
 [647]  TRUE FALSE FALSE FALSE  TRUE  TRUE FALSE FALSE FALSE FALSE  TRUE FALSE  TRUE  TRUE FALSE  TRUE  TRUE  TRUE  TRUE
 [666]  TRUE FALSE  TRUE FALSE FALSE FALSE  TRUE  TRUE FALSE  TRUE FALSE FALSE  TRUE  TRUE  TRUE  TRUE  TRUE  TRUE  TRUE
 [685]  TRUE  TRUE FALSE FALSE FALSE FALSE  TRUE FALSE  TRUE  TRUE  TRUE  TRUE  TRUE FALSE  TRUE  TRUE  TRUE FALSE  TRUE
 [704]  TRUE  TRUE  TRUE  TRUE  TRUE  TRUE  TRUE  TRUE FALSE  TRUE FALSE  TRUE  TRUE  TRUE  TRUE  TRUE FALSE FALSE  TRUE
 [723] FALSE FALSE FALSE  TRUE  TRUE FALSE  TRUE  TRUE  TRUE  TRUE  TRUE  TRUE  TRUE  TRUE FALSE FALSE FALSE FALSE  TRUE
 [742]  TRUE FALSE FALSE FALSE  TRUE FALSE  TRUE  TRUE  TRUE  TRUE FALSE  TRUE  TRUE  TRUE  TRUE  TRUE FALSE  TRUE  TRUE
 [761] FALSE  TRUE  TRUE  TRUE FALSE  TRUE  TRUE  TRUE  TRUE  TRUE  TRUE  TRUE  TRUE FALSE  TRUE  TRUE  TRUE  TRUE  TRUE
 [780]  TRUE  TRUE  TRUE  TRUE  TRUE FALSE  TRUE FALSE  TRUE  TRUE  TRUE  TRUE  TRUE  TRUE FALSE  TRUE FALSE  TRUE  TRUE
 [799]  TRUE  TRUE FALSE FALSE  TRUE FALSE  TRUE  TRUE  TRUE  TRUE  TRUE FALSE  TRUE  TRUE  TRUE  TRUE  TRUE  TRUE FALSE
 [818]  TRUE  TRUE  TRUE FALSE  TRUE  TRUE  TRUE  TRUE  TRUE  TRUE FALSE  TRUE  TRUE FALSE  TRUE  TRUE  TRUE  TRUE  TRUE
 [837]  TRUE  TRUE  TRUE  TRUE  TRUE  TRUE  TRUE  TRUE FALSE  TRUE  TRUE  TRUE  TRUE FALSE  TRUE  TRUE FALSE  TRUE  TRUE
 [856]  TRUE FALSE  TRUE  TRUE FALSE  TRUE FALSE  TRUE FALSE FALSE  TRUE  TRUE  TRUE  TRUE  TRUE FALSE  TRUE  TRUE FALSE
 [875] FALSE  TRUE  TRUE  TRUE  TRUE  TRUE  TRUE  TRUE  TRUE  TRUE  TRUE  TRUE  TRUE  TRUE FALSE  TRUE  TRUE  TRUE  TRUE
 [894]  TRUE  TRUE  TRUE  TRUE  TRUE  TRUE  TRUE  TRUE  TRUE  TRUE  TRUE  TRUE  TRUE  TRUE  TRUE  TRUE  TRUE  TRUE  TRUE
 [913]  TRUE  TRUE  TRUE  TRUE  TRUE  TRUE  TRUE  TRUE FALSE  TRUE FALSE  TRUE  TRUE  TRUE  TRUE  TRUE  TRUE  TRUE  TRUE
 [932]  TRUE  TRUE  TRUE  TRUE FALSE  TRUE  TRUE  TRUE FALSE  TRUE  TRUE FALSE  TRUE  TRUE  TRUE FALSE  TRUE FALSE  TRUE
 [951]  TRUE  TRUE FALSE FALSE  TRUE  TRUE  TRUE  TRUE  TRUE  TRUE  TRUE  TRUE FALSE  TRUE  TRUE  TRUE  TRUE  TRUE  TRUE
 [970] FALSE  TRUE  TRUE  TRUE  TRUE  TRUE  TRUE  TRUE  TRUE  TRUE  TRUE  TRUE  TRUE  TRUE  TRUE  TRUE  TRUE  TRUE  TRUE
 [989]  TRUE  TRUE  TRUE  TRUE  TRUE  TRUE  TRUE  TRUE  TRUE  TRUE  TRUE  TRUE
 [ reached getOption("max.print") -- omitted 17 entries ]

