
Birth-death simulation object with 726 species and 500 extant species

Details for some species:

Extinction times (NA means extant)
[1] 70.61358       NA 89.85523 61.92770 64.16551 91.75590


Speciation times 
[1] 105.61795  98.35068  92.56221  78.78823  72.49164  96.89123


Species parents (NA for initial)
[1] NA  1  1  1  1  2


Species status (extinct or extant)
[1] "extinct" "extant"  "extinct" "extinct" "extinct" "extinct"


For more details on vector y, try sim$y, with y one of
TE TS PAR EXTANT



$TE
  [1] 70.61357932          NA 89.85522589 61.92769693 64.16551299 91.75590137 85.79004968 73.57693482 83.91596834
 [10] 66.49020726 34.16930758 20.64350151 41.93792672  5.15561633          NA 26.10230154 44.32593611 44.08613759
 [19] 38.51137282          NA          NA 68.43842250 59.70092190 42.39776787 33.36570184          NA          NA
 [28] 27.81256161 59.17319643          NA 37.26945404 65.87400400 47.45019302 53.23705988 55.62641311 39.86391077
 [37] 49.48066080 15.23015294          NA 41.74411540          NA  7.05717171          NA  3.26434250 26.84774196
 [46] 46.23595917          NA 52.90169207  1.46871024 17.02823879          NA  6.65023747 59.80232694  3.81466733
 [55] 59.06280184 54.78427164          NA 48.03221102 47.02080482 35.63564255 21.56221567          NA          NA
 [64]          NA 56.42118713 50.58200839          NA 23.04108561          NA          NA          NA  9.11548990
 [73] 28.37532025          NA          NA  8.21277574 48.94204077          NA 25.33932451 25.84482726  5.81472231
 [82]  5.82300182  4.67364295          NA          NA          NA 38.86035156 32.76650696 11.83512473 13.97744095
 [91]          NA          NA          NA 13.70875426 30.20000813 32.31980818          NA 41.18472904 37.25116929
[100] 30.85105340          NA  8.25575983          NA          NA          NA 33.76388701 14.04958199 17.79803930
[109] 21.30787875          NA          NA          NA 16.45674650          NA 24.25731922 25.64159531  1.31559953
[118]  3.01309753          NA          NA  6.79472249          NA 25.09845311 26.81376869  5.54270820          NA
[127]          NA          NA          NA  0.41481765          NA  9.63902869          NA          NA 24.09886015
[136] 24.65735392          NA 22.52093025 19.70860039          NA          NA          NA          NA          NA
[145] 11.68012214 24.60517743          NA  2.42751950  3.87973282          NA          NA          NA          NA
[154]          NA          NA          NA          NA          NA          NA 32.23445650          NA          NA
[163] 20.45803310 19.49819548 15.80713070 10.74973006  6.64813454  5.75662835          NA 24.59759413 12.17347067
[172] 18.93887805 13.68418168          NA          NA          NA          NA          NA          NA  6.12832328
[181]  5.51926317          NA 16.81282196 15.10376850          NA          NA          NA          NA          NA
[190]          NA          NA          NA 23.07053993  1.06262615          NA          NA          NA          NA
[199]          NA 21.20986592 17.12500435          NA          NA          NA 22.96022635 22.60073271          NA
[208]          NA  9.01503681  5.03854369  6.30148692 12.67417392  2.97986794 24.62418988          NA          NA
[217]          NA  1.84018988          NA 11.48182733          NA          NA          NA          NA          NA
[226]  1.79619433          NA          NA          NA          NA  1.71093935          NA          NA          NA
[235]          NA          NA  7.36690173 26.71301310 20.69860926 19.75984523          NA 22.55515302          NA
[244]          NA          NA          NA 10.17963342          NA  9.42131720          NA          NA          NA
[253]          NA          NA 17.33579666          NA          NA          NA          NA          NA 18.41671825
[262]          NA          NA          NA  9.45843668  1.82909543          NA          NA          NA          NA
[271]          NA          NA 22.49486996 16.25883580 23.35701999 12.25202425          NA  0.62835229          NA
[280]  1.04817086          NA          NA          NA          NA          NA          NA          NA          NA
[289] 13.81943401  6.80190225  9.91374910          NA          NA 10.29384936          NA          NA 10.59459568
[298]          NA          NA          NA          NA          NA          NA          NA          NA          NA
[307]  3.37524416  9.59756638          NA          NA          NA  2.09070832  5.02100196          NA 10.36278954
[316]          NA  3.95064431          NA  2.05992332          NA 14.14139282          NA          NA          NA
[325]          NA  4.15594463          NA  8.10896869          NA 12.82072329          NA 12.64321006          NA
[334]          NA          NA  3.20507837          NA 18.59308187          NA  0.63733469          NA          NA
[343]          NA          NA          NA          NA          NA  3.07200342  4.68977598          NA          NA
[352]          NA          NA  4.65493974          NA  6.16773942          NA          NA          NA          NA
[361]          NA  2.58172692  4.63583722          NA          NA  6.56961128          NA  6.83236963          NA
[370]          NA          NA  9.04129796          NA  0.05708091  8.85485511          NA          NA          NA
[379]  7.67815670          NA          NA          NA          NA          NA 12.14317542          NA  2.34781412
[388]          NA          NA          NA 18.28953133 14.68522949          NA  3.92146556          NA          NA
[397]  4.48590289  7.18853537          NA          NA          NA          NA          NA          NA          NA
[406]          NA  8.13804129          NA          NA  3.26365264          NA 11.68242552          NA          NA
[415]          NA  1.17443768          NA          NA          NA          NA          NA          NA          NA
[424]  8.45318283          NA          NA          NA          NA          NA          NA          NA          NA
[433]          NA          NA          NA          NA          NA  8.09685096          NA          NA          NA
[442]          NA          NA 11.64722027          NA          NA          NA          NA 15.58280094          NA
[451]          NA 12.05623597          NA          NA          NA          NA          NA          NA  2.47616308
[460]          NA  0.29449447          NA          NA          NA          NA          NA          NA          NA
[469] 11.85784359  4.82087031          NA          NA          NA          NA          NA          NA          NA
[478]          NA  8.75547046          NA          NA          NA  0.87415718          NA          NA          NA
[487]          NA          NA          NA 10.34375533          NA          NA          NA          NA          NA
[496]  7.05126989          NA          NA 10.73672112          NA          NA          NA 10.09415185          NA
[505]          NA          NA          NA          NA          NA          NA  0.37937263          NA          NA
[514]  2.65109661          NA          NA  5.21644329  6.39599781          NA          NA          NA          NA
[523]          NA  2.81011777  0.63472710  4.72018657          NA          NA          NA          NA          NA
[532]          NA  6.83384990          NA          NA          NA          NA          NA          NA  2.01917291
[541]          NA          NA          NA          NA          NA          NA          NA          NA          NA
[550]          NA  1.13126440          NA          NA          NA          NA          NA          NA  3.89830570
[559]  1.65842055          NA          NA          NA          NA          NA          NA          NA          NA
[568]          NA          NA          NA          NA          NA          NA          NA          NA          NA
[577]          NA          NA          NA          NA          NA          NA          NA          NA          NA
[586]          NA          NA          NA          NA  2.10701812          NA          NA          NA  1.07731996
[595]          NA  2.29962201          NA          NA          NA  2.76250056  0.64105140          NA  1.80957655
[604]          NA          NA          NA          NA          NA          NA          NA          NA          NA
[613]          NA          NA          NA          NA          NA          NA          NA          NA          NA
[622]          NA          NA          NA          NA          NA          NA  4.26492249          NA          NA
[631]          NA          NA          NA          NA          NA          NA          NA          NA          NA
[640]          NA          NA          NA          NA          NA          NA          NA          NA          NA
[649]          NA          NA          NA          NA          NA          NA          NA          NA          NA
[658]  1.09869486          NA          NA  0.79197973          NA          NA          NA  0.77483904          NA
[667]          NA          NA          NA          NA          NA  1.21548702          NA          NA          NA
[676]          NA          NA          NA  4.11362789          NA          NA          NA          NA          NA
[685]  0.18277252          NA          NA          NA          NA          NA          NA          NA          NA
[694]          NA          NA          NA          NA          NA          NA          NA          NA          NA
[703]          NA          NA          NA          NA          NA  1.48051492          NA          NA          NA
[712]          NA          NA          NA          NA          NA          NA          NA          NA          NA
[721]          NA          NA          NA          NA          NA          NA

$TS
  [1] 1.056179e+02 9.835068e+01 9.256221e+01 7.878823e+01 7.249164e+01 9.689123e+01 8.880809e+01 8.508473e+01
  [9] 8.496597e+01 7.333368e+01 6.364308e+01 6.267033e+01 4.357856e+01 3.350222e+01 8.066946e+01 7.840684e+01
 [17] 6.888065e+01 6.674718e+01 4.164044e+01 4.144638e+01 7.132694e+00 7.309924e+01 6.901010e+01 5.270081e+01
 [25] 3.954509e+01 3.468672e+01 3.102632e+01 7.169158e+01 6.664107e+01 5.636533e+01 6.612845e+01 6.732677e+01
 [33] 6.607343e+01 5.913136e+01 6.522197e+01 5.538333e+01 5.193884e+01 4.108975e+01 6.106368e+01 5.735998e+01
 [41] 5.995651e+01 5.324140e+01 4.471947e+01 3.590310e+01 6.264545e+01 5.884431e+01 4.052048e+01 5.717161e+01
 [49] 5.645213e+01 4.657968e+01 4.150688e+01 3.054447e+01 6.068701e+01 2.221643e+01 5.997682e+01 5.939761e+01
 [57] 5.396137e+01 5.228029e+01 4.712430e+01 4.468084e+01 2.449322e+01 1.741291e+01 1.124006e+01 7.215574e+00
 [65] 5.738502e+01 5.595779e+01 4.646790e+01 3.736099e+01 1.597641e+01 8.318687e+00 4.924675e+01 4.254377e+01
 [73] 2.863466e+01 1.220322e+01 1.107438e+01 1.080633e+01 5.095642e+01 4.124459e+01 3.779645e+01 3.570134e+01
 [81] 2.937148e+01 2.840925e+01 1.399296e+01 7.643092e+00 1.673319e+00 4.392443e+01 4.083094e+01 3.370686e+01
 [89] 3.320393e+01 3.022489e+01 2.529030e+01 2.424250e+01 9.038477e+00 4.937815e+01 4.529546e+01 3.994554e+01
 [97] 3.517727e+01 4.245898e+01 4.202711e+01 3.690359e+01 6.288623e-01 3.300420e+01 1.821481e+01 2.522490e+01
[105] 4.349141e+00 3.740042e+01 4.221598e+01 3.679447e+01 2.183576e+01 1.432383e+01 9.587038e+00 3.644402e+01
[113] 2.675840e+01 1.380504e+01 3.886620e+01 4.105925e+01 2.845347e+01 2.706206e+01 1.503054e+01 1.438272e+01
[121] 1.295356e+01 3.850988e+00 3.189852e+01 3.183830e+01 1.056457e+01 3.632298e+01 1.024600e+01 6.895691e+00
[129] 2.682373e+00 2.739575e+01 2.111604e+01 3.625962e+01 3.117666e+01 2.838753e+01 3.865401e+01 2.913563e+01
[137] 3.828569e+01 2.646041e+01 3.414249e+01 2.814747e+01 2.161710e+01 7.811161e+00 5.547885e+00 5.372759e+00
[145] 3.112513e+01 2.762604e+01 2.722765e+01 2.996055e+01 3.533964e+01 2.530459e+01 1.953528e+01 3.435999e+01
[153] 3.163670e+01 8.284259e+00 7.182188e+00 1.037015e+00 2.721005e+01 2.640038e+01 1.340167e+01 3.306282e+01
[161] 1.730838e+01 3.207155e+01 2.995192e+01 2.509573e+01 2.006369e+01 3.528041e+01 2.416391e+01 1.271545e+01
[169] 1.064429e+01 2.882190e+01 2.587631e+01 1.984391e+01 1.795835e+01 1.545972e+01 1.233388e+01 3.199301e+01
[177] 3.145555e+01 2.523327e+01 2.476942e+01 1.437747e+01 7.863087e+00 3.012950e+01 2.643495e+01 1.797593e+01
[185] 1.485289e+01 1.376948e+01 1.002957e+00 7.037158e+00 2.286913e+01 3.165129e+01 2.728657e+01 1.261388e+01
[193] 3.260366e+01 3.187558e+01 3.102740e+01 2.395252e+01 2.014312e+01 2.217452e+01 4.385524e+00 2.982553e+01
[201] 2.300600e+01 1.819637e+01 1.227245e+01 3.020194e+00 3.077480e+01 2.410280e+01 1.304922e+01 2.787304e+01
[209] 1.528853e+01 5.631619e+00 2.676848e+01 2.472707e+01 3.058128e+01 3.096130e+01 1.201071e+01 5.998980e+00
[217] 2.564168e+00 1.729177e+01 1.426191e-01 2.876404e+01 3.014382e+01 4.769711e+00 2.106704e+01 1.346728e+01
[225] 9.567938e+00 7.869768e+00 2.279139e+01 1.819599e+00 1.336267e+01 3.360119e+00 2.875618e+01 1.211558e+01
[233] 7.557185e+00 4.719940e+00 2.328934e+01 2.214112e+01 2.763335e+01 2.677167e+01 2.750646e+01 2.068581e+01
[241] 1.566784e+01 2.851636e+01 2.692321e+01 2.491149e+01 1.561527e+01 1.487325e+01 1.924656e+01 2.154933e+00
[249] 2.530678e+01 2.040326e+01 1.059364e+01 9.550630e+00 6.534614e+00 2.137084e+01 1.795137e+01 1.041963e+01
[257] 9.858455e+00 4.907121e+00 2.793996e+01 2.371138e+01 1.933327e+01 1.558878e+01 2.665162e+01 1.563686e+01
[265] 1.001254e+01 5.210183e+00 2.704395e+01 1.483112e+01 1.263523e+01 3.587819e+00 5.637656e-01 1.155397e+01
[273] 2.651921e+01 2.578125e+01 2.704579e+01 2.418346e+01 1.733093e+01 1.655893e+01 2.699596e+00 2.619735e+00
[281] 4.858256e+00 2.520057e+01 1.094472e+01 1.031595e+01 1.883682e+01 2.088881e+01 6.069976e+00 3.211137e-01
[289] 2.403532e+01 2.257178e+01 1.196034e+01 1.031268e+01 7.488204e+00 2.478337e+01 2.365129e+01 2.491226e+01
[297] 2.189875e+01 1.702228e+01 1.313816e+01 1.187909e+01 7.713757e+00 6.749578e+00 3.890357e+00 1.479040e+01
[305] 1.286718e+01 1.087374e+01 2.121506e+01 1.209409e+01 1.643254e+01 1.126493e+01 2.210476e+01 2.003201e+01
[313] 2.390603e+01 2.001728e+01 2.055389e+01 1.744756e+01 2.393153e+01 2.214077e+01 2.355304e+01 2.224205e+01
[321] 1.919346e+01 1.271049e+01 7.922849e+00 2.258893e+01 2.195261e+01 2.177260e+01 1.877039e+01 1.813221e+01
[329] 4.584616e+00 1.295581e+01 1.925511e+01 1.498569e+01 1.124881e+01 1.754099e+01 5.408630e+00 1.691945e+01
[337] 6.199729e+00 2.238918e+01 2.026120e+01 2.002440e+01 1.056783e+01 9.907167e+00 8.391065e+00 1.811120e+01
[345] 1.073506e+01 2.110688e+01 1.336807e+01 1.331126e+01 1.810672e+01 1.190304e+01 2.921300e+00 3.038953e+00
[353] 4.406136e-01 1.760129e+01 4.334648e+00 1.444365e+01 7.250130e+00 6.224921e+00 5.520666e+00 2.095553e+01
[361] 2.024932e+01 8.155732e+00 5.147701e+00 1.904554e+01 1.858874e+01 1.141933e+01 1.881145e+01 1.202758e+01
[369] 1.540091e+00 2.936618e-01 1.449774e+01 1.085362e+01 9.711032e+00 1.390682e+01 1.120456e+01 1.533949e+01
[377] 8.735041e+00 1.935342e+01 1.637093e+01 1.942537e+01 1.132266e+01 4.612290e+00 1.929830e+01 1.784082e+00
[385] 1.819617e+01 1.424217e+01 1.145395e+01 1.727208e+01 6.584282e+00 6.764269e-01 1.881081e+01 1.739789e+01
[393] 6.645663e+00 4.713150e+00 9.314941e+00 1.824795e+01 1.686846e+01 1.765340e+01 6.924594e+00 5.268893e+00
[401] 6.569724e+00 6.913115e+00 6.376178e+00 5.518972e+00 7.959014e+00 1.482668e+01 1.713397e+01 4.832448e+00
[409] 1.836127e+01 5.064247e+00 1.750172e+01 1.692760e+01 1.066136e+01 9.386804e+00 9.542137e-01 1.737295e+01
[417] 1.172252e+00 6.204669e+00 1.598077e+01 1.437539e+01 1.426290e+01 5.166689e+00 1.682786e+01 1.729085e+01
[425] 1.532518e+01 1.374105e+01 8.020430e+00 8.562534e+00 5.313560e+00 8.036439e+00 7.012418e+00 4.396285e+00
[433] 3.954233e+00 1.341757e-01 1.245371e+01 3.191899e+00 2.029557e+00 1.550265e+01 8.198497e+00 1.068366e+01
[441] 8.204105e+00 3.980254e+00 3.720306e+00 1.521668e+01 1.137238e+01 7.050225e+00 6.126229e+00 5.682310e+00
[449] 1.606560e+01 4.282828e+00 2.300766e+00 1.271200e+01 5.360929e+00 1.320447e+00 1.219915e+01 7.244774e+00
[457] 1.326081e+01 6.484486e+00 1.671684e+01 1.092465e+01 6.590628e+00 1.155763e+01 1.339129e+01 4.900203e+00
[465] 7.629303e-01 1.267335e+01 1.381672e+01 5.404765e+00 1.374027e+01 1.214948e+01 3.917062e-01 2.425642e+00
[473] 1.134504e+01 1.267262e+01 1.368676e+01 1.297251e+01 4.733814e+00 4.269891e+00 1.327837e+01 2.382647e+00
[481] 8.204459e+00 7.845448e+00 6.384195e+00 1.758224e+00 9.506202e-01 8.138546e+00 2.287772e+00 1.291851e+01
[489] 7.300904e+00 1.412979e+01 9.008827e-01 4.528193e-01 5.079837e+00 1.043264e+00 1.167000e+01 7.639997e+00
[497] 4.887271e+00 1.076216e+00 1.155816e+01 1.009038e+01 7.514560e+00 6.792796e+00 1.296547e+01 1.241383e+01
[505] 7.891068e+00 1.328024e+01 1.227151e+01 8.630603e+00 4.717644e+00 2.519263e+00 5.304549e+00 2.502116e+00
[513] 1.233867e+01 1.217572e+01 7.312548e+00 8.951251e+00 7.514329e+00 7.513335e+00 7.053886e-01 5.381196e+00
[521] 1.336899e-01 1.009741e+01 2.535120e+00 7.013330e+00 4.292770e+00 8.605176e+00 1.588655e+00 7.793350e-01
[529] 5.389210e+00 3.630887e+00 3.885241e-01 4.557049e+00 1.108146e+01 7.576349e-01 6.059409e+00 1.011841e+01
[537] 1.090171e+01 1.670159e+00 1.035091e+01 4.517609e+00 1.169695e+01 1.061799e+01 8.883657e+00 1.830635e+00
[545] 2.589890e+00 9.178331e+00 6.068807e+00 1.516601e+00 6.862471e+00 1.107435e+00 1.035077e+01 9.082510e+00
[553] 1.079023e+01 8.390968e+00 6.362156e+00 5.470732e+00 6.853558e+00 1.187515e+01 8.429114e+00 5.835063e+00
[561] 1.595499e+00 7.051036e+00 3.319810e-01 4.168762e+00 6.747328e+00 5.778219e+00 3.960562e+00 3.669571e-01
[569] 1.105211e+01 9.585951e+00 9.301054e+00 1.424003e+00 5.238433e+00 4.411931e+00 2.497160e+00 1.116588e+00
[577] 8.314875e+00 7.897116e+00 1.149762e+00 4.538357e+00 1.520913e+00 5.768792e+00 7.451317e+00 1.590727e+00
[585] 6.450289e+00 4.375414e+00 3.740652e+00 2.753901e+00 7.030884e+00 9.594862e+00 1.204288e+00 2.273334e+00
[593] 5.586459e+00 2.708098e+00 8.555762e+00 6.305365e+00 4.265621e+00 5.836476e+00 3.663893e+00 3.050626e+00
[601] 3.009413e+00 2.257545e+00 3.753978e+00 3.024485e-01 4.939131e+00 8.568121e+00 2.888239e+00 1.525285e+00
[609] 4.126242e+00 7.963082e-01 8.988235e-01 1.294958e+00 4.805603e+00 7.774824e+00 5.360378e+00 8.153656e+00
[617] 7.603408e+00 5.097866e+00 3.755006e+00 6.521107e+00 6.124650e+00 7.818890e+00 4.239562e+00 3.034535e-01
[625] 2.984793e+00 4.923233e+00 6.084670e+00 5.975450e+00 1.500647e+00 6.527865e+00 5.836186e+00 6.403309e-01
[633] 1.965854e-01 4.059267e+00 3.442798e+00 5.698191e+00 3.882752e+00 3.542451e+00 4.795112e+00 3.222451e+00
[641] 2.924517e+00 2.440430e-01 6.650780e+00 2.048210e+00 4.199743e+00 2.558400e+00 2.404750e+00 2.858517e+00
[649] 4.070239e+00 1.948100e+00 4.486053e-02 3.217791e+00 2.253565e+00 1.150674e+00 5.944592e+00 1.098640e+00
[657] 4.992095e+00 2.736300e+00 2.402849e+00 4.501611e+00 1.873340e+00 5.702465e+00 2.027048e-02 4.568628e+00
[665] 4.130259e+00 4.637224e+00 3.816072e+00 2.624205e+00 3.557800e+00 2.293282e+00 1.326088e+00 1.916294e+00
[673] 5.655767e+00 2.421496e+00 1.394794e+00 3.796858e+00 4.347487e+00 3.653786e+00 4.872060e+00 2.737258e+00
[681] 1.658983e+00 2.378948e+00 2.100431e+00 8.424273e-01 3.763196e-01 1.899221e+00 1.832924e+00 4.237246e+00
[689] 3.764472e+00 4.352205e+00 3.459038e+00 2.282189e+00 1.254344e+00 6.017031e-01 1.086722e+00 2.193517e+00
[697] 2.270715e+00 1.612968e+00 2.076084e+00 9.853436e-01 2.144135e-01 3.312331e+00 2.204591e+00 3.057860e+00
[705] 3.022008e+00 3.426455e+00 1.079738e+00 2.884029e+00 3.179475e+00 2.029339e+00 2.236047e-02 1.647648e+00
[713] 7.828317e-01 7.531506e-02 2.097710e-01 8.015904e-01 1.779374e+00 2.574034e-02 9.531593e-02 1.331161e+00
[721] 3.508670e-01 8.938467e-01 6.046112e-01 4.719038e-02 6.590876e-02 4.741914e-03

$PAR
  [1]  NA   1   1   1   1   2   2   2   2   2   2   2   2   2   8   8  15  15  15  15  15  16  16  16  16  16  16  10
 [29]  10  28  23  17  17  17  18  18  18  31  33  33  11  11  11  11  12  12  12  45  45  45  45  45  39  39  53  55
 [57]  41  41  41  41  41  41  41  41  56  46  49  49  49  49  30  30  30  30  30  30  36  57  57  57  57  57  57  57
 [85]  57  42  42  42  42  42  42  42  42  77  94  94  94  71  71  71  71  50  50  67  67  95  43  43  43  43  43  72
[113]  72  72  99  51  51  51  51  51  51  51  20  20  20  78  78  78  78  38  38  47  47  47  25 115 135 135 137 137
[141] 137 137 137 137  79  79  79  68 108 108 108 112 112 112 112 112 126 126 126 132 132  44  44  44  44  80 149 149
[169] 149 166 166 166 166 166 166  97  97  97  97  97  97  26  26  26  26  26  26 152  14  89  89  89 102 102 102 102
[197] 102 176 176 194 194 194 190 190 153 153 153 177 177 177 133 133 145 195 195 195 195  27  27 214 205 213  52  52
[225]  52  52  90 221 182 182 148 148 148 148 163 163 200 200  81  81  81 170 170 170 220 220 231 231  82  82  82  82
[253]  82 134 134 134 134 134 140 140 140 140 259 259 259 259 208 208 208 208 208 237 146 239 130 130 130 130 130 191
[281] 147 157 157 118 267 243 243 243 211 211 211 211 211 113 113 183 183 249 249  91  91  91  91 178 178 178 104 104
[309] 282 282 164 164 296 296 294 294 212  61  92  92  92  92  92 276 276 276 276 196 196 317 313 313 313 260 260 295
[337] 295 319 235 235 324 324 324 290 290 338 320  54 198 198 198 236 236 318 318 311 311 311 311 325 325 325 325 297
[365] 297 297 326 326 141 254 307 307 307 131 131 286 286 315 315 250 250 250 339 339 361 361 361 197 197 197 165 312
[393] 312 312 340 314 314 380 380 380 378 383 383 383 331 247 321 364 367 367 365 396 396 396 396 103 103 202 385 385
[421] 344 349 173 398 398 398 398 354 354 334 334 334 334 334 411 411 411 316 316  62  62  62  62 392 416 277 277 277
[449] 161 161 161 388 388 388 298 298 412 397 423 459 459 309 419 419 419  69 241 245 438 174 376 425 209 444 119 119
[477] 119 119 246 246 185 185 185 185 185 268 304 371 356 420 420 420 110 110 421 421 421 421 386 386 386 386 490 374
[505] 374 114 114 114 114 114 186 186 426 469 475 224 224 224 224 159 159 463 463 347 347 229 229 229 506 506 457 207
[533] 121 488 466 474 269 269 435 435 504 504 504 504 513 175 175  74 455 455 514 514 470 470 470 470 368 215 215 215
[561] 541 462 462 272 387 445 445 445 473 473 381 310  63  63  63  63 533 533  75 460 460 537 306 306 553 553 553 553
[589] 440 169 542 251 539 551 284 292 292 127 127 127 127 127 536 536 522 500 257 111 570 225 395 571 543 508 508 526
[617] 606 343 577 362 616 486 505 505 226 482 142 614 614 301 301 617 617 583 583 515 515 357 456  64  64 155 446 446
[645] 431 402 402 549 557 557 565 643 393 393 461 461 458 458 458 483 483 596 337 447 627 535 535 216 655 598 631 560
[673] 566 636 404 335 520 144 511 511 400 266 493 258 497 222 477 509 509 666 329 329 532 199 690 677 478 478 597 649
[701] 442 433 433 619 638 691 230 652 436 625 607 648 588 668 217 451 670 248 699 644 675 695 494 390 633 663

$EXTANT
  [1] FALSE  TRUE FALSE FALSE FALSE FALSE FALSE FALSE FALSE FALSE FALSE FALSE FALSE FALSE  TRUE FALSE FALSE FALSE FALSE
 [20]  TRUE  TRUE FALSE FALSE FALSE FALSE  TRUE  TRUE FALSE FALSE  TRUE FALSE FALSE FALSE FALSE FALSE FALSE FALSE FALSE
 [39]  TRUE FALSE  TRUE FALSE  TRUE FALSE FALSE FALSE  TRUE FALSE FALSE FALSE  TRUE FALSE FALSE FALSE FALSE FALSE  TRUE
 [58] FALSE FALSE FALSE FALSE  TRUE  TRUE  TRUE FALSE FALSE  TRUE FALSE  TRUE  TRUE  TRUE FALSE FALSE  TRUE  TRUE FALSE
 [77] FALSE  TRUE FALSE FALSE FALSE FALSE FALSE  TRUE  TRUE  TRUE FALSE FALSE FALSE FALSE  TRUE  TRUE  TRUE FALSE FALSE
 [96] FALSE  TRUE FALSE FALSE FALSE  TRUE FALSE  TRUE  TRUE  TRUE FALSE FALSE FALSE FALSE  TRUE  TRUE  TRUE FALSE  TRUE
[115] FALSE FALSE FALSE FALSE  TRUE  TRUE FALSE  TRUE FALSE FALSE FALSE  TRUE  TRUE  TRUE  TRUE FALSE  TRUE FALSE  TRUE
[134]  TRUE FALSE FALSE  TRUE FALSE FALSE  TRUE  TRUE  TRUE  TRUE  TRUE FALSE FALSE  TRUE FALSE FALSE  TRUE  TRUE  TRUE
[153]  TRUE  TRUE  TRUE  TRUE  TRUE  TRUE  TRUE FALSE  TRUE  TRUE FALSE FALSE FALSE FALSE FALSE FALSE  TRUE FALSE FALSE
[172] FALSE FALSE  TRUE  TRUE  TRUE  TRUE  TRUE  TRUE FALSE FALSE  TRUE FALSE FALSE  TRUE  TRUE  TRUE  TRUE  TRUE  TRUE
[191]  TRUE  TRUE FALSE FALSE  TRUE  TRUE  TRUE  TRUE  TRUE FALSE FALSE  TRUE  TRUE  TRUE FALSE FALSE  TRUE  TRUE FALSE
[210] FALSE FALSE FALSE FALSE FALSE  TRUE  TRUE  TRUE FALSE  TRUE FALSE  TRUE  TRUE  TRUE  TRUE  TRUE FALSE  TRUE  TRUE
[229]  TRUE  TRUE FALSE  TRUE  TRUE  TRUE  TRUE  TRUE FALSE FALSE FALSE FALSE  TRUE FALSE  TRUE  TRUE  TRUE  TRUE FALSE
[248]  TRUE FALSE  TRUE  TRUE  TRUE  TRUE  TRUE FALSE  TRUE  TRUE  TRUE  TRUE  TRUE FALSE  TRUE  TRUE  TRUE FALSE FALSE
[267]  TRUE  TRUE  TRUE  TRUE  TRUE  TRUE FALSE FALSE FALSE FALSE  TRUE FALSE  TRUE FALSE  TRUE  TRUE  TRUE  TRUE  TRUE
[286]  TRUE  TRUE  TRUE FALSE FALSE FALSE  TRUE  TRUE FALSE  TRUE  TRUE FALSE  TRUE  TRUE  TRUE  TRUE  TRUE  TRUE  TRUE
[305]  TRUE  TRUE FALSE FALSE  TRUE  TRUE  TRUE FALSE FALSE  TRUE FALSE  TRUE FALSE  TRUE FALSE  TRUE FALSE  TRUE  TRUE
[324]  TRUE  TRUE FALSE  TRUE FALSE  TRUE FALSE  TRUE FALSE  TRUE  TRUE  TRUE FALSE  TRUE FALSE  TRUE FALSE  TRUE  TRUE
[343]  TRUE  TRUE  TRUE  TRUE  TRUE FALSE FALSE  TRUE  TRUE  TRUE  TRUE FALSE  TRUE FALSE  TRUE  TRUE  TRUE  TRUE  TRUE
[362] FALSE FALSE  TRUE  TRUE FALSE  TRUE FALSE  TRUE  TRUE  TRUE FALSE  TRUE FALSE FALSE  TRUE  TRUE  TRUE FALSE  TRUE
[381]  TRUE  TRUE  TRUE  TRUE FALSE  TRUE FALSE  TRUE  TRUE  TRUE FALSE FALSE  TRUE FALSE  TRUE  TRUE FALSE FALSE  TRUE
[400]  TRUE  TRUE  TRUE  TRUE  TRUE  TRUE  TRUE FALSE  TRUE  TRUE FALSE  TRUE FALSE  TRUE  TRUE  TRUE FALSE  TRUE  TRUE
[419]  TRUE  TRUE  TRUE  TRUE  TRUE FALSE  TRUE  TRUE  TRUE  TRUE  TRUE  TRUE  TRUE  TRUE  TRUE  TRUE  TRUE  TRUE  TRUE
[438] FALSE  TRUE  TRUE  TRUE  TRUE  TRUE FALSE  TRUE  TRUE  TRUE  TRUE FALSE  TRUE  TRUE FALSE  TRUE  TRUE  TRUE  TRUE
[457]  TRUE  TRUE FALSE  TRUE FALSE  TRUE  TRUE  TRUE  TRUE  TRUE  TRUE  TRUE FALSE FALSE  TRUE  TRUE  TRUE  TRUE  TRUE
[476]  TRUE  TRUE  TRUE FALSE  TRUE  TRUE  TRUE FALSE  TRUE  TRUE  TRUE  TRUE  TRUE  TRUE FALSE  TRUE  TRUE  TRUE  TRUE
[495]  TRUE FALSE  TRUE  TRUE FALSE  TRUE  TRUE  TRUE FALSE  TRUE  TRUE  TRUE  TRUE  TRUE  TRUE  TRUE FALSE  TRUE  TRUE
[514] FALSE  TRUE  TRUE FALSE FALSE  TRUE  TRUE  TRUE  TRUE  TRUE FALSE FALSE FALSE  TRUE  TRUE  TRUE  TRUE  TRUE  TRUE
[533] FALSE  TRUE  TRUE  TRUE  TRUE  TRUE  TRUE FALSE  TRUE  TRUE  TRUE  TRUE  TRUE  TRUE  TRUE  TRUE  TRUE  TRUE FALSE
[552]  TRUE  TRUE  TRUE  TRUE  TRUE  TRUE FALSE FALSE  TRUE  TRUE  TRUE  TRUE  TRUE  TRUE  TRUE  TRUE  TRUE  TRUE  TRUE
[571]  TRUE  TRUE  TRUE  TRUE  TRUE  TRUE  TRUE  TRUE  TRUE  TRUE  TRUE  TRUE  TRUE  TRUE  TRUE  TRUE  TRUE  TRUE  TRUE
[590] FALSE  TRUE  TRUE  TRUE FALSE  TRUE FALSE  TRUE  TRUE  TRUE FALSE FALSE  TRUE FALSE  TRUE  TRUE  TRUE  TRUE  TRUE
[609]  TRUE  TRUE  TRUE  TRUE  TRUE  TRUE  TRUE  TRUE  TRUE  TRUE  TRUE  TRUE  TRUE  TRUE  TRUE  TRUE  TRUE  TRUE  TRUE
[628] FALSE  TRUE  TRUE  TRUE  TRUE  TRUE  TRUE  TRUE  TRUE  TRUE  TRUE  TRUE  TRUE  TRUE  TRUE  TRUE  TRUE  TRUE  TRUE
[647]  TRUE  TRUE  TRUE  TRUE  TRUE  TRUE  TRUE  TRUE  TRUE  TRUE  TRUE FALSE  TRUE  TRUE FALSE  TRUE  TRUE  TRUE FALSE
[666]  TRUE  TRUE  TRUE  TRUE  TRUE  TRUE FALSE  TRUE  TRUE  TRUE  TRUE  TRUE  TRUE FALSE  TRUE  TRUE  TRUE  TRUE  TRUE
[685] FALSE  TRUE  TRUE  TRUE  TRUE  TRUE  TRUE  TRUE  TRUE  TRUE  TRUE  TRUE  TRUE  TRUE  TRUE  TRUE  TRUE  TRUE  TRUE
[704]  TRUE  TRUE  TRUE  TRUE FALSE  TRUE  TRUE  TRUE  TRUE  TRUE  TRUE  TRUE  TRUE  TRUE  TRUE  TRUE  TRUE  TRUE  TRUE
[723]  TRUE  TRUE  TRUE  TRUE

