
Birth-death simulation object with 667 species and 500 extant species

Details for some species:

Extinction times (NA means extant)
[1] 18.446680 58.416806 14.477526        NA  6.918504 33.763864


Speciation times 
[1] 69.77434 66.03853 58.93382 52.98575 50.92039 39.63044


Species parents (NA for initial)
[1] NA  1  1  1  1  1


Species status (extinct or extant)
[1] "extinct" "extinct" "extinct" "extant"  "extinct" "extinct"


For more details on vector y, try sim$y, with y one of
TE TS PAR EXTANT



$TE
  [1] 18.44667961 58.41680567 14.47752553          NA  6.91850380 33.76386406 29.77770675          NA 21.94711328
 [10] 36.06389192 41.70686124          NA          NA          NA 28.14833639  4.92624668 39.25013853          NA
 [19] 38.18146758          NA          NA  6.73759288          NA          NA 49.12139852 13.41360739 12.74340470
 [28]  2.59233156          NA 13.81444831 17.52489335          NA 33.23932093 23.61023524  3.62644526          NA
 [37] 34.47802141 24.04746933  3.79863816          NA 20.19981734          NA          NA 20.91588896          NA
 [46]          NA          NA          NA          NA          NA          NA  4.99556581          NA          NA
 [55]          NA 10.08105651 23.06635056  4.84762398 14.48050083  7.13004525          NA          NA          NA
 [64]          NA 16.51378595          NA          NA          NA 15.72457145 17.13492488 21.65510370  7.89090286
 [73]          NA          NA          NA          NA          NA  6.02987210          NA          NA 16.26090937
 [82]          NA 32.14741047          NA          NA 19.64920455 21.54761504          NA          NA  9.99130506
 [91]  4.86154846          NA 37.86237762          NA 20.67719822 27.13862613          NA  1.20032875 14.66663179
[100]          NA          NA          NA 14.82118643          NA          NA          NA          NA 24.61222125
[109]          NA  4.78504433 14.13250501          NA          NA 22.95669703 21.36549798          NA          NA
[118]          NA          NA          NA 14.01351120          NA          NA 10.35502237          NA          NA
[127]          NA          NA          NA          NA          NA          NA 13.47568323 10.29317181          NA
[136]          NA          NA          NA          NA          NA          NA          NA  3.52590869  4.39954838
[145]          NA          NA          NA          NA          NA          NA 29.96543867          NA          NA
[154]          NA          NA 15.79130353 18.57921002          NA          NA  9.85670734          NA          NA
[163] 15.19133259          NA  2.88819256          NA 24.30945912 23.37769127          NA 19.43541834          NA
[172]  2.31364534 11.31109906 25.59220790 23.33204271 18.04045972          NA  9.02808062          NA          NA
[181]          NA          NA          NA  0.67906228          NA 14.74963283          NA          NA          NA
[190]  2.26797274          NA          NA 13.62298050          NA 13.58591773 16.19642410          NA          NA
[199]          NA  0.07341205          NA  5.06621597  8.88707035          NA          NA          NA          NA
[208]          NA          NA          NA          NA          NA          NA          NA 14.73228158          NA
[217]          NA  9.16936091          NA          NA          NA          NA 18.12708437          NA          NA
[226]          NA          NA  8.11829825          NA          NA          NA          NA          NA          NA
[235]          NA          NA 20.13496852 11.45119335          NA 14.06671257          NA          NA          NA
[244]  2.21103522          NA          NA  5.03772925          NA 14.66876367          NA          NA          NA
[253]          NA          NA          NA  1.55699860          NA          NA          NA 11.64146669  7.67834291
[262]          NA          NA          NA          NA  1.30472095 10.12075446  2.93464070          NA          NA
[271]          NA  0.06008554          NA          NA          NA          NA          NA 17.48327733  1.10669576
[280]          NA 12.14279225  8.26187666          NA          NA          NA          NA          NA          NA
[289] 13.91975961          NA 11.48367236  8.66873383          NA          NA          NA          NA          NA
[298]          NA 10.14065305          NA          NA          NA          NA  2.73724643  0.57427762          NA
[307]  4.87896951          NA  4.41779062 13.46313995          NA          NA          NA          NA          NA
[316]          NA          NA          NA  0.02410052          NA          NA          NA          NA  2.91461788
[325]  5.78356762 13.14895136          NA 14.12556459          NA          NA  4.52397758          NA          NA
[334]          NA          NA          NA          NA          NA          NA          NA  7.51887417          NA
[343]  9.01378655 16.77506520          NA 10.82623288          NA          NA          NA          NA          NA
[352]          NA 13.86227083          NA          NA          NA  6.17678582          NA          NA  1.06211488
[361]          NA          NA          NA          NA          NA  9.74797509          NA          NA          NA
[370]          NA          NA          NA          NA          NA          NA          NA          NA          NA
[379]          NA          NA          NA          NA          NA          NA          NA          NA          NA
[388]          NA  6.56175112          NA          NA          NA 13.33543636          NA  9.72580649  8.38085661
[397]  4.62125493          NA          NA  1.92763696          NA          NA          NA          NA          NA
[406]          NA          NA          NA          NA          NA          NA          NA          NA          NA
[415]  2.77519907          NA          NA          NA          NA          NA          NA          NA          NA
[424]          NA          NA          NA          NA          NA          NA          NA          NA          NA
[433]          NA          NA          NA          NA          NA          NA          NA          NA  4.54541404
[442]          NA          NA          NA  2.80282957  7.44159459          NA          NA          NA  0.67193577
[451]          NA          NA          NA          NA          NA  4.94469081  2.72432425          NA          NA
[460]          NA          NA          NA          NA          NA          NA          NA          NA          NA
[469]          NA          NA          NA  6.79923787          NA          NA  2.02920363          NA          NA
[478]          NA          NA          NA          NA          NA          NA          NA          NA          NA
[487]          NA          NA          NA          NA          NA  4.40429139          NA          NA          NA
[496]          NA          NA          NA          NA  4.07686177          NA          NA  5.16427292          NA
[505]  0.25099135          NA          NA          NA          NA          NA          NA          NA          NA
[514]  0.12109304          NA  0.06470465          NA          NA          NA          NA  5.45607136          NA
[523]          NA          NA          NA          NA  2.14376943          NA          NA          NA          NA
[532]          NA  0.25259792          NA          NA          NA          NA          NA          NA          NA
[541]  0.71075851          NA          NA          NA          NA          NA          NA          NA  5.14921163
[550]          NA  3.84477592          NA          NA          NA          NA          NA          NA          NA
[559]          NA          NA          NA          NA          NA          NA          NA          NA          NA
[568]          NA          NA          NA          NA          NA          NA          NA          NA          NA
[577]          NA          NA          NA          NA          NA          NA          NA          NA          NA
[586]          NA          NA          NA          NA          NA          NA          NA          NA          NA
[595]  3.77899545          NA          NA          NA          NA          NA          NA          NA          NA
[604]          NA          NA          NA          NA  0.13382505          NA  3.29537281  1.31538098          NA
[613]          NA  0.03579531          NA          NA          NA          NA          NA          NA          NA
[622]          NA          NA          NA          NA          NA          NA          NA          NA          NA
[631]          NA          NA  0.94294268          NA          NA  1.78407379          NA          NA          NA
[640]          NA          NA          NA  0.66441326          NA  0.93136263          NA          NA          NA
[649]          NA          NA          NA          NA          NA          NA          NA          NA          NA
[658]          NA          NA          NA          NA          NA          NA          NA          NA          NA
[667]          NA

$TS
  [1] 69.774340706 66.038526560 58.933817906 52.985753816 50.920387470 39.630441723 30.086477588 63.420941982
  [9] 62.973664769 61.502045223 45.826127994 42.947026108 39.728809924 38.070038383 29.448451916  5.469694264
 [17] 54.111843634 49.421587879 47.377000402 25.228994459 23.981271842 23.804447985 41.696319430 51.125008217
 [25] 50.587569917 43.833005549 38.354570763 36.857085065 47.450199489 41.162507226 40.548710296 42.809344734
 [33] 36.261118338 33.439226480 18.199957437 10.803727941 39.659346896 36.506108875 23.606938637 38.594766307
 [41] 28.787421856 27.147295233 24.309315155 49.079647869 24.967593816  6.113123043  0.472777012 45.766335785
 [49] 34.325972227 27.906397930 26.276996806 37.413608692 19.523678573 16.735982035  8.726560224 40.079728829
 [57] 29.925068393 21.438234342 20.190279428 14.615087239  8.568513752  7.904357846  6.829751291 32.212928273
 [65] 28.937943755 22.163790115 42.916624770 41.394417063 41.107682401 30.485046769 23.973379771 21.811756164
 [73] 21.810551419 13.861663716 13.135080352  6.587700458  1.422568998 29.974745774 27.393745013 22.146378417
 [81] 28.767510661 12.045052378 33.270602188 25.539566361  5.341893946 28.810530232 28.075349579 20.801928455
 [89] 15.866990543 14.205806006  9.806794000  0.842973197 37.980209332 34.279078062 22.656773379 39.409011360
 [97] 24.737377151 36.581903273 34.224029305 24.318917908 18.476534409 17.889410022 16.434455629 28.050524885
[105] 24.753678588 23.155324118  2.477475325 34.018868042 37.031717541 18.429323837 17.306001617 37.402463271
[113] 32.671362444 28.799803717 24.465876139 19.588774300 18.626981386 10.399201204  7.177413383  4.239559837
[121] 29.528848259  6.360304062  6.063891440 27.402581875 26.573883839 23.212693403  5.108133867  5.073567980
[129]  2.184854022 11.197102777  5.959839205 32.341633634 29.569814969 10.730435179  5.174753395  2.978725837
[137] 32.244803156 16.568642703  5.461268932 28.084610621 24.573875949  8.884246112  8.664642795  4.741564452
[145] 24.534755251  9.748092531  8.641367704  8.502978888  5.577889201  4.092853446 33.499860741 19.566491176
[153] 16.890853969 30.514137479  2.260679765 30.384014741 28.965108829 22.432814600 19.896810778 18.845910083
[161] 21.050294219 22.649566913 28.690041505 21.713343176 15.466351734 10.919752477 26.128289406 24.407285105
[169] 25.197016020 23.637076207 23.119969056 23.657747839 21.278594650 27.127699973 25.297960359 22.163590593
[177] 19.218698688 11.490732947  0.867167529 22.930869348 26.615762809 10.607184532 10.584986258  4.361497203
[185]  2.937788183 23.814646219  7.561692645  2.410082732 13.642446655 13.242129101 25.421332966 15.307891619
[193] 16.611885876  6.749325418 21.718083700 26.477873086 16.953610483  6.926500056 22.096635469 21.071632517
[201] 18.983557727 11.644536169 21.149894435  9.165147449  1.324719907  0.461026624 15.202337065  7.124210453
[209] 19.913493507 14.710493116  4.940898147 19.796511168 15.496529684  9.447250621 17.140862488 16.549675258
[217] 12.434718011  9.305877493  5.503197241  0.851883514  0.389371624 20.560763483 19.069842202  9.357535234
[225]  1.845709254  1.459712472 22.309514798 21.823888911  6.309057691 17.704351335 14.572925237  6.451514610
[233]  5.063307630  7.993810913  0.078001009 21.335284118 21.325576859 17.774124741 15.692603378 18.302031832
[241] 14.804740266 14.768094278 10.654804378 15.956604333  5.910231212 13.647932076 21.246901493 11.870426988
[249] 17.964388816 15.834410114 10.031079452 13.635660194 21.540855599 20.669728202  8.547591023  7.567950731
[257]  6.307551010  0.284879669 20.265594121 13.640770350  8.823182221  4.707516326 21.523156314 20.824328141
[265]  8.153518812 12.680568721 11.011102780 17.053451185  7.469861127  2.956093537  0.114804532 14.672041243
[273] 21.510415633 19.322893076 13.056680310  7.236523522  5.160293896 20.340851515 15.110226942  9.479324005
[281] 18.620962414  9.306042699  8.031293314 14.717839910 17.638510777 15.058597862 11.012532660  5.506245569
[289] 14.642403812 20.679559895 19.572696992 17.014621518 13.830907958 16.844526216 12.487065144  4.778030109
[297]  2.659681770  0.670109544 13.266334660  2.791660440 19.643138248  2.551585317  1.590007049 19.183126830
[305] 16.775640312  0.470728807 12.072212705  8.818609565 17.008683469 15.475321897 10.030219527  2.382866760
[313] 20.519602836  9.537249717  3.841652649  6.787871650  0.855022493 15.893280637  4.392001388  4.309955767
[321] 12.155082383 10.593067956  9.408321072  8.273843804 15.601624611 13.445573972  4.880085538 17.317048662
[329]  9.043921921  7.390996869  6.675748917 16.942661044  2.389072081  9.865644437 12.815007839  9.497029485
[337] 17.890133112 16.881393673 11.509140725 11.208676351  7.825203467  7.445637724 15.569088761 16.864916132
[345] 14.415067090 13.967434666 12.737219294 12.575899327  0.262712979 16.186391453 10.947233640 15.462979279
[353] 14.812773246 10.025980826  6.250523252 16.362778970 10.845069794  9.663519997  8.091881078 17.569369875
[361]  9.223143925 10.984531481  4.883366359  6.750590526 11.729837375 12.662818531  7.269906906  6.883550654
[369]  3.744083861 16.219145916  7.210027780 11.976485669  7.238823913  4.813573505  3.458068343  2.323046834
[377]  9.136391739  6.853249638  5.406482868  7.750057613  9.487565196  6.152486185  7.213955584  6.819464505
[385]  1.778189886  9.319505989  9.116878445  7.155408683 15.513141409 11.058619486  9.389419796  3.153775635
[393] 13.514351972 13.304134432 12.346356746  8.740839725  6.699194357  5.494312507  1.691480812 10.189494422
[401]  6.402087390  8.906443432  7.297225871  5.070192601  4.991298831  4.678628391  2.922640143  2.036326162
[409]  4.520398312  8.154114577 10.843070403 10.835145405 10.314129540 11.078684947 10.026402201  1.150365241
[417] 14.657136604  8.829116190  0.400743431  3.346982441  4.579926675  3.424193702 13.438838647  6.455362525
[425]  1.818689492 13.455110381  4.767616851  8.595457664  5.842092261 13.267469073 11.245975003  3.766399230
[433] 12.923964687  3.974659328  0.945438828  9.569015517  2.846249970 12.092686513  7.437253183  2.112559809
[441]  5.617443448 12.431362496 11.495444822  2.178753663 12.223269346  7.503628607 11.221134869 10.244968618
[449]  1.797185918  1.282838400  4.858398728  3.873028776 10.518367958  7.171664700  5.229505490  5.128485661
[457] 12.452504757  8.630844581  9.388612608  7.996908320 10.885397441  6.296467253  7.354478862 10.217725459
[465] 10.220347138  2.603333535  9.836853293  1.832620187  0.844175170  5.007452997  3.095914882  8.336624473
[473]  7.846176892  8.765643301  8.524367193  8.257814608  4.767332151  3.392851361  8.682671438  9.837980231
[481]  2.562801734  6.585198348  4.069251775  2.073738741  2.722467756  4.149087529  0.242088958  8.804657606
[489]  7.816051131  1.003619915  9.845000756  8.196166736  0.283390247  4.225743783  7.556806953  4.058231363
[497]  2.390648895  5.298496999  3.522359135  5.683140184  4.817158591  2.273287166  8.592216053  1.819722248
[505]  7.276080791  6.219508970  1.626063872  0.749921340  7.625542210  4.615440031  7.625870135  5.335326291
[513]  5.421145887  6.242762277  4.565364887  4.537949884  9.161523024  9.154464424  0.796329771  3.464569103
[521]  7.191658471  7.158788802  6.692454255  3.310216732  3.126387224  2.244414795  8.251882669  6.039966895
[529]  8.180638631  7.306594348  0.946066490  3.208780775  5.070506376  5.955849624  5.751230871  5.033077617
[537]  7.329647381  3.466902855  2.393114739  8.043102118  7.915993772  6.479359763  4.203547621  0.037848688
[545]  6.719089984  2.561515981  2.965299344  0.668594682  7.336578614  6.635122703  5.961323789  7.272665110
[553]  3.868437453  3.658121039  1.695085631  7.418120515  6.188653019  2.073825822  0.347668932  6.101044630
[561]  3.635219326  2.549250645  6.599530096  4.529496285  1.246929204  2.619109970  3.119549719  4.725616450
[569]  2.827440264  4.018819171  2.289843192  3.715458554  3.633475339  6.335009042  1.140567647  0.891351112
[577]  5.675069557  5.200722003  6.452953826  0.764462422  4.895703356  0.755349836  3.918989306  2.853872345
[585]  4.199122495  1.079977591  2.237069585  5.311347240  0.213856794  5.319157057  0.156604764  2.044866263
[593]  1.441233555  5.800241135  5.708404276  5.456575247  0.442059124  0.801743778  0.059966543  5.161442049
[601]  2.409015542  3.052773412  0.450899053  0.969328675  3.122889939  0.572910933  2.332679112  2.836879018
[609]  2.552494543  3.491867701  1.431019333  3.080934500  0.994253047  2.796216346  3.955359244  2.501715156
[617]  0.777564148  3.375867606  2.306960738  3.184045469  2.830784030  0.059126925  0.765319206  1.853627573
[625]  1.197580529  2.914019187  3.323315868  2.818900800  2.797286717  2.739938573  1.020624869  3.040901735
[633]  2.029166878  2.282983206  3.000903614  2.542188281  2.760962705  1.611830354  1.254138352  2.687860236
[641]  0.826912145  3.089261772  2.535898091  2.324963338  2.939980610  2.846430094  1.975245304  2.592380082
[649]  2.423046512  1.127622374  0.023240785  2.468469577  1.503577049  0.843431321  0.329676190  1.725354429
[657]  1.516242893  2.109611453  0.251809777  1.744920824  0.073597978  1.025070637  1.561590095  1.243765116
[665]  0.005903509  0.958022119  0.852811326

$PAR
  [1]  NA   1   1   1   1   1   1   2   2   8   8   8   8   8   8   8   9   9   9   9   9   9  10   3   3   3   3   3
 [29]  17  17  17   4   4   4   4   4  24  24  24   5   5   5   5  18  18  18  18  44  44  44  44  29  29  29  29  48
 [57]  48  48  48  48  48  48  48  26  26  26  12  12  12  12  12  12  12  12  12  12  12  67  67  67  32  32  23  23
 [85]  23  68  68  68  68  68  68  68  30  30  30  69  69  31  31  56  56  56  56  13  13  13  13   6  96  40  40  27
[113]  14  14  14  14  14  14  14  14  52  52  52 112 112 112 112 112 112 109 109  28  28  28  28  28  98  98  98  49
[141]  49  49  49  49  94  94  94  94  94  94  99 113 113 132 137  64  64  64  64  64 154 156  78  78  78  78 133 133
[169] 121  65  65  41  81 163 163 140 140 140 140  87 104 104 104 104 104  50  50  50 124 124  79  79  42  42 181 125
[197] 125 125 196 196  51  51  84  84 191 191  20  20 169 169 169  45 105 105  97  97  97  97  97  97  97 141 141 141
[225] 141 141 115 115 100  43  43  43  43  21  21 186  22  22  22 172 172 172 172  39  39 126 106 171 180 180 180 162
[253] 158 227  66  66  66  66 176  80  80  80 199 199 199 228 228  73  73  73  73 195 164 164 164 253 253 263 263 263
[281] 273 273 273  58 236 236 236 236 173 247 247 247 247 203 200 200 200 200 161 161 264 264 264  88  88  88 290 290
[309] 254 254 254 254 222 222 222 259 259  59 209 209 159 159 159 159 212 212 212 116 116 116 116 152 152  53 274 274
[337] 177 177 177 177 177 201 160 117 281 281 281 101 101 110 110  35 249 337 337 102 102 102 230 285 268 292 309 197
[365] 332 153 153 153 153 338 338 305 305 305 305 305  54  54  54 138 216 216 356 356 356 370 370 370 350  89 250 250
[393] 343 343 389 389 213 213 213 165 165 352 352 352 352 352 352 352 192 207 279 279 279 241 241 241 242 242 242 210
[421] 272 272 417 417 417 231 231 345 345  90  74  74 246 246 246 189 189 260 252 252 423 394 394 394 430 430 299 190
[449]  75  75 275 275 433 433 347 347 366 348 442 442 321 438 372 248 365 365 178 447 447 340 130 414 390 166 461 461
[477] 461 461 357 411 411 412 412 412 182 453 118 413 413 413 448 464 464 400 251 311 311 415 415 480 480 480  91 146
[505] 358 358 314 314 336 336 381 381 280 214 323 323 391 459 224 517 377 387 387 402 402 402 418 418 261 488 474  55
[533] 147 458 458 255 475 148 148 472 324 324 476 410 265 283 541  62 473 473 473 489 380 380 380 511 256 269 556 330
[561] 330 463 549 537 530 403 552 383 371 454 388 368  63 384 316 364 194 397 331 482 424 579 232 401 574 229 257 462
[589] 514 557 557  46  46 528 131 534 429 535 149 219 513 379 379  85 590 590 578 277 404 233 211 363 327 501 477 477
[617] 568 515 515 409 319 319 184 320 320 120 585 585 585 452 573 499 538 520 375 375 618 420 524 532 525 567 471 642
[645] 612 602 635 645 584 437 621 566 648 616 107 649 649 376 155 408 408 504 656 303 593 650 576

$EXTANT
  [1] FALSE FALSE FALSE  TRUE FALSE FALSE FALSE  TRUE FALSE FALSE FALSE  TRUE  TRUE  TRUE FALSE FALSE FALSE  TRUE FALSE
 [20]  TRUE  TRUE FALSE  TRUE  TRUE FALSE FALSE FALSE FALSE  TRUE FALSE FALSE  TRUE FALSE FALSE FALSE  TRUE FALSE FALSE
 [39] FALSE  TRUE FALSE  TRUE  TRUE FALSE  TRUE  TRUE  TRUE  TRUE  TRUE  TRUE  TRUE FALSE  TRUE  TRUE  TRUE FALSE FALSE
 [58] FALSE FALSE FALSE  TRUE  TRUE  TRUE  TRUE FALSE  TRUE  TRUE  TRUE FALSE FALSE FALSE FALSE  TRUE  TRUE  TRUE  TRUE
 [77]  TRUE FALSE  TRUE  TRUE FALSE  TRUE FALSE  TRUE  TRUE FALSE FALSE  TRUE  TRUE FALSE FALSE  TRUE FALSE  TRUE FALSE
 [96] FALSE  TRUE FALSE FALSE  TRUE  TRUE  TRUE FALSE  TRUE  TRUE  TRUE  TRUE FALSE  TRUE FALSE FALSE  TRUE  TRUE FALSE
[115] FALSE  TRUE  TRUE  TRUE  TRUE  TRUE FALSE  TRUE  TRUE FALSE  TRUE  TRUE  TRUE  TRUE  TRUE  TRUE  TRUE  TRUE FALSE
[134] FALSE  TRUE  TRUE  TRUE  TRUE  TRUE  TRUE  TRUE  TRUE FALSE FALSE  TRUE  TRUE  TRUE  TRUE  TRUE  TRUE FALSE  TRUE
[153]  TRUE  TRUE  TRUE FALSE FALSE  TRUE  TRUE FALSE  TRUE  TRUE FALSE  TRUE FALSE  TRUE FALSE FALSE  TRUE FALSE  TRUE
[172] FALSE FALSE FALSE FALSE FALSE  TRUE FALSE  TRUE  TRUE  TRUE  TRUE  TRUE FALSE  TRUE FALSE  TRUE  TRUE  TRUE FALSE
[191]  TRUE  TRUE FALSE  TRUE FALSE FALSE  TRUE  TRUE  TRUE FALSE  TRUE FALSE FALSE  TRUE  TRUE  TRUE  TRUE  TRUE  TRUE
[210]  TRUE  TRUE  TRUE  TRUE  TRUE FALSE  TRUE  TRUE FALSE  TRUE  TRUE  TRUE  TRUE FALSE  TRUE  TRUE  TRUE  TRUE FALSE
[229]  TRUE  TRUE  TRUE  TRUE  TRUE  TRUE  TRUE  TRUE FALSE FALSE  TRUE FALSE  TRUE  TRUE  TRUE FALSE  TRUE  TRUE FALSE
[248]  TRUE FALSE  TRUE  TRUE  TRUE  TRUE  TRUE  TRUE FALSE  TRUE  TRUE  TRUE FALSE FALSE  TRUE  TRUE  TRUE  TRUE FALSE
[267] FALSE FALSE  TRUE  TRUE  TRUE FALSE  TRUE  TRUE  TRUE  TRUE  TRUE FALSE FALSE  TRUE FALSE FALSE  TRUE  TRUE  TRUE
[286]  TRUE  TRUE  TRUE FALSE  TRUE FALSE FALSE  TRUE  TRUE  TRUE  TRUE  TRUE  TRUE FALSE  TRUE  TRUE  TRUE  TRUE FALSE
[305] FALSE  TRUE FALSE  TRUE FALSE FALSE  TRUE  TRUE  TRUE  TRUE  TRUE  TRUE  TRUE  TRUE FALSE  TRUE  TRUE  TRUE  TRUE
[324] FALSE FALSE FALSE  TRUE FALSE  TRUE  TRUE FALSE  TRUE  TRUE  TRUE  TRUE  TRUE  TRUE  TRUE  TRUE  TRUE FALSE  TRUE
[343] FALSE FALSE  TRUE FALSE  TRUE  TRUE  TRUE  TRUE  TRUE  TRUE FALSE  TRUE  TRUE  TRUE FALSE  TRUE  TRUE FALSE  TRUE
[362]  TRUE  TRUE  TRUE  TRUE FALSE  TRUE  TRUE  TRUE  TRUE  TRUE  TRUE  TRUE  TRUE  TRUE  TRUE  TRUE  TRUE  TRUE  TRUE
[381]  TRUE  TRUE  TRUE  TRUE  TRUE  TRUE  TRUE  TRUE FALSE  TRUE  TRUE  TRUE FALSE  TRUE FALSE FALSE FALSE  TRUE  TRUE
[400] FALSE  TRUE  TRUE  TRUE  TRUE  TRUE  TRUE  TRUE  TRUE  TRUE  TRUE  TRUE  TRUE  TRUE  TRUE FALSE  TRUE  TRUE  TRUE
[419]  TRUE  TRUE  TRUE  TRUE  TRUE  TRUE  TRUE  TRUE  TRUE  TRUE  TRUE  TRUE  TRUE  TRUE  TRUE  TRUE  TRUE  TRUE  TRUE
[438]  TRUE  TRUE  TRUE FALSE  TRUE  TRUE  TRUE FALSE FALSE  TRUE  TRUE  TRUE FALSE  TRUE  TRUE  TRUE  TRUE  TRUE FALSE
[457] FALSE  TRUE  TRUE  TRUE  TRUE  TRUE  TRUE  TRUE  TRUE  TRUE  TRUE  TRUE  TRUE  TRUE  TRUE FALSE  TRUE  TRUE FALSE
[476]  TRUE  TRUE  TRUE  TRUE  TRUE  TRUE  TRUE  TRUE  TRUE  TRUE  TRUE  TRUE  TRUE  TRUE  TRUE  TRUE FALSE  TRUE  TRUE
[495]  TRUE  TRUE  TRUE  TRUE  TRUE FALSE  TRUE  TRUE FALSE  TRUE FALSE  TRUE  TRUE  TRUE  TRUE  TRUE  TRUE  TRUE  TRUE
[514] FALSE  TRUE FALSE  TRUE  TRUE  TRUE  TRUE FALSE  TRUE  TRUE  TRUE  TRUE  TRUE FALSE  TRUE  TRUE  TRUE  TRUE  TRUE
[533] FALSE  TRUE  TRUE  TRUE  TRUE  TRUE  TRUE  TRUE FALSE  TRUE  TRUE  TRUE  TRUE  TRUE  TRUE  TRUE FALSE  TRUE FALSE
[552]  TRUE  TRUE  TRUE  TRUE  TRUE  TRUE  TRUE  TRUE  TRUE  TRUE  TRUE  TRUE  TRUE  TRUE  TRUE  TRUE  TRUE  TRUE  TRUE
[571]  TRUE  TRUE  TRUE  TRUE  TRUE  TRUE  TRUE  TRUE  TRUE  TRUE  TRUE  TRUE  TRUE  TRUE  TRUE  TRUE  TRUE  TRUE  TRUE
[590]  TRUE  TRUE  TRUE  TRUE  TRUE FALSE  TRUE  TRUE  TRUE  TRUE  TRUE  TRUE  TRUE  TRUE  TRUE  TRUE  TRUE  TRUE FALSE
[609]  TRUE FALSE FALSE  TRUE  TRUE FALSE  TRUE  TRUE  TRUE  TRUE  TRUE  TRUE  TRUE  TRUE  TRUE  TRUE  TRUE  TRUE  TRUE
[628]  TRUE  TRUE  TRUE  TRUE  TRUE FALSE  TRUE  TRUE FALSE  TRUE  TRUE  TRUE  TRUE  TRUE  TRUE FALSE  TRUE FALSE  TRUE
[647]  TRUE  TRUE  TRUE  TRUE  TRUE  TRUE  TRUE  TRUE  TRUE  TRUE  TRUE  TRUE  TRUE  TRUE  TRUE  TRUE  TRUE  TRUE  TRUE
[666]  TRUE  TRUE

