
Birth-death simulation object with 701 species and 500 extant species

Details for some species:

Extinction times (NA means extant)
[1] 57.94022 57.58163 47.65445 54.12941 23.25167       NA


Speciation times 
[1] 69.27125 67.46846 66.68155 63.58411 59.50511 58.11277


Species parents (NA for initial)
[1] NA  1  1  2  3  3


Species status (extinct or extant)
[1] "extinct" "extinct" "extinct" "extinct" "extinct" "extant" 


For more details on vector y, try sim$y, with y one of
TE TS PAR EXTANT



$TE
  [1] 57.94022435 57.58162991 47.65445307 54.12941338 23.25166503          NA 53.75920023 48.28860227          NA
 [10]          NA 10.12919052 15.88250733          NA          NA          NA 17.09729829          NA          NA
 [19] 21.31853220 18.90220649 19.51321452          NA 29.99587443          NA 36.82494139 17.78901240          NA
 [28] 32.65373304 22.63663708          NA 29.19264962          NA 16.47763667 21.46014483          NA 37.32997900
 [37] 31.33489332          NA  8.35988050  9.39871634          NA          NA          NA 14.34018719 29.43745463
 [46]          NA          NA 45.93461908  4.17257994 28.96009088 15.81761941 14.47133400 22.55104631 17.32539474
 [55]          NA          NA  1.16582650  7.37789740          NA 32.36428445  2.46839201  7.95943043  2.93361919
 [64]          NA 10.66092092          NA          NA          NA 13.22090223          NA          NA          NA
 [73] 29.74599964          NA          NA          NA 26.16855384          NA          NA          NA 33.87209025
 [82] 22.68454307  8.55048884  4.57579788  7.36843873 31.57858884          NA 25.73244611 13.56548996 17.94619563
 [91]          NA          NA          NA 24.86250192 11.33872597 17.41649887  4.37726553          NA          NA
[100] 20.80862280 31.00044650 16.73107285          NA  7.32746341 12.65842797 16.46175153          NA          NA
[109]          NA          NA          NA          NA          NA  7.84723608 15.56419962 12.93394948          NA
[118]          NA  1.85140938          NA          NA          NA 22.25547645          NA 24.18940082 23.77463933
[127] 15.45602786          NA 15.64817696          NA          NA 28.44413611          NA  8.04137786  1.57666720
[136] 10.54251310  2.75019344  6.78752904          NA 18.04877830          NA 16.38223106 11.56516088          NA
[145]          NA  6.05271043  1.52713097 16.16288718 10.11379460          NA          NA 20.43505112          NA
[154] 22.75949061          NA  7.96812829 21.93527843 22.39220173  7.68503876          NA  1.67915562 22.13781804
[163]  5.16954007          NA          NA          NA          NA          NA          NA 21.72916266 15.72936842
[172]          NA 13.93180006          NA          NA 14.35303024          NA          NA  9.97952735          NA
[181]          NA          NA          NA          NA          NA          NA  3.18638631 11.54217352          NA
[190]          NA          NA          NA 23.56712052          NA          NA 13.09288990          NA          NA
[199]          NA          NA          NA          NA  7.20067222          NA          NA 15.41024395          NA
[208]          NA  2.57848968  6.46557296          NA          NA          NA 17.71494211          NA          NA
[217]  8.41432055 16.45160869  5.88717987          NA          NA          NA  2.51759956          NA          NA
[226]          NA          NA          NA  5.33069643          NA          NA          NA 19.78639251          NA
[235]          NA          NA          NA          NA  7.37986735          NA          NA          NA  7.88391584
[244] 12.64107005  9.01000241          NA          NA          NA          NA 10.89568861          NA          NA
[253]  0.08254472 15.84722949  0.76028255  6.63039770 14.14866444  2.18343587          NA 15.21323298          NA
[262]          NA 10.04628388 15.95847806  5.19020544  6.43600443          NA          NA          NA          NA
[271]          NA  8.10189697          NA          NA          NA 12.86408256          NA          NA          NA
[280]          NA          NA          NA          NA          NA          NA          NA  5.22293751          NA
[289] 12.02151336  4.75724996 20.41846089          NA          NA          NA 12.87482679          NA          NA
[298]          NA          NA  0.20517116          NA          NA          NA          NA          NA          NA
[307]  7.45526530          NA  6.51004115          NA          NA 10.92711982          NA          NA          NA
[316]          NA          NA 12.78258963          NA          NA          NA  1.15876643          NA 12.41906381
[325] 17.81964886          NA          NA          NA          NA          NA          NA          NA  6.94230298
[334]          NA  0.36145728  9.75744849          NA          NA          NA          NA          NA          NA
[343]  4.91176298          NA  6.64145598          NA          NA          NA          NA          NA          NA
[352]          NA          NA          NA          NA          NA          NA          NA 10.83879240          NA
[361]  0.20007514          NA          NA          NA  7.22157494          NA          NA  2.34512967          NA
[370]          NA  5.77142224          NA          NA          NA          NA          NA          NA 12.38103676
[379]          NA  8.83912993  9.03775012          NA          NA          NA          NA          NA  3.37061548
[388]          NA          NA  0.92682329  6.99172855          NA 12.14528687          NA          NA          NA
[397]          NA          NA          NA          NA  1.68257454          NA  4.99342214  2.96283296          NA
[406] 13.12755903          NA          NA  5.83716165          NA          NA          NA 12.07831815          NA
[415]          NA          NA  2.02499788          NA          NA          NA          NA  0.32556854          NA
[424]          NA          NA          NA          NA          NA          NA          NA          NA          NA
[433]          NA          NA          NA          NA          NA          NA          NA  0.84024098          NA
[442]          NA          NA          NA          NA          NA          NA  3.36131138          NA          NA
[451]          NA          NA          NA  1.86265033          NA          NA          NA  7.38977872          NA
[460]          NA  5.89516127          NA  2.56800630          NA          NA          NA          NA          NA
[469]          NA  0.01441537          NA  9.61506381          NA          NA          NA          NA          NA
[478]          NA          NA  2.39893278          NA          NA  6.93971172          NA  8.07382424          NA
[487]          NA          NA          NA  1.81243105          NA          NA  2.23723931          NA          NA
[496]  2.84663029          NA          NA          NA          NA  5.95584984          NA  5.62861217          NA
[505]          NA          NA          NA          NA          NA          NA  0.78865397          NA          NA
[514]          NA          NA          NA          NA          NA          NA          NA  0.88926158          NA
[523]          NA          NA          NA          NA  1.27028393          NA          NA          NA          NA
[532]          NA          NA          NA          NA          NA          NA  3.06069064          NA          NA
[541]          NA  8.00329005          NA          NA          NA          NA          NA          NA          NA
[550]          NA          NA          NA          NA          NA          NA          NA          NA          NA
[559]          NA          NA          NA          NA          NA          NA          NA          NA          NA
[568]          NA  6.59182786          NA          NA          NA          NA          NA          NA          NA
[577]          NA  4.03513054  4.78972382          NA          NA          NA  4.06787013          NA          NA
[586]          NA  4.40448782          NA          NA          NA          NA          NA          NA          NA
[595]          NA          NA          NA          NA          NA          NA          NA          NA          NA
[604]          NA          NA          NA          NA          NA          NA          NA          NA          NA
[613]          NA          NA          NA          NA  2.10923726          NA          NA          NA          NA
[622]          NA          NA          NA          NA          NA          NA          NA          NA          NA
[631]          NA          NA          NA          NA          NA          NA  0.99396069          NA          NA
[640]          NA          NA          NA          NA          NA          NA          NA          NA  2.35777324
[649]          NA          NA          NA          NA          NA          NA  3.19338158          NA          NA
[658]          NA          NA          NA          NA          NA          NA          NA          NA          NA
[667]          NA          NA          NA          NA          NA          NA          NA          NA          NA
[676]          NA          NA          NA          NA  1.43531739          NA          NA          NA          NA
[685]          NA          NA          NA          NA          NA          NA          NA          NA          NA
[694]          NA          NA          NA          NA          NA          NA          NA          NA

$TS
  [1] 69.27125127 67.46846271 66.68155166 63.58411320 59.50511301 58.11277099 57.49965377 57.34015213 56.38567862
 [10] 48.37404956 28.91167846 28.84614606 27.68001530 42.26748269 36.40541361 23.87311836 19.90165265 15.19496972
 [19] 52.31515062 55.83524697 38.62431154  8.93111794 52.03000559 52.00599144 39.05313905 27.38418986 51.55146736
 [28] 34.43901751 49.85125203 40.67061399 36.00893562 32.09277916 30.41307124 23.22295739  0.26682210 47.96818895
 [37] 42.53568815 39.70712115 36.50575551 31.72392569 29.39522288  9.08234584  4.72941868 47.46002382 40.24782649
 [46] 31.85704377 31.38309646 47.54750034 47.24332854 46.13198634 44.61997360 36.61798974 25.46632641 22.19114968
 [55] 17.25176817 16.69649527 10.27849673 43.01214585 47.02619300 40.39414957 24.34763318 20.22944883  7.25907100
 [64] 47.00075697 42.75957853 38.94645148 31.83175615 28.20526891 13.84243761 10.98730260  7.76590906 35.50286518
 [73] 33.53502045 29.96912364 29.59965641 30.22354537 41.08933014 24.02428189 20.76813750 10.32579688 38.48765096
 [82] 29.25328551 26.37247409 20.69662991 15.20630385 35.38557185 32.28509488 32.25274671 21.75435401 20.68135260
 [91] 18.63021229 12.72168424  4.82285263 29.29923928 23.52137377 22.65016714 22.61889483  6.05198580  1.42755409
[100] 39.12312239 34.45379666 30.12571768 36.91834087 28.28177362 28.11604736 17.72480774 11.15410075  8.66512043
[109]  7.18576376 36.15612823 28.31455778 17.23713281 11.24578636 37.07274727 36.84916964 35.85864240 25.37673632
[118]  9.48339308 34.68303781 28.38914711  5.73755159  1.42470229 26.59079859 15.44857783 29.44143150 29.01401457
[127] 24.53022666 18.15381905 17.98864350 10.51270870 36.14436990 30.85242487 22.27477692 22.26345320 13.18999105
[136] 13.12942941 10.75029889  8.70938035  2.92090099 30.04471644  3.73637018 28.15957902 15.29357873 11.30808814
[145]  8.75943205  8.49767736 33.75396451 33.31086295 24.52232055 21.74311523 10.43986132 26.82983755 18.28046126
[154] 33.01280214 29.96164594 25.56212224 28.20908258 23.14319132 29.47367667 19.75114458  6.66075831 29.27956737
[163] 17.75063309  9.23863384 14.51573502  6.70669570  1.04616043 12.43629839 30.26394172 25.47560078 22.12796148
[172] 10.72154541 25.58242873  8.89004536 29.94665287 16.03997417 11.99931046 11.87776196 26.32672838 25.82725253
[181] 18.37715623 27.79253067 20.80116693 17.70042035  9.68466002  7.07099501 22.32104416 14.01286088 25.31364321
[190]  4.68406649  3.20335523 12.83140522 25.20226521 28.15299922 16.66240933 16.28510355 13.41487807  8.60757579
[199]  8.39835146  6.89588712  2.61085439  2.08170790 12.25524258 28.07329096  4.14361453 18.83504662 15.49215059
[208] 13.91605944  8.92062826 27.70312559 12.68822296  7.96787437 28.00251878 26.19368755 24.81021276  1.19146936
[217] 26.22478969 19.56576561 15.15907670 13.71250170 11.87756354  7.88970741  4.55904858  4.27499897 20.51190552
[226]  3.95612389  6.50253281 22.94392513 16.80056186 14.65599478  0.71865571 26.64390047 22.25322006 17.95923306
[235] 15.06422252  8.88179055  8.63584360 24.48839818 11.23271081  9.50641239  2.52987044  2.29926268 19.59144088
[244] 15.35700769 11.24923538  8.07555916  6.94149994  1.80005839 25.86901595 18.46214762 10.52381346 23.82629352
[253] 21.97842854 24.85890889 22.56480625 14.40610052 14.30423130 25.44694566 22.18468884 18.95301193  8.02124282
[262]  5.42009960 23.03902078 20.99209487 19.94725294 11.31317162  4.56137059  4.54853150  3.70162465  0.34373082
[271] 23.73009321 24.16409432 22.83893685 19.98250676 18.93437512 17.50961286  2.50248450 15.28076924 13.44356110
[280] 10.78261472  3.56120848 14.79421639 23.37883481 23.27345946 23.24546016 13.69425796 11.30772684  0.35107336
[289] 12.24626851 21.76429249 20.55821991 13.88616809 14.40798157  6.93413468 19.62115645  6.92453278 22.97992092
[298] 15.05934728 20.83674167  5.61065131  1.98490743  0.42514497 12.04955327  9.37929742  1.33313023  1.19680056
[307]  9.50778458  5.61203402 11.13943754  9.56371163 20.98620841 13.00610958  4.47704298 20.45263475  9.88412761
[316]  8.15621598 21.58104091 16.94941517 15.58022935  9.12354449  5.81581498 14.93959848 16.64810357 19.34422737
[325] 17.92356038 10.97237735 19.87343806 17.88661360  4.40827216 16.52969595 11.04968048 16.51446454 11.87974789
[334] 11.29619210  1.67701775 17.65705260 11.77134242  5.24427993  4.37535076 19.56335422 16.41998515  2.71202714
[343]  6.92724122  5.28775107 11.77674513  5.95284684 18.56469349 15.76337156  8.22198811 12.65355313  4.43627760
[352]  0.34446355 17.65531396 17.60558278  8.50185575 16.68571996 16.42728766 17.70830716 16.64740760 15.86317166
[361] 10.28022139  7.80731100  2.35731401 12.80399829  8.62333262  7.67775480  5.44270094 18.06593486 15.98378499
[370]  2.68523403 15.05382366  6.34689215  5.27520110  5.64237765 16.20370751 10.65671665  8.78360541 15.55360729
[379] 14.28231214  9.43977261 12.95359821 12.91471204 16.84718348  5.73927115 12.82640022  7.78568457 10.60056598
[388]  7.01215271  4.30333368 16.70886658 13.04739374  2.51621057 15.14227485  9.97229368  7.81541669  9.90979115
[397] 15.18638231 12.60274712 10.79782968  0.20100849 12.51048259  8.06120210 12.36321103 12.25939297  9.68001586
[406] 15.37147117  9.42875425  4.90700523  7.34813532  4.22927623  4.44724142 12.82017834 12.53512922  9.59285535
[415]  3.35597045  0.68067293 10.97416024  3.25165095 10.02196586  2.42389463  3.77491887 12.81259676 12.58794441
[424]  0.09520756 14.95356707 12.65914347 10.11402810  1.99160391  8.15149879  6.86746934  1.82182007  9.07717091
[433]  9.14630642 14.27229208 12.70935640  9.51689525  7.24620397 12.39098882 11.62291021  8.83319877  9.16727169
[442]  4.77291913  4.11725291 10.52884504  2.39119785 14.42900650  5.71664419  4.21101156  2.94853604 13.23937338
[451]  7.43228306  7.39246367  6.28859202  6.21868132  8.88206229  6.25289663 12.94359854 11.98171272  2.26193652
[460] 12.62225458 12.73926115  9.36072605  3.33239687  1.32007369 10.24645495  9.23871609  4.50436971  8.60485057
[469] 12.18814632  3.76079733  9.49173718 10.29405147 10.54857081  7.19124414  7.51116629  1.48372951  7.73539121
[478]  7.11692799  1.10358880  6.97919612  4.00501678  3.48106417  9.35093413 11.34253904  8.86697836 10.50992456
[487]  8.56829349  3.47970754 11.52985320  4.41792922  2.18546466 11.00722708 10.58871992  8.81215303  8.73314495
[496]  7.29450633  5.05570189  1.59296255 10.38283012  5.91216518  9.80720631  8.32026338  6.90436431  9.55871197
[505]  5.81122461 10.41651218  2.33044577  1.44412656  0.93214300  0.62109478  5.52569080 10.01426090  8.58569757
[514]  3.82229798  2.00024799  0.30257601  2.63356608  5.14750990  2.01181930  0.09685901  9.87631847  8.27007641
[523]  9.40896113  6.26688112  9.07872699  6.37329627  7.35788072  6.94102649  3.36094808  6.74497868  9.45126506
[532]  1.42616057  5.03417022  1.12830067  9.41602983  1.58127201  7.30212895  5.41877709  7.10080725  6.74743323
[541]  3.08323072  8.47437944  7.46718826  4.86746975  2.46300467  6.80537219  2.17972153  8.79691538  7.91454171
[550]  2.94581808  0.38267880  3.16539143  1.13022160  8.53795346  7.30571744  4.58897229  5.08340926  5.03404354
[559]  7.58225650  8.30309170  6.62414123  5.06557379  0.61850764  0.17234042  3.23227391  6.44331082  4.65828005
[568]  8.15955266  8.37344968  7.18803187  3.47617297  4.62370140  0.77772078  2.00398790  5.69735754  6.90976474
[577]  1.29480112  6.06392697  6.42805396  2.40827603  3.27648691  6.00322794  5.84991063  7.45494046  3.12312965
[586]  6.24062649  4.51921250  4.28973287  1.66373933  1.00377958  0.45137973  6.98835483  3.10718326  0.29166965
[595]  4.70656274  0.22723924  0.19893962  5.67096081  0.19840302  4.03831847  4.83094089  4.11256392  6.70800693
[604]  1.72035662  6.72104829  6.41542249  5.29422373  4.48877917  5.47852981  0.48451882  4.70529086  1.82663403
[613]  3.91680019  1.72441623  4.20417495  1.22576572  6.12953813  4.98506025  3.71016322  0.76490135  4.28732043
[622]  2.88366248  2.72533253  1.73610378  4.69352180  3.20595427  1.55791371  2.54587779  0.06959323  3.06447217
[631]  4.95893701  2.27155315  4.82760823  0.25324150  1.77381544  3.51487241  1.09139614  4.40951392  0.83193832
[640]  4.93773152  1.93812788  4.14602937  0.28106487  3.95414414  1.61772580  0.75682669  3.48130789  2.96761130
[649]  0.40949404  0.98785835  3.26705410  0.80218327  3.67430201  1.45570446  3.38732958  2.26172914  0.52743931
[658]  0.97507202  3.22267620  1.47827021  0.03208854  0.82716090  1.82140223  3.05838060  0.88532384  3.08456535
[667]  3.30604456  2.31157865  3.00517610  2.82847990  2.99204416  3.05406381  3.20459881  2.47737089  0.33782533
[676]  1.85464902  2.67027082  0.89144689  1.52937230  2.54898757  0.83562320  0.25261167  0.40001601  0.34639358
[685]  1.06938268  0.27384951  1.94694258  1.85815391  0.61436965  0.36553932  0.62512534  0.28147815  0.56082204
[694]  0.17791815  1.35994553  1.06789485  0.23370465  0.52326714  0.32293178  0.17966512  0.26867191

$PAR
  [1]  NA   1   1   2   3   3   4   4   5   5   5   5   5   6   6   6   6   6   8   9   9   9  20  20  20  20  23  23
 [29]  24  24  24  24  24  24  24  27  27  27  27  27  27  27  27  29  29  29  29  10  10  10  10  10  10  10  10  10
 [57]  10  44  49  49  49  49  49  59  59  59  59  64  64  64  64  50  50  50  50  51  58  58  58  58  65  65  65  65
 [85]  65  37  37  14  14  14  14  14  14  30  30  30  30  30  30  60  45  45  38  38  38  38  38  38  38 100  66  66
[113]  66  21  21 114 114 114 103 103 103 103  52  52  39  39  39  39  39  39  15  15  15  15  15  15  15  15  15 110
[141] 110 131 131 131 131 131  31 116  72 119 119 147 147  73 148 148 154 154  87  87  87  88  32  32  46  46  67  40
[169]  47  47  47  47  33 169  76  76  76  76 102 102 140  74  74  74  74  74 175 175  75  75  75 159 125  41  41  41
[197]  41  41  41  41  41  41  11  12 120 111 111 111 111 104 104 104 157  68  68  68 142 194 194 194 194 194 194 194
[225] 105 204 213 182 182 182 182 210 210 210 210 210 210  13  13  13  13  13  26 232 232 232 232 232  83 179 179 217
[253] 214 180 173 173 156 170 170 258 258 117 189 189 189 189 189 189 189 189 254 127 127 149 149 149 238  61  61  61
[281]  61 272  78  78  78  78  78 271  95 283 283 283 284 284 285 285 263 297 273 273 273 273 255 255 255 255 187 133
[309] 134 134 259 259 259 253 253 253 290  89 150 150 150 317 264 311 311 311 299 299 299 183  79  84 225 225 225 314
[337] 314 314 314  62 274 274 265 265  17  17 327 327 327 160 160 160 295 243 243 340 340 260 275 275 275 275 275  91
[365]  91  91  91 347 347 347 181 181 153 128 368 368 368 163 163 163 358 184 336 353 354 354  55  55  55 383 383 383
[393] 229 390 390  56 356 356 356 356 195 195 359 359 330 332 332 332 357 357 341 375 375 375 375 375 369 369 348 348
[421] 319 207 207 124 278 278 278 278  18  18  18 397 219 393 393 298 298 371 425 425 322 322 322 282 282 165 165 446
[449] 379 434 434 434 286 279 197 450 135 135 135 385 412 412 412 364 461 461  92 435 460 398 423 401 168 168 438 438
[477] 203 469 469 303 303 303 177 458 458 333 178 178 221 337 337 489 484 484 484 484 484 484 266 334 245 239 331  70
[505]  70 417 417 399 172 376 493 473 473 444 151 151 506 499  80  80 361  57 465 465 427 427 419 419 419 394 396 315
[533] 310 436 307 471 531 407 466 164 164 441 433 320 320  42  42 209 209 440 494 548 377 145 145 145 495 495 138 108
[561] 108 108 108 108 237 198 198 468 199 569 502 522 522 568 316 246 246 402 212 212 549 222 222 395 362 386 386 475
[589] 543 584 452 409 555 537 496 437 474 109 388 480 296 296 576 576 503 430 546 530 605 605 166 161 524 456 586 586
[617] 454 617 617  98 582 582 582 121 575 300 300 609 609 367 607 607 344 344 518 557 562 497 533 618 631 640 640 408
[645] 408 544  93  93  93 442 625 190 567 572 556 268 608 411 351 389 615 602 514 653 653 636 647 482 571 529 667 651
[673] 626 630 630 669 449 622 342 201 628 580 445 242 459 459 491 202 519 624 614 614 536 627 654 464 696 167 509 652
[701] 302

$EXTANT
  [1] FALSE FALSE FALSE FALSE FALSE  TRUE FALSE FALSE  TRUE  TRUE FALSE FALSE  TRUE  TRUE  TRUE FALSE  TRUE  TRUE FALSE
 [20] FALSE FALSE  TRUE FALSE  TRUE FALSE FALSE  TRUE FALSE FALSE  TRUE FALSE  TRUE FALSE FALSE  TRUE FALSE FALSE  TRUE
 [39] FALSE FALSE  TRUE  TRUE  TRUE FALSE FALSE  TRUE  TRUE FALSE FALSE FALSE FALSE FALSE FALSE FALSE  TRUE  TRUE FALSE
 [58] FALSE  TRUE FALSE FALSE FALSE FALSE  TRUE FALSE  TRUE  TRUE  TRUE FALSE  TRUE  TRUE  TRUE FALSE  TRUE  TRUE  TRUE
 [77] FALSE  TRUE  TRUE  TRUE FALSE FALSE FALSE FALSE FALSE FALSE  TRUE FALSE FALSE FALSE  TRUE  TRUE  TRUE FALSE FALSE
 [96] FALSE FALSE  TRUE  TRUE FALSE FALSE FALSE  TRUE FALSE FALSE FALSE  TRUE  TRUE  TRUE  TRUE  TRUE  TRUE  TRUE FALSE
[115] FALSE FALSE  TRUE  TRUE FALSE  TRUE  TRUE  TRUE FALSE  TRUE FALSE FALSE FALSE  TRUE FALSE  TRUE  TRUE FALSE  TRUE
[134] FALSE FALSE FALSE FALSE FALSE  TRUE FALSE  TRUE FALSE FALSE  TRUE  TRUE FALSE FALSE FALSE FALSE  TRUE  TRUE FALSE
[153]  TRUE FALSE  TRUE FALSE FALSE FALSE FALSE  TRUE FALSE FALSE FALSE  TRUE  TRUE  TRUE  TRUE  TRUE  TRUE FALSE FALSE
[172]  TRUE FALSE  TRUE  TRUE FALSE  TRUE  TRUE FALSE  TRUE  TRUE  TRUE  TRUE  TRUE  TRUE  TRUE FALSE FALSE  TRUE  TRUE
[191]  TRUE  TRUE FALSE  TRUE  TRUE FALSE  TRUE  TRUE  TRUE  TRUE  TRUE  TRUE FALSE  TRUE  TRUE FALSE  TRUE  TRUE FALSE
[210] FALSE  TRUE  TRUE  TRUE FALSE  TRUE  TRUE FALSE FALSE FALSE  TRUE  TRUE  TRUE FALSE  TRUE  TRUE  TRUE  TRUE  TRUE
[229] FALSE  TRUE  TRUE  TRUE FALSE  TRUE  TRUE  TRUE  TRUE  TRUE FALSE  TRUE  TRUE  TRUE FALSE FALSE FALSE  TRUE  TRUE
[248]  TRUE  TRUE FALSE  TRUE  TRUE FALSE FALSE FALSE FALSE FALSE FALSE  TRUE FALSE  TRUE  TRUE FALSE FALSE FALSE FALSE
[267]  TRUE  TRUE  TRUE  TRUE  TRUE FALSE  TRUE  TRUE  TRUE FALSE  TRUE  TRUE  TRUE  TRUE  TRUE  TRUE  TRUE  TRUE  TRUE
[286]  TRUE FALSE  TRUE FALSE FALSE FALSE  TRUE  TRUE  TRUE FALSE  TRUE  TRUE  TRUE  TRUE FALSE  TRUE  TRUE  TRUE  TRUE
[305]  TRUE  TRUE FALSE  TRUE FALSE  TRUE  TRUE FALSE  TRUE  TRUE  TRUE  TRUE  TRUE FALSE  TRUE  TRUE  TRUE FALSE  TRUE
[324] FALSE FALSE  TRUE  TRUE  TRUE  TRUE  TRUE  TRUE  TRUE FALSE  TRUE FALSE FALSE  TRUE  TRUE  TRUE  TRUE  TRUE  TRUE
[343] FALSE  TRUE FALSE  TRUE  TRUE  TRUE  TRUE  TRUE  TRUE  TRUE  TRUE  TRUE  TRUE  TRUE  TRUE  TRUE FALSE  TRUE FALSE
[362]  TRUE  TRUE  TRUE FALSE  TRUE  TRUE FALSE  TRUE  TRUE FALSE  TRUE  TRUE  TRUE  TRUE  TRUE  TRUE FALSE  TRUE FALSE
[381] FALSE  TRUE  TRUE  TRUE  TRUE  TRUE FALSE  TRUE  TRUE FALSE FALSE  TRUE FALSE  TRUE  TRUE  TRUE  TRUE  TRUE  TRUE
[400]  TRUE FALSE  TRUE FALSE FALSE  TRUE FALSE  TRUE  TRUE FALSE  TRUE  TRUE  TRUE FALSE  TRUE  TRUE  TRUE FALSE  TRUE
[419]  TRUE  TRUE  TRUE FALSE  TRUE  TRUE  TRUE  TRUE  TRUE  TRUE  TRUE  TRUE  TRUE  TRUE  TRUE  TRUE  TRUE  TRUE  TRUE
[438]  TRUE  TRUE FALSE  TRUE  TRUE  TRUE  TRUE  TRUE  TRUE  TRUE FALSE  TRUE  TRUE  TRUE  TRUE  TRUE FALSE  TRUE  TRUE
[457]  TRUE FALSE  TRUE  TRUE FALSE  TRUE FALSE  TRUE  TRUE  TRUE  TRUE  TRUE  TRUE FALSE  TRUE FALSE  TRUE  TRUE  TRUE
[476]  TRUE  TRUE  TRUE  TRUE FALSE  TRUE  TRUE FALSE  TRUE FALSE  TRUE  TRUE  TRUE  TRUE FALSE  TRUE  TRUE FALSE  TRUE
[495]  TRUE FALSE  TRUE  TRUE  TRUE  TRUE FALSE  TRUE FALSE  TRUE  TRUE  TRUE  TRUE  TRUE  TRUE  TRUE FALSE  TRUE  TRUE
[514]  TRUE  TRUE  TRUE  TRUE  TRUE  TRUE  TRUE FALSE  TRUE  TRUE  TRUE  TRUE  TRUE FALSE  TRUE  TRUE  TRUE  TRUE  TRUE
[533]  TRUE  TRUE  TRUE  TRUE  TRUE FALSE  TRUE  TRUE  TRUE FALSE  TRUE  TRUE  TRUE  TRUE  TRUE  TRUE  TRUE  TRUE  TRUE
[552]  TRUE  TRUE  TRUE  TRUE  TRUE  TRUE  TRUE  TRUE  TRUE  TRUE  TRUE  TRUE  TRUE  TRUE  TRUE  TRUE  TRUE FALSE  TRUE
[571]  TRUE  TRUE  TRUE  TRUE  TRUE  TRUE  TRUE FALSE FALSE  TRUE  TRUE  TRUE FALSE  TRUE  TRUE  TRUE FALSE  TRUE  TRUE
[590]  TRUE  TRUE  TRUE  TRUE  TRUE  TRUE  TRUE  TRUE  TRUE  TRUE  TRUE  TRUE  TRUE  TRUE  TRUE  TRUE  TRUE  TRUE  TRUE
[609]  TRUE  TRUE  TRUE  TRUE  TRUE  TRUE  TRUE  TRUE FALSE  TRUE  TRUE  TRUE  TRUE  TRUE  TRUE  TRUE  TRUE  TRUE  TRUE
[628]  TRUE  TRUE  TRUE  TRUE  TRUE  TRUE  TRUE  TRUE  TRUE FALSE  TRUE  TRUE  TRUE  TRUE  TRUE  TRUE  TRUE  TRUE  TRUE
[647]  TRUE FALSE  TRUE  TRUE  TRUE  TRUE  TRUE  TRUE FALSE  TRUE  TRUE  TRUE  TRUE  TRUE  TRUE  TRUE  TRUE  TRUE  TRUE
[666]  TRUE  TRUE  TRUE  TRUE  TRUE  TRUE  TRUE  TRUE  TRUE  TRUE  TRUE  TRUE  TRUE  TRUE FALSE  TRUE  TRUE  TRUE  TRUE
[685]  TRUE  TRUE  TRUE  TRUE  TRUE  TRUE  TRUE  TRUE  TRUE  TRUE  TRUE  TRUE  TRUE  TRUE  TRUE  TRUE  TRUE

