
Birth-death simulation object with 137 species and 100 extant species

Details for some species:

Extinction times (NA means extant)
[1] 41.86857 26.41263 44.67367 21.85744       NA 16.12878


Speciation times 
[1] 64.81576 57.63166 50.35596 47.77770 40.75217 40.53763


Species parents (NA for initial)
[1] NA  1  2  2  2  2


Species status (extinct or extant)
[1] "extinct" "extinct" "extinct" "extinct" "extant"  "extinct"


For more details on vector y, try sim$y, with y one of
TE TS PAR EXTANT



$TE
  [1] 41.8685652 26.4126299 44.6736684 21.8574394         NA 16.1287794 27.1214772 34.6896300 26.2606214 27.6316291
 [11]         NA 28.0183337 24.9473017         NA         NA 29.4752173         NA         NA  3.0908072         NA
 [21]         NA         NA 26.1330633         NA 12.7152660         NA         NA         NA         NA         NA
 [31]         NA         NA 17.9672491         NA         NA         NA         NA 25.1770608         NA         NA
 [41] 27.0164795 11.7234838         NA         NA         NA         NA         NA  5.2577293  1.0788829         NA
 [51]         NA         NA 20.5888241         NA         NA         NA  5.4495768         NA  8.7839737 18.2276853
 [61]  1.9468974  0.5545889         NA         NA         NA         NA         NA         NA  4.1877404 12.1898632
 [71]         NA         NA         NA         NA  8.5505168  5.0859906         NA         NA         NA         NA
 [81]         NA         NA         NA         NA  0.2428774  1.2160103  5.6118227         NA         NA         NA
 [91]         NA         NA  6.7905666         NA         NA         NA         NA         NA         NA         NA
[101]         NA         NA  4.0766339         NA         NA         NA         NA         NA         NA         NA
[111]         NA         NA         NA         NA         NA         NA         NA  0.2386202         NA         NA
[121]         NA         NA         NA         NA         NA         NA         NA         NA         NA         NA
[131]         NA         NA         NA         NA         NA         NA         NA

$TS
  [1] 64.815756753 57.631659171 50.355962784 47.777697936 40.752167695 40.537625356 36.274399697 34.719084008
  [9] 31.676486204 48.900873194 41.718852237 35.904008913 34.002687549 33.972618474 28.843986761 36.134041912
 [17] 35.295909277 29.215236908 20.640887232 10.279761028  7.660370633 28.144232569 26.650974812 21.229860178
 [25] 17.755827510 14.802896643  8.172648304 29.871294626 24.698419349 15.272241263  8.074694333 14.286013896
 [33] 26.393234082 14.813541674  7.315088406  4.472067116  0.675153808 26.511271826 18.321534299 12.790233495
 [41] 28.585869417 28.564302123 24.885438669 21.217312121 17.385524048  2.259285546 23.869098097 21.000971149
 [49] 23.002624305 13.200500728 12.985439193  6.535794269 21.076662021 14.069117892  8.907197791  7.405655172
 [57] 13.703072313  6.682872363 22.894700745 22.093438016  8.005655060 12.743824412 13.541142802  9.872291253
 [65]  5.554122298  5.043606299 18.937758885 17.143891759 19.495169439 13.014471217  5.317495338 14.131393689
 [73]  9.238642543  7.001242178 12.283824624  8.980126381  6.311966735  1.474580564 15.460117681  3.191590438
 [81] 15.266928838 14.229019652  1.703008325 14.759403811  1.769875316 13.041141039  9.002846727  9.723157732
 [89]  0.781728239  9.366595401 11.495988639 10.289125104 11.367821576 11.175965258  7.088612095  2.310694196
 [97]  1.010551048  9.027364468  8.538495628  5.043495293  6.531181194  3.542379549  7.930337545  2.044405157
[105]  1.987370139  6.492864649  1.899320695  0.998794298  6.947625630  5.120498443  2.157673372  1.006626182
[113]  2.226210218  6.115030360  7.053247552  4.752415246  3.408849905  6.686675277  6.522820659  4.809389117
[121]  0.270227563  3.822880106  1.458481607  3.268557160  6.153914104  1.543547846  1.041563113  4.969354117
[129]  4.972917146  3.045187322  4.563836418  2.457148583  0.054876762  1.342416843  0.003755516  0.690874847
[137]  0.176372200

$PAR
  [1]  NA   1   2   2   2   2   2   2   2   3  10   4   4   4   4  11  11  11  11  11  11   5   5   5   5   5   5  17
 [29]  17  17  17  14   9  28  28  28  28  18  18  18  15  15  15  15  15  15  42  42  22  22  22  22  43  43  29  29
 [57]  47  47  49  49  49  59  24  24  24  24  44  44  48  48  48  19  19  19  67  39  39  39  45  45  68  30  30  34
 [85]  34  84  84  32  82  72  57  63  50  86  86  86  51  40  40  40  62  62  91  91  94  20  64  90  87  55  55  55
[113]  99  27  31  31  31  35 115 115 109 118  58 119  77 125  65 110  66 100 116 116 117  78  78 108  89

$EXTANT
  [1] FALSE FALSE FALSE FALSE  TRUE FALSE FALSE FALSE FALSE FALSE  TRUE FALSE FALSE  TRUE  TRUE FALSE  TRUE  TRUE
 [19] FALSE  TRUE  TRUE  TRUE FALSE  TRUE FALSE  TRUE  TRUE  TRUE  TRUE  TRUE  TRUE  TRUE FALSE  TRUE  TRUE  TRUE
 [37]  TRUE FALSE  TRUE  TRUE FALSE FALSE  TRUE  TRUE  TRUE  TRUE  TRUE FALSE FALSE  TRUE  TRUE  TRUE FALSE  TRUE
 [55]  TRUE  TRUE FALSE  TRUE FALSE FALSE FALSE FALSE  TRUE  TRUE  TRUE  TRUE  TRUE  TRUE FALSE FALSE  TRUE  TRUE
 [73]  TRUE  TRUE FALSE FALSE  TRUE  TRUE  TRUE  TRUE  TRUE  TRUE  TRUE  TRUE FALSE FALSE FALSE  TRUE  TRUE  TRUE
 [91]  TRUE  TRUE FALSE  TRUE  TRUE  TRUE  TRUE  TRUE  TRUE  TRUE  TRUE  TRUE FALSE  TRUE  TRUE  TRUE  TRUE  TRUE
[109]  TRUE  TRUE  TRUE  TRUE  TRUE  TRUE  TRUE  TRUE  TRUE FALSE  TRUE  TRUE  TRUE  TRUE  TRUE  TRUE  TRUE  TRUE
[127]  TRUE  TRUE  TRUE  TRUE  TRUE  TRUE  TRUE  TRUE  TRUE  TRUE  TRUE

