
Birth-death simulation object with 683 species and 500 extant species

Details for some species:

Extinction times (NA means extant)
[1] 56.400176 68.214257  8.358434 45.123480 67.502717 50.015322


Speciation times 
[1] 73.54768 70.93161 69.61323 59.30391 69.11279 62.66659


Species parents (NA for initial)
[1] NA  1  1  1  3  3


Species status (extinct or extant)
[1] "extinct" "extinct" "extinct" "extinct" "extinct" "extinct"


For more details on vector y, try sim$y, with y one of
TE TS PAR EXTANT



$TE
  [1] 56.400175768 68.214256982  8.358434438 45.123479706 67.502717210 50.015322212 27.311205659 31.414629824
  [9]  8.460693111 17.397411451 51.025353462           NA  1.004147516  8.379126922 35.960778468           NA
 [17]           NA           NA 46.195110764 15.513739531           NA 34.522937982 19.003051948           NA
 [25]  0.154063843 32.450763806 41.443848702           NA  3.247809408           NA           NA           NA
 [33] 38.079275225  3.206193575  2.924393690 16.013522490           NA 21.503311051  8.063007106 11.945058485
 [41]           NA           NA           NA           NA 25.900439890           NA  8.763810948 38.092342159
 [49]  6.989777338           NA 13.802727004 16.897215015 12.948980775           NA           NA 39.928418417
 [57] 21.506359102           NA           NA 18.418435017 37.646665334 34.295350504  2.163903179 24.832603485
 [65] 29.976824102           NA           NA  3.812034152           NA 35.818851800 24.192245766 14.864208830
 [73]           NA           NA           NA           NA  9.093229315 13.755289137           NA 13.180806685
 [81]           NA 10.299586924           NA  4.339922486           NA           NA 24.948035275           NA
 [89]  3.882965905           NA           NA           NA           NA  8.104492604 16.370013701           NA
 [97]           NA           NA           NA           NA 21.455225997 12.954576178           NA 29.747482441
[105] 17.626221258           NA           NA           NA           NA 28.704651397  6.008412999 13.156014039
[113]           NA           NA 13.140007704  7.576725690           NA           NA           NA 13.140602872
[121] 27.510494551           NA           NA           NA           NA 21.626500512 11.422915301           NA
[129] 17.293395341 25.611354693           NA           NA           NA           NA 14.307091621  7.840334895
[137]           NA 22.157668357           NA           NA 33.169347104 14.525622154           NA           NA
[145] 23.397260922           NA  2.490517269           NA 17.289199096           NA           NA           NA
[153]           NA           NA           NA           NA  0.210219768           NA           NA           NA
[161]           NA 21.807821487           NA           NA 12.661904985           NA           NA           NA
[169]           NA           NA           NA           NA  6.214752451           NA           NA 12.439550023
[177]           NA           NA           NA  5.992850224 15.898060678           NA  5.856723165  8.864860866
[185]           NA           NA           NA 14.466340290 17.709083471  8.521394488           NA 16.395768269
[193]           NA           NA           NA           NA           NA           NA  4.162948956  5.068709555
[201]           NA 13.568484520 11.028223468           NA           NA           NA           NA           NA
[209]           NA           NA           NA           NA  1.069049350           NA  9.033338263           NA
[217]           NA           NA           NA           NA           NA 11.610962627           NA 12.950448031
[225]           NA           NA           NA           NA           NA           NA           NA           NA
[233] 16.824747995           NA 15.604410166  6.635653344           NA           NA 20.583938715           NA
[241]           NA           NA           NA           NA           NA           NA  7.677528689 23.066023712
[249]           NA 11.957384205  9.383169546           NA  4.638003886           NA           NA           NA
[257]  7.047495704           NA           NA           NA           NA  7.087254203           NA           NA
[265]           NA           NA  1.653891077           NA           NA           NA  8.417353634           NA
[273]           NA           NA           NA           NA           NA           NA  5.306693331  1.754567740
[281]           NA           NA           NA 20.428437663 10.953424873           NA           NA           NA
[289]           NA           NA  9.308281895 10.885154434           NA  3.449726427           NA           NA
[297] 10.594676832           NA           NA           NA 12.559039733  3.006583426 12.559941817           NA
[305]           NA           NA  9.753918567           NA 10.506606981  8.258258566           NA 11.326932326
[313]           NA           NA           NA           NA           NA           NA           NA           NA
[321]  9.278862989  2.212195173           NA 11.824548068           NA           NA           NA           NA
[329] 16.960553239           NA           NA           NA  9.029524929           NA           NA           NA
[337]  1.383200489 13.548072062           NA           NA           NA           NA           NA           NA
[345]           NA           NA  9.313202723           NA  8.360585497           NA           NA           NA
[353]           NA           NA           NA           NA           NA  5.311700373  4.250783569           NA
[361]  2.802123739           NA           NA           NA           NA           NA           NA           NA
[369]           NA           NA           NA 12.924591374           NA           NA  2.595177067           NA
[377]           NA           NA  8.978191553           NA  8.937413084           NA           NA           NA
[385]           NA           NA           NA           NA           NA           NA  4.760583999           NA
[393]           NA  8.252291512           NA  1.450596164           NA  0.746628893           NA           NA
[401]           NA  3.813419675  4.576595091           NA           NA           NA           NA           NA
[409]           NA           NA           NA           NA           NA           NA  4.355476689  2.363025694
[417]           NA  3.139076631           NA           NA           NA  1.859413423  2.392346446           NA
[425]           NA           NA           NA           NA           NA           NA           NA           NA
[433]           NA           NA           NA           NA           NA           NA           NA           NA
[441]           NA           NA           NA           NA           NA           NA           NA           NA
[449]           NA           NA           NA           NA  1.957073697           NA           NA           NA
[457]           NA  5.921503600           NA  7.819788608           NA           NA           NA           NA
[465]           NA           NA           NA           NA           NA  5.457500251           NA           NA
[473]           NA           NA           NA  2.300748678  1.693614336           NA           NA           NA
[481]  7.375187300           NA           NA           NA           NA           NA  0.534037345           NA
[489]           NA           NA           NA  1.676000994  0.023588429           NA           NA           NA
[497]  0.391891993           NA           NA           NA           NA           NA  1.208932025           NA
[505]           NA           NA           NA           NA           NA           NA           NA           NA
[513]           NA           NA           NA           NA           NA           NA           NA  6.031458472
[521]  3.274471260           NA           NA           NA           NA           NA           NA           NA
[529]           NA           NA           NA           NA           NA           NA           NA  7.948025230
[537]           NA           NA           NA           NA  3.943127023           NA           NA           NA
[545]           NA           NA  8.173630376           NA           NA           NA           NA           NA
[553]           NA           NA           NA  0.005936717  6.930915750           NA           NA           NA
[561]           NA  1.186908237           NA           NA  4.274120515           NA           NA           NA
[569]           NA           NA           NA           NA           NA           NA           NA           NA
[577]           NA           NA           NA           NA           NA           NA  3.171618239           NA
[585]           NA           NA           NA           NA           NA           NA           NA           NA
[593]           NA           NA           NA  3.452995607           NA           NA           NA           NA
[601]           NA           NA  3.094137510           NA           NA           NA  0.138353886           NA
[609]           NA           NA           NA           NA           NA           NA           NA           NA
[617]           NA           NA           NA           NA           NA           NA           NA           NA
[625]           NA           NA           NA  2.615125697           NA           NA           NA           NA
[633]           NA           NA           NA           NA           NA           NA           NA           NA
[641]           NA           NA           NA           NA           NA           NA           NA           NA
[649]           NA           NA           NA           NA           NA           NA           NA           NA
[657]           NA           NA           NA           NA           NA           NA           NA           NA
[665]           NA           NA           NA           NA           NA           NA           NA           NA
[673]           NA           NA  0.666042010           NA           NA           NA           NA           NA
[681]           NA           NA           NA

$TS
  [1] 73.547683908 70.931611946 69.613234298 59.303905742 69.112786218 62.666586568 58.320410591 49.276745930
  [9] 30.461460479 56.113611599 55.455464944 58.389442770 47.777680366 43.489994801 39.346007442 27.657045442
 [17] 21.451421495  5.940017630 51.596926502 45.802255329 44.627867041 37.333750398 35.341292148 32.357168462
 [25] 54.651841449 34.313187584 53.486008895 45.942539901 35.356090836 13.668710712  9.553228609  3.066027483
 [33] 47.624715571 47.938724547 43.783648480 45.777403668 43.939808428 36.674519206 25.451882982 47.644095605
 [41] 26.516491975 25.362379392 25.218024938 40.957262169 35.839265727 21.150158675 46.089709473 41.548751418
 [49] 38.837064824 39.829312784 33.842242185 23.757690459 23.149228906 17.783749883 42.149670252 39.982479691
 [57] 37.866525864 36.159968996 25.170475250 20.542140315 44.949477184 43.750670557 38.914821623 38.701965934
 [65] 37.044907305 19.058356257 16.405144487  8.026919580  1.359026977 40.136094338 34.698234399 23.372867146
 [73] 20.607206267 16.923478252 33.822916038 22.331774663 10.242072083 33.313958453 27.622051404 18.926916423
 [81] 36.020551070 34.549633502 29.219960883 18.877752205 12.431603107  1.364278883 28.360400981 25.876295593
 [89] 16.253490104 14.807471300 10.582528561  3.133427957  1.753655695 38.591482400 24.171081084 23.703952307
 [97]  3.336041203 34.936839880 32.928057832 23.105459068 22.146010962 15.816101297 11.416904614 31.760614266
[105] 19.633010816 24.451655004 31.640331884 30.716322874 29.523787331 28.788681699 26.451333845 24.216415744
[113] 29.169514780 24.273351771 19.712423942 16.511569199 11.187549144  1.966913236 29.246082728 28.949775388
[121] 27.567376489 16.111764456 12.408663845  5.182533637  1.360982791 32.466651381 17.813289952  5.645906020
[129] 32.730742333 30.209006488 25.765455456 13.777454270  6.367045440 26.093682941 23.143590400 16.201609407
[137] 33.349591338 33.430780179 32.804992774 26.756753658 33.310722238 14.604587427 10.192295469  0.598363597
[145] 29.964742272  9.298526722 32.166542660 30.457395192 25.727303533 24.083116328 17.777059669 15.757479169
[153] 15.439463670 11.868251904 10.318909862 20.529846389 12.155276264  4.481133797  2.650283661 27.062082774
[161] 23.647114447 32.328802150 17.368282144  7.179920207 26.917798867 25.099527974 18.610839269 13.892022961
[169]  9.347214534  8.586473362 29.929767655 23.940208281 18.524235130 12.344031652 21.218062786 14.888839519
[177] 13.551431194 10.941377071  2.585540107 28.845199568 26.401109283 22.637587584 17.440452058 14.636938543
[185] 10.010181250  5.273155830  5.117278471 24.673179360 22.840577119 10.125020638  3.393893538 19.049076264
[193] 23.666371624  3.248952735  0.126181828 23.508538874 22.991618238 23.309647830 19.366274795  8.101358677
[201] 27.412991732 23.526004589 24.412612879 18.948618343  1.154307277 23.340650327 18.745058496 16.130421669
[209] 11.791538070 10.952437341  4.165948455  2.809216615 22.855526037 15.192988995 21.759613467 19.363898409
[217] 26.253673573  8.610131899 16.523464481 15.727235318 13.334825394 25.036809413 22.287517605 16.025725371
[225]  3.490392437 16.776167663 22.869296766 16.687798517  7.626516696 12.371926892  7.596750851  5.253814734
[233] 22.240170899 18.314249612 23.032873426 14.002359458 18.717336672  9.567804010 21.752650783 17.990866870
[241] 19.156875196 15.451597348 15.281129855 16.443712156  7.605769219  3.083042791 18.143425548 23.266889203
[249] 19.842359640 17.162264263 10.010758400  5.363196661 23.580658578 10.174319405 22.931973490  0.929221869
[257] 16.921308988  8.934573613  8.305473582  5.880291252 18.841238850 15.072016794 20.059208936 15.211000407
[265] 15.926365493 12.640613573 10.098768201  0.406556323 18.839060025 20.186874091 16.936607405  8.395405551
[273]  5.210016370  4.321963511 22.214409790 16.797502656 16.028334694 11.460516918  5.832677576 20.086421708
[281] 17.390694839 15.422264194  1.515332467 20.511516926 18.083749220 21.472230771 11.578709925 16.134478812
[289] 13.680052654  9.466765098 16.807648314 12.505592297  8.046041739  7.402308665  1.942205149  0.774283934
[297] 15.103008872 14.841519807  6.985350479  8.582487654 19.055558179  6.322561100 15.497271533 16.308656368
[305] 11.826362494  6.903336384 17.213111166  8.443843676 14.613593746 11.779179930  5.523781965 14.429236085
[313] 12.503342708  6.981870602 11.769390167  1.123516695  1.013908758 16.379179128  1.354311438 18.337794130
[321] 14.931824605 15.454999043 13.027664043 11.935676314 11.585688731  8.860897048  6.271962578  0.425077723
[329] 18.066794755 11.986323268  7.985585522  0.153795989  9.885047768  7.887046105  5.405268889  2.797253316
[337] 16.435801703 14.725814798 14.412822172 17.827448382  5.656886899  8.115035088 16.679013123  3.516868226
[345] 15.909121866 16.082785760 16.636746747 17.358265462 12.499257073 16.493734617  1.367984373 13.889048130
[353]  9.612015707 11.681583751 16.688068544 13.344487470  7.658587510  5.467330481 15.096025761  8.784150091
[361] 11.647243646  9.481602961 13.484339416  5.874341386  2.383812302  0.524487555 14.232632666 12.713619558
[369]  6.498403688 12.291906884  5.788879295 15.733761760  8.856683048  7.059256440  5.295425205 11.721687577
[377] 15.774614222  5.648357272 13.725005206  0.694843368 16.174478327  5.617751946  2.664343646  0.772105366
[385]  9.730604753 14.074011925 15.687526282 12.777927433  7.647555190 12.865369905  7.753163789  4.264960669
[393]  6.389400415 13.700234803  7.997452199 13.179953773  1.454329849 12.277444910  0.713436255  9.008089864
[401]  3.997359357 13.007055394  5.572662613 13.076616052 11.206998529  8.484867496  2.944742219 11.468385008
[409]  1.822808975  4.209012969  3.186820795  2.577806224  1.762837204  4.951622036  9.507160169  6.066518264
[417]  9.968203542 12.221134284 10.140531096 13.929468587 11.828551258  3.198223136  2.960479318 14.451455086
[425] 13.952967534 13.283140594  9.107505710  8.804954144  2.812855916  1.750110269  1.097300618  2.670323485
[433]  2.090821795  6.242658986  4.084998967 11.330272967  4.539076971  8.520733209  6.755181544  2.056976649
[441]  1.860954024 11.130416266 12.676342282 12.291050329  7.860847202  2.039530675 11.482003219  6.809712350
[449]  6.185241701  6.155606151  4.860364734 12.305088718 10.343443514  3.033756255  2.011850625  0.156921504
[457]  7.222950297  6.331195287  9.992907418  8.587518891  9.894585650  8.374720819  9.946468312  3.074730245
[465]  1.040937059  7.440046803 12.201015780 11.149085967 11.114635386  8.556863890  7.781095864  7.702204301
[473]  3.978231629  9.274559875  2.721557288 11.827754197  5.152923269  0.163469780  0.104504874  2.550621879
[481]  7.698867436  5.139478490  3.408399922 11.232900053 11.118297537  9.161441189  4.774526953  5.990854666
[489]  1.741707876 11.344645441  6.407576849  4.935888478  9.592973937 10.512104966  5.418793825  1.736301813
[497] 10.290481731  3.840878474 11.180177116  6.104756723  2.097534784  5.099596844  4.350311652  2.175757208
[505] 10.675165293  8.955707530  0.913284781  0.353547496  9.515579221  7.452658670  3.949855134 10.220553555
[513]  8.838028421  1.486573447 10.799222597  3.424487636  8.775852502  1.717449393  9.071623895 11.042696909
[521]  3.292559718 10.246186575  4.242565182  2.074519351  5.813561494  6.114029725  8.818107199  8.611963074
[529]  0.963638854  4.848760560  2.652444124  8.000948618  6.288120563  0.013507508  2.953781528  9.794100518
[537]  3.346807890  9.448392831  4.894263086  6.261647318  4.256520018  1.004415804  3.801219512  5.791892332
[545]  6.580101844  0.770664423  9.191954070  7.882943415  7.366108783  9.274445169  2.322370431  4.743035630
[553]  2.947930879  3.874248678  9.202569127  9.087040851  7.532647032  3.327510416  3.484824946  8.070614051
[561]  5.707989491  5.600246273  2.092301662  7.714803117  5.207640548  1.449100055  3.434242456  4.659619315
[569]  6.031937685  4.285834848  2.416539009  0.766469861  1.466307374  0.054846145  2.292931627  4.848374578
[577]  3.867877054  1.236093957  4.975268230  8.258067600  1.945587147  6.052672708  4.901808862  7.143958577
[585]  0.265711157  6.138969010  2.331754628  5.503577579  3.283030808  3.634016049  1.667523203  2.845194238
[593]  5.259589946  3.396520590  6.258712420  7.227271478  6.713288634  2.915173949  7.436195354  4.998589575
[601]  6.875297596  5.751713346  4.917600653  0.762978993  2.973085442  0.586335421  1.727216896  6.222097143
[609]  4.493134847  1.860128974  0.787377296  5.772562496  4.813459254  5.907147497  1.568540300  3.597489452
[617]  0.009192635  2.710715375  4.875024277  4.266089298  3.235749518  3.085460487  1.484237988  0.564888950
[625]  1.518820426  4.264308297  4.882582190  3.329238950  3.301605515  5.346938776  2.874283783  0.820227437
[633]  5.621060429  5.094773152  5.057603714  4.591583659  0.279915925  0.028283556  2.009101137  4.296072100
[641]  4.232961934  1.638458675  0.715940256  4.776687075  4.045846492  1.908209768  1.476355463  1.297761810
[649]  1.375301178  3.918257274  3.112265055  2.628244119  4.045426713  3.911093886  0.734258674  3.755017568
[657]  0.301966442  3.301434663  0.815701460  1.457309556  1.375072173  0.900907245  2.243053376  2.851283191
[665]  2.838282534  1.173677556  1.665482343  0.125001711  2.137944566  0.304673317  1.405516646  2.147996042
[673]  0.258356425  0.108672005  1.621438752  1.346009255  1.335692405  1.415372600  1.464605195  1.015193584
[681]  0.506983889  0.461449833  0.154184078

$PAR
  [1]  NA   1   1   1   3   3   3   3   3   6   6   4   4  12  12  12  12  12   7   7   7   7   7   7  10  10  11  25
 [29]  25  25  25  25  27   8   8  34  34  34  34  13  13  13  13  40  40  40  33  33  33  47  47  47  47  47  28  28
 [57]  28  28  28  28  20  20  20  20  20  21  21  21  21  37  37  37  37  37  35  35  35  14  14  14  55  55  55  55
 [85]  55  55  44  44  44  44  50  50  50  15  63  63  63  49  49  49  49  49  49  94  94  57  65  38  38  38  38  38
[113]  58  58  58  58  58  58  81  81  81  81  81  81  81  45  29  29  23  98  98  98  98  82  82  82  26  51  51  51
[141]  75  75  75  75 138 137  99  99  99  99  99  99  99  99  99 139 139 139 139 129 129  24  24  24 162 147 147 147
[169] 147 147 104   9   9   9 148 148 148 148 148 130 130 171 171 171 171 171 171 109 109 109 109 119  83  83  83 113
[197] 113 180 180 180  87  16  79  79  79 201 201 201 201 201 201 201 160 160 165 140  41  41 111 111 111 217 217 217
[225] 217 134  88  88  88 131 131 131 149 149  42  42  43  43 166 222 188 188 188 106 106 106 203 112 112 150 150 150
[253] 172  96 161 161 253 253 253 253 202 202 196  72 206 206 198 198 100 235 235 197 197 197 227 213  76  76  76 223
[281] 223 223 223 233 275 215 286  17  17  17 175 175 175 175 175 175  46  46  73 156 270 270 280 263 263 263 249 249
[309] 115 199 199 216 216 216 241 241 241  66  66 301 301 204 204  84  84  84  84 261 269 269 269 269 207 207 207 207
[337] 237 237 237 167 167 173 320 320 247 285 240 340 127  54 151 281 281 348 271  74  74  74 257 257 291 291 276 276
[365] 276 276 226 226 226 228 228 219 219 219 219 116 350 337  67  67 318 318 304 304 136 381 288 288 288 208 208 208
[393] 122 346 346 265 265 377 152 220 220 387 387 322 322 322 322 153 243 264 264 264 264 214 359 359 262 321 321 298
[421] 298 298  90 338 309 309 424 339 339 339 339 367 367 386 386 236 425 420 420 420 132 177 356 356 221 221 426 426
[449] 426 426 426 396 396 396 396 323 402 402 390 390 388 388 368 443 443 266 292 292 292 313 313 313 313  85  85 123
[477] 123 123 174 370 444 444 444 398 418 418 467 157 157 330 330 154 421 305 305 209 310 315 376 376 354 361 447 447
[505] 408 408 408 408 278 278 278 436 405 117 499 499 468 468 442 469 469 520 210 210 178 515 505  91 494 497 512 143
[533] 143 254 419 251 185 459 459 417 417 417 463 385 353 493 509 415 415 362 362 290 290 538 169 169 169 169 146 474
[561] 550 550 555 427 427 427 556 519 400 400 326 527 428 428 517 528 528 218 170 470 438 462 462 580 580 560 560 293
[589] 532 334 471 564 357 229 245 231 510 510 466 294 549 374 299 299 314 314 306 601 601 597 597 491 302 533 540 434
[617] 434 608 526 526 526 526 500 500  18 260 364 544 544 602 341 378 128 128 562 311 335 593 273 124 124 187 414 627
[645] 619 619 568 636 609 274 640 620 392 392 410 435 653 401 401 473 654 498 411 246 605 535 664 592 429 429 336 531
[673] 652 412 551 669 413 430 573 678 351 680 296

$EXTANT
  [1] FALSE FALSE FALSE FALSE FALSE FALSE FALSE FALSE FALSE FALSE FALSE  TRUE FALSE FALSE FALSE  TRUE  TRUE  TRUE FALSE
 [20] FALSE  TRUE FALSE FALSE  TRUE FALSE FALSE FALSE  TRUE FALSE  TRUE  TRUE  TRUE FALSE FALSE FALSE FALSE  TRUE FALSE
 [39] FALSE FALSE  TRUE  TRUE  TRUE  TRUE FALSE  TRUE FALSE FALSE FALSE  TRUE FALSE FALSE FALSE  TRUE  TRUE FALSE FALSE
 [58]  TRUE  TRUE FALSE FALSE FALSE FALSE FALSE FALSE  TRUE  TRUE FALSE  TRUE FALSE FALSE FALSE  TRUE  TRUE  TRUE  TRUE
 [77] FALSE FALSE  TRUE FALSE  TRUE FALSE  TRUE FALSE  TRUE  TRUE FALSE  TRUE FALSE  TRUE  TRUE  TRUE  TRUE FALSE FALSE
 [96]  TRUE  TRUE  TRUE  TRUE  TRUE FALSE FALSE  TRUE FALSE FALSE  TRUE  TRUE  TRUE  TRUE FALSE FALSE FALSE  TRUE  TRUE
[115] FALSE FALSE  TRUE  TRUE  TRUE FALSE FALSE  TRUE  TRUE  TRUE  TRUE FALSE FALSE  TRUE FALSE FALSE  TRUE  TRUE  TRUE
[134]  TRUE FALSE FALSE  TRUE FALSE  TRUE  TRUE FALSE FALSE  TRUE  TRUE FALSE  TRUE FALSE  TRUE FALSE  TRUE  TRUE  TRUE
[153]  TRUE  TRUE  TRUE  TRUE FALSE  TRUE  TRUE  TRUE  TRUE FALSE  TRUE  TRUE FALSE  TRUE  TRUE  TRUE  TRUE  TRUE  TRUE
[172]  TRUE FALSE  TRUE  TRUE FALSE  TRUE  TRUE  TRUE FALSE FALSE  TRUE FALSE FALSE  TRUE  TRUE  TRUE FALSE FALSE FALSE
[191]  TRUE FALSE  TRUE  TRUE  TRUE  TRUE  TRUE  TRUE FALSE FALSE  TRUE FALSE FALSE  TRUE  TRUE  TRUE  TRUE  TRUE  TRUE
[210]  TRUE  TRUE  TRUE FALSE  TRUE FALSE  TRUE  TRUE  TRUE  TRUE  TRUE  TRUE FALSE  TRUE FALSE  TRUE  TRUE  TRUE  TRUE
[229]  TRUE  TRUE  TRUE  TRUE FALSE  TRUE FALSE FALSE  TRUE  TRUE FALSE  TRUE  TRUE  TRUE  TRUE  TRUE  TRUE  TRUE FALSE
[248] FALSE  TRUE FALSE FALSE  TRUE FALSE  TRUE  TRUE  TRUE FALSE  TRUE  TRUE  TRUE  TRUE FALSE  TRUE  TRUE  TRUE  TRUE
[267] FALSE  TRUE  TRUE  TRUE FALSE  TRUE  TRUE  TRUE  TRUE  TRUE  TRUE  TRUE FALSE FALSE  TRUE  TRUE  TRUE FALSE FALSE
[286]  TRUE  TRUE  TRUE  TRUE  TRUE FALSE FALSE  TRUE FALSE  TRUE  TRUE FALSE  TRUE  TRUE  TRUE FALSE FALSE FALSE  TRUE
[305]  TRUE  TRUE FALSE  TRUE FALSE FALSE  TRUE FALSE  TRUE  TRUE  TRUE  TRUE  TRUE  TRUE  TRUE  TRUE FALSE FALSE  TRUE
[324] FALSE  TRUE  TRUE  TRUE  TRUE FALSE  TRUE  TRUE  TRUE FALSE  TRUE  TRUE  TRUE FALSE FALSE  TRUE  TRUE  TRUE  TRUE
[343]  TRUE  TRUE  TRUE  TRUE FALSE  TRUE FALSE  TRUE  TRUE  TRUE  TRUE  TRUE  TRUE  TRUE  TRUE FALSE FALSE  TRUE FALSE
[362]  TRUE  TRUE  TRUE  TRUE  TRUE  TRUE  TRUE  TRUE  TRUE  TRUE FALSE  TRUE  TRUE FALSE  TRUE  TRUE  TRUE FALSE  TRUE
[381] FALSE  TRUE  TRUE  TRUE  TRUE  TRUE  TRUE  TRUE  TRUE  TRUE FALSE  TRUE  TRUE FALSE  TRUE FALSE  TRUE FALSE  TRUE
[400]  TRUE  TRUE FALSE FALSE  TRUE  TRUE  TRUE  TRUE  TRUE  TRUE  TRUE  TRUE  TRUE  TRUE  TRUE FALSE FALSE  TRUE FALSE
[419]  TRUE  TRUE  TRUE FALSE FALSE  TRUE  TRUE  TRUE  TRUE  TRUE  TRUE  TRUE  TRUE  TRUE  TRUE  TRUE  TRUE  TRUE  TRUE
[438]  TRUE  TRUE  TRUE  TRUE  TRUE  TRUE  TRUE  TRUE  TRUE  TRUE  TRUE  TRUE  TRUE  TRUE  TRUE FALSE  TRUE  TRUE  TRUE
[457]  TRUE FALSE  TRUE FALSE  TRUE  TRUE  TRUE  TRUE  TRUE  TRUE  TRUE  TRUE  TRUE FALSE  TRUE  TRUE  TRUE  TRUE  TRUE
[476] FALSE FALSE  TRUE  TRUE  TRUE FALSE  TRUE  TRUE  TRUE  TRUE  TRUE FALSE  TRUE  TRUE  TRUE  TRUE FALSE FALSE  TRUE
[495]  TRUE  TRUE FALSE  TRUE  TRUE  TRUE  TRUE  TRUE FALSE  TRUE  TRUE  TRUE  TRUE  TRUE  TRUE  TRUE  TRUE  TRUE  TRUE
[514]  TRUE  TRUE  TRUE  TRUE  TRUE  TRUE FALSE FALSE  TRUE  TRUE  TRUE  TRUE  TRUE  TRUE  TRUE  TRUE  TRUE  TRUE  TRUE
[533]  TRUE  TRUE  TRUE FALSE  TRUE  TRUE  TRUE  TRUE FALSE  TRUE  TRUE  TRUE  TRUE  TRUE FALSE  TRUE  TRUE  TRUE  TRUE
[552]  TRUE  TRUE  TRUE  TRUE FALSE FALSE  TRUE  TRUE  TRUE  TRUE FALSE  TRUE  TRUE FALSE  TRUE  TRUE  TRUE  TRUE  TRUE
[571]  TRUE  TRUE  TRUE  TRUE  TRUE  TRUE  TRUE  TRUE  TRUE  TRUE  TRUE  TRUE FALSE  TRUE  TRUE  TRUE  TRUE  TRUE  TRUE
[590]  TRUE  TRUE  TRUE  TRUE  TRUE  TRUE FALSE  TRUE  TRUE  TRUE  TRUE  TRUE  TRUE FALSE  TRUE  TRUE  TRUE FALSE  TRUE
[609]  TRUE  TRUE  TRUE  TRUE  TRUE  TRUE  TRUE  TRUE  TRUE  TRUE  TRUE  TRUE  TRUE  TRUE  TRUE  TRUE  TRUE  TRUE  TRUE
[628] FALSE  TRUE  TRUE  TRUE  TRUE  TRUE  TRUE  TRUE  TRUE  TRUE  TRUE  TRUE  TRUE  TRUE  TRUE  TRUE  TRUE  TRUE  TRUE
[647]  TRUE  TRUE  TRUE  TRUE  TRUE  TRUE  TRUE  TRUE  TRUE  TRUE  TRUE  TRUE  TRUE  TRUE  TRUE  TRUE  TRUE  TRUE  TRUE
[666]  TRUE  TRUE  TRUE  TRUE  TRUE  TRUE  TRUE  TRUE  TRUE FALSE  TRUE  TRUE  TRUE  TRUE  TRUE  TRUE  TRUE  TRUE

