
Birth-death simulation object with 739 species and 500 extant species

Details for some species:

Extinction times (NA means extant)
[1] 75.19655 67.64143 54.53060 64.46474 52.89498 42.53191


Speciation times 
[1] 97.18567 85.26067 79.06472 78.56638 69.05615 75.06582


Species parents (NA for initial)
[1] NA  1  2  2  2  3


Species status (extinct or extant)
[1] "extinct" "extinct" "extinct" "extinct" "extinct" "extinct"


For more details on vector y, try sim$y, with y one of
TE TS PAR EXTANT



$TE
  [1] 75.19655216 67.64143169 54.53059937 64.46473918 52.89498152 42.53190741 28.24693282 55.13826638 60.58462143
 [10] 14.11051143 42.25522638 59.08490411 54.93923606 48.94431029  4.40668270          NA          NA 43.88461597
 [19]          NA  0.88190818 21.40813155 34.19129095 17.90950611          NA 36.13430091 23.64426006 44.44563723
 [28] 17.41090597 30.87843981          NA          NA 30.19316157          NA          NA  0.91871880          NA
 [37] 20.76208258          NA          NA          NA  1.94117838 34.83380995  8.69989302          NA 48.35112355
 [46] 23.39273827 11.69699743 46.14995832 11.02630462          NA          NA          NA 11.64119245 37.35541420
 [55] 27.04733662          NA          NA 36.59995657  7.34350391          NA 46.87019646 10.18466997          NA
 [64]  8.24218422 38.77026179          NA 19.10199077 25.51459440          NA  7.82876250          NA 24.90867970
 [73]          NA          NA  1.99466009 37.23971755 35.10626261 14.53379030          NA 19.15010364          NA
 [82] 20.80163959 20.98455605          NA 23.20544837          NA  8.54470021 26.07770469          NA 29.11100818
 [91] 24.28643304          NA 15.94900755          NA 35.33103356 17.47661200 38.31605911 27.20785727          NA
[100] 12.55373712          NA          NA  0.02980584          NA  1.19182064  8.53471806          NA  2.88710548
[109] 16.84707756          NA  0.71629695          NA  6.86044866 16.52475587          NA  2.21053504          NA
[118] 36.90963991 21.94295761 22.96491767 23.15294054          NA 33.34461597 33.17358124          NA          NA
[127] 27.46719401 23.47861881          NA  8.10315072          NA 29.54588929          NA          NA 31.57864695
[136]          NA          NA          NA  4.81927720          NA 10.78112754          NA          NA          NA
[145]          NA          NA  4.42865168          NA  2.69894557          NA          NA          NA 17.28726992
[154] 21.91396150 22.96556053          NA  8.60007520  7.74089420          NA 22.56063022 16.58250923          NA
[163] 22.76499228          NA          NA 13.54453308  4.67631852          NA          NA  7.62740829 14.91904596
[172]          NA          NA  3.49574295 12.33518881          NA          NA          NA          NA 14.14090714
[181] 11.32682013          NA  6.81704328 13.16746763          NA          NA 30.80246952          NA          NA
[190]          NA          NA          NA          NA  4.24085574 16.01791561          NA          NA  8.80133498
[199] 30.14532943 26.90835832          NA          NA 15.69619979 11.72928774  0.18675407          NA 23.13939058
[208]  3.10579106  1.09618443          NA 13.65808333          NA          NA 22.27403424          NA          NA
[217]          NA          NA 13.25054397          NA 21.72606957          NA          NA 18.84577933          NA
[226]          NA          NA  1.33735012  3.44217478  0.57183434          NA  7.93640023          NA  3.01730869
[235] 27.28441079 15.80085514          NA          NA  7.06840276          NA  9.88460739          NA          NA
[244]          NA          NA  4.84216211          NA 10.21708384          NA          NA          NA  0.05004578
[253]  6.76860869          NA          NA 23.12969991 21.74295531  8.90447119          NA  8.28531047  4.22628708
[262]          NA          NA 11.68421946          NA          NA 27.81606643          NA          NA          NA
[271]  5.99085190  1.35503085          NA          NA 17.30983691 14.85900527  4.15555381  3.53252410          NA
[280] 24.78514546          NA 19.24200767          NA          NA          NA          NA          NA          NA
[289]          NA          NA 14.81203098          NA          NA          NA          NA          NA          NA
[298]          NA          NA          NA          NA          NA 11.70106638          NA          NA          NA
[307]          NA          NA          NA          NA          NA          NA  0.76012533          NA          NA
[316]          NA  4.18453805  0.75630385          NA          NA          NA          NA 23.52031214          NA
[325] 11.07501768          NA          NA          NA          NA          NA 23.17888550          NA 15.90051800
[334] 13.22864895  1.13058568 13.06690954  2.04520812 13.90352491          NA 17.17261536  8.84779588 11.95444639
[343]  3.50681728          NA          NA          NA          NA          NA          NA          NA 12.26914393
[352]          NA          NA          NA          NA          NA          NA 21.42071358  3.69630797  5.20392725
[361]          NA          NA          NA          NA          NA 20.89882442 14.70694169 11.91890272          NA
[370] 13.61817500  4.96543225 10.99118376          NA  0.21122259          NA          NA          NA          NA
[379]  1.81320354 12.59251820  1.80995461          NA 10.33023208          NA  2.12778903          NA          NA
[388]          NA          NA          NA          NA          NA          NA  8.31115055          NA          NA
[397]          NA          NA          NA          NA          NA          NA          NA          NA          NA
[406]  6.47713193          NA          NA          NA          NA          NA          NA  8.94039946          NA
[415]          NA          NA  0.41723517          NA          NA          NA          NA  4.87204434          NA
[424]          NA          NA          NA          NA          NA          NA          NA 12.76320902  1.77037364
[433]          NA          NA          NA          NA          NA          NA          NA          NA  7.46791396
[442]          NA          NA  8.08923139  0.13685103          NA          NA  0.15395411          NA          NA
[451]          NA          NA          NA          NA          NA          NA  4.50815850          NA  6.50466357
[460]          NA          NA          NA          NA  9.22332203          NA          NA          NA          NA
[469]          NA          NA          NA  6.57430695          NA          NA          NA          NA          NA
[478]          NA  4.45552938          NA          NA          NA          NA          NA          NA  7.48326218
[487]          NA          NA          NA          NA          NA  8.88302710          NA          NA          NA
[496] 12.77435282 10.80067761          NA          NA          NA          NA          NA  0.38422184          NA
[505]          NA  8.22449010  5.66022855          NA          NA  2.09887709          NA  3.62688376          NA
[514]  1.12656510          NA  5.09752354          NA          NA          NA          NA          NA          NA
[523]          NA          NA          NA          NA  2.32158280  9.57725577  8.40594953          NA          NA
[532]          NA          NA          NA  5.88286654          NA          NA          NA          NA          NA
[541]          NA          NA          NA          NA          NA          NA          NA          NA  7.93079697
[550]          NA  0.89239835          NA          NA          NA          NA          NA          NA          NA
[559]          NA          NA  1.06606163          NA          NA          NA  2.36529488          NA          NA
[568]          NA          NA          NA          NA          NA          NA          NA          NA          NA
[577]          NA  6.50528324          NA  3.77500581          NA          NA          NA          NA          NA
[586]          NA          NA          NA          NA          NA          NA          NA          NA          NA
[595]          NA          NA          NA          NA          NA  7.90863094          NA          NA  5.79711460
[604]          NA          NA          NA          NA          NA          NA          NA          NA          NA
[613]          NA          NA          NA          NA  1.07498219          NA  5.78705059          NA          NA
[622]          NA          NA          NA          NA  2.02384240          NA  1.71176280          NA          NA
[631]          NA          NA          NA          NA          NA          NA          NA          NA          NA
[640]          NA          NA  2.70663666          NA  2.78274579          NA          NA          NA          NA
[649]          NA          NA          NA          NA          NA          NA          NA          NA          NA
[658]          NA          NA          NA          NA          NA          NA          NA          NA          NA
[667]  2.11255569  1.64702001          NA          NA          NA          NA          NA          NA          NA
[676]  0.69914238          NA          NA          NA          NA          NA          NA          NA          NA
[685]          NA          NA          NA          NA          NA          NA          NA          NA          NA
[694]          NA          NA          NA  0.81161464          NA          NA          NA          NA          NA
[703]          NA          NA          NA          NA          NA          NA          NA          NA          NA
[712]          NA          NA          NA          NA          NA          NA          NA          NA          NA
[721]          NA          NA          NA          NA          NA          NA          NA          NA          NA
[730]          NA  1.23522059          NA          NA  0.39927929          NA          NA          NA          NA
[739]          NA

$TS
  [1] 97.18567486 85.26067403 79.06471930 78.56638240 69.05615338 75.06582455 59.61332475 67.64520151 64.91564835
 [10] 67.01813336 64.69362889 64.24924192 56.07495000 50.35428149 45.54129751 38.94028142 19.79611963 61.95866988
 [19] 46.74548940 53.79821342 52.80300645 52.74440519 49.26575992 53.76666713 51.09162763 31.72822705 49.25132987
 [28] 45.84424508 34.84072418 32.82320922 18.21117631 52.46159862 51.94110010 49.26944152 31.02031858 22.12560708
 [37] 22.05916713 17.79104113  7.33823473  3.55344696 52.03279134 46.77727288 43.19616140 29.93794597 51.65102479
 [46] 37.18494117 34.80780682 51.92808911 24.71015365 19.46972025 17.23590300 13.05940448 49.71111405 50.27755877
 [55] 44.73421426 41.61330774 49.04272796 45.00855328 29.06764765 14.44000014 48.86664546 42.66861492  1.13987553
 [64] 48.24084892 41.38245821 45.68434070 40.68989980 34.77153775 11.92106566  8.87802361  3.03652208 30.99108250
 [73] 30.87627216  9.02656775 41.29473036 45.24286482 42.94699873 22.06488547  5.95124247 35.10824721 26.01540186
 [82] 24.43560570 43.14315381 28.49761664 27.80563554 17.42471882 11.94278654 38.40738496 30.56445895 29.61534596
 [91] 25.68961621 25.06976243 23.97414652 39.31616885 38.19785060 44.43148780 42.42469250 37.85444361 21.78299173
[100] 21.23144312 14.82553953 13.89563212  8.81821062 38.52219831 34.52456500 32.90361699 26.58867962 26.54894289
[109] 21.61942985 36.99749300 38.91840896 27.94957560 41.15133869 19.67590563  7.87694935  7.53776185 38.35737117
[118] 37.10311880 31.01206284 28.57562781 25.13377166 11.97295199 37.04843986 36.89068513 33.80919150 30.33600635
[127] 29.21224395 26.09084704 25.51888166 18.65233077 35.54616707 30.99995938 14.96926474 13.58615626 35.30007035
[136] 34.71531750 34.69658619 32.50919455 29.63984057 21.93358520 20.65328976  7.71901155 35.43635312 37.97092276
[145] 30.94043969 26.41339970 13.69129303  7.54225427  4.04380648 29.11442166 14.46978613 33.54394284 27.57580576
[154] 30.94244198 29.66232997 25.58770299 23.92701859 18.26632241 32.55911684 24.27316346 24.24204926 20.78624868
[163] 31.80477159 18.87671687 19.60276568 31.41066356 34.63779359 31.59771656 19.04935490 18.99216449 17.41178297
[172] 14.77782983 31.76850044 22.40344234 20.17577742 27.86762754 18.04786193 14.36228019 34.16294655 29.65882851
[181] 26.20262268 14.59369955  8.56906195 28.43938394  8.21543968  0.79885156 32.03629110 24.76688297 19.26113605
[190] 10.87222148  9.87875479 17.49637815 16.33138233 15.17075527 23.47870654 12.48981042  3.44305077 31.19559455
[199] 30.97602468 29.21029930 25.98894488 25.47743093 22.46446300 14.72973144 14.55451209 14.25622075 27.94532322
[208] 23.21705245  5.72921157  0.58693339 31.30480157 30.69032793 30.23363164 23.17678884 13.57214301 11.92829342
[217] 11.91418144  3.50531221 24.52722084 29.87539903 29.13867060 26.38158325 24.46007079 19.95185939 28.88126140
[226] 10.14763563 10.01362831  9.21116579 20.47939371 14.73552393  4.71666130 24.24898835 24.15710731 23.96039148
[235] 28.55612630 20.38824760 18.45925604 16.66136222 16.33900710 14.09763863 12.81517551  2.13374003 18.66624030
[244]  3.77346615  0.97968410 19.49274033  8.21511126 22.38608354 18.53369986  8.53244051 18.53268173 12.31907761
[253]  8.39818817  9.32509094 25.08214666 25.26092929 22.77221527 18.40825868  9.97182032  9.66389373  9.62210870
[262]  3.77652774  1.58910701 17.00224746 11.79470890 11.04496666 28.13222260 22.96662141 22.01348177 15.34558354
[271] 13.70462516  8.62165848 24.00857175 18.65940216 18.19907353 15.14608432 26.45530179 22.38735833 22.05821408
[280] 24.98693487  1.08060200 24.98392742  6.83115547  6.49214491 26.31888427 25.25255518 25.55823398  3.62805206
[289] 25.16742477 18.28016419 15.16607056  7.77184110  1.15230293 17.42398300 14.31481463 14.01963082 12.74744059
[298] 12.17646901 21.78346549 21.93155335  8.36789323 20.05488905 16.54327443  7.69644214  6.32046385  0.41417831
[307] 22.67003564  5.25729676 25.03537140 18.40388120 15.74850519 15.62615209  2.43800533 21.90750429 17.53734139
[316]  5.12004872 19.22810490 14.06176509  6.83109066 22.92763993  7.57790708  2.86178186 23.79313339 17.67889702
[325] 13.14600444  8.90563626  1.94912016 20.23647098 14.79875434 12.66786457 24.19912071  5.73872705 23.79724034
[334] 21.07716667 17.73444766 14.25327271  8.65409628 23.04580476 17.21518140 18.36702726 16.73020464 17.48659532
[343] 10.24593297  4.74349233  4.14602829  3.47030219 12.36147466 16.47510526 12.98536000 16.29268984 21.21003776
[352] 11.51826258  6.49521387  4.12817733 19.69453472  6.28134030  4.36694344 22.43061311 22.18188721 10.77196696
[361] 21.30107047 17.16039699  8.81839115  3.96042160  8.99878413 22.17817066 18.98309391 18.27923067 11.08192870
[370] 17.21841532 21.62032405 15.58814698 15.47577160 14.93134592 12.41705052 11.67739781  6.02152447  2.94915516
[379]  2.56366852 13.21798411  6.46453054  4.61110407 14.89652323 17.53075259 11.08135540  3.79890455  2.17590073
[388]  1.67237041  6.32336503 17.72791393  5.07340078  3.61750202 19.59706126 10.24323370  4.43284634 19.96756607
[397] 18.87597255 17.44752110  1.74234309 14.88517735  6.24391980  4.93273419 14.88861544 10.14713292  8.52099555
[406] 12.46070251  3.76140756  1.51826626  0.59355098  7.33915851  0.94541261 11.19033027 10.67618937  6.67235972
[415] 16.16399541  3.39054111 12.08886605 11.82816684  7.77867398  7.64984841 13.86664894 17.09197523 14.99331503
[424]  9.33519339  8.77220941 16.23954018  1.03786120 14.00207483  4.56843118  2.17309001 16.56465204  8.64484951
[433]  6.88401012  5.61429451  1.14223725  5.77342922  5.94854809 16.79820759 15.97787698 10.21397377 16.06861448
[442] 11.46313179 10.80645810 10.49793415 10.09640104 10.05818039  7.88912347  0.99730337  8.21466688  6.71089067
[451]  2.31870119  2.11396242  8.42292212 11.07944311  0.05956584 14.47678265  5.01575677  0.41886493 13.12647525
[460]  5.00537144  7.98115233  6.94839411  2.41770328  9.56525473  3.36674748 10.67811224  9.87376835  2.87970208
[469] 12.83053632  4.55960196  3.11404583  8.07110808  4.55702153  4.29243094  8.08787556  4.92235113  4.91088598
[478]  1.71240618 12.39878268  3.66912698  7.98806325 12.04444593  6.85399147  5.28573491 14.10943665  8.97208823
[487] 12.98160189 11.96956509  3.10940303  7.00158289 13.44589288 12.58155752  2.86670045 10.63504312  7.16474400
[496] 14.81288524 12.92366758  5.69563399  5.06804873  6.91275146  6.16792148 11.19122687 11.18557669  1.60118689
[505] 13.77554538 13.37217015  7.65107142  2.47529139  2.44198774 13.04966640 10.62920128  6.67343637  0.21130449
[514]  2.49701503  9.88203734  8.48197472  4.83374643  0.78144033  2.63944921  2.17213776  6.17750551  5.16365965
[523]  3.16984327 12.18706169 10.47853951 13.69564545  7.87976524 12.98722704  9.49358720 12.70798746  9.76451428
[532]  9.57454047 11.57929299 12.43409214 10.71932135  9.53702144  8.40857087  7.03143506  9.92853522  1.47555687
[541]  1.13454303  4.21994302  0.04329402 11.46746879  0.82505960  8.41474154  0.33600352  9.70256319  9.48668576
[550]  3.30578198  9.68431178  7.50199419  6.71628477  2.38123555  2.36905982 11.37117118  5.88419605  4.73208902
[559]  1.43211615  7.92949383  6.59649474 11.29089929  8.99914548  8.61710647  6.17827734  5.13759865  9.05590635
[568]  7.40518181  1.26205398  7.15616698  5.94835836  3.71398243  2.89667604  1.60993640  4.62975915  3.55774269
[577]  6.11526200  8.11918192  8.39052332  6.42197278  4.76417996  1.42986354  7.54181184 10.61761215  7.44257206
[586] 10.87198269  2.63426202  2.60564369  0.11120324  8.69709363  7.09639696  5.50559166  9.61034344  6.54983650
[595]  0.30434209  8.42752262  4.87273551  4.22352668  9.18866970  7.93365151  4.31776245  9.04325230  9.41316220
[604]  9.85912474  0.84828235  7.36875195  9.13429754  7.97358317  6.31468096  5.50807139  4.27166811  0.44499045
[613]  0.13202787  1.41778577  7.21366754  6.36002847  5.00001588  1.14695194  6.57275250  2.72723098  6.35572177
[622]  1.25720169  0.29338374  3.22423028  6.63148010  3.39044049  2.58658350  2.20627453  7.25438629  2.77211116
[631]  2.94602661  5.36307187  6.30839557  7.58108092  3.87302529  4.51904180  1.86874954  2.70929510  0.70091649
[640]  5.80022404  5.70983018  3.72531093  0.93428218  7.40899969  2.98877635  2.53870366  6.91293775  4.97797081
[649]  4.96832817  4.72407812  6.47682965  3.32249348  2.03100949  1.11347123  4.31219758  4.25554302  4.68694440
[658]  6.90281126  4.85455526  1.81336615  5.01195291  4.17730577  1.87342458  0.94342503  2.21855596  5.93351148
[667]  3.20542715  4.03127148  3.90266006  1.83935695  0.38283411  0.57203502  0.18118563  5.73577389  6.19392350
[676]  3.67928654  2.12158263  5.67835824  4.44844879  4.79275100  4.79101784  3.80414364  2.81227209  5.04748382
[685]  2.93024428  4.34991779  2.67628434  1.10618617  2.50098308  2.33789892  1.56297304  0.61197264  2.64175797
[694]  3.71044947  2.60673087  2.25210808  1.53600702  1.06309215  2.43690220  0.88116604  3.95783954  4.77867974
[703]  2.69602757  1.07796062  2.73705632  1.36268936  1.40169743  3.66790188  0.89747554  1.76272464  2.30517744
[712]  1.49046360  3.86862787  3.36271929  0.18085378  3.53981252  1.89947879  3.31630571  3.53703110  0.97820667
[721]  1.32930464  0.11589395  2.51805311  0.52265236  0.44561311  1.59858505  1.84332457  1.64052694  2.19712984
[730]  1.17581067  1.75163277  1.08713727  0.33003715  1.52011491  0.21535529  0.19470414  0.09845596  0.98177914
[739]  0.81342565

$PAR
  [1]  NA   1   2   2   2   3   3   4   4   6   8  10  10  10  10  10  10  11  11  18  18  18  18   7   7   7  20  20
 [29]  20  20  20  24  24  24  24  24  24  24  24  24  21  21  21  21  22  22  22  41  41  41  41  33  45  14  54  54
 [57]  53  53  53  53  34  34  34  23  23  27  57  57  57  57  57  64  64  64  42  19  19  19  19  28  28  28  66  66
 [85]  66  66  66  15  15  15  15  15  15  76  76  55  55  55  43  43  43  43  43  83  83  83  83  83  83  77  62  62
[113]  56  56  56  56  75  75  75  75  75 113  67  94  94  94  94  94  94  94  16  16  16  16 111 111 111 104 104 104
[141] 104 104  88 117 117 117 117 117 117 144 144  98  98  46  46  46  46 110 131 131 131 131 143 143  80  47  68  68
[169] 136 136 136 136 137 137 137 167 167 167 105 105 105 105 105 179 179 179 125 152 152 152 152 106 106 106  30  30
[197]  30 159 159 159 159 159 159 159 159 159 138 138 138 138 187 163 173 173 173 173 173 173  26 168 168 168 168 211
[225] 198 198 198 198  35  35  35 154 145 145  73  73  73  73  73  73  73  73 212 212 212  89  89 126 126 126 213 213
[253] 213 220 155 139 139 139 139 150 150 150 150  59  59  59 225  84  84  84  84  84 112 176 176 176 153 153 153 107
[281] 107 108 108 108 277 277 146 146 222 222 222 222 222 285 285 285 285 285 181  81 201 156 156 156 156 156 287 287
[309] 129 129 129 129 129 286 286 286 289 289 255  92  92  92 309 309 309 309 309 188 188  49 219 223  82 232 232 232
[337] 232 161 161 233 273  93 234 234 234 234 157 208 208 338 268 268 268 268 320 320 320 257 257 307 174 174 174 174
[365] 278 248 248 248 248 359 366  36  36 269 140 300 300 300 300 314 314 314 299  99  99  99  99  99 371 361 361 361
[393] 351 229 229 328 175 302 302 396 396 396  17  17  17 355 355 355 355 165 165 393 393  50 189 189 317 317 169 169
[421] 170 164 164 164 164 397 397 274 274 274 130 130 249 249 251 237 310 368 158 177  38  38  38  38  38  38  38 390
[449] 315 315 315 315 192 398  86 294 294  51 339 339 362 362 362 438 438 341 238 238 303 348 348 239 193 193 426 426
[477] 426 426 415 415 441 439 311 311 312 312 372 373 373 270 423 133 133 374 374 383 383 400 101 329 329 172 172 172
[505] 204 182 182 205 205 456 151 151 151 295 485 485 318 318 296 296 428 428 428 102 102 421 271 526 147 134 134 134
[533] 510 487 330 492 196 196 406 534 534 375 375 347 252 524 524 298 298 298 417 482 482 482 482 122 122 122 122 488
[561] 488 216 216 216 216 216  69 418 418 265 265 265 265 265 376 352 442 556 562 412 412 412 369 385 385 454 190 190
[589] 190 360 535 494 444 440 404 445 445 445 259 259 539 515 191 467 548 593 424 254 228 228 228 607 567 602 563 563
[617] 563 103 432 272 250 405 596 453 546 537 579 185 475 475 481 608 560 527 115 420 420 634 634 583 116 116 552 585
[645] 585 585 644 410 410 629 615 615 615 615 570 591 538 462 462 462 658 658 483 319 553 512 414 561 353 353 353 651
[673] 616 621 609 633 633 401 401 675 565 565 565 521 577 377  79 437 666 666 666 557 332 592 484 316 661 661 460 460
[701] 648 649 402 402 477 477 597 659 702 650 231 657 686 686 601 474 611 662 345 345 480 480 288 719 346 465 683 693
[729] 588 554 663 637 478 728 582 730 293 732 281

$EXTANT
  [1] FALSE FALSE FALSE FALSE FALSE FALSE FALSE FALSE FALSE FALSE FALSE FALSE FALSE FALSE FALSE  TRUE  TRUE FALSE  TRUE
 [20] FALSE FALSE FALSE FALSE  TRUE FALSE FALSE FALSE FALSE FALSE  TRUE  TRUE FALSE  TRUE  TRUE FALSE  TRUE FALSE  TRUE
 [39]  TRUE  TRUE FALSE FALSE FALSE  TRUE FALSE FALSE FALSE FALSE FALSE  TRUE  TRUE  TRUE FALSE FALSE FALSE  TRUE  TRUE
 [58] FALSE FALSE  TRUE FALSE FALSE  TRUE FALSE FALSE  TRUE FALSE FALSE  TRUE FALSE  TRUE FALSE  TRUE  TRUE FALSE FALSE
 [77] FALSE FALSE  TRUE FALSE  TRUE FALSE FALSE  TRUE FALSE  TRUE FALSE FALSE  TRUE FALSE FALSE  TRUE FALSE  TRUE FALSE
 [96] FALSE FALSE FALSE  TRUE FALSE  TRUE  TRUE FALSE  TRUE FALSE FALSE  TRUE FALSE FALSE  TRUE FALSE  TRUE FALSE FALSE
[115]  TRUE FALSE  TRUE FALSE FALSE FALSE FALSE  TRUE FALSE FALSE  TRUE  TRUE FALSE FALSE  TRUE FALSE  TRUE FALSE  TRUE
[134]  TRUE FALSE  TRUE  TRUE  TRUE FALSE  TRUE FALSE  TRUE  TRUE  TRUE  TRUE  TRUE FALSE  TRUE FALSE  TRUE  TRUE  TRUE
[153] FALSE FALSE FALSE  TRUE FALSE FALSE  TRUE FALSE FALSE  TRUE FALSE  TRUE  TRUE FALSE FALSE  TRUE  TRUE FALSE FALSE
[172]  TRUE  TRUE FALSE FALSE  TRUE  TRUE  TRUE  TRUE FALSE FALSE  TRUE FALSE FALSE  TRUE  TRUE FALSE  TRUE  TRUE  TRUE
[191]  TRUE  TRUE  TRUE FALSE FALSE  TRUE  TRUE FALSE FALSE FALSE  TRUE  TRUE FALSE FALSE FALSE  TRUE FALSE FALSE FALSE
[210]  TRUE FALSE  TRUE  TRUE FALSE  TRUE  TRUE  TRUE  TRUE FALSE  TRUE FALSE  TRUE  TRUE FALSE  TRUE  TRUE  TRUE FALSE
[229] FALSE FALSE  TRUE FALSE  TRUE FALSE FALSE FALSE  TRUE  TRUE FALSE  TRUE FALSE  TRUE  TRUE  TRUE  TRUE FALSE  TRUE
[248] FALSE  TRUE  TRUE  TRUE FALSE FALSE  TRUE  TRUE FALSE FALSE FALSE  TRUE FALSE FALSE  TRUE  TRUE FALSE  TRUE  TRUE
[267] FALSE  TRUE  TRUE  TRUE FALSE FALSE  TRUE  TRUE FALSE FALSE FALSE FALSE  TRUE FALSE  TRUE FALSE  TRUE  TRUE  TRUE
[286]  TRUE  TRUE  TRUE  TRUE  TRUE FALSE  TRUE  TRUE  TRUE  TRUE  TRUE  TRUE  TRUE  TRUE  TRUE  TRUE  TRUE FALSE  TRUE
[305]  TRUE  TRUE  TRUE  TRUE  TRUE  TRUE  TRUE  TRUE FALSE  TRUE  TRUE  TRUE FALSE FALSE  TRUE  TRUE  TRUE  TRUE FALSE
[324]  TRUE FALSE  TRUE  TRUE  TRUE  TRUE  TRUE FALSE  TRUE FALSE FALSE FALSE FALSE FALSE FALSE  TRUE FALSE FALSE FALSE
[343] FALSE  TRUE  TRUE  TRUE  TRUE  TRUE  TRUE  TRUE FALSE  TRUE  TRUE  TRUE  TRUE  TRUE  TRUE FALSE FALSE FALSE  TRUE
[362]  TRUE  TRUE  TRUE  TRUE FALSE FALSE FALSE  TRUE FALSE FALSE FALSE  TRUE FALSE  TRUE  TRUE  TRUE  TRUE FALSE FALSE
[381] FALSE  TRUE FALSE  TRUE FALSE  TRUE  TRUE  TRUE  TRUE  TRUE  TRUE  TRUE  TRUE FALSE  TRUE  TRUE  TRUE  TRUE  TRUE
[400]  TRUE  TRUE  TRUE  TRUE  TRUE  TRUE FALSE  TRUE  TRUE  TRUE  TRUE  TRUE  TRUE FALSE  TRUE  TRUE  TRUE FALSE  TRUE
[419]  TRUE  TRUE  TRUE FALSE  TRUE  TRUE  TRUE  TRUE  TRUE  TRUE  TRUE  TRUE FALSE FALSE  TRUE  TRUE  TRUE  TRUE  TRUE
[438]  TRUE  TRUE  TRUE FALSE  TRUE  TRUE FALSE FALSE  TRUE  TRUE FALSE  TRUE  TRUE  TRUE  TRUE  TRUE  TRUE  TRUE  TRUE
[457] FALSE  TRUE FALSE  TRUE  TRUE  TRUE  TRUE FALSE  TRUE  TRUE  TRUE  TRUE  TRUE  TRUE  TRUE FALSE  TRUE  TRUE  TRUE
[476]  TRUE  TRUE  TRUE FALSE  TRUE  TRUE  TRUE  TRUE  TRUE  TRUE FALSE  TRUE  TRUE  TRUE  TRUE  TRUE FALSE  TRUE  TRUE
[495]  TRUE FALSE FALSE  TRUE  TRUE  TRUE  TRUE  TRUE FALSE  TRUE  TRUE FALSE FALSE  TRUE  TRUE FALSE  TRUE FALSE  TRUE
[514] FALSE  TRUE FALSE  TRUE  TRUE  TRUE  TRUE  TRUE  TRUE  TRUE  TRUE  TRUE  TRUE FALSE FALSE FALSE  TRUE  TRUE  TRUE
[533]  TRUE  TRUE FALSE  TRUE  TRUE  TRUE  TRUE  TRUE  TRUE  TRUE  TRUE  TRUE  TRUE  TRUE  TRUE  TRUE FALSE  TRUE FALSE
[552]  TRUE  TRUE  TRUE  TRUE  TRUE  TRUE  TRUE  TRUE  TRUE FALSE  TRUE  TRUE  TRUE FALSE  TRUE  TRUE  TRUE  TRUE  TRUE
[571]  TRUE  TRUE  TRUE  TRUE  TRUE  TRUE  TRUE FALSE  TRUE FALSE  TRUE  TRUE  TRUE  TRUE  TRUE  TRUE  TRUE  TRUE  TRUE
[590]  TRUE  TRUE  TRUE  TRUE  TRUE  TRUE  TRUE  TRUE  TRUE  TRUE FALSE  TRUE  TRUE FALSE  TRUE  TRUE  TRUE  TRUE  TRUE
[609]  TRUE  TRUE  TRUE  TRUE  TRUE  TRUE  TRUE  TRUE FALSE  TRUE FALSE  TRUE  TRUE  TRUE  TRUE  TRUE  TRUE FALSE  TRUE
[628] FALSE  TRUE  TRUE  TRUE  TRUE  TRUE  TRUE  TRUE  TRUE  TRUE  TRUE  TRUE  TRUE  TRUE FALSE  TRUE FALSE  TRUE  TRUE
[647]  TRUE  TRUE  TRUE  TRUE  TRUE  TRUE  TRUE  TRUE  TRUE  TRUE  TRUE  TRUE  TRUE  TRUE  TRUE  TRUE  TRUE  TRUE  TRUE
[666]  TRUE FALSE FALSE  TRUE  TRUE  TRUE  TRUE  TRUE  TRUE  TRUE FALSE  TRUE  TRUE  TRUE  TRUE  TRUE  TRUE  TRUE  TRUE
[685]  TRUE  TRUE  TRUE  TRUE  TRUE  TRUE  TRUE  TRUE  TRUE  TRUE  TRUE  TRUE FALSE  TRUE  TRUE  TRUE  TRUE  TRUE  TRUE
[704]  TRUE  TRUE  TRUE  TRUE  TRUE  TRUE  TRUE  TRUE  TRUE  TRUE  TRUE  TRUE  TRUE  TRUE  TRUE  TRUE  TRUE  TRUE  TRUE
[723]  TRUE  TRUE  TRUE  TRUE  TRUE  TRUE  TRUE  TRUE FALSE  TRUE  TRUE FALSE  TRUE  TRUE  TRUE  TRUE  TRUE

