
Birth-death simulation object with 597 species and 500 extant species

Details for some species:

Extinction times (NA means extant)
[1] 51.92031 66.67730 57.01700 54.61452 54.00291       NA


Speciation times 
[1] 80.10542 75.35833 75.35533 64.24255 56.86226 56.23968


Species parents (NA for initial)
[1] NA  1  1  1  1  4


Species status (extinct or extant)
[1] "extinct" "extinct" "extinct" "extinct" "extinct" "extant" 


For more details on vector y, try sim$y, with y one of
TE TS PAR EXTANT



$TE
  [1] 51.9203052 66.6773027 57.0170035 54.6145204 54.0029139         NA 48.1960812 29.4947568 30.3284316 33.2997428
 [11]         NA         NA         NA         NA         NA         NA  6.3860702 29.7505676  5.7481269         NA
 [21]         NA         NA  9.5547953         NA 11.8934326         NA         NA         NA         NA 13.0576173
 [31]  7.6451179         NA         NA  1.7159407         NA         NA 15.4419856         NA 13.9940287         NA
 [41]         NA         NA         NA  8.9877665         NA  1.0394797         NA         NA  5.1758171  6.5097238
 [51]         NA  4.2398299         NA         NA         NA         NA         NA  7.3600709         NA         NA
 [61]         NA  7.6684871         NA         NA         NA         NA  3.9642355  4.3045880         NA 14.7791759
 [71]  7.5671806         NA  9.0503203         NA         NA         NA         NA  3.8686016  2.8785653         NA
 [81]         NA         NA  0.4793525         NA         NA  8.7486025         NA         NA         NA  8.8296027
 [91]         NA  3.5651083  8.5206846         NA         NA         NA         NA         NA         NA         NA
[101]         NA         NA         NA         NA         NA         NA         NA         NA 10.2284885         NA
[111]         NA         NA         NA         NA         NA         NA         NA         NA         NA         NA
[121]  8.5290859         NA         NA         NA         NA         NA         NA         NA         NA         NA
[131]         NA         NA         NA         NA         NA         NA         NA         NA         NA  2.0156070
[141]  3.2065367         NA  8.0349722  0.7176239         NA         NA 11.5324543         NA         NA         NA
[151]         NA         NA         NA         NA         NA         NA  6.4544060         NA         NA  3.4954605
[161]         NA         NA  4.5125534         NA         NA         NA         NA         NA         NA         NA
[171]         NA  4.1703065  6.3376491         NA         NA  0.3979389         NA  2.9551522         NA         NA
[181]         NA         NA         NA         NA         NA         NA         NA  1.6771672         NA         NA
[191]         NA         NA         NA  4.6116168         NA         NA         NA         NA  8.4066979         NA
[201]         NA         NA         NA         NA         NA         NA  2.6826959  5.8279948         NA         NA
[211]         NA         NA         NA         NA         NA         NA         NA         NA  5.5919236         NA
[221]  3.5868901         NA         NA         NA         NA         NA         NA         NA         NA         NA
[231]         NA  5.5638310         NA         NA         NA         NA         NA         NA         NA  1.7951405
[241]         NA         NA         NA         NA         NA  1.0441831         NA         NA         NA         NA
[251]         NA  5.1688777         NA  1.7078377  1.7871331         NA  1.2111836         NA         NA  5.5727200
[261]         NA  4.4622843         NA  6.4888725         NA         NA         NA         NA         NA         NA
[271]         NA         NA  4.2061251         NA         NA         NA         NA         NA  3.9452969         NA
[281]         NA         NA         NA         NA  0.1436637         NA         NA  1.7412595         NA         NA
[291]         NA         NA         NA         NA         NA         NA         NA         NA         NA  4.2964298
[301]  4.4893188         NA         NA         NA         NA         NA         NA         NA         NA         NA
[311]         NA         NA         NA  3.1888436         NA  1.0528725         NA         NA         NA         NA
[321]         NA         NA         NA         NA  0.2845211         NA         NA         NA         NA         NA
[331]  6.0801463         NA         NA         NA  1.4555504         NA         NA         NA         NA         NA
[341]         NA         NA         NA         NA         NA         NA         NA         NA         NA         NA
[351]         NA         NA         NA         NA         NA         NA         NA         NA         NA         NA
[361]  4.2044436         NA         NA         NA         NA         NA         NA         NA         NA         NA
[371]         NA         NA         NA         NA         NA         NA         NA         NA         NA         NA
[381]         NA         NA  4.6077279  4.3362454         NA         NA         NA         NA         NA         NA
[391]         NA         NA         NA         NA         NA         NA         NA  1.6763097         NA         NA
[401]         NA         NA         NA         NA         NA         NA         NA         NA  0.7750146         NA
[411]  2.5657963         NA         NA         NA         NA         NA  0.6701148         NA         NA         NA
[421]         NA         NA         NA         NA         NA         NA         NA         NA         NA         NA
[431]         NA         NA         NA         NA         NA         NA         NA         NA         NA         NA
[441]         NA         NA  2.8083294         NA         NA         NA  1.4764453         NA         NA         NA
[451]         NA         NA         NA         NA         NA         NA         NA         NA         NA         NA
[461]         NA         NA         NA         NA         NA         NA  0.2608757         NA         NA         NA
[471]         NA         NA         NA         NA         NA         NA         NA         NA         NA         NA
[481]         NA         NA         NA         NA         NA         NA         NA         NA         NA         NA
[491]         NA         NA         NA         NA         NA         NA         NA         NA         NA         NA
[501]         NA         NA         NA         NA         NA         NA  0.4203632         NA  1.5551116         NA
[511]         NA         NA         NA         NA         NA         NA         NA         NA         NA  1.9206908
[521]         NA         NA         NA         NA         NA         NA         NA         NA         NA         NA
[531]         NA         NA         NA         NA         NA         NA         NA         NA         NA         NA
[541]  0.4558018         NA         NA         NA         NA         NA         NA         NA  1.3041558  0.2149210
[551]         NA         NA         NA         NA         NA         NA         NA         NA         NA         NA
[561]         NA         NA         NA         NA         NA         NA         NA         NA  0.6854123         NA
[571]         NA         NA         NA         NA         NA         NA         NA         NA         NA         NA
[581]         NA         NA         NA         NA         NA         NA         NA         NA         NA         NA
[591]         NA         NA         NA         NA         NA         NA         NA

$TS
  [1] 80.105423013 75.358327214 75.355325222 64.242547277 56.862263556 56.239675675 55.440969988 51.328861092
  [9] 39.072519452 38.638450853 31.657041514 19.731989138 16.441532351  8.195781900 30.201353147 37.787409173
 [17] 34.252915811 31.833384712 26.885636268 22.726441832 14.437476086  4.445798878 26.519126909 18.536781435
 [25] 14.918284732 20.082114932 17.289790177 14.313949758 22.165940757 21.318676814 14.741517777 10.963963113
 [33]  9.363857524  9.140957303  7.080824911  1.218662894 18.825128808 14.324142518 23.068656255 15.528937809
 [41] 12.414126094 12.134632439 11.269668534  9.865433155 21.470662224 18.603538901 15.939958244 14.902613691
 [49] 14.799372908 21.731654425 15.595447422 11.305066516  6.727895734  3.696765853 21.826302789 18.561034825
 [57] 15.112989072 11.014700963 10.051739783  9.617285127  8.634043199 16.359967880  2.887186019 13.095763951
 [65] 15.880459318 14.241603411 11.755837162  9.968303749  3.070800757 19.404138208 13.853095923 12.692236572
 [73] 12.073078874  4.644486826  2.456990939  1.242623175 18.097784038 16.424617924 16.671799497 17.380073092
 [81] 15.144301598 12.531927953  7.642087986  3.959143035  8.757945421 13.684161256 12.191672482  1.259195957
 [89] 15.286465535 14.847110640  7.323913912 15.350046771 14.649817677 13.916755665  9.267354614  7.299048063
 [97]  2.244634941  1.475659622  9.446570304  2.997009624 13.727733086 12.838823752  7.960472741 13.064017811
[105] 12.677312083 10.037034308  6.412974771  5.897614732 13.000773263  9.948424852  2.562871731 10.443783968
[113]  8.882587382  3.617103684  6.274310778  5.825516616  3.039532413 14.886557847  6.844968169  5.312088904
[121] 13.105609133 10.663502134  8.681258407 14.983144950 12.472828737 11.184694072  6.204744740  0.295098978
[129]  5.016955156  9.884534728 12.739721433 10.647599285  8.854661998  6.151573032  5.606940388  2.551175071
[137]  1.416571758 11.847364187 12.189054150 14.361186905 10.583519384 11.815925704  9.004739946  3.582142356
[145] 13.085902752 13.010216158 11.664673368  7.869853756  5.564007644  3.030391668  2.547034113 12.883875966
[153]  8.597797616  9.763420006  9.594029786  6.065564830  7.194272153  1.800140886 11.021309491  5.673251578
[161] 10.703912938  9.803744891 12.180056781 12.997524116 10.909109579  7.383109735  6.972924771  7.694234830
[169]  4.896825409  4.314937280  0.761156325 10.960424648 10.118082932  6.332488641 11.738292134  9.060451995
[177]  8.384016342  6.514743883  2.635980339  1.597864260  0.147365740 10.581706282  5.251899482  1.615177179
[185]  4.868752874 10.885880006  5.604398372  2.762851524  2.462877409  0.033210935  2.859770140  7.963467826
[193]  1.796011295 10.754576436 10.328855781  4.408987058  2.846739230  1.684913527 11.080608409  5.563203645
[201]  4.654749207  3.716728539  2.789614949  1.801947321  5.995840782  1.460959606  9.807412901  8.725698842
[209]  7.603083269 10.234730588  6.497846604  4.143108977  4.093617110  5.844849476  4.612542237  2.794705492
[217]  1.334039473  7.954238216 10.317396927  2.133825295  8.230341010  7.545776202  3.522234623 10.933072491
[225] 10.487077065  8.713513895  7.206084274  0.027256514 10.269333036  7.433507676  3.513019650  8.363812289
[233]  6.521956677  9.620514944  4.707334087  4.301478337  1.978230271  0.192167061  2.839278977  4.064106051
[241]  2.297374018  5.697644845 10.026898923  9.835832555  3.594104364  9.753291482  7.890335947  5.982114281
[249]  7.544881192  7.103752056  8.954962043  6.360437683  6.230055032  4.937827607  2.353177892  0.586171231
[257]  2.895460732  0.627468098 10.155125372  7.725659455  2.639551865  5.159521672  7.667679103  6.984815269
[265]  6.333552479  1.239178411  1.106512030  6.327779537  3.265977448  3.142441737  9.349911003  8.520875004
[273]  6.864568715  2.051638503  6.551871261  7.034023603  5.810809168  9.592057747  4.858622698  0.068045084
[281]  5.839100855  5.047231941  1.754632798  8.809982952  6.018538742  5.987510165  1.930246022  9.469380457
[289]  9.369709941  0.871994283  9.169428518  2.623090343  1.637723385  4.857811424  7.801139842  6.970017951
[297]  6.650233149  4.618295866  0.537571145  8.795287943  5.319662727  8.582920900  4.496586076  4.017205771
[305]  8.864748220  3.783963631  1.944370200  8.201613183  5.356230820  3.933960964  3.426572702  3.336017539
[313]  8.407993173  8.342649677  6.970719508  3.667223766  6.731856962  7.363826973  6.518027132  3.713740077
[321]  2.798080541  8.179404833  4.587386921  4.137895107  3.439344982  2.584728486  2.410870583  1.036632329
[329]  3.044598872  0.175080482  7.891117091  5.964637311  4.763067112  3.637117488  2.112877700  1.647268276
[337]  0.228770231  6.879258246  6.289456026  5.697610180  1.331911324  4.845186589  2.859569835  2.630882685
[345]  7.013382963  6.263843389  7.496883876  1.749771496  5.033382826  1.959332173  3.071027010  0.308566213
[353]  1.543058496  6.197903149  5.555909853  4.118115516  4.063828865  0.573392662  0.570819397  6.094589548
[361]  4.338269501  0.606252804  0.588919474  4.107125603  2.083624312  1.764737529  1.070781243  0.847279159
[369]  6.561869507  4.906294042  4.318648106  3.918612525  3.401636516  2.525414335  3.672052330  0.799554537
[377]  5.344010472  3.447787832  2.531148210  1.306454360  4.169893093  1.199317327  5.610920480  6.461904592
[385]  2.441936586  2.317802427  5.928117032  5.813997324  5.072829535  6.220578322  0.455362949  0.323887489
[393]  0.023567624  3.771857656  2.026294385  4.368727494  3.080703833  3.562599393  1.739772491  5.726851898
[401]  3.225052660  3.205175359  1.453494396  4.037095671  4.949598670  0.270353149  0.052713088  5.036200287
[409]  2.724100194  1.872392519  4.979599938  3.126715081  5.771295482  1.660039189  4.584172799  5.369175306
[417]  0.844064618  3.593123029  2.911737481  2.085738948  2.464260043  3.642212578  3.510194002  1.177998384
[425]  5.724981594  5.125896399  4.575418638  3.126300883  3.663750641  3.233962416  3.548889896  5.226440986
[433]  2.816538253  2.365530428  5.539181102  4.408616954  3.969092270  4.245397869  0.951340759  0.130074158
[441]  5.017680211  0.605831526  3.163323059  1.356792883  0.804327597  4.732419982  2.690821929  0.455082570
[449]  2.978781509  2.651045475  4.204106985  0.481868565  2.688797254  4.647153805  3.789186795  4.143179644
[457]  4.604647765  2.073057295  1.187369037  1.914655701  0.155332700  3.669616893  1.750600782  3.631860685
[465]  0.263504314  2.910575846  1.238651785  3.700260231  3.597351792  2.712935034  1.563552749  0.058944109
[473]  1.333435909  4.282724647  2.448117945  1.013245260  3.224407459  0.279576668  0.368986786  3.673304819
[481]  2.417206209  0.394308894  0.152796910  2.225377876  0.402611714  3.272372480  0.854339006  0.349665511
[489]  0.100919269  3.538726237  1.906142106  0.084868878  2.482595886  1.616170618  0.357599439  0.659806638
[497]  2.228378765  0.890185224  1.050364550  1.631865592  0.357270651  0.052755509  3.112622175  3.280790614
[505]  0.613035599  1.630327069  1.679260599  3.221396388  3.193613606  2.106191419  1.252331862  1.191891425
[513]  0.965873480  0.256897176  2.673716326  2.238677335  0.010154601  2.683860377  0.514099870  2.994998847
[521]  1.129154883  1.088585533  0.481810570  0.408239640  1.892356402  1.547820282  2.869542692  2.241794839
[529]  2.929465479  0.201050744  1.929998105  0.145380817  0.001409898  1.189096412  1.297444300  2.447920008
[537]  1.551142225  1.226608554  2.626185265  0.087744551  1.663479958  1.463971763  2.026235355  1.075659606
[545]  2.615152769  0.874130478  0.550879675  0.358840355  1.966597917  1.150478688  0.590423523  1.210942362
[553]  1.243066107  1.486577278  0.145035852  1.743709151  0.519452438  0.015062227  0.249922031  0.943485407
[561]  1.929141579  0.293268343  1.285092442  1.579493676  1.346302932  0.353881435  0.621195157  0.596607155
[569]  1.320002731  1.038031638  0.866196854  0.960752543  0.943035843  0.157878242  0.994989816  0.548563763
[577]  0.402187077  0.684375479  0.053267012  0.061850974  0.895691080  0.997092674  0.590047847  0.042342420
[585]  0.520438713  0.468614498  0.105132955  0.351417066  0.140499438  0.676713850  0.012429623  0.576805070
[593]  0.435491804  0.385579286  0.097354141  0.349402393  0.021962434

$PAR
  [1]  NA   1   1   1   1   4   5   6   6   6   6   6   6   6   8  10  10  16  16  16  16  16  17  17  17  11  11  11
 [29]  15  15  15  15  15  15  15  15  19  19  23  23  23  23  23  23  39  39  39  39  39  20  20  20  20  20  29  29
 [57]  29  29  29  29  29  55  55  50  45  45  45  45  45  26  26  26  26  26  26  26  70  70  37  46  46  46  46  46
 [85]  56  24  24  77  80  80  80  27  27  27  27  27  27  27  79  79  13  13  13  78  78  78  78  78  62  62  47  65
[113]  65  65  51  51  51  40  40  40  89  89  89  81  81  81  81  81  57 124  25  48  48  48 118 118 118  90  49  93
[141]  93  21  21  21 140 140 140 140 140 140 140  38  38  28  28  28  66  66  94  94  71  71 101  86  86  64  64 145
[169] 145 145 145 164 164 164 152 152 152 131 131 131 131  72  72  72 105 125 125 125 125 125  41  87  87 139 139 139
[197] 139 139 163 163  42  42  42  42 138 138 142 142 142  67  67  67  67 175 175 175 175  52  43  43 126 126 126 159
[225] 159 159 159 159  58  58  32 172 172 224 224 224 224 224 165 186 186 161 122 122 132 141 141 141 182 182 225 225
[253] 225 225 225 225 112 112 219 229 229 210 259 173  59 243 243  68 130 130  44 244 244 244 207 162 162 154 154 154
[281] 246 246 246 234 234  60  60 155 155 278 288 288  99  33 271 271 271 271 271  95  95 291 291  34 176 176 176 143
[309] 251 251 113 133 300 300 300  85 208 226 226 226 226 123 123 153 153 302 302 302 272 313 314 221 221 308  14  14
[337]  14 322 322 322 322 103 103 103 218 218 247 247 148 148 295 263  83 209 209 222 249 249 249 347 347 230  96 227
[365] 227 227 227 227 250  35 276 345 345 345 315 315 296 296 296 296 338 338 273 317 317 317  53 297 297 369 275 275
[393] 275 233 233 178 211 107 107 252 265 174 174 268 115 115 115 346 346 346 253 253 390 390 127 354 354 134 360 360
[421] 286 248 248 248 387 108 108 214 116 388 425 242 340 340 160 135 187 149 149 149 435 435 377 120 120 262 389 389
[449] 282 349 411 405 169 279 294 333 446 446 235 201 201 454 457 323 323 415 415  22  22 196 196 196 436 361 371 451
[477] 456 456 212 324 364 364 213 404 404  84 306 468 468 480 480 480 462 429 422 334 114 114 469 245 418 418 490 223
[505] 231 378 325 311 373 373 373 373 312 312 504 504 486 269 269 477 477 477 508 270 428  69 117 117 100 449  63 191
[533] 191 343 197 433 433 433 321 321 470 470 518 539 292 136 151  75 385 327 528 497 220 510 510 458 395 395 543 350
[561] 307 307 531 491 491 491 410 158 348 293 506 471 537 537 554 542 341 380 511  76 534 550 550 521 499 439 487 368
[589] 368 171 258 505 362 358 299 566 540

$EXTANT
  [1] FALSE FALSE FALSE FALSE FALSE  TRUE FALSE FALSE FALSE FALSE  TRUE  TRUE  TRUE  TRUE  TRUE  TRUE FALSE FALSE FALSE
 [20]  TRUE  TRUE  TRUE FALSE  TRUE FALSE  TRUE  TRUE  TRUE  TRUE FALSE FALSE  TRUE  TRUE FALSE  TRUE  TRUE FALSE  TRUE
 [39] FALSE  TRUE  TRUE  TRUE  TRUE FALSE  TRUE FALSE  TRUE  TRUE FALSE FALSE  TRUE FALSE  TRUE  TRUE  TRUE  TRUE  TRUE
 [58] FALSE  TRUE  TRUE  TRUE FALSE  TRUE  TRUE  TRUE  TRUE FALSE FALSE  TRUE FALSE FALSE  TRUE FALSE  TRUE  TRUE  TRUE
 [77]  TRUE FALSE FALSE  TRUE  TRUE  TRUE FALSE  TRUE  TRUE FALSE  TRUE  TRUE  TRUE FALSE  TRUE FALSE FALSE  TRUE  TRUE
 [96]  TRUE  TRUE  TRUE  TRUE  TRUE  TRUE  TRUE  TRUE  TRUE  TRUE  TRUE  TRUE  TRUE FALSE  TRUE  TRUE  TRUE  TRUE  TRUE
[115]  TRUE  TRUE  TRUE  TRUE  TRUE  TRUE FALSE  TRUE  TRUE  TRUE  TRUE  TRUE  TRUE  TRUE  TRUE  TRUE  TRUE  TRUE  TRUE
[134]  TRUE  TRUE  TRUE  TRUE  TRUE  TRUE FALSE FALSE  TRUE FALSE FALSE  TRUE  TRUE FALSE  TRUE  TRUE  TRUE  TRUE  TRUE
[153]  TRUE  TRUE  TRUE  TRUE FALSE  TRUE  TRUE FALSE  TRUE  TRUE FALSE  TRUE  TRUE  TRUE  TRUE  TRUE  TRUE  TRUE  TRUE
[172] FALSE FALSE  TRUE  TRUE FALSE  TRUE FALSE  TRUE  TRUE  TRUE  TRUE  TRUE  TRUE  TRUE  TRUE  TRUE FALSE  TRUE  TRUE
[191]  TRUE  TRUE  TRUE FALSE  TRUE  TRUE  TRUE  TRUE FALSE  TRUE  TRUE  TRUE  TRUE  TRUE  TRUE  TRUE FALSE FALSE  TRUE
[210]  TRUE  TRUE  TRUE  TRUE  TRUE  TRUE  TRUE  TRUE  TRUE FALSE  TRUE FALSE  TRUE  TRUE  TRUE  TRUE  TRUE  TRUE  TRUE
[229]  TRUE  TRUE  TRUE FALSE  TRUE  TRUE  TRUE  TRUE  TRUE  TRUE  TRUE FALSE  TRUE  TRUE  TRUE  TRUE  TRUE FALSE  TRUE
[248]  TRUE  TRUE  TRUE  TRUE FALSE  TRUE FALSE FALSE  TRUE FALSE  TRUE  TRUE FALSE  TRUE FALSE  TRUE FALSE  TRUE  TRUE
[267]  TRUE  TRUE  TRUE  TRUE  TRUE  TRUE FALSE  TRUE  TRUE  TRUE  TRUE  TRUE FALSE  TRUE  TRUE  TRUE  TRUE  TRUE FALSE
[286]  TRUE  TRUE FALSE  TRUE  TRUE  TRUE  TRUE  TRUE  TRUE  TRUE  TRUE  TRUE  TRUE  TRUE FALSE FALSE  TRUE  TRUE  TRUE
[305]  TRUE  TRUE  TRUE  TRUE  TRUE  TRUE  TRUE  TRUE  TRUE FALSE  TRUE FALSE  TRUE  TRUE  TRUE  TRUE  TRUE  TRUE  TRUE
[324]  TRUE FALSE  TRUE  TRUE  TRUE  TRUE  TRUE FALSE  TRUE  TRUE  TRUE FALSE  TRUE  TRUE  TRUE  TRUE  TRUE  TRUE  TRUE
[343]  TRUE  TRUE  TRUE  TRUE  TRUE  TRUE  TRUE  TRUE  TRUE  TRUE  TRUE  TRUE  TRUE  TRUE  TRUE  TRUE  TRUE  TRUE FALSE
[362]  TRUE  TRUE  TRUE  TRUE  TRUE  TRUE  TRUE  TRUE  TRUE  TRUE  TRUE  TRUE  TRUE  TRUE  TRUE  TRUE  TRUE  TRUE  TRUE
[381]  TRUE  TRUE FALSE FALSE  TRUE  TRUE  TRUE  TRUE  TRUE  TRUE  TRUE  TRUE  TRUE  TRUE  TRUE  TRUE  TRUE FALSE  TRUE
[400]  TRUE  TRUE  TRUE  TRUE  TRUE  TRUE  TRUE  TRUE  TRUE FALSE  TRUE FALSE  TRUE  TRUE  TRUE  TRUE  TRUE FALSE  TRUE
[419]  TRUE  TRUE  TRUE  TRUE  TRUE  TRUE  TRUE  TRUE  TRUE  TRUE  TRUE  TRUE  TRUE  TRUE  TRUE  TRUE  TRUE  TRUE  TRUE
[438]  TRUE  TRUE  TRUE  TRUE  TRUE FALSE  TRUE  TRUE  TRUE FALSE  TRUE  TRUE  TRUE  TRUE  TRUE  TRUE  TRUE  TRUE  TRUE
[457]  TRUE  TRUE  TRUE  TRUE  TRUE  TRUE  TRUE  TRUE  TRUE  TRUE FALSE  TRUE  TRUE  TRUE  TRUE  TRUE  TRUE  TRUE  TRUE
[476]  TRUE  TRUE  TRUE  TRUE  TRUE  TRUE  TRUE  TRUE  TRUE  TRUE  TRUE  TRUE  TRUE  TRUE  TRUE  TRUE  TRUE  TRUE  TRUE
[495]  TRUE  TRUE  TRUE  TRUE  TRUE  TRUE  TRUE  TRUE  TRUE  TRUE  TRUE  TRUE FALSE  TRUE FALSE  TRUE  TRUE  TRUE  TRUE
[514]  TRUE  TRUE  TRUE  TRUE  TRUE  TRUE FALSE  TRUE  TRUE  TRUE  TRUE  TRUE  TRUE  TRUE  TRUE  TRUE  TRUE  TRUE  TRUE
[533]  TRUE  TRUE  TRUE  TRUE  TRUE  TRUE  TRUE  TRUE FALSE  TRUE  TRUE  TRUE  TRUE  TRUE  TRUE  TRUE FALSE FALSE  TRUE
[552]  TRUE  TRUE  TRUE  TRUE  TRUE  TRUE  TRUE  TRUE  TRUE  TRUE  TRUE  TRUE  TRUE  TRUE  TRUE  TRUE  TRUE FALSE  TRUE
[571]  TRUE  TRUE  TRUE  TRUE  TRUE  TRUE  TRUE  TRUE  TRUE  TRUE  TRUE  TRUE  TRUE  TRUE  TRUE  TRUE  TRUE  TRUE  TRUE
[590]  TRUE  TRUE  TRUE  TRUE  TRUE  TRUE  TRUE  TRUE

