
Birth-death simulation object with 606 species and 500 extant species

Details for some species:

Extinction times (NA means extant)
[1]       NA 18.40589       NA       NA 18.48133       NA


Speciation times 
[1] 47.15800 36.04259 23.58734 20.66081 35.12665 32.38696


Species parents (NA for initial)
[1] NA  1  1  1  2  2


Species status (extinct or extant)
[1] "extant"  "extinct" "extant"  "extant"  "extinct" "extant" 


For more details on vector y, try sim$y, with y one of
TE TS PAR EXTANT



$TE
  [1]         NA 18.4058868         NA         NA 18.4813272         NA  1.3536756  4.7638259         NA  1.0568170
 [11] 17.7867786         NA  5.0411233         NA         NA  4.9787491 23.3646611         NA         NA 14.7235582
 [21]         NA         NA         NA         NA         NA         NA         NA         NA 24.5511025 18.6459964
 [31]         NA         NA         NA         NA         NA         NA         NA         NA  3.7759133 12.5109489
 [41]         NA  2.8207229         NA         NA         NA 10.3451454         NA  1.8213969         NA         NA
 [51]  4.3904799         NA         NA         NA  2.5455580         NA  7.7924398         NA  3.2393245         NA
 [61] 15.8705697         NA         NA         NA         NA         NA         NA         NA         NA  9.5853141
 [71]  9.6965932         NA 10.6974198 14.2773908  5.9020859         NA         NA         NA  1.5988162 16.2308933
 [81]         NA  5.7904352         NA         NA         NA 17.7559462         NA         NA         NA         NA
 [91]  8.4564435         NA 12.4853063         NA         NA         NA         NA         NA         NA         NA
[101]         NA  6.0916355         NA         NA         NA         NA 14.3862224         NA         NA         NA
[111]         NA         NA         NA  5.3918261  2.2662867         NA         NA         NA         NA  0.1098179
[121]         NA  1.8214391         NA         NA         NA         NA         NA         NA         NA         NA
[131]         NA         NA         NA  2.1280620  8.4129285  6.3186071         NA         NA         NA         NA
[141]  9.8049660  7.2893442  1.0463332         NA         NA 15.0925807         NA         NA         NA         NA
[151]         NA  1.0800031         NA 11.8525072         NA         NA  3.8312934  0.1360581         NA         NA
[161]         NA         NA         NA         NA         NA         NA  2.3744556         NA  6.3801556         NA
[171]  1.8873941         NA         NA         NA         NA 11.2478068         NA         NA         NA         NA
[181]         NA         NA         NA         NA  4.9765084         NA         NA         NA  7.1024748         NA
[191]         NA         NA         NA         NA         NA  9.0618610         NA  2.1194124  6.7550881         NA
[201]         NA         NA         NA  4.5276926         NA         NA         NA         NA         NA         NA
[211]         NA         NA         NA         NA  2.6748965         NA  1.6608526         NA         NA  4.3149972
[221]         NA  5.6460808         NA         NA         NA  4.9245882  0.5826581         NA         NA         NA
[231]         NA  4.0602392         NA  2.3893942  5.3161112  0.8959887         NA         NA  6.4670508         NA
[241]         NA         NA         NA         NA         NA 10.9153845         NA         NA         NA         NA
[251]         NA         NA         NA         NA         NA 11.3192223         NA         NA         NA         NA
[261]         NA         NA         NA         NA  0.5057756         NA  8.5096905         NA         NA  0.8854641
[271]  5.3151832         NA         NA  1.8765433         NA         NA         NA  6.9869600         NA         NA
[281]         NA         NA         NA         NA         NA         NA  2.9086885         NA         NA         NA
[291]         NA  5.9734370         NA         NA         NA         NA         NA         NA         NA         NA
[301]         NA         NA         NA         NA         NA         NA         NA  3.9997384         NA         NA
[311]         NA         NA         NA  8.4590996         NA         NA         NA         NA         NA         NA
[321]         NA         NA         NA         NA         NA  7.5639091         NA         NA         NA         NA
[331]         NA         NA         NA         NA         NA         NA         NA         NA         NA         NA
[341]         NA         NA         NA         NA         NA         NA         NA         NA         NA  5.7293808
[351]         NA         NA         NA         NA         NA         NA         NA         NA  2.7493341         NA
[361]         NA         NA         NA  0.3212603         NA         NA  1.3528126         NA         NA  2.0030250
[371]         NA  6.3519470         NA         NA         NA  5.3783655         NA         NA  1.1448098         NA
[381]         NA         NA  4.4361223         NA         NA         NA         NA         NA         NA         NA
[391]         NA         NA         NA         NA         NA         NA         NA         NA         NA         NA
[401]         NA         NA         NA         NA         NA         NA         NA         NA         NA         NA
[411]  1.6063082         NA         NA         NA         NA         NA         NA         NA  1.8550210         NA
[421]  3.3707880         NA         NA         NA         NA         NA  4.9062178         NA         NA         NA
[431]  4.6186243         NA         NA  1.2911098         NA  2.4182794         NA         NA         NA         NA
[441]         NA         NA         NA         NA         NA         NA         NA         NA         NA         NA
[451]         NA         NA         NA         NA         NA         NA         NA  2.6326813         NA         NA
[461]  1.3133109         NA         NA         NA         NA         NA         NA         NA         NA         NA
[471]         NA         NA         NA         NA         NA         NA         NA         NA         NA         NA
[481]  1.6003527         NA         NA         NA         NA         NA         NA         NA         NA         NA
[491]         NA         NA         NA         NA         NA         NA         NA         NA         NA         NA
[501]         NA         NA         NA         NA         NA         NA         NA         NA         NA         NA
[511]         NA         NA         NA         NA         NA         NA         NA         NA         NA  1.6405687
[521]         NA         NA         NA         NA         NA         NA         NA         NA         NA         NA
[531]         NA         NA         NA         NA         NA         NA         NA         NA         NA         NA
[541]         NA         NA         NA         NA         NA         NA         NA         NA         NA         NA
[551]         NA  1.9858640         NA         NA         NA         NA         NA         NA         NA         NA
[561]         NA         NA         NA         NA         NA         NA         NA         NA         NA         NA
[571]         NA         NA         NA         NA         NA         NA         NA         NA         NA         NA
[581]         NA         NA         NA         NA         NA         NA         NA         NA         NA         NA
[591]         NA         NA  0.3909052         NA         NA         NA         NA         NA         NA         NA
[601]         NA         NA         NA         NA         NA         NA

$TS
  [1] 47.157996366 36.042590934 23.587341114 20.660812894 35.126652517 32.386963623 30.190236666 28.298330817
  [9] 21.597191778 20.323246361 32.086399090 22.398942779 24.042287802 20.518184888 16.696616382 10.929057224
 [17] 30.740371886 30.182986740 26.064234093 21.229401186 20.941977693 20.480304050 23.464751815 25.985753290
 [25] 19.544126205 14.425229986  7.442159164 29.819006304 27.940333354 21.981359426  9.450143589  8.374351337
 [33]  4.771784669  1.292062597 17.169022997 12.082737281 10.617275731  9.665779871  4.064400054 18.787587194
 [41] 14.679099118 27.195810870 19.681012071 17.468302542 16.457234840 21.960012370 16.611910584 15.876530462
 [49] 15.525628080 11.356511484  6.477888460  3.044468639  8.074068234  2.462836613 18.161950091 12.928750581
 [57] 10.945302957 23.311601541  5.627786937  0.309012102 18.073098013 16.633921618 13.721733799 13.230652764
 [65] 10.113743943  9.171747648  5.705468344 19.269433450 18.932974534 18.627715459 20.505813037  2.047597573
 [73] 20.144615747 16.126001288 15.681347418 15.142553153  3.804005446 18.177371672 12.458275554 18.365034490
 [81] 16.177142658 12.139827148  9.725428841  9.526758233  0.677557217 18.970031146 10.627466277  3.296990287
 [89] 18.091622016 15.222090650 18.978919543  7.492921844 16.531509035 13.961073890  6.797110652 17.912494540
 [97]  9.748983462  6.563068763 17.083737642 13.484498433 11.801136643 10.851181411 15.174799292  9.011241498
[105]  1.469704791 16.313407570 16.153515567 13.715284526 17.836088092 13.773034829 13.145011286  8.870065909
[113]  7.773350886  7.510023647  4.821839876 15.960180845  7.516308315  6.209012052 16.136262014 15.374418376
[121]  6.785014685 14.334733962 12.676866565  1.648748744 15.077595931  7.408779652  6.968686575  6.699661924
[129]  2.867782269  9.658080963  4.339580429  2.736819803  2.061531154 15.245314600 11.386825927  8.495621665
[137] 13.537667406 12.183200562 11.859446820  6.670461716 15.046486223 12.781409308  2.738673970 10.609693733
[145]  8.675561888 16.098810609 11.371740477 11.160985534  9.601166295  9.199981768  9.125212117  2.862434986
[153]  0.628677791 13.796525551  5.725803367 15.107646928 13.971400321 12.578326051 11.983415365 11.818633451
[161]  1.841713451 10.255220404  3.173369346 12.551787032 13.632291568 13.573642139  3.272530212  2.787797123
[169] 11.597199919  8.189900750  3.904571101  0.594062044 11.010067066  7.809529878  2.900430198 14.787258149
[177]  4.603581199  2.414612608  1.162239909  7.780230099  8.656599683  4.179854788  2.077845802  0.336633193
[185]  8.192208142  6.229365794 14.995744982 13.106229300 12.685193491 11.629112086  8.359037007  6.626876980
[193]  3.764278801  6.878659262  1.198387223 13.730762947  7.837090885  8.117633585 13.037575750  0.890754840
[201] 11.981666173  5.964814271  2.808215255  9.615099294  8.980990943  7.428035842  5.600356218  0.624009737
[209] 11.317381992  3.023063707  0.203789241  9.032808211  4.360892418 13.482924891  8.674246395  6.080894604
[217]  4.031368064  0.060117686  4.696088970  4.604554010  2.302771472 11.465537824 10.647033973 10.290762074
[225]  8.582002252  9.196481932  5.012873729  8.004957485  8.489764630 10.719575199  7.494352878 12.382081443
[233] 12.211410841  7.915490385  7.282632174  4.974942120  2.369238231  0.003562928 11.228375815  9.829150667
[241]  9.272573519  7.926690468  6.778576459  5.677095944  4.476359407 11.359268812 11.179774673  2.432526404
[249]  0.289082465  1.105313986 10.629048679  7.968982941  4.304484108  7.823686285 11.514427225 11.464679673
[257]  1.012078756  0.633772377  8.066663071  6.173562095  4.773452210  3.645785362  0.615916297 10.020865586
[265]  7.992656643  0.129661274 10.245526099  7.969881539  2.309615311 10.846650810 10.601071180  6.249574773
[273]  6.164246653 10.385608994  2.102908003  1.501866298 10.771540025  7.785043257  3.326143862  1.259443440
[281]  1.187600998  5.027964883  8.340279919  9.277107674  9.392653755  5.504442435  4.319094600  3.728033226
[289]  7.885872598  6.284401305  4.808911956  6.371264925  6.059639617  3.766055677  5.823505568  5.562610518
[297]  9.570855991  8.548207265  4.607569394  8.651375861  6.250284489  4.875004599  4.603536330 10.208604224
[305]  3.486414184  4.926099197  0.037186600  5.042529741  3.103574391  5.684814086  7.119463766  4.645823489
[313]  2.438566838  9.103226253  5.249066823  7.832364347  4.489286397  7.018788421  9.084572348  3.686925078
[321]  8.378173259  4.974030596  7.027040863  2.258888570  0.645543860  8.015514935  4.586972561  4.107718828
[329]  3.379934306  6.233556635  5.060408728  4.679298404  1.582754253  0.113636516  2.561032190  1.510192733
[337]  4.231866495  2.851870850  2.239434146  7.515544121  6.447717451  8.454305328  2.736987453  0.356406202
[345]  4.663546171  3.902076431  3.080008886  2.795654934  2.792039889  6.724270260  6.154348524  5.420545449
[353]  1.582227864  0.544657742  4.163653812  2.432428553  0.869089628  7.831041325  4.338102927  1.075019832
[361]  6.125847853  5.614383716  5.458818598  2.723776522  1.089587681  5.538046712  3.591051842  1.331157790
[369]  0.162897669  2.861554262  0.189160018  7.818433231  3.367908652  0.751518143  1.239513223  7.388676851
[377]  6.027753680  2.796129945  1.600287760  6.112177863  2.625861760  1.763824034  6.592583006  4.484692274
[385]  5.081429046  1.678585063  6.726866610  7.684433560  3.004673269  5.431902769  6.218371368  5.664320883
[393]  0.958112114  3.450249667  2.544426116  5.737361208  3.070861437  2.404075153  7.261055311  1.065809251
[401]  0.773698889  7.246061346  0.088624938  5.712276569  0.881937834  0.027691486  0.912062236  4.714553342
[409]  1.692866956  6.559378007  1.956158490  1.820348635  0.019697444  3.671055442  2.043622836  2.530041644
[417]  3.054988899  5.232904216  5.873320922  4.050764385  5.893506289  6.278022497  5.720302397  5.675410280
[425]  3.033231586  1.400682675  5.889156017  4.928229066  6.212954261  0.417210246  4.997751197  3.498875972
[433]  4.841671574  5.492253545  5.407047863  3.320435887  2.567336966  1.545652478  0.545633655  2.676283131
[441]  5.658828728  4.316426471  4.056435027  4.613607852  3.780265669  1.441260592  2.858769268  2.320594209
[449]  1.678689875  4.976132257  0.885315947  5.335910911  1.870230296  2.602403382  0.231117367  0.083672096
[457]  2.959179275  3.897368398  4.978483042  2.998822014  2.246773433  0.974208745  3.169481216  4.236204354
[465]  1.354807044  3.518581545  3.511151430  1.736909546  3.516607074  2.713613952  1.525342985  3.706270059
[473]  4.665773453  3.022283816  1.046526732  1.225889274  3.959741882  1.700671897  4.558279122  4.198846079
[481]  3.178408894  0.004519913  4.698551556  2.808166089  3.012550765  4.491109488  1.750732711  2.518070080
[489]  3.682130558  3.298707080  2.925940551  1.761470247  3.315542932  0.962385206  0.392399581  0.379199438
[497]  0.013503123  2.792238472  2.008008948  2.904334902  2.506837694  0.646925280  3.577703976  0.309829651
[505]  3.853539217  2.411567082  0.138169263  0.003755638  2.744536854  1.804376571  2.387888304  0.341105344
[513]  2.798896514  0.863365319  0.747547845  3.310338276  2.851101492  2.527951632  3.270357609  2.810984046
[521]  2.200938486  1.826821764  1.541886843  2.250495032  2.115660389  1.398982992  0.911599185  0.416641295
[529]  1.911092031  1.835615410  2.078031373  0.894202249  1.699581359  0.990853714  0.279565092  0.066907452
[537]  2.366155122  0.988282591  1.775783417  0.792041976  1.821075415  0.930698745  1.024851905  1.644077094
[545]  2.111727395  1.854070260  0.205407747  2.204819279  1.655167759  0.410890496  0.273904565  2.108802641
[553]  1.495400237  0.785396475  0.766130487  0.847953109  1.231451350  1.689190281  1.108533124  1.803007078
[561]  1.310795060  0.103533945  1.132017267  1.722322216  0.960557289  1.280556306  0.477483856  0.087267108
[569]  0.549672895  0.213390058  0.142300644  1.611269045  1.465380727  0.169578919  1.580078343  1.525557040
[577]  0.382924483  1.656760650  1.648290520  0.434966443  0.303036463  1.483895479  0.563954947  1.175018114
[585]  1.159668519  0.191329730  0.413416250  0.130320395  1.045534465  0.489055893  1.422795179  0.712304518
[593]  0.655356246  0.946827392  0.060583797  0.826212373  0.910055972  0.717956864  0.061453472  0.454244679
[601]  0.584443589  0.004491276  0.388369819  0.003710865  0.242966060  0.134074002

$PAR
  [1]  NA   1   1   1   2   2   2   2   2   2   5   5   6   6   6   6  11  11  11  11  11  11  17   7   7   7   7  18
 [29]  18  18  18  18  18  18  28  28  28  28  28   8   8  29  42  42  42  19  19  19  19  19  19  19  24  24  13  13
 [57]  13  23  23  58  12  12  12  12  12  12  12  46  46  46   9   9  20  20  20   4   4  71  71  22  22  22  22  22
 [85]  22  10  10  10  73  73  43  43  25  25  25  68  68  68  91  91  91  91  69  69  69  40  70  70  78  78  78  78
[113]  78  55  55  89  89  89  61  96  96 109 109 109  44  44  44  44  44  35  35  35  35  99  99  99  62  62  62  62
[141]  47  47  47  45  45  81  81  81  81  81  81  81  81 119 119  74 116 116 116 116 116  48  48  75  49  49  49  49
[169] 120 120 120 120 134 134  90 103 103 103 103  76 156 156 156 156 125 125 141 187 187 187 187 187 187  41  41  26
[197]  26 122  94  94 110 110 110  63  63  63  63  63 108 108 108 166 166 137 137 137 137 100 214 214 214  64  64  64
[225] 111 188 188 199 142 189 189 158 158 158 158 158 158 164  79  79  79  79  79 232 232 233 233 233 233 138  82  82
[253]  36 201 139 139 160 160 101 101 101 101 101 190 190 190 255 255 255 222 222 222 147  50  50 209 148 148 148 148
[281] 148 173  57 270 277 277 277 277 230 230 230 223 223 223 251 251  87  87  87  37  37 144 144 274 274 162 162 304
[309] 304  65  97  97  97  83 130 204 297  31 285 285 284 284 241 241 241 150 150 150 150 226  66 212 212 212 205 205
[337] 112 112 112 215 181 300 300 300 225 298 298 298 298 229 229 229 229 229 342 342 342  32  32  32 191 191 191 191
[365] 191 185 170 170 170 198  53 259 259 265 252 242 242 242 242 234 234 289 197 197 316 316 254 372 174 180 113 113
[393] 388 117 117 114  92  27 206 206 206 376 402 311 311 311 323 318  95 243 243 243 387 128 128 140 192 383  98  98
[421] 410  51  51 341 341 422 301 301 186 391 429 429 273 351 361 361 380 216 293 377 202 202 421 155 155 404 310 310
[449] 310 244 244 296 296 363 363 363 352 435 452 452 452 452 385 282 282 227 227 227 236 236 236 322 428 428 428 302
[477] 291 261  33  33  33  33 408 408 219 332 312 299 303 303 327 479 317 317 317 384 131 359 253 337 480 480 182 182
[505] 355 328 328 328 443 477 171 505 445 193 489 469 432 305 394 279 493 493 493 516 163 163 463  52 425 425 210 389
[533] 460 500 500 500 152 338 517 484 513 349 509 132 470 381 454 437 395 395 488 501 248 178 178 506 398 237 448 324
[561] 324 324 525 545 531 183 183 453 546 546 546 530 530 530 412 510 539 558 558 578 579 379 353 438 438 576 276 582
[589] 105 573 446 375 281 585 559 543 534 462 200 357 540 555 430 512 551 455

$EXTANT
  [1]  TRUE FALSE  TRUE  TRUE FALSE  TRUE FALSE FALSE  TRUE FALSE FALSE  TRUE FALSE  TRUE  TRUE FALSE FALSE  TRUE  TRUE
 [20] FALSE  TRUE  TRUE  TRUE  TRUE  TRUE  TRUE  TRUE  TRUE FALSE FALSE  TRUE  TRUE  TRUE  TRUE  TRUE  TRUE  TRUE  TRUE
 [39] FALSE FALSE  TRUE FALSE  TRUE  TRUE  TRUE FALSE  TRUE FALSE  TRUE  TRUE FALSE  TRUE  TRUE  TRUE FALSE  TRUE FALSE
 [58]  TRUE FALSE  TRUE FALSE  TRUE  TRUE  TRUE  TRUE  TRUE  TRUE  TRUE  TRUE FALSE FALSE  TRUE FALSE FALSE FALSE  TRUE
 [77]  TRUE  TRUE FALSE FALSE  TRUE FALSE  TRUE  TRUE  TRUE FALSE  TRUE  TRUE  TRUE  TRUE FALSE  TRUE FALSE  TRUE  TRUE
 [96]  TRUE  TRUE  TRUE  TRUE  TRUE  TRUE FALSE  TRUE  TRUE  TRUE  TRUE FALSE  TRUE  TRUE  TRUE  TRUE  TRUE  TRUE FALSE
[115] FALSE  TRUE  TRUE  TRUE  TRUE FALSE  TRUE FALSE  TRUE  TRUE  TRUE  TRUE  TRUE  TRUE  TRUE  TRUE  TRUE  TRUE  TRUE
[134] FALSE FALSE FALSE  TRUE  TRUE  TRUE  TRUE FALSE FALSE FALSE  TRUE  TRUE FALSE  TRUE  TRUE  TRUE  TRUE  TRUE FALSE
[153]  TRUE FALSE  TRUE  TRUE FALSE FALSE  TRUE  TRUE  TRUE  TRUE  TRUE  TRUE  TRUE  TRUE FALSE  TRUE FALSE  TRUE FALSE
[172]  TRUE  TRUE  TRUE  TRUE FALSE  TRUE  TRUE  TRUE  TRUE  TRUE  TRUE  TRUE  TRUE FALSE  TRUE  TRUE  TRUE FALSE  TRUE
[191]  TRUE  TRUE  TRUE  TRUE  TRUE FALSE  TRUE FALSE FALSE  TRUE  TRUE  TRUE  TRUE FALSE  TRUE  TRUE  TRUE  TRUE  TRUE
[210]  TRUE  TRUE  TRUE  TRUE  TRUE FALSE  TRUE FALSE  TRUE  TRUE FALSE  TRUE FALSE  TRUE  TRUE  TRUE FALSE FALSE  TRUE
[229]  TRUE  TRUE  TRUE FALSE  TRUE FALSE FALSE FALSE  TRUE  TRUE FALSE  TRUE  TRUE  TRUE  TRUE  TRUE  TRUE FALSE  TRUE
[248]  TRUE  TRUE  TRUE  TRUE  TRUE  TRUE  TRUE  TRUE FALSE  TRUE  TRUE  TRUE  TRUE  TRUE  TRUE  TRUE  TRUE FALSE  TRUE
[267] FALSE  TRUE  TRUE FALSE FALSE  TRUE  TRUE FALSE  TRUE  TRUE  TRUE FALSE  TRUE  TRUE  TRUE  TRUE  TRUE  TRUE  TRUE
[286]  TRUE FALSE  TRUE  TRUE  TRUE  TRUE FALSE  TRUE  TRUE  TRUE  TRUE  TRUE  TRUE  TRUE  TRUE  TRUE  TRUE  TRUE  TRUE
[305]  TRUE  TRUE  TRUE FALSE  TRUE  TRUE  TRUE  TRUE  TRUE FALSE  TRUE  TRUE  TRUE  TRUE  TRUE  TRUE  TRUE  TRUE  TRUE
[324]  TRUE  TRUE FALSE  TRUE  TRUE  TRUE  TRUE  TRUE  TRUE  TRUE  TRUE  TRUE  TRUE  TRUE  TRUE  TRUE  TRUE  TRUE  TRUE
[343]  TRUE  TRUE  TRUE  TRUE  TRUE  TRUE  TRUE FALSE  TRUE  TRUE  TRUE  TRUE  TRUE  TRUE  TRUE  TRUE FALSE  TRUE  TRUE
[362]  TRUE  TRUE FALSE  TRUE  TRUE FALSE  TRUE  TRUE FALSE  TRUE FALSE  TRUE  TRUE  TRUE FALSE  TRUE  TRUE FALSE  TRUE
[381]  TRUE  TRUE FALSE  TRUE  TRUE  TRUE  TRUE  TRUE  TRUE  TRUE  TRUE  TRUE  TRUE  TRUE  TRUE  TRUE  TRUE  TRUE  TRUE
[400]  TRUE  TRUE  TRUE  TRUE  TRUE  TRUE  TRUE  TRUE  TRUE  TRUE  TRUE FALSE  TRUE  TRUE  TRUE  TRUE  TRUE  TRUE  TRUE
[419] FALSE  TRUE FALSE  TRUE  TRUE  TRUE  TRUE  TRUE FALSE  TRUE  TRUE  TRUE FALSE  TRUE  TRUE FALSE  TRUE FALSE  TRUE
[438]  TRUE  TRUE  TRUE  TRUE  TRUE  TRUE  TRUE  TRUE  TRUE  TRUE  TRUE  TRUE  TRUE  TRUE  TRUE  TRUE  TRUE  TRUE  TRUE
[457]  TRUE FALSE  TRUE  TRUE FALSE  TRUE  TRUE  TRUE  TRUE  TRUE  TRUE  TRUE  TRUE  TRUE  TRUE  TRUE  TRUE  TRUE  TRUE
[476]  TRUE  TRUE  TRUE  TRUE  TRUE FALSE  TRUE  TRUE  TRUE  TRUE  TRUE  TRUE  TRUE  TRUE  TRUE  TRUE  TRUE  TRUE  TRUE
[495]  TRUE  TRUE  TRUE  TRUE  TRUE  TRUE  TRUE  TRUE  TRUE  TRUE  TRUE  TRUE  TRUE  TRUE  TRUE  TRUE  TRUE  TRUE  TRUE
[514]  TRUE  TRUE  TRUE  TRUE  TRUE  TRUE FALSE  TRUE  TRUE  TRUE  TRUE  TRUE  TRUE  TRUE  TRUE  TRUE  TRUE  TRUE  TRUE
[533]  TRUE  TRUE  TRUE  TRUE  TRUE  TRUE  TRUE  TRUE  TRUE  TRUE  TRUE  TRUE  TRUE  TRUE  TRUE  TRUE  TRUE  TRUE  TRUE
[552] FALSE  TRUE  TRUE  TRUE  TRUE  TRUE  TRUE  TRUE  TRUE  TRUE  TRUE  TRUE  TRUE  TRUE  TRUE  TRUE  TRUE  TRUE  TRUE
[571]  TRUE  TRUE  TRUE  TRUE  TRUE  TRUE  TRUE  TRUE  TRUE  TRUE  TRUE  TRUE  TRUE  TRUE  TRUE  TRUE  TRUE  TRUE  TRUE
[590]  TRUE  TRUE  TRUE FALSE  TRUE  TRUE  TRUE  TRUE  TRUE  TRUE  TRUE  TRUE  TRUE  TRUE  TRUE  TRUE  TRUE

