
Birth-death simulation object with 622 species and 500 extant species

Details for some species:

Extinction times (NA means extant)
[1] 32.01864 32.45169 37.06168 15.29492 40.27901       NA


Speciation times 
[1] 60.26074 56.31533 54.43288 53.83708 43.32151 37.89786


Species parents (NA for initial)
[1] NA  1  1  1  1  1


Species status (extinct or extant)
[1] "extinct" "extinct" "extinct" "extinct" "extinct" "extant" 


For more details on vector y, try sim$y, with y one of
TE TS PAR EXTANT



$TE
  [1] 32.01863501 32.45169248 37.06167890 15.29491761 40.27900829          NA 18.81791227 24.35421687          NA
 [10] 21.10831898          NA 20.55403753 15.64765399 33.29690058          NA          NA 17.79849390          NA
 [19]          NA          NA          NA  7.00268045          NA 16.30540962 20.51541824          NA  1.75325329
 [28]          NA          NA  8.43900672          NA          NA 10.52418050 41.63999694 36.17908259 22.99410200
 [37] 14.08822102          NA  5.16512519          NA 21.73630094          NA          NA 38.17373953          NA
 [46]          NA 31.96257870 10.94076418          NA          NA          NA          NA 21.69702065 12.68853349
 [55]          NA 19.09354354          NA          NA          NA  0.69921348          NA 10.17919751 30.11447439
 [64]          NA          NA          NA          NA          NA          NA          NA          NA          NA
 [73] 10.51205636          NA          NA          NA 21.23602297          NA          NA  6.67416501          NA
 [82]          NA 22.03091100 19.34533543  2.97554554 15.60376288          NA          NA          NA  8.07920435
 [91]          NA          NA          NA          NA          NA 11.27515224 18.73835303          NA 23.68599075
[100]          NA          NA          NA          NA          NA          NA 18.14490622          NA          NA
[109] 12.40238644          NA          NA  8.01434049          NA          NA          NA          NA          NA
[118]  6.61685415          NA          NA 10.44756281          NA          NA          NA  8.35758581          NA
[127] 13.73230882  0.88636194          NA  7.81470265  7.56600758          NA  2.78519106 13.10388172          NA
[136] 10.51802516          NA          NA          NA          NA 10.80599600          NA          NA          NA
[145]          NA          NA          NA          NA          NA  3.98186374 10.12744797          NA  4.47279567
[154]          NA  0.56206928          NA          NA  2.82280213          NA          NA          NA          NA
[163]          NA  3.35683610  9.28819093          NA  5.93501945  1.28739377          NA          NA          NA
[172]          NA          NA          NA          NA          NA          NA 13.69507298          NA          NA
[181]          NA          NA          NA          NA          NA          NA          NA          NA          NA
[190]          NA          NA          NA  8.17503407          NA          NA  0.12474021  7.13521093          NA
[199]          NA          NA          NA 14.65032064  2.15951357 10.46802886 12.35869021          NA  2.78036573
[208]          NA          NA          NA 12.67562464          NA          NA          NA  8.09318272  4.63703592
[217] 12.85308410          NA  6.02455195          NA          NA 11.79152542          NA          NA  4.70095256
[226]          NA          NA  6.78624051          NA          NA          NA  8.90498704          NA          NA
[235]          NA          NA          NA          NA          NA          NA          NA          NA 10.37508869
[244]  7.24221983          NA          NA          NA          NA          NA          NA          NA          NA
[253]  0.97059345          NA          NA          NA          NA          NA 12.20045305          NA          NA
[262]          NA          NA          NA          NA          NA          NA          NA  1.95541721          NA
[271]          NA          NA  5.39682586          NA          NA          NA  3.96671700          NA          NA
[280]  0.35315204          NA          NA          NA          NA  0.48721272          NA          NA          NA
[289]          NA  2.27325022          NA          NA          NA  3.19267032          NA          NA  1.43259588
[298]          NA          NA          NA          NA          NA          NA          NA          NA          NA
[307]          NA          NA          NA          NA          NA          NA          NA          NA          NA
[316]  0.12671972          NA          NA          NA          NA          NA          NA          NA          NA
[325]          NA          NA          NA          NA  1.12336743          NA          NA  7.72012193          NA
[334]          NA          NA          NA          NA          NA  1.13457358          NA          NA          NA
[343]          NA          NA  7.45960170          NA          NA          NA          NA          NA          NA
[352]  0.12478023          NA          NA  3.50984746          NA          NA          NA  2.98176421  1.37592925
[361]          NA          NA          NA          NA          NA          NA          NA          NA          NA
[370]          NA          NA          NA          NA          NA          NA          NA          NA          NA
[379]          NA          NA          NA          NA          NA          NA          NA          NA          NA
[388]          NA          NA          NA          NA          NA  2.76032104          NA          NA          NA
[397]  0.18505039  1.80227369          NA          NA          NA  4.86309016          NA          NA          NA
[406]          NA  1.16746904  0.02550776          NA          NA          NA          NA          NA          NA
[415]  5.26671432          NA          NA          NA          NA          NA          NA          NA          NA
[424]          NA          NA          NA  1.91377537          NA          NA          NA          NA          NA
[433]          NA          NA          NA          NA          NA          NA          NA          NA          NA
[442]          NA          NA          NA          NA          NA          NA          NA          NA  3.71835092
[451]          NA          NA          NA          NA          NA          NA          NA          NA          NA
[460]          NA          NA          NA          NA          NA          NA  0.82365291          NA          NA
[469]          NA          NA          NA          NA          NA          NA          NA          NA          NA
[478]  0.59128082          NA          NA          NA          NA          NA          NA          NA          NA
[487]          NA          NA  1.73861644          NA          NA          NA          NA          NA          NA
[496]          NA          NA          NA          NA          NA          NA          NA          NA          NA
[505]          NA          NA  1.20754617          NA          NA          NA          NA          NA          NA
[514]          NA          NA          NA  0.22576108          NA          NA          NA          NA          NA
[523]          NA          NA          NA          NA          NA  2.75965142          NA          NA          NA
[532]          NA          NA          NA          NA          NA          NA          NA          NA          NA
[541]          NA          NA          NA          NA          NA          NA          NA  0.58208327          NA
[550]          NA          NA          NA          NA          NA          NA          NA          NA          NA
[559]          NA          NA          NA          NA          NA          NA          NA          NA          NA
[568]          NA          NA          NA          NA          NA          NA          NA          NA          NA
[577]          NA          NA          NA          NA          NA          NA          NA          NA          NA
[586]          NA          NA          NA          NA          NA          NA          NA          NA          NA
[595]          NA          NA          NA          NA          NA          NA          NA          NA          NA
[604]          NA          NA          NA          NA          NA          NA          NA          NA          NA
[613]          NA          NA          NA          NA          NA          NA          NA          NA          NA
[622]          NA

$TS
  [1] 60.260744740 56.315328498 54.432881646 53.837077188 43.321513480 37.897862488 35.784435936 33.739257209
  [9] 40.398312048 38.963632650 47.963717900 48.883222889 42.780182064 41.545270662 21.468294273 20.594047523
 [17] 18.358455760 17.977865146 41.984530481 24.535575408 21.494061403 45.587394151 35.662179003 35.603270282
 [25] 22.231184317 16.496472841  9.633602874  6.920595507  0.421942559 39.024723505 28.939150095 24.043038516
 [33] 23.254394608 42.717852148 42.173184550 36.690524855 30.163660632 25.088231900 17.765532286 41.082254260
 [41] 23.090122970 20.611800202 13.837094870 39.832027028 38.651365974 35.860502304 40.635380031 28.732659131
 [49]  6.494564484  5.028931790  3.077584253  1.949215810 35.565721348 23.984924888 23.061074960 21.672331174
 [57] 18.691884803 16.107057382 13.225860607 12.500770954 10.677239513 32.635816571 31.136661005  5.829657318
 [65]  2.868605246 18.309718849 10.642701121  9.857393637  6.591764904  3.356089081 28.175729896 23.733496746
 [73] 32.086385724 13.543598959 30.502999406 27.675407002 27.606919057 33.397749295 28.774859858 16.427705747
 [81]  7.502470666  5.677910815 22.572057411 26.153314835 19.550490589 18.424854129 12.882227870  6.726475172
 [89] 15.826542965 15.703306671  5.505727970  0.019358658 27.092368449 26.713859983 21.497257705 16.622967395
 [97] 21.982847317  0.146079592 26.634014826 11.042041707 10.205615404 10.098363720  6.568254597 13.722214247
[105]  6.016971418 25.086469378 20.494986671 11.482106834 23.101433336  3.219338029  1.054259165 23.614538543
[113] 22.577286797 12.124347854  4.725134548  1.305223224  0.349441358 22.240528395 16.719250738 15.163458096
[121] 14.656063461  7.561361698  6.714670541 17.757797188 10.735782546 10.813948708 19.805681691 18.196521408
[129] 10.179044248  8.898248225 18.895262582 19.310888443 20.148466682 16.958418281 11.339014473 19.072822808
[137] 16.456839303 11.297924054 16.718747880  4.909011947 15.576022453  4.899050923  0.754480195 20.129712262
[145] 17.412891848  5.110012446 15.022694144 10.050149529  3.046937526 19.007322984 14.978054743 11.096560196
[153] 17.072884864 15.879467400 11.928620649 16.517099185 15.675226227 15.102370064  9.305687302  8.180809565
[161] 17.298481098  8.581754181  5.878228790  3.810249209 18.149713831 10.398267655 15.588450836 13.168515752
[169] 12.461290868  5.703964516 12.300622045 12.187096383  7.821740339  6.849429409 14.075228654  4.531938991
[177] 16.945640732 15.288464107  4.564191538  3.528683533 17.276800928 13.186703192 13.015192026 10.859632392
[185] 10.673014737  7.735754812  3.300860473  2.363727628  1.630874169  6.848146771  6.720761927  6.548900707
[193] 12.725025663 12.423298697 12.181235305  7.902730749  7.576506291  6.321113280  3.939000465  2.167071333
[201]  0.772629189 16.545156431 15.338625769 10.623025984 14.754597364 13.252885147  9.115627088  6.152966836
[209]  1.027016413 13.729139312 14.842914154  7.475664808  4.754564955  1.037584958 16.330261898 15.962515202
[217] 15.490581204 11.375429333  7.492410666  7.458759275 14.739233335 14.124954361 12.014683515  1.562413353
[225]  6.270809634  8.363178624  3.900418804 15.111910453 14.290521210  4.846506570  2.592694738 12.392075869
[233]  3.586942007  2.127515173 12.852076159 13.032093448 10.917193716  9.053194260  5.328783408 14.559204793
[241] 11.530086892 11.319178336 13.446409472 11.249789317  8.083574588  6.165173013  2.999083368  4.483763547
[249]  2.425370114 11.393688549  6.245037662  5.570574470  3.663671967  3.218996465  6.784207262  3.928816718
[257]  1.400224999 13.312094118 12.903353412  5.209950100  2.130490849  0.020090676  4.087530758  1.691642736
[265] 12.087282812  7.772661660 12.647220440  9.151476843  5.828181476  3.817381187  2.102237272 10.618622964
[273]  9.406409305  0.679728908  7.380291708  0.968962131 11.762699477  0.115713051 12.343797956 10.702461150
[281]  9.755765296  9.603101904  9.130555918  8.798420127  2.404252210  1.623262635  0.418588414  8.842566032
[289]  8.160589065  6.771187781  1.550569422  1.355223634  0.745695897 10.203120241  5.801630787  5.584099855
[297]  3.399226273  1.053207969  9.362639270  5.496375540  2.156599104  8.225968118  2.040275843  7.104816347
[305]  4.185006971  9.960678793  5.370566499  4.553484393  8.414781451  7.469847960  5.727862989  5.697704827
[313] 10.499277450  8.331030204 10.014112553  9.051438406  7.244062888  2.325520275  1.580236350  8.567085742
[321]  4.094952234  3.593798986  2.325925031  0.135055683 11.252910529 10.536735089  8.728142725  4.524776860
[329]  8.515850910  9.829545151  8.986597274 10.262106410  3.162313947  2.130300193  1.245167758  6.669900058
[337]  3.063269713  2.994185862  1.983703138  7.997646417  6.028983746  3.097612680  0.480920862  9.129475223
[345]  9.616216166  6.548123349  4.698723782  3.217644400 10.370298804  2.067023892  0.922445053  6.003715120
[353]  5.842270052 10.289165847  8.417151258  1.859187227  9.861247796  1.737715806  8.092700788  6.648425250
[361]  1.641263092  6.720440436  9.459207447  8.799969753  6.502740750  6.320525454  4.404071678  6.358878835
[369]  4.750365085  1.299014197 10.045300568  2.917305069  8.714067782  9.096682398  8.503514668  4.087170778
[377]  8.492380952  2.090297695  2.033233788  1.022082909  8.228059016  3.722768413  1.929014908  7.495142950
[385]  5.183020449  8.836415303  0.979291961  0.125962755  0.073911345  3.116520453  6.489043382  3.625632862
[393]  8.355434195  5.913122579  8.908951234  5.953525507  5.514404048  1.863483520  2.083425450  1.141124455
[401]  1.403370351  7.815821169  2.973761923  4.943284168  3.025707793  6.390829696  5.751970664  3.072064940
[409]  5.372963687  5.305247327  2.039658456  8.206406980  6.471585611  6.326136589  8.482253709  4.840952050
[417]  6.671967689  8.067262751  1.696845886  1.325450213  3.848638123  7.506714747  3.736442603  7.143162863
[425]  7.677102708  7.671203479  6.359705630  3.455043061  0.031789263  6.102567494  5.518892843  0.666237061
[433]  6.048977780  0.481553421  1.092125985  0.759639416  0.123205154  2.312684228  2.149028005  5.828211299
[441]  5.675862359  2.336992498  2.322237421  1.855144520  4.746376033  3.321032357  5.762670145  0.659650686
[449]  6.502124440  5.097111819  0.101186373  2.453722440  0.018740255  5.548255029  5.054236749  3.026763677
[457]  0.966142212  4.808620486  1.495754820  0.415282237  3.076075330  5.365848975  1.303076125  6.481117229
[465]  3.790807073  2.340197678  0.183031136  0.505629238  5.665140898  4.286153804  3.609302616  5.537161111
[473]  0.756384438  2.509886468  5.249681036  2.100509501  0.500711416  5.360169625  0.976141360  5.432197175
[481]  1.565837612  1.846264922  3.193271813  1.617110210  2.734641369  1.925556923  0.410555865  2.368069310
[489]  2.108823827  5.582306915  4.208750785  1.406864179  2.297378423  3.523752857  1.734518805  1.577242421
[497]  5.416481529  2.520551280  1.273695700  4.459385966  1.679613024  5.448457365  2.980000221  1.073173972
[505]  2.639740381  4.567027763  3.767867850  0.439492091  2.970228515  1.412906313  1.887219662  2.535217486
[513]  2.289718068  0.625484938  3.995978120  0.453656590  4.839381387  2.318550269  3.519839454  0.875671498
[521]  4.353821180  3.252341931  4.279132591  2.252029026  3.371313286  2.730759086  4.248134610  3.818778784
[529]  1.962970405  1.270248741  2.184440549  2.610112754  2.203462573  1.768996602  2.731545500  0.352463452
[537]  3.995884293  1.538084943  1.512473742  2.277218787  2.385326203  1.279821421  0.705737277  2.379367013
[545]  2.005884413  0.456088617  0.119393665  3.550090191  3.130874024  2.675901132  3.378972640  2.277792220
[553]  3.206576629  1.538410281  1.007671262  1.381774196  1.706801848  0.090548087  0.054033884  2.498246770
[561]  0.103693148  0.094075607  0.995632844  0.268621861  1.794714034  2.779101487  2.536162058  2.705662753
[569]  1.456497234  1.265310132  1.903643923  0.505530573  2.427182626  0.629404360  1.428752496  1.063994104
[577]  2.324492734  0.624010384  0.480479240  1.784173118  2.026198964  1.671043290  1.478700056  0.140535636
[585]  0.152087814  1.649866498  1.408448230  1.190003352  1.333085874  1.783423368  0.127275282  0.175397519
[593]  0.530201280  0.736843516  0.174726211  1.372962910  1.042667875  1.643325103  0.755034752  1.249891974
[601]  0.675835266  1.510892319  0.778310764  0.312354489  1.070065338  0.712613412  0.027561471  0.486115921
[609]  1.041716286  0.175047591  0.954881736  0.056196754  0.332604871  0.472493174  0.288980363  0.003401428
[617]  0.159173885  0.212362463  0.421107737  0.228032989  0.332385305  0.022816603

$PAR
  [1]  NA   1   1   1   1   1   1   1   2   2   3   4   4   4   4   4   4   4  12  12  12  11  11  11  11  11  11  11
 [29]  11  22  22  22  22   5   5  13  13  13  13  19  19  19  19  14  14  14  40  40   9   9   9   9  30  30  30  30
 [57]  30  30  30  30  30  10  45  45  45   6   6   6   6   6  36  36  46  46   7   7   7  23  24  78  78  78  73  75
 [85]  75  75  75  75  37  37  31  31  79  79  48  48  71  71  76  76  76  76  76  94  94  99  38  38  20  20  20  32
[113]  32  32  32  32  32  54  72  72  72  72  72 112 112  33 109  55  55  55 113  97  95  95  95  21  21  21  15  15
[141]  42  42  42  16  16  16 107 107 107 144 144 144 127 127 132 150 150 150 150 131  57  57  57  57  17 128 165  18
[169]  18  18  39  39  39  39 124 124 145 145 145 145 161 181 181 181 181 181 181 181 181 153 153 153 177 177 177 177
[197] 177 177 177 177 177 119 119 119 139 139 139 139 139  96 202 156 156 156  80  58  58  58  58  58 216 216 216 154
[225]  89 157 157 217 217 120 120 228 158 147 151 211 221 221 221 121 121 121 240 240 229 229 229  43  43 210 210 210
[253] 210 210  74  74  74 243 258 258 258 258 206 206  59  59 168 168 168 168 168 236 236 236 183 183  87 235 267 267
[281] 267 267 267 267 267 267 267  60  60  60  60  60 169 194 194 194 194 194 279 279 279 171 171 195 195 114 265 265
[309] 223 223 223 155 277 277 241 108 108 250 250 218 218 218 218 218 135 135 135 135 242 138 325 152 152 152 152 237
[337] 237 237 237 184 184 184 184 126 280  61  61  61 185 185 185  67  67 272 272 326 313 166 349 354 354 294 129 129
[365] 129 129 129 102 102 102 148 148 371 315 315 315 306 330 330 330 281  27 282 363 363 273 299 299 299 159 283 344
[393] 207 207 374 374 374 374 238 238 331 395 395 288 364 284 284 373 320 320 329 375 375 375 377 377 355 314 314 381
[421] 302 289 289 359 245 245 245 245 418 340 196 196 266 266 186 186 186 425 426 422 384 384 384 384 310 310 220 220
[449] 424 424 424  28 255 290 191 191 191 123 123 123 336 360 103 346 365 365  49 406 427 427 427 198 366 246 208 430
[477] 430 433 433 341 341 105 352 396 394 163 295 447 447 407 407 407 311 312 312 441 454 472 472 431 397  91 480 480
[505] 497 409 409 307 462 462 478 385 385  50 404 404 140 140 458 458 213 213 445 506 248 248 500 367 521 521 523 527
[533] 527 527 491 491 305 263 376 515 537 537 537 199 199 199 227 421 270 233 548 180 428 551 551  70 446 446 446 187
[561] 187 553 483 342 461 337 149 247 403 403 509  65 526 526 505 505 512 512 512 452 573 442 442 442 443 552 540 531
[589] 200 489 399 545  52 486 511 356 444 590 590 534 557 189 510 556 589 116 499 605 597 563 276 276 351 201 201 594
[617] 274 343 579 619 487 547

$EXTANT
  [1] FALSE FALSE FALSE FALSE FALSE  TRUE FALSE FALSE  TRUE FALSE  TRUE FALSE FALSE FALSE  TRUE  TRUE FALSE  TRUE  TRUE
 [20]  TRUE  TRUE FALSE  TRUE FALSE FALSE  TRUE FALSE  TRUE  TRUE FALSE  TRUE  TRUE FALSE FALSE FALSE FALSE FALSE  TRUE
 [39] FALSE  TRUE FALSE  TRUE  TRUE FALSE  TRUE  TRUE FALSE FALSE  TRUE  TRUE  TRUE  TRUE FALSE FALSE  TRUE FALSE  TRUE
 [58]  TRUE  TRUE FALSE  TRUE FALSE FALSE  TRUE  TRUE  TRUE  TRUE  TRUE  TRUE  TRUE  TRUE  TRUE FALSE  TRUE  TRUE  TRUE
 [77] FALSE  TRUE  TRUE FALSE  TRUE  TRUE FALSE FALSE FALSE FALSE  TRUE  TRUE  TRUE FALSE  TRUE  TRUE  TRUE  TRUE  TRUE
 [96] FALSE FALSE  TRUE FALSE  TRUE  TRUE  TRUE  TRUE  TRUE  TRUE FALSE  TRUE  TRUE FALSE  TRUE  TRUE FALSE  TRUE  TRUE
[115]  TRUE  TRUE  TRUE FALSE  TRUE  TRUE FALSE  TRUE  TRUE  TRUE FALSE  TRUE FALSE FALSE  TRUE FALSE FALSE  TRUE FALSE
[134] FALSE  TRUE FALSE  TRUE  TRUE  TRUE  TRUE FALSE  TRUE  TRUE  TRUE  TRUE  TRUE  TRUE  TRUE  TRUE FALSE FALSE  TRUE
[153] FALSE  TRUE FALSE  TRUE  TRUE FALSE  TRUE  TRUE  TRUE  TRUE  TRUE FALSE FALSE  TRUE FALSE FALSE  TRUE  TRUE  TRUE
[172]  TRUE  TRUE  TRUE  TRUE  TRUE  TRUE FALSE  TRUE  TRUE  TRUE  TRUE  TRUE  TRUE  TRUE  TRUE  TRUE  TRUE  TRUE  TRUE
[191]  TRUE  TRUE FALSE  TRUE  TRUE FALSE FALSE  TRUE  TRUE  TRUE  TRUE FALSE FALSE FALSE FALSE  TRUE FALSE  TRUE  TRUE
[210]  TRUE FALSE  TRUE  TRUE  TRUE FALSE FALSE FALSE  TRUE FALSE  TRUE  TRUE FALSE  TRUE  TRUE FALSE  TRUE  TRUE FALSE
[229]  TRUE  TRUE  TRUE FALSE  TRUE  TRUE  TRUE  TRUE  TRUE  TRUE  TRUE  TRUE  TRUE  TRUE FALSE FALSE  TRUE  TRUE  TRUE
[248]  TRUE  TRUE  TRUE  TRUE  TRUE FALSE  TRUE  TRUE  TRUE  TRUE  TRUE FALSE  TRUE  TRUE  TRUE  TRUE  TRUE  TRUE  TRUE
[267]  TRUE  TRUE FALSE  TRUE  TRUE  TRUE FALSE  TRUE  TRUE  TRUE FALSE  TRUE  TRUE FALSE  TRUE  TRUE  TRUE  TRUE FALSE
[286]  TRUE  TRUE  TRUE  TRUE FALSE  TRUE  TRUE  TRUE FALSE  TRUE  TRUE FALSE  TRUE  TRUE  TRUE  TRUE  TRUE  TRUE  TRUE
[305]  TRUE  TRUE  TRUE  TRUE  TRUE  TRUE  TRUE  TRUE  TRUE  TRUE  TRUE FALSE  TRUE  TRUE  TRUE  TRUE  TRUE  TRUE  TRUE
[324]  TRUE  TRUE  TRUE  TRUE  TRUE FALSE  TRUE  TRUE FALSE  TRUE  TRUE  TRUE  TRUE  TRUE  TRUE FALSE  TRUE  TRUE  TRUE
[343]  TRUE  TRUE FALSE  TRUE  TRUE  TRUE  TRUE  TRUE  TRUE FALSE  TRUE  TRUE FALSE  TRUE  TRUE  TRUE FALSE FALSE  TRUE
[362]  TRUE  TRUE  TRUE  TRUE  TRUE  TRUE  TRUE  TRUE  TRUE  TRUE  TRUE  TRUE  TRUE  TRUE  TRUE  TRUE  TRUE  TRUE  TRUE
[381]  TRUE  TRUE  TRUE  TRUE  TRUE  TRUE  TRUE  TRUE  TRUE  TRUE  TRUE  TRUE FALSE  TRUE  TRUE  TRUE FALSE FALSE  TRUE
[400]  TRUE  TRUE FALSE  TRUE  TRUE  TRUE  TRUE FALSE FALSE  TRUE  TRUE  TRUE  TRUE  TRUE  TRUE FALSE  TRUE  TRUE  TRUE
[419]  TRUE  TRUE  TRUE  TRUE  TRUE  TRUE  TRUE  TRUE FALSE  TRUE  TRUE  TRUE  TRUE  TRUE  TRUE  TRUE  TRUE  TRUE  TRUE
[438]  TRUE  TRUE  TRUE  TRUE  TRUE  TRUE  TRUE  TRUE  TRUE  TRUE  TRUE  TRUE FALSE  TRUE  TRUE  TRUE  TRUE  TRUE  TRUE
[457]  TRUE  TRUE  TRUE  TRUE  TRUE  TRUE  TRUE  TRUE  TRUE FALSE  TRUE  TRUE  TRUE  TRUE  TRUE  TRUE  TRUE  TRUE  TRUE
[476]  TRUE  TRUE FALSE  TRUE  TRUE  TRUE  TRUE  TRUE  TRUE  TRUE  TRUE  TRUE  TRUE FALSE  TRUE  TRUE  TRUE  TRUE  TRUE
[495]  TRUE  TRUE  TRUE  TRUE  TRUE  TRUE  TRUE  TRUE  TRUE  TRUE  TRUE  TRUE FALSE  TRUE  TRUE  TRUE  TRUE  TRUE  TRUE
[514]  TRUE  TRUE  TRUE FALSE  TRUE  TRUE  TRUE  TRUE  TRUE  TRUE  TRUE  TRUE  TRUE  TRUE FALSE  TRUE  TRUE  TRUE  TRUE
[533]  TRUE  TRUE  TRUE  TRUE  TRUE  TRUE  TRUE  TRUE  TRUE  TRUE  TRUE  TRUE  TRUE  TRUE  TRUE FALSE  TRUE  TRUE  TRUE
[552]  TRUE  TRUE  TRUE  TRUE  TRUE  TRUE  TRUE  TRUE  TRUE  TRUE  TRUE  TRUE  TRUE  TRUE  TRUE  TRUE  TRUE  TRUE  TRUE
[571]  TRUE  TRUE  TRUE  TRUE  TRUE  TRUE  TRUE  TRUE  TRUE  TRUE  TRUE  TRUE  TRUE  TRUE  TRUE  TRUE  TRUE  TRUE  TRUE
[590]  TRUE  TRUE  TRUE  TRUE  TRUE  TRUE  TRUE  TRUE  TRUE  TRUE  TRUE  TRUE  TRUE  TRUE  TRUE  TRUE  TRUE  TRUE  TRUE
[609]  TRUE  TRUE  TRUE  TRUE  TRUE  TRUE  TRUE  TRUE  TRUE  TRUE  TRUE  TRUE  TRUE  TRUE

