
Birth-death simulation object with 618 species and 500 extant species

Details for some species:

Extinction times (NA means extant)
[1] 20.785909 25.874667 29.198916  2.319371 47.786442        NA


Speciation times 
[1] 84.56655 57.37715 55.93210 53.68943 50.98550 49.52859


Species parents (NA for initial)
[1] NA  1  1  1  1  1


Species status (extinct or extant)
[1] "extinct" "extinct" "extinct" "extinct" "extinct" "extant" 


For more details on vector y, try sim$y, with y one of
TE TS PAR EXTANT



$TE
  [1] 20.785908673 25.874666924 29.198915739  2.319371010 47.786442496           NA 24.340535581           NA
  [9]           NA  5.889537622 17.980718364           NA           NA 36.185390795           NA 23.358346947
 [17]           NA           NA           NA 10.362137874 17.074041870  7.096246777           NA 30.949050042
 [25] 33.270985705 24.347008293  2.474329104           NA           NA  2.361104835           NA           NA
 [33]           NA           NA 31.454279526  9.887539526           NA 11.643088840           NA 13.520070639
 [41] 28.987802976 10.372558535 12.701062664 16.592105844           NA           NA           NA 12.460418541
 [49] 13.259875906  0.996403519           NA           NA           NA  0.020524235           NA           NA
 [57] 11.400445707           NA           NA           NA 12.088019194           NA           NA           NA
 [65]           NA 11.980777634           NA  2.162951342           NA           NA  3.234188544           NA
 [73]           NA  6.935180409           NA  1.758796258  3.011008563           NA           NA           NA
 [81]           NA           NA           NA           NA  3.591476677           NA           NA           NA
 [89] 10.135635547           NA 16.286922364           NA           NA           NA           NA           NA
 [97]           NA           NA           NA           NA           NA 15.339859714 13.328988478           NA
[105]           NA 17.977810458           NA           NA           NA 11.480013196  3.434515712           NA
[113]           NA           NA  4.483890633  5.446350982           NA           NA           NA           NA
[121]           NA  7.771133432           NA  2.846571177           NA           NA           NA           NA
[129]           NA           NA           NA           NA           NA 12.447604327           NA           NA
[137]           NA  5.332956935           NA           NA  3.842418200           NA  6.553783852           NA
[145] 10.517033173           NA           NA           NA           NA           NA  5.553939835  6.673014553
[153]           NA           NA           NA           NA           NA  8.687076370           NA           NA
[161] 11.159473107           NA           NA           NA           NA           NA           NA 10.796494606
[169]           NA  4.113034234  2.064788272           NA           NA  8.424278594           NA  1.260627373
[177]  7.082506747  7.331358930           NA           NA           NA           NA           NA           NA
[185]           NA           NA 12.204228058           NA           NA           NA           NA           NA
[193]           NA           NA           NA           NA           NA           NA           NA           NA
[201]           NA  8.918887346  5.398015783           NA           NA  9.623280158           NA           NA
[209]  9.291342620           NA           NA           NA  7.006127584  1.431270913  6.955720135           NA
[217]           NA  0.159823602           NA           NA           NA 12.667189617           NA           NA
[225]           NA           NA           NA           NA           NA           NA           NA           NA
[233]           NA           NA           NA           NA           NA           NA  1.929010122           NA
[241]           NA           NA           NA           NA           NA           NA           NA           NA
[249]           NA           NA           NA           NA           NA           NA           NA           NA
[257]  6.339674942           NA           NA           NA           NA  1.498111174           NA           NA
[265]           NA           NA           NA           NA           NA           NA           NA           NA
[273]           NA           NA           NA  4.814139472           NA           NA           NA           NA
[281]  1.364213371           NA           NA  6.028252607           NA           NA           NA           NA
[289]           NA           NA 11.136411555           NA           NA           NA           NA           NA
[297]  8.631574376           NA  1.439315244           NA           NA           NA           NA           NA
[305]           NA           NA           NA           NA           NA           NA           NA  6.311049807
[313]           NA           NA           NA           NA           NA           NA  5.971635549  1.688015651
[321]           NA           NA           NA           NA           NA           NA           NA           NA
[329]  2.374835934           NA           NA           NA           NA           NA           NA           NA
[337]  0.180582783           NA           NA           NA           NA           NA           NA           NA
[345]           NA           NA           NA           NA           NA           NA           NA  7.020925705
[353]  0.046764474           NA           NA           NA           NA  2.202035192           NA           NA
[361]           NA           NA           NA           NA           NA           NA  1.410483804           NA
[369]           NA  8.008977665           NA           NA           NA  3.494704184           NA           NA
[377]           NA           NA           NA           NA           NA           NA           NA           NA
[385]           NA           NA           NA           NA           NA  5.013770299  2.716545308           NA
[393]           NA           NA           NA  4.284892474  1.574518636           NA           NA           NA
[401]           NA           NA           NA           NA  1.539111611           NA  1.228555073           NA
[409]           NA           NA           NA           NA  1.505223156           NA           NA           NA
[417]           NA           NA  1.901816817           NA           NA  2.483184717  5.704461964           NA
[425]  2.066696137           NA           NA           NA           NA           NA           NA           NA
[433]           NA           NA  1.035844281           NA           NA           NA           NA           NA
[441]           NA           NA           NA           NA           NA           NA           NA           NA
[449]           NA           NA           NA           NA           NA           NA           NA           NA
[457]           NA           NA  1.839340428           NA           NA           NA           NA           NA
[465]           NA           NA           NA           NA           NA           NA           NA           NA
[473]  0.328818416           NA           NA           NA           NA           NA           NA           NA
[481]           NA           NA           NA           NA           NA           NA           NA           NA
[489]           NA           NA           NA           NA           NA           NA           NA           NA
[497]  1.206774926           NA           NA           NA           NA           NA           NA           NA
[505]           NA           NA           NA           NA  3.338823843           NA           NA           NA
[513]           NA           NA           NA           NA           NA           NA           NA           NA
[521]           NA           NA           NA           NA           NA           NA  3.714998551           NA
[529]           NA           NA           NA           NA           NA           NA           NA           NA
[537]           NA           NA           NA           NA           NA           NA           NA           NA
[545]           NA           NA           NA           NA           NA           NA           NA           NA
[553]           NA           NA           NA           NA           NA           NA  1.002300678           NA
[561]           NA           NA           NA           NA           NA           NA           NA           NA
[569]           NA           NA           NA           NA  0.450086639           NA           NA           NA
[577]           NA           NA           NA           NA  1.285246847           NA           NA           NA
[585]           NA           NA           NA           NA           NA           NA           NA           NA
[593]           NA           NA           NA           NA  0.006304781           NA           NA           NA
[601]           NA           NA           NA           NA           NA           NA           NA           NA
[609]           NA           NA  0.077427136           NA           NA           NA           NA           NA
[617]           NA           NA

$TS
  [1] 84.566547122 57.377146362 55.932097170 53.689434183 50.985502059 49.528587547 48.598085861 34.000152689
  [9] 22.874666895 21.487512861 21.022277123 37.408090990 26.986638235 43.739757064 48.279422620 23.757352205
 [17] 11.614001733  7.218756655  6.718430224 20.068041583 19.738083451 33.478001464 25.991463919 43.271691486
 [25] 33.420199616 25.742196488 23.386334018 20.598716892 20.163568822 13.659706987 12.732548554  9.633315315
 [33]  6.970409525  2.786634580 33.987336997 15.315960154 13.425572287 22.201436263  8.046377198 33.442463982
 [41] 31.754236743 23.775563254 22.032149133 19.643013700 14.141482714  9.572047177 27.452591628 17.777052055
 [49] 17.553270599 12.707651328  6.227775352 21.266810751  5.555720746  0.889037347 24.349861899 20.628984683
 [57] 15.205688233 24.886700365 16.214811872 23.052117234 16.443644971 14.778137457 14.230906484  8.406624595
 [65]  3.721707135 14.420594160  6.615497110 14.160082755 12.318926817 16.208904678 21.423542257 18.295629022
 [73]  8.272841878  7.138042867 21.219178029 14.680532042 13.167049155 10.838007359 10.050975926  5.837105822
 [81]  0.394549894 18.294002640 13.200285727 10.643950515  8.944627716  3.568655111  2.626646397  0.532552780
 [89] 19.839667282 18.642240551 16.500275561 15.162521101  3.572761722  1.058859949 19.653943576 15.257302995
 [97] 14.204402765 11.367377316  5.431937463  3.858523915  1.110213537 19.621572214 17.927993531 14.440522261
[105]  7.942594353 19.165084753 16.695783457 13.672854664 11.436257862 14.223290346 17.076196970 16.257655919
[113] 14.740431643 10.591981373 17.458293128 18.191447656 13.894110418 10.613639085 10.462708840  7.378033660
[121] 14.465366376 14.069328021  6.955179427  6.861520626 16.428587633 16.326300916 15.954350845 14.793679305
[129]  9.224637753  8.225679834 17.118859644 14.179379814 16.851105001 16.258848559 15.139620893  9.783922608
[137]  5.412610881 11.548536743  7.524749317  4.955390887  4.868687869 15.955820685  9.794767537  2.328694468
[145] 15.360229698 12.648795681 10.452453302  6.216233674  4.100660508  2.944667403  8.465919882 13.000823667
[153] 12.840908966  8.183633525  3.828759724  3.684483258  0.328466736 13.930006754  2.322082740 14.556325751
[161] 12.355875543  7.757120595  2.222883910  5.850215175  1.091368991 15.239772264 14.181107794 14.720781158
[169] 10.080304104  6.332642769  5.841453583 14.400912306 12.957459383 12.382454193 11.555987302 11.288482030
[177]  8.316870826 12.767970571 10.723442509  9.390499353  0.876678882 14.135641406 10.855960624  6.269151049
[185]  4.230370782  2.792901709 14.768348956 14.565703823 14.403167616 10.670950264  6.081016799  5.822212067
[193]  4.908609384 12.030292352  6.737326560  4.079857929  2.107132519  0.329900390 10.885653479 14.084307787
[201] 12.345278949 12.335513688  7.816848528  2.846171787  2.142578638 11.257788716  6.988418943  1.718133516
[209] 10.297649251  6.065808844 14.085863788  1.983419611 13.785624065 10.021071484  9.134983978  7.804786807
[217]  6.193665710 12.257275391 12.120010961  4.170243457  1.344175112 13.120241773  0.896625858  1.159211271
[225]  1.080725972 11.828790549 11.440208370 11.120552036  9.753211558  1.257311581  9.433636110  8.340180919
[233]  2.452351755  5.993920981  3.423155865 13.370240503  3.495410438 13.411142159  3.224312949 13.032331105
[241]  8.973579690  7.614990531  4.528654997  7.613175785  9.179995857  8.444181903  5.834531944  4.688000384
[249]  9.344009423  4.260880780  3.605588531  3.396845964  2.495712932  7.207656052  0.581751970 11.678625099
[257] 10.170520596  2.032714772  3.458536932  2.991242654  1.206861654  6.505809111  7.115299169 12.909080598
[265]  5.461463478  4.307493802  2.986935764  1.792104495  6.007015371 11.050777545 12.222720740  7.438367644
[273] 12.479681215  7.373194677  2.013276379  7.042059921  2.213111412  1.125488018  0.668866347  8.760916478
[281] 12.297453283  8.899960723  7.554698319 10.889386975  3.593567038  2.672559124  3.785232532  1.666369900
[289] 10.468134168  9.025761149 11.745656195  2.895824986 10.440953188  9.551368444  1.165751181  0.695564651
[297] 11.004887317 10.423625218  9.193416585  6.387840952  3.392367463  2.172440670  0.749705137 10.598502475
[305] 10.207381814  4.777923334  5.521368516  2.306734895 10.717984245  2.654233908  1.735470910 10.209150268
[313]  8.580145171  1.235437523  6.112498755  0.294473476 10.569819088  7.979438304  9.737327498  6.586404403
[321]  4.335473932  4.185425840  4.814728881  1.028349186  1.508518097  7.294559891  5.588641261  4.495602801
[329] 10.516939282  9.339270800  2.461546960  1.122630286  8.870705812  8.388338129  6.770831335  3.401411091
[337]  8.439180259  8.252910884  4.941750165  8.253814488  3.756114541  0.443089061  3.760247100  1.806677500
[345]  0.496664193  2.664459109  1.123578376 10.171370873  4.090741326  3.844263293  1.492093514  9.634898562
[353]  4.803064765  1.148017469  4.060317076  3.860706788  8.962987229  3.377841693  2.397839769  6.728126011
[361]  0.942616048  2.984350648  3.448463105  5.606055751  5.400598796  4.622208942  3.100104319  4.132306433
[369]  3.783049580  8.312691875  8.438272930  5.062156652  8.557898726  6.819590223  1.190245260  0.851497311
[377]  0.823935329  8.049347044  4.713628093  2.512010745  1.135665264  8.801145056  5.599267418  3.883205671
[385]  2.971159430  2.458508928  6.643258952  2.777557913  2.806596893  8.794314082  5.776794143  3.415224767
[393]  2.820116207  1.305701891  1.045763241  6.759377667  7.870944957  6.844704331  5.369925571  3.266977864
[401]  1.381527449  0.732904755  8.171995879  4.934821628  1.567445693  0.652712562  7.680349997  1.284700417
[409]  3.684205995  2.064990742  5.147378635  3.557910000  2.300180440  1.065478900  6.831714891  4.418357297
[417]  3.572399321  1.014837910  4.062975790  7.844811958  7.258406490  5.522366198  7.535577710  6.255615949
[425]  2.249988461  3.390965524  1.110345196  4.616219367  4.415386736  1.263001361  5.524965323  3.121605641
[433]  3.396295200  2.779996655  1.842528763  1.459558219  3.472024843  4.464612193  3.628594064  0.441809634
[441]  4.005655972  4.438503423  3.555510638  2.496593623  5.515965214  5.516391217  2.800426994  5.549895363
[449]  6.124938693  3.613453498  3.205740052  3.196328156  3.080505257  2.146414207  3.204072750  0.775788598
[457]  0.585669884  6.229793528  2.865612270  1.153396725  6.502466744  5.798643904  0.475131325  5.447154195
[465]  2.266844231  4.150996083  3.369716782  4.667588021  3.802657375  0.666088455  2.358295227  5.268731783
[473]  4.313742713  4.062988061  2.360972946  0.822261444  3.878440118  3.708059867  5.214016788  4.943538932
[481]  3.824671866  4.066776359  1.371751873  0.643403966  1.771085102  0.975760507  3.773277096  4.575602489
[489]  2.435586669  1.220866663  3.402024754  1.705448759  1.379509872  3.477101142  3.413717076  1.063151761
[497]  2.180629497  3.093940223  0.852598197  0.631645450  0.940067310  4.020750737  0.880784498  3.695724621
[505]  2.819277886  2.768815534  0.714614772  3.992498422  3.921438182  1.503529940  1.499769130  3.023083287
[513]  2.468704705  1.361728765  2.898157842  1.986015868  4.068758818  0.039887755  1.240781036  3.141534282
[521]  0.818833639  0.365007368  0.611430040  1.233319800  3.694691657  3.192758801  3.982685075  2.864356193
[529]  0.223545893  2.582885645  3.395956578  3.267931920  2.020384690  3.524900684  1.879937033  3.646720176
[537]  1.341747361  1.875056982  1.805147046  3.302111636  2.438254667  1.739131058  2.512691422  0.180406588
[545]  2.805771260  2.921445186  1.578786411  0.847027497  1.600147388  1.164466024  2.605774203  2.804117395
[553]  0.896581696  2.846423393  1.616425230  1.368318528  0.145188756  2.541766961  2.034397725  2.148233897
[561]  1.174022253  1.566733298  2.187764085  2.275137110  1.372929062  0.056009922  1.607145275  1.137121025
[569]  0.021539495  1.864275335  0.710682933  0.859926777  2.157584075  2.482386152  2.423134483  1.953507860
[577]  0.614316662  0.105537519  0.907516691  1.597243402  1.812644266  1.877124025  1.319930139  1.679308285
[585]  1.174349402  0.267767786  0.768993023  0.292544148  0.173408634  1.225786175  1.378567581  1.541672263
[593]  1.047559597  0.129991472  1.227779287  0.871893089  1.356796368  0.197421869  0.361725457  1.078338766
[601]  0.593194840  1.088010268  1.087383767  0.156084793  0.710456895  0.006783278  0.645379651  0.663557034
[609]  0.662365208  0.128734814  0.569128326  0.002185130  0.421767727  0.479275243  0.243172564  0.499863702
[617]  0.284352636  0.137871637

$PAR
  [1]  NA   1   1   1   1   1   1   1   1   1   1   2   2   3   4   4   4   4   4   6   6   7   7  15  15  15  15  15
 [29]  15  15  15  15  15  15  24  12  12   8   8  35  35  22  22  22  22  22  40  47  47  47  47  13  13  13  23  23
 [57]  23  26  55  42  42  42  27  27  27  60  60   9   9  38  10  10  10  10  71  71  71  71  71  52  52  75  75  75
 [85]  75  75  75  75  56  56  56  56  56  56  28  28  28  28  28  28  28  29  29  29  29  20  20  20  20  89  95  95
[113]  95  95 102  90  90  90  90  90  72  72  72  72  82  82  82  82  82  82 116 103  48  48 115 115 115 111 111 111
[141] 111 107 107 107 125 125 125 125 125 125 126 134 112 112 112  59  59  70  70 142 142 142 142 127 127 145 145  36
[169]  36  96  96 166 166 166 166 166 166  57  92  92  92 135 135 135 135 135 128 128  62  62  62  62  62 113 113 113
[197] 113 113 168  76  76  76  76  76  76 160 121 121 104 104 189 189 172 172 172 172 172  63  63  63  63 110  97 167
[225] 167 132 132 132 132 132  68  68  45 182 182 211 211 200 200 158 158 117 117 213 108 108 108 108  30  30  30  30
[253]  30  37  37 238 238 238  83  83  83  77 152 173 173 173 173 173 264 178  31  31  50  50  50 273 273 273 273 201
[281] 202  69  69 281 281 281 218 218 271 271 219 194 226 226 226 226 256 256  17  17  17  17  17 175 175 175 227 227
[309] 109 109 109  98  98  98 228 228 270 270 183 183 183 183  78  78 309 190  84  84 118 118 118 118 304 304 304 304
[337] 114 114 114 289 289 289 119 119 119 147 298 305 305 305 305 348 348 348 169 169  79  79 214 136 136 229  32  46
[365]  46 294 231 180 249 330 129 129 299 245 245 245 245 290 290 290 290 357 357 357 357 357  85 282 333 382 382 382
[393] 382 382 382 390 280 280 280 280 280 280 373 373 373 373 246 246 337 337 371  64  64  64 334 334 334 338 130 154
[421] 154 403 378 378 378 318 318 420 420 420 162 407 242 244 244 244 283 139 139 272 120 274 274 421  18 254 254 263
[449] 207 207 207 207 207  33 123 123 123 398 398 398 415 374 360 320 320 424 458 148 148 148 449 210 210 269 234 164
[477] 247 247 383 383 448 431 431 431 446 445 265  99 137 137 365 479 479 411 372 140 339 404 404 404 193 141 353 306
[505] 306 379 379 248 468 366 366 321 473 473 266 250 185 185 322 466 466 368 196 517 482 482 441 441 441 508 509 356
[533] 100 350 469 487 504 525 525 439 439 439 251 417 443 392 336 252 540 400 451 452 526 512 362 515 515 554 204 505
[561] 505 552 447 186 186  34 434 434 388 506 506 346 310 380 380 574 574 308 277 454 410 258 533 538 570 542 208 567
[589] 549 580 547 405 592 325 511 511 556 597 230 519 295 381 347 603 225 395 486 181 596 596 548 587 279 470 500 577
[617] 342 615

$EXTANT
  [1] FALSE FALSE FALSE FALSE FALSE  TRUE FALSE  TRUE  TRUE FALSE FALSE  TRUE  TRUE FALSE  TRUE FALSE  TRUE  TRUE  TRUE
 [20] FALSE FALSE FALSE  TRUE FALSE FALSE FALSE FALSE  TRUE  TRUE FALSE  TRUE  TRUE  TRUE  TRUE FALSE FALSE  TRUE FALSE
 [39]  TRUE FALSE FALSE FALSE FALSE FALSE  TRUE  TRUE  TRUE FALSE FALSE FALSE  TRUE  TRUE  TRUE FALSE  TRUE  TRUE FALSE
 [58]  TRUE  TRUE  TRUE FALSE  TRUE  TRUE  TRUE  TRUE FALSE  TRUE FALSE  TRUE  TRUE FALSE  TRUE  TRUE FALSE  TRUE FALSE
 [77] FALSE  TRUE  TRUE  TRUE  TRUE  TRUE  TRUE  TRUE FALSE  TRUE  TRUE  TRUE FALSE  TRUE FALSE  TRUE  TRUE  TRUE  TRUE
 [96]  TRUE  TRUE  TRUE  TRUE  TRUE  TRUE FALSE FALSE  TRUE  TRUE FALSE  TRUE  TRUE  TRUE FALSE FALSE  TRUE  TRUE  TRUE
[115] FALSE FALSE  TRUE  TRUE  TRUE  TRUE  TRUE FALSE  TRUE FALSE  TRUE  TRUE  TRUE  TRUE  TRUE  TRUE  TRUE  TRUE  TRUE
[134] FALSE  TRUE  TRUE  TRUE FALSE  TRUE  TRUE FALSE  TRUE FALSE  TRUE FALSE  TRUE  TRUE  TRUE  TRUE  TRUE FALSE FALSE
[153]  TRUE  TRUE  TRUE  TRUE  TRUE FALSE  TRUE  TRUE FALSE  TRUE  TRUE  TRUE  TRUE  TRUE  TRUE FALSE  TRUE FALSE FALSE
[172]  TRUE  TRUE FALSE  TRUE FALSE FALSE FALSE  TRUE  TRUE  TRUE  TRUE  TRUE  TRUE  TRUE  TRUE FALSE  TRUE  TRUE  TRUE
[191]  TRUE  TRUE  TRUE  TRUE  TRUE  TRUE  TRUE  TRUE  TRUE  TRUE  TRUE FALSE FALSE  TRUE  TRUE FALSE  TRUE  TRUE FALSE
[210]  TRUE  TRUE  TRUE FALSE FALSE FALSE  TRUE  TRUE FALSE  TRUE  TRUE  TRUE FALSE  TRUE  TRUE  TRUE  TRUE  TRUE  TRUE
[229]  TRUE  TRUE  TRUE  TRUE  TRUE  TRUE  TRUE  TRUE  TRUE  TRUE FALSE  TRUE  TRUE  TRUE  TRUE  TRUE  TRUE  TRUE  TRUE
[248]  TRUE  TRUE  TRUE  TRUE  TRUE  TRUE  TRUE  TRUE  TRUE FALSE  TRUE  TRUE  TRUE  TRUE FALSE  TRUE  TRUE  TRUE  TRUE
[267]  TRUE  TRUE  TRUE  TRUE  TRUE  TRUE  TRUE  TRUE  TRUE FALSE  TRUE  TRUE  TRUE  TRUE FALSE  TRUE  TRUE FALSE  TRUE
[286]  TRUE  TRUE  TRUE  TRUE  TRUE FALSE  TRUE  TRUE  TRUE  TRUE  TRUE FALSE  TRUE FALSE  TRUE  TRUE  TRUE  TRUE  TRUE
[305]  TRUE  TRUE  TRUE  TRUE  TRUE  TRUE  TRUE FALSE  TRUE  TRUE  TRUE  TRUE  TRUE  TRUE FALSE FALSE  TRUE  TRUE  TRUE
[324]  TRUE  TRUE  TRUE  TRUE  TRUE FALSE  TRUE  TRUE  TRUE  TRUE  TRUE  TRUE  TRUE FALSE  TRUE  TRUE  TRUE  TRUE  TRUE
[343]  TRUE  TRUE  TRUE  TRUE  TRUE  TRUE  TRUE  TRUE  TRUE FALSE FALSE  TRUE  TRUE  TRUE  TRUE FALSE  TRUE  TRUE  TRUE
[362]  TRUE  TRUE  TRUE  TRUE  TRUE FALSE  TRUE  TRUE FALSE  TRUE  TRUE  TRUE FALSE  TRUE  TRUE  TRUE  TRUE  TRUE  TRUE
[381]  TRUE  TRUE  TRUE  TRUE  TRUE  TRUE  TRUE  TRUE  TRUE FALSE FALSE  TRUE  TRUE  TRUE  TRUE FALSE FALSE  TRUE  TRUE
[400]  TRUE  TRUE  TRUE  TRUE  TRUE FALSE  TRUE FALSE  TRUE  TRUE  TRUE  TRUE  TRUE FALSE  TRUE  TRUE  TRUE  TRUE  TRUE
[419] FALSE  TRUE  TRUE FALSE FALSE  TRUE FALSE  TRUE  TRUE  TRUE  TRUE  TRUE  TRUE  TRUE  TRUE  TRUE FALSE  TRUE  TRUE
[438]  TRUE  TRUE  TRUE  TRUE  TRUE  TRUE  TRUE  TRUE  TRUE  TRUE  TRUE  TRUE  TRUE  TRUE  TRUE  TRUE  TRUE  TRUE  TRUE
[457]  TRUE  TRUE FALSE  TRUE  TRUE  TRUE  TRUE  TRUE  TRUE  TRUE  TRUE  TRUE  TRUE  TRUE  TRUE  TRUE FALSE  TRUE  TRUE
[476]  TRUE  TRUE  TRUE  TRUE  TRUE  TRUE  TRUE  TRUE  TRUE  TRUE  TRUE  TRUE  TRUE  TRUE  TRUE  TRUE  TRUE  TRUE  TRUE
[495]  TRUE  TRUE FALSE  TRUE  TRUE  TRUE  TRUE  TRUE  TRUE  TRUE  TRUE  TRUE  TRUE  TRUE FALSE  TRUE  TRUE  TRUE  TRUE
[514]  TRUE  TRUE  TRUE  TRUE  TRUE  TRUE  TRUE  TRUE  TRUE  TRUE  TRUE  TRUE  TRUE FALSE  TRUE  TRUE  TRUE  TRUE  TRUE
[533]  TRUE  TRUE  TRUE  TRUE  TRUE  TRUE  TRUE  TRUE  TRUE  TRUE  TRUE  TRUE  TRUE  TRUE  TRUE  TRUE  TRUE  TRUE  TRUE
[552]  TRUE  TRUE  TRUE  TRUE  TRUE  TRUE  TRUE FALSE  TRUE  TRUE  TRUE  TRUE  TRUE  TRUE  TRUE  TRUE  TRUE  TRUE  TRUE
[571]  TRUE  TRUE FALSE  TRUE  TRUE  TRUE  TRUE  TRUE  TRUE  TRUE FALSE  TRUE  TRUE  TRUE  TRUE  TRUE  TRUE  TRUE  TRUE
[590]  TRUE  TRUE  TRUE  TRUE  TRUE  TRUE  TRUE FALSE  TRUE  TRUE  TRUE  TRUE  TRUE  TRUE  TRUE  TRUE  TRUE  TRUE  TRUE
[609]  TRUE  TRUE FALSE  TRUE  TRUE  TRUE  TRUE  TRUE  TRUE  TRUE

