
Birth-death simulation object with 725 species and 500 extant species

Details for some species:

Extinction times (NA means extant)
[1] 131.82757 103.30036 116.11037  72.74279 108.17591 124.73022


Speciation times 
[1] 158.7880 140.9131 138.9305 131.4628 127.7901 124.9501


Species parents (NA for initial)
[1] NA  1  2  2  2  3


Species status (extinct or extant)
[1] "extinct" "extinct" "extinct" "extinct" "extinct" "extinct"


For more details on vector y, try sim$y, with y one of
TE TS PAR EXTANT



$TE
  [1] 131.82757400 103.30036131 116.11036801  72.74279394 108.17590925 124.73021757           NA 116.07642230
  [9]  70.63471862           NA           NA  21.59295977  46.31428845  14.71173803  11.72058612           NA
 [17]           NA  62.83132193  47.04821102  51.71899912           NA  24.43850796   5.97296242  32.19260963
 [25]  40.28051176           NA           NA   5.80484477           NA           NA           NA  23.50689245
 [33]           NA   5.98869603   2.22321655  21.94933720           NA           NA           NA           NA
 [41]           NA  25.69395492           NA           NA  18.25652872           NA           NA           NA
 [49]           NA  34.35682898  30.60974571  14.99040067           NA  19.56429796   5.19935308   2.35706630
 [57]  27.14631875           NA           NA   0.29002262           NA           NA   9.21617100           NA
 [65]   7.05642940  16.17861895           NA           NA  41.96749051           NA  19.54204673  10.12015519
 [73]           NA           NA           NA           NA  42.07461864           NA  18.95478219  28.12692245
 [81]  24.81020600  19.28658291  14.41095361           NA  35.07705446           NA  15.97970145           NA
 [89]           NA           NA           NA  34.06688421           NA           NA  10.20253794           NA
 [97]           NA           NA           NA           NA           NA  14.65129331   7.39302786           NA
[105]  13.55611438           NA           NA           NA           NA  15.21811644           NA  12.97757413
[113]           NA  10.86752189           NA           NA  29.91061522           NA           NA   9.16051227
[121]           NA  10.55218999           NA  30.59509721           NA           NA           NA           NA
[129]           NA  16.91870371  30.53708372           NA           NA  16.49052975  32.44648520  14.83067255
[137]  15.00754439  26.22553989  19.40756292  10.31267902  23.35658376           NA           NA   8.56705054
[145]   4.06108536  17.79501300           NA  33.65068146  30.96719816  34.80894725  20.16065600  26.04909685
[153]           NA           NA  30.72476062           NA           NA           NA  35.90793261   5.60098191
[161]           NA           NA  12.89574855   8.14726761           NA  22.41088844   9.38507602           NA
[169]           NA  28.98227560           NA   6.55931976           NA           NA   1.90369400  20.80808679
[177]           NA  16.92124323           NA  16.35057897  28.38041197           NA           NA           NA
[185]           NA   1.07372592           NA           NA  10.88125131           NA           NA   4.34212148
[193]           NA           NA   6.67668629           NA  12.19033925           NA           NA           NA
[201]           NA           NA   7.04550238           NA           NA  27.00613710           NA           NA
[209]           NA  16.69437150           NA  16.46361357           NA           NA           NA           NA
[217]  27.53827069  19.72019703   7.18722785  23.93152731           NA  28.58600429           NA           NA
[225]           NA  14.92651417           NA           NA           NA   2.33203915           NA  11.58099387
[233]           NA  10.88650806  10.87364463  10.73701925  10.33116548  12.72945271   0.80008593           NA
[241]           NA           NA           NA   9.36973970           NA   1.80593185           NA           NA
[249]           NA           NA   5.09486145           NA           NA   0.97615330  10.82478557           NA
[257]   8.68336481           NA  10.64483193           NA           NA  17.34929837  10.91838930           NA
[265]           NA  16.13880944           NA           NA           NA           NA           NA           NA
[273]           NA           NA           NA           NA  20.48185791           NA           NA           NA
[281]           NA           NA           NA           NA           NA           NA  13.01185125           NA
[289]           NA           NA   1.38751753   8.70011330           NA  14.16943253   4.76654722           NA
[297]           NA  13.26023912   5.39665301           NA           NA   1.43078129   5.49618131  22.25213117
[305]           NA           NA           NA           NA           NA   4.76312622           NA           NA
[313]           NA           NA           NA           NA           NA           NA           NA   4.40267631
[321]   5.53097068           NA           NA           NA           NA           NA           NA           NA
[329]   9.10016094   6.25759212           NA   1.64802083           NA           NA  12.43390294           NA
[337]           NA  19.45052328  13.62000032  10.98217377           NA  12.92523851           NA  15.04224161
[345]   7.69105172   2.78605474           NA           NA   6.81906709           NA   0.51591939           NA
[353]           NA           NA           NA           NA           NA           NA  18.97855253           NA
[361]   5.06015321           NA   1.84434002           NA           NA   6.38306938           NA           NA
[369]           NA           NA           NA           NA   6.15486653           NA           NA  10.21463820
[377]   1.67581075   1.82928721           NA   5.07139125   0.39089014           NA   0.20246940           NA
[385]   1.13031847  11.86335079           NA   1.29342035           NA   2.93719509           NA           NA
[393]   2.75459384           NA           NA  10.84767063           NA           NA           NA           NA
[401]           NA   4.47260841           NA           NA           NA   0.41361965           NA   1.15584024
[409]           NA           NA           NA           NA  13.05648528           NA           NA   5.99155414
[417]   5.81677494           NA   1.87400605           NA           NA   2.45278451   8.87327704           NA
[425]           NA           NA           NA           NA           NA           NA           NA           NA
[433]           NA           NA           NA   7.59632378   3.88827899           NA           NA           NA
[441]   4.10335011   6.60694345           NA   8.25266022   4.64419585           NA           NA           NA
[449]   6.05339338           NA           NA           NA           NA           NA           NA           NA
[457]           NA           NA           NA           NA           NA           NA           NA           NA
[465]           NA           NA  11.01410220   2.39731780           NA   6.06538597           NA           NA
[473]   0.09989237           NA           NA           NA           NA           NA           NA           NA
[481]           NA           NA           NA   7.73333591           NA   3.22030867   1.93327963           NA
[489]           NA           NA   6.67067339           NA           NA           NA           NA           NA
[497]           NA  10.01182838  13.13776763           NA           NA           NA           NA           NA
[505]           NA   1.65161744           NA   5.80943616           NA           NA           NA  10.81096970
[513]   6.63082726   3.07572049           NA           NA           NA   3.31261678  10.59301491  10.03489958
[521]   6.15422946           NA           NA           NA           NA           NA           NA           NA
[529]           NA           NA           NA           NA           NA           NA           NA           NA
[537]   4.83195015   2.29665404           NA           NA           NA           NA           NA           NA
[545]           NA           NA           NA           NA           NA           NA           NA           NA
[553]           NA   2.93964373   0.81688139           NA           NA           NA   3.67628123           NA
[561]           NA   1.85355890           NA           NA           NA           NA           NA           NA
[569]           NA           NA   1.32023971           NA           NA           NA           NA           NA
[577]           NA           NA           NA           NA           NA           NA           NA           NA
[585]           NA           NA           NA           NA           NA           NA           NA           NA
[593]           NA           NA           NA           NA   9.65526538           NA   7.53804280           NA
[601]           NA           NA           NA           NA           NA           NA           NA           NA
[609]   0.83949680           NA           NA           NA           NA           NA           NA   4.13733868
[617]           NA           NA           NA           NA           NA           NA           NA           NA
[625]           NA           NA           NA           NA           NA           NA           NA           NA
[633]   4.86974803           NA           NA           NA           NA           NA           NA           NA
[641]           NA           NA           NA           NA           NA           NA           NA           NA
[649]           NA           NA           NA           NA           NA           NA   1.46545573           NA
[657]           NA   2.99753185   0.74881506           NA   5.22306613           NA           NA           NA
[665]           NA   3.70691872           NA           NA   3.03222675           NA           NA           NA
[673]           NA   1.22400916           NA           NA           NA           NA           NA           NA
[681]           NA           NA           NA           NA           NA           NA           NA           NA
[689]   1.49396500           NA           NA           NA           NA           NA           NA           NA
[697]           NA           NA           NA           NA   0.57183473           NA           NA           NA
[705]           NA           NA           NA           NA           NA           NA           NA           NA
[713]           NA           NA           NA           NA           NA           NA           NA           NA
[721]           NA           NA           NA           NA           NA

$TS
  [1] 158.78802196 140.91311653 138.93047706 131.46275269 127.79013412 124.95008096 109.80476087 126.18679092
  [9]  90.11976763  69.39873219  68.46859483  51.91879667  48.63190288  40.32837077  21.15630434   7.35670299
 [17]   4.09240365  74.49463882  72.27659313  61.60537385  69.20137223  52.97918619  52.90228914  45.95665891
 [25]  45.32946418  43.09989249  20.83598635  19.76821185  10.16917920   6.62624635   0.33066288  52.13157759
 [33]  43.94704823  41.62194635  37.61391260  32.19846341  18.84634010  16.73073057  13.25798922   5.40751697
 [41]   1.49972997  59.63530884  54.93688116  41.99989064  41.18689556   5.09845146   3.77023180   2.75089341
 [49]  53.21277627  44.45109501  36.86767249  52.25967587  46.76352667  20.69036998  12.22926058   2.96483749
 [57]  43.52820523  19.38657506  16.14934469  13.13402634   9.04508322  33.18096717  26.01027903  50.40108233
 [65]  47.64427090  29.15960621  26.63899619   8.42311229  44.25140181  32.13646720  31.63105124  27.00390038
 [73]  26.75677845  23.34733447  20.10142110  17.74401880  42.45367655  27.12847395  34.90171566  42.47710220
 [81]  29.11115454  25.30958165  18.17636453   6.49991894  40.30599723  44.55753949  24.00504274  20.65609653
 [89]  17.78613104  11.88025349  33.43170415  40.37409670  42.29802940  35.41964016  24.55389317  20.98052494
 [97]  16.93454288  16.80262626   8.07590041  40.97901981  36.46990575  37.90250169  30.80921740  24.17969962
[105]  19.83872018  19.07853538  11.17576949   3.03738960  43.28211137  40.95140305  33.63288344  32.95212838
[113]  42.95043192  37.66074047  22.25854135  21.38543624  34.41901013  30.52313814  20.46280304  10.04679455
[121]   0.30308049  35.36376420  25.33160779  37.77472704  30.51891897  19.58604975   1.08366555   0.59366676
[129]   0.01063523  39.10512157  35.75036981  13.39444517   7.85195330  40.51141411  38.36866845  34.94982287
[137]  34.82299519  28.27745119  24.12310737  13.07129871  35.32976982  29.93800659   6.59853654  33.95960397
[145]  37.27410321  29.25827787  21.13579762  36.40744921  37.64013026  36.12113567  32.33761396  28.62308226
[153]  23.24563562  35.96008719  33.99712150  22.07913287   6.00589063   3.48392569  35.94982199   8.67098739
[161]   4.74351985  31.49258920  17.34890849  12.47063147   0.50476745  34.12318193  24.56139224  20.55041244
[169]  13.54869330  32.93622887  31.85015035  27.04413477  25.40532006   9.09624327   6.57937422  31.12631987
[177]  14.00616506  29.88873337  16.45387794  22.74864149  30.07878847  26.40935668  32.25690037  28.45036723
[185]  32.81181600   9.89777400   2.28725713  22.62497026  13.39333095   8.36100942   5.98593548   5.90808601
[193]  11.80134179   5.13624537  24.70055419  21.65079280  26.81360753   7.01764859   2.87540345  24.16659913
[201]  23.96365297  14.50014947  13.23953052   4.10561444   0.07336155  28.30943283  16.62511342  16.00068899
[209]  10.82051497  29.93123832  29.23923026  26.76627473  18.93372846  29.86708063  28.17183195  28.64778816
[217]  30.42641554  20.32055677   8.02141881  27.55811764   8.25758689  29.92111687  16.02834466  10.02199552
[225]   6.16701984  22.33923781  20.43950916  16.00843594  28.32260973  27.85685050  26.28922125  23.25338252
[233]  15.07097657  25.71973734  28.54171596  25.30152099  19.62597051  13.53965998  13.17995566   8.70350819
[241]   7.21276093  12.92753327  17.06377692  15.32106696   2.29140084  15.89565397  26.70949556  13.58267358
[249]  11.31371190   8.47055743   8.37690451  19.31511541  17.03329341  10.21525619  27.18538040  26.80694962
[257]  20.02927012  21.82212890  20.10705203  16.87970385   4.07379928  17.78798225  26.21306705  18.93110724
[265]  10.37937559  21.18197616  16.08752163  14.71880734  12.34729071   7.06946675   5.99957553   2.40514676
[273]  25.78052635  22.56039742  14.91051846   5.28845492  24.81923775  15.85933504  13.56823851   8.82935650
[281]  15.05840440  11.62422716   5.84322983  10.25040740   8.38903139   6.03884798  15.13312806  23.92441288
[289]  11.47203911  25.27323027  23.08471439  12.52238767   1.18694273  24.35087599  15.65317377  15.41793883
[297]  22.46006157  23.25353074  21.34231833  19.85649025  15.75066234   8.65642544  11.25954748  24.34300990
[305]  14.74790082  14.15660230  23.75109044   8.60169671   2.60678769  21.36908643  17.68043328   3.11308251
[313]  21.50674883  10.21347661   9.75483946   6.19651001   5.04543545   0.57906550   6.94205964  14.85486702
[321]  23.02413871  11.35638990   8.20916486   6.43829451   2.74415948  10.72768917   2.75867725  10.79035037
[329]   9.48058927   8.30058873  21.86204444  15.41968124   7.88916745  19.35996624  15.95374314   8.49299837
[337]   6.15895852  19.55787117  20.85845849  15.68630193  15.47951425  17.91771798  15.84726110  15.55915148
[345]  13.14764900   9.01403227   2.05125792  16.86513458   8.96941175   4.34666829   8.51560057   6.39752963
[353]   1.59840272  13.98434813  20.24558879  19.26133049  18.76036406  10.77393298  19.51459560  12.83849512
[361]   6.99009468   5.09937883  14.22754123  10.24437717   8.18078072   6.39547364   5.06842599  12.73793864
[369]  12.50010965  10.88007116   0.16579090  14.75620028  12.15706287   7.51585340  20.03170298  14.23258797
[377]  17.31376922   6.02033604  12.68808036   8.60712590   5.19512342   4.67617795   4.65985484  10.87980580
[385]  14.64701706  18.99410166  14.14624223  13.76716053   5.07916264   6.22889102   3.22809295   2.82657484
[393]  11.14202154   6.54666495  18.74159315  11.95045519   5.83291424   3.21657058   1.68107469  18.01765660
[401]  12.79591900   9.38301002  13.95907902   8.05412529  15.36703705  11.74477211  10.04998796   6.03994284
[409]   4.23369263  15.96221973   4.56970772   7.00410874  15.18420094  12.93610013  12.13275212  10.83490283
[417]  17.05529675   3.16435818   2.73100653  15.77602158   9.91081471   8.86353787  16.97995862  10.43711666
[425]   9.73970899  16.45255552   5.41840487  10.34903664   7.36990280   9.92614430   2.63402923  15.94772378
[433]   3.20316149  14.08619233   9.64556669   8.18855185  14.75682762  14.44968440   5.83549183  14.84386039
[441]   8.51825469  14.43855939   6.28974041  11.65229213   9.25266124   8.14529772   8.56952153   4.93691385
[449]  13.25257569  11.80069796   5.81269822   1.67931372  14.42708965   7.26344789  12.57690642  12.38438273
[457]  12.15125181   9.02940828   4.44981772   3.17148231   5.03006294   4.21816946   3.77347139   9.58422149
[465]   3.03435558   0.24815996  13.05941231  15.18372417  12.13252288  10.59160985   1.00356727  12.96676781
[473]   6.84923317   4.10480391   3.26335881   6.18413996  12.40345253  12.75215905   4.47006268   1.22620429
[481]   1.78748684   8.71335176   7.80464999  12.42622451   8.91533780   8.90085274   9.15199720   7.61809308
[489]  10.77370098  12.46545938  10.94425930  10.42700673   8.51363886   7.62918100  12.61874408   8.66065169
[497]   4.48659833  13.26992983  13.98749493  10.43222228   2.89840221   6.17342087   3.35182904   0.13731194
[505]   7.51394552  11.36894670  13.02000448   9.07030470   7.97820062   1.27202695  13.54786765  12.40484905
[513]  13.35447019   3.81565631   1.33209306   7.10890495  12.98324729  12.62759683  10.77836202  12.77538751
[521]   8.96662784   6.83005139   4.47807690  10.74528873  10.21408686   7.50911025   0.96056732   8.90266982
[529]   5.27468197   0.84022151  12.16299029   4.36626696  11.31352204   5.56345892   1.31150091   0.25945697
[537]   7.63161666  11.95736189   7.67449133  11.63237150   5.69342824  11.01116660   2.72725907   0.22023306
[545]   6.65911309   3.10064201   5.25761250  12.19360543  10.41658290   5.31284696   4.95459790   9.81929397
[553]   8.46149175   5.71488097   5.48214964   1.87625470   1.48779111   8.85833033   6.77244222   5.37418075
[561]   4.51606452   7.49290703   6.56236907   0.68715125   3.97329768   8.69192293   5.61100365   3.17435911
[569]   9.28430977   8.81213713   8.53994854   7.22644177  10.87344335   4.08507872   3.71753421   4.25598040
[577]   7.75372798   3.09642908   9.40982516   0.75633798   2.69103787   0.49875000   4.60517533   3.65592958
[585]   3.33195083   9.11703728   2.81662180   2.65071429   7.35420557   7.83053639   0.88877140   0.60175641
[593]   4.44249179   7.63691761   3.10616141   1.69984716   9.80766799   0.51371830   9.02062512   6.16094197
[601]   4.72368579   5.63085096   3.87618229   5.53688154   6.70918238   6.45683005   0.59303902   3.43487938
[609]   8.84191690   0.48485916   4.60164952   6.30074061   5.62415495   3.64035820   6.78693565   8.35101828
[617]   1.00654946   6.66911031   8.47015955   0.17854536   4.19527123   1.87657998   5.11004034   0.12877788
[625]   6.06179142   7.30728825   1.96853733   4.67310688   4.24661419   7.14579597   4.93925011   1.09556082
[633]   5.96446018   0.39645151   6.70009714   0.41425563   3.44954009   4.70198423   4.13115801   7.11064046
[641]   0.15408792   7.11102545   2.00303423   4.11906103   5.50496579   2.76219974   6.45201182   1.81571544
[649]   5.83473335   5.41868105   1.22985584   4.35952520   3.58536592   4.87668692   4.55783736   4.29906366
[657]   6.55476513   4.99500052   4.62838146   0.35500662   5.63208465   0.87604831   1.83947396   3.42102743
[665]   4.61874942   3.97747714   5.98332258   4.10372894   3.57062621   5.32298931   2.05857667   0.17418369
[673]   1.41801749   3.82325631   3.43490126   1.89176090   1.41516853   1.64491192   3.49091909   2.52498192
[681]   1.07027073   2.29669236   0.38083359   1.44807884   4.78799775   4.10331680   1.12134637   3.68433265
[689]   3.41079512   4.35396198   0.06412552   1.83794055   0.39844867   1.87121780   3.58626411   0.62003159
[697]   2.27671497   2.83129528   2.25796011   1.36471488   2.70236657   0.49022539   3.21406949   2.46103694
[705]   2.96432592   0.30548294   1.95091238   0.11637528   1.42304680   2.58642417   0.14304239   1.92119179
[713]   1.47954766   0.18754186   1.35192872   0.08697141   1.81112094   0.61728150   1.45260648   1.26089109
[721]   1.10358514   1.21326998   1.10366549   0.76845241   0.58543080

$PAR
  [1]  NA   1   2   2   2   3   4   5   7   7   7   7   7   7   7   7   7   9  18  19  10  10  10  10  10  10  10  10
 [29]  10  10  10  21  21  21  21  21  21  21  21  21  21  11  11  11  11  11  11  11  42  42  42  43  43  43  43  43
 [57]  49  49  49  49  49  22  22  23  23  23  23  23  52  52  52  52  52  52  52  52  32  32  12  64  64  64  64  64
 [85]  65  53  53  53  53  53  24  25  86  86  86  86  86  86  86  50  50  33  33  33  33  33  33  33  57  57  57  57
[113] 109 109 109 109  26  26  26  26  26 113 113  93  93  93  93  93  93  44  44  44  44  34  34  34  34  34  34  34
[141]  45 100 100 110 134 134  14 130 135 135 102 114 114 149 149  35  35  35 145 145 145 101 101 101 101 148 154 154
[169] 154  94  94  94  94  94  94 122 122 141 136  79 117 166 144 144 111 111 111  91  91  91  91  91  62  62 112 112
[197] 185 185 185 151 151 183 183 183 183  36  70  70  70 171 171 171 171 162 162 176 103 103 103 118 125 142 142 142
[225] 142 178 178 214 211 211 211 211 211  81 216 216 216 216 216 216 216 235 184 184 184 229 138 215 215 215 215 230
[253] 230 230 220 255 255  78  78  78  78  72 197 197 256 212  73  73  73  73  73  73 247 247 247 247  67  67  67  67
[281] 182 182 182 231 231 231 263  63  63 273 273 273 273 173 173 173 123  82 236 236 290 290 195 167 167 167 200 200
[309] 200 201 201 201 288 288 288 288 288 288 307  74 232 153 153 153 153 291 291 321 321 321 188 274 274 297 297 297
[337] 297 226 115 156 156 331 331 258 196 196 196 313 313 313 116 116 116 310 299  15 147 147  96  96  96  96 339  27
[365]  27  27  27  88 168 168 119 227 227 355 259 259  75  75 375 375 300 300 300  28 126 359  58  58  58 334 334 252
[393] 356 356 106 106 106 106 106 213 264 264  37  37 400 400 400 400 400  89  89  76 163 163 377 377 243 243 243 417
[421] 417 417 253 253 423  97  97 260 348  98  98  38 207 179 179 179 426 426 426  59  59 267 267 223 228 228 208 208
[449] 410 410 410 410 432 432 246 246 246 246 246 278 343 343 343 420 420 420 301 340 341 341 341 332 332 332 332 296
[477] 244 468 233 233 281 275 320 437 437 437 305 305 268 202 202 438 438 438 442 453 453 306 387 387 387 434 434 434
[505] 354 388 279 279 279 279 169 511 132 132 132 513 498 498  39 239 239 239 239 345 345  60 507 517 517 517 414 414
[533] 242 242 360 360 401 520 478 368 379 518 369 369 490 490 477 456 456 456 269  55  55 531 531 531 531 457 457 415
[561] 469 538  90  90 193 540 540 540 282 282 289 506 533 107 107 393 542 573 328 328 358 358 489 326 326 470 424 500
[589] 492 265 428 428 284 364 430 430 421 421 552 552 315 435 579 402 569 586 586 174 508  61 458 346 346 346 521 528
[617] 528 422 482 496 441 351 493  68 251 190 190 221 365 333 333 333 133 133 590 483 539 594 505 589 589 626 454 572
[645] 642 640 516 516 270 361 319 605 605 635 635 635 618 545 545 143 175 647 324 612 443 225 600 625 625 286 157 271
[673] 191 439 439 604 604 555 427 427 427  40 547 381 362 389 367 461 461 654 628 523 523 459 576 462 639 204 653 637
[701] 675 675 475 398 568 312 546 501 199 392 587 701 431 704 187 187 699 699 627 663 648 557 700 721 718

$EXTANT
  [1] FALSE FALSE FALSE FALSE FALSE FALSE  TRUE FALSE FALSE  TRUE  TRUE FALSE FALSE FALSE FALSE  TRUE  TRUE FALSE FALSE
 [20] FALSE  TRUE FALSE FALSE FALSE FALSE  TRUE  TRUE FALSE  TRUE  TRUE  TRUE FALSE  TRUE FALSE FALSE FALSE  TRUE  TRUE
 [39]  TRUE  TRUE  TRUE FALSE  TRUE  TRUE FALSE  TRUE  TRUE  TRUE  TRUE FALSE FALSE FALSE  TRUE FALSE FALSE FALSE FALSE
 [58]  TRUE  TRUE FALSE  TRUE  TRUE FALSE  TRUE FALSE FALSE  TRUE  TRUE FALSE  TRUE FALSE FALSE  TRUE  TRUE  TRUE  TRUE
 [77] FALSE  TRUE FALSE FALSE FALSE FALSE FALSE  TRUE FALSE  TRUE FALSE  TRUE  TRUE  TRUE  TRUE FALSE  TRUE  TRUE FALSE
 [96]  TRUE  TRUE  TRUE  TRUE  TRUE  TRUE FALSE FALSE  TRUE FALSE  TRUE  TRUE  TRUE  TRUE FALSE  TRUE FALSE  TRUE FALSE
[115]  TRUE  TRUE FALSE  TRUE  TRUE FALSE  TRUE FALSE  TRUE FALSE  TRUE  TRUE  TRUE  TRUE  TRUE FALSE FALSE  TRUE  TRUE
[134] FALSE FALSE FALSE FALSE FALSE FALSE FALSE FALSE  TRUE  TRUE FALSE FALSE FALSE  TRUE FALSE FALSE FALSE FALSE FALSE
[153]  TRUE  TRUE FALSE  TRUE  TRUE  TRUE FALSE FALSE  TRUE  TRUE FALSE FALSE  TRUE FALSE FALSE  TRUE  TRUE FALSE  TRUE
[172] FALSE  TRUE  TRUE FALSE FALSE  TRUE FALSE  TRUE FALSE FALSE  TRUE  TRUE  TRUE  TRUE FALSE  TRUE  TRUE FALSE  TRUE
[191]  TRUE FALSE  TRUE  TRUE FALSE  TRUE FALSE  TRUE  TRUE  TRUE  TRUE  TRUE FALSE  TRUE  TRUE FALSE  TRUE  TRUE  TRUE
[210] FALSE  TRUE FALSE  TRUE  TRUE  TRUE  TRUE FALSE FALSE FALSE FALSE  TRUE FALSE  TRUE  TRUE  TRUE FALSE  TRUE  TRUE
[229]  TRUE FALSE  TRUE FALSE  TRUE FALSE FALSE FALSE FALSE FALSE FALSE  TRUE  TRUE  TRUE  TRUE FALSE  TRUE FALSE  TRUE
[248]  TRUE  TRUE  TRUE FALSE  TRUE  TRUE FALSE FALSE  TRUE FALSE  TRUE FALSE  TRUE  TRUE FALSE FALSE  TRUE  TRUE FALSE
[267]  TRUE  TRUE  TRUE  TRUE  TRUE  TRUE  TRUE  TRUE  TRUE  TRUE FALSE  TRUE  TRUE  TRUE  TRUE  TRUE  TRUE  TRUE  TRUE
[286]  TRUE FALSE  TRUE  TRUE  TRUE FALSE FALSE  TRUE FALSE FALSE  TRUE  TRUE FALSE FALSE  TRUE  TRUE FALSE FALSE FALSE
[305]  TRUE  TRUE  TRUE  TRUE  TRUE FALSE  TRUE  TRUE  TRUE  TRUE  TRUE  TRUE  TRUE  TRUE  TRUE FALSE FALSE  TRUE  TRUE
[324]  TRUE  TRUE  TRUE  TRUE  TRUE FALSE FALSE  TRUE FALSE  TRUE  TRUE FALSE  TRUE  TRUE FALSE FALSE FALSE  TRUE FALSE
[343]  TRUE FALSE FALSE FALSE  TRUE  TRUE FALSE  TRUE FALSE  TRUE  TRUE  TRUE  TRUE  TRUE  TRUE  TRUE FALSE  TRUE FALSE
[362]  TRUE FALSE  TRUE  TRUE FALSE  TRUE  TRUE  TRUE  TRUE  TRUE  TRUE FALSE  TRUE  TRUE FALSE FALSE FALSE  TRUE FALSE
[381] FALSE  TRUE FALSE  TRUE FALSE FALSE  TRUE FALSE  TRUE FALSE  TRUE  TRUE FALSE  TRUE  TRUE FALSE  TRUE  TRUE  TRUE
[400]  TRUE  TRUE FALSE  TRUE  TRUE  TRUE FALSE  TRUE FALSE  TRUE  TRUE  TRUE  TRUE FALSE  TRUE  TRUE FALSE FALSE  TRUE
[419] FALSE  TRUE  TRUE FALSE FALSE  TRUE  TRUE  TRUE  TRUE  TRUE  TRUE  TRUE  TRUE  TRUE  TRUE  TRUE  TRUE FALSE FALSE
[438]  TRUE  TRUE  TRUE FALSE FALSE  TRUE FALSE FALSE  TRUE  TRUE  TRUE FALSE  TRUE  TRUE  TRUE  TRUE  TRUE  TRUE  TRUE
[457]  TRUE  TRUE  TRUE  TRUE  TRUE  TRUE  TRUE  TRUE  TRUE  TRUE FALSE FALSE  TRUE FALSE  TRUE  TRUE FALSE  TRUE  TRUE
[476]  TRUE  TRUE  TRUE  TRUE  TRUE  TRUE  TRUE  TRUE FALSE  TRUE FALSE FALSE  TRUE  TRUE  TRUE FALSE  TRUE  TRUE  TRUE
[495]  TRUE  TRUE  TRUE FALSE FALSE  TRUE  TRUE  TRUE  TRUE  TRUE  TRUE FALSE  TRUE FALSE  TRUE  TRUE  TRUE FALSE FALSE
[514] FALSE  TRUE  TRUE  TRUE FALSE FALSE FALSE FALSE  TRUE  TRUE  TRUE  TRUE  TRUE  TRUE  TRUE  TRUE  TRUE  TRUE  TRUE
[533]  TRUE  TRUE  TRUE  TRUE FALSE FALSE  TRUE  TRUE  TRUE  TRUE  TRUE  TRUE  TRUE  TRUE  TRUE  TRUE  TRUE  TRUE  TRUE
[552]  TRUE  TRUE FALSE FALSE  TRUE  TRUE  TRUE FALSE  TRUE  TRUE FALSE  TRUE  TRUE  TRUE  TRUE  TRUE  TRUE  TRUE  TRUE
[571] FALSE  TRUE  TRUE  TRUE  TRUE  TRUE  TRUE  TRUE  TRUE  TRUE  TRUE  TRUE  TRUE  TRUE  TRUE  TRUE  TRUE  TRUE  TRUE
[590]  TRUE  TRUE  TRUE  TRUE  TRUE  TRUE  TRUE FALSE  TRUE FALSE  TRUE  TRUE  TRUE  TRUE  TRUE  TRUE  TRUE  TRUE  TRUE
[609] FALSE  TRUE  TRUE  TRUE  TRUE  TRUE  TRUE FALSE  TRUE  TRUE  TRUE  TRUE  TRUE  TRUE  TRUE  TRUE  TRUE  TRUE  TRUE
[628]  TRUE  TRUE  TRUE  TRUE  TRUE FALSE  TRUE  TRUE  TRUE  TRUE  TRUE  TRUE  TRUE  TRUE  TRUE  TRUE  TRUE  TRUE  TRUE
[647]  TRUE  TRUE  TRUE  TRUE  TRUE  TRUE  TRUE  TRUE FALSE  TRUE  TRUE FALSE FALSE  TRUE FALSE  TRUE  TRUE  TRUE  TRUE
[666] FALSE  TRUE  TRUE FALSE  TRUE  TRUE  TRUE  TRUE FALSE  TRUE  TRUE  TRUE  TRUE  TRUE  TRUE  TRUE  TRUE  TRUE  TRUE
[685]  TRUE  TRUE  TRUE  TRUE FALSE  TRUE  TRUE  TRUE  TRUE  TRUE  TRUE  TRUE  TRUE  TRUE  TRUE  TRUE FALSE  TRUE  TRUE
[704]  TRUE  TRUE  TRUE  TRUE  TRUE  TRUE  TRUE  TRUE  TRUE  TRUE  TRUE  TRUE  TRUE  TRUE  TRUE  TRUE  TRUE  TRUE  TRUE
[723]  TRUE  TRUE  TRUE

