
Birth-death simulation object with 688 species and 500 extant species

Details for some species:

Extinction times (NA means extant)
[1] 95.37794 39.47364 71.83867 78.01250       NA 53.41585


Speciation times 
[1] 97.97234 97.28145 85.19284 82.57656 71.49967 70.49245


Species parents (NA for initial)
[1] NA  1  2  2  2  2


Species status (extinct or extant)
[1] "extinct" "extinct" "extinct" "extinct" "extant"  "extinct"


For more details on vector y, try sim$y, with y one of
TE TS PAR EXTANT



$TE
  [1] 95.37794287 39.47363890 71.83866858 78.01250413          NA 53.41585037 53.48839834 31.50943470 45.12240480 26.38742596 31.01372198
 [12]          NA          NA  8.18173207 10.51241673  0.58332979          NA          NA          NA          NA          NA 13.07834631
 [23]          NA 59.04983303 37.66443709 49.90928414 24.80574016          NA 17.93472666  6.33273026 14.31786843          NA 34.15569673
 [34] 18.06013249          NA          NA 12.21746352 36.33930359 10.40123735          NA          NA          NA 28.06881473 31.64459590
 [45] 26.80052680          NA 17.57026498  9.41706970          NA  4.35160940  5.27720705          NA 22.26306968          NA          NA
 [56]          NA  3.92894301  5.21284469          NA  4.35808413          NA          NA  8.07392880 10.18707720          NA  0.22700971
 [67] 14.32667516          NA 31.39590183 38.97884078          NA 19.22563393          NA          NA 40.07615327  2.52134909          NA
 [78]          NA          NA  0.08036897          NA          NA          NA          NA          NA          NA          NA 31.04353733
 [89] 12.13294195          NA          NA  4.03330169          NA 18.07841415          NA 28.05188349 15.24652202          NA          NA
[100]          NA  1.45414548          NA          NA          NA 11.43644993          NA 18.63679359          NA          NA  5.24819732
[111]          NA 16.50322977  4.22001500  8.28991916          NA 22.18452508          NA          NA 10.15385281  2.87528324 25.67289632
[122] 14.93079660          NA          NA          NA          NA          NA 10.51444997          NA          NA          NA  0.16187767
[133]          NA          NA          NA          NA          NA          NA 17.40086234          NA          NA          NA          NA
[144]          NA          NA          NA          NA          NA          NA          NA          NA 12.79095502          NA          NA
[155]          NA 15.04825019          NA          NA 10.16087133          NA          NA          NA          NA  7.48850370          NA
[166] 18.19817825 14.71173225  8.03536889 17.13908779 18.19177849          NA          NA 12.82388701 23.33302397          NA 14.61804859
[177]  9.36484756          NA          NA          NA 11.65044560  9.98433187          NA 12.82716024 16.06514163          NA          NA
[188]          NA          NA          NA  5.33744954 18.91792525          NA          NA          NA  1.30829440          NA  7.15716507
[199] 11.62521383  5.54069204 16.49737044 21.10095592          NA          NA          NA  6.81890879          NA 19.02507107          NA
[210]          NA          NA          NA          NA          NA          NA          NA 11.27372832          NA  7.31602687          NA
[221]          NA 26.16659065          NA          NA          NA  7.51921054 11.94105361 10.39149696          NA          NA          NA
[232]  0.70246972  5.21207230          NA          NA          NA          NA          NA          NA          NA          NA 17.65423902
[243]          NA  2.39912408          NA 10.46216660          NA          NA          NA          NA          NA          NA          NA
[254]          NA 11.48322535          NA          NA          NA          NA          NA 10.68819441          NA          NA          NA
[265] 15.88207803          NA          NA          NA          NA          NA  1.80433903  0.89168995          NA          NA          NA
[276]          NA          NA          NA  7.43536178 15.74569709  5.72980809          NA          NA          NA  3.22588244 12.56385734
[287]  0.07602348          NA  7.07964715          NA 15.33591758          NA  1.50122081          NA  4.75080563  0.48011353 16.27907599
[298]          NA          NA          NA 13.51160592          NA 17.15641267          NA          NA  8.52778961          NA          NA
[309]          NA          NA          NA          NA          NA          NA          NA  0.73750512          NA          NA 11.97655151
[320]  4.81439931 15.61507021  4.31272728          NA          NA          NA          NA          NA          NA          NA          NA
[331]  7.86725648          NA          NA          NA  9.12095914 13.98973058  1.59074165  3.04705563          NA          NA          NA
[342]          NA          NA          NA  0.15884167          NA  3.62281259          NA          NA          NA 14.59341633  8.37404885
[353]  8.94157629  6.97678829          NA          NA          NA 10.21591412          NA          NA          NA          NA  8.14727741
[364]          NA  5.76615611          NA          NA          NA          NA          NA          NA          NA  7.62011283          NA
[375]          NA          NA          NA          NA  4.10441448          NA          NA 13.07411046          NA 15.12694272          NA
[386]          NA          NA  2.99027785          NA  2.13789903          NA          NA          NA          NA          NA          NA
[397]          NA 14.89177143  4.57766612          NA          NA  5.77060798  7.82728267          NA          NA          NA          NA
[408]          NA          NA  8.88111763          NA          NA          NA  6.59524742          NA          NA 12.60111164          NA
[419]          NA  5.29726281  6.12354450          NA          NA          NA          NA  3.28298244          NA          NA          NA
[430]  2.26813448          NA          NA          NA          NA          NA          NA          NA          NA          NA          NA
[441]          NA          NA          NA          NA          NA  8.98465010          NA          NA          NA          NA  2.70071233
[452]          NA          NA          NA 12.03678158          NA          NA          NA          NA          NA          NA          NA
[463]          NA          NA  0.60248797          NA          NA          NA          NA          NA          NA          NA          NA
[474]          NA          NA          NA          NA          NA          NA  7.94815789          NA  2.34642073          NA          NA
[485]          NA          NA  2.39565818          NA  7.63268276          NA          NA          NA  0.42064841  1.32466764          NA
[496]  8.09623001          NA          NA          NA          NA          NA          NA          NA          NA  3.06788444          NA
[507]          NA          NA          NA  1.17769049          NA  9.65967737          NA          NA          NA          NA          NA
[518]          NA          NA          NA          NA          NA          NA          NA          NA          NA  4.92142167          NA
[529]          NA          NA          NA          NA          NA          NA          NA          NA          NA          NA          NA
[540]          NA          NA          NA          NA          NA          NA          NA          NA          NA          NA          NA
[551]          NA          NA          NA          NA          NA          NA          NA  0.48965671          NA          NA          NA
[562]  0.17288661          NA          NA          NA          NA          NA          NA          NA          NA          NA          NA
[573]          NA          NA          NA          NA  2.95155807  1.08117484          NA          NA          NA          NA          NA
[584]  0.98051463          NA          NA  4.30273165          NA          NA          NA          NA          NA          NA          NA
[595]          NA          NA          NA          NA          NA          NA          NA          NA          NA  0.25379570          NA
[606]          NA          NA          NA          NA          NA          NA          NA          NA          NA          NA  1.70770564
[617]          NA          NA          NA          NA          NA          NA  0.77699001          NA          NA          NA          NA
[628]          NA          NA          NA          NA          NA          NA          NA          NA          NA          NA          NA
[639]          NA          NA          NA          NA          NA          NA          NA          NA          NA          NA          NA
[650]          NA          NA          NA          NA          NA  1.83641633          NA          NA          NA          NA          NA
[661]          NA          NA          NA          NA  0.87723147          NA          NA          NA          NA          NA          NA
[672]          NA          NA          NA          NA          NA          NA          NA          NA          NA          NA          NA
[683]          NA          NA          NA          NA          NA          NA

$TS
  [1] 9.797234e+01 9.728145e+01 8.519284e+01 8.257656e+01 7.149967e+01 7.049245e+01 6.919184e+01 6.875990e+01 5.649916e+01 5.413478e+01
 [11] 4.537020e+01 3.747913e+01 2.811735e+01 2.786250e+01 2.272239e+01 2.239864e+01 1.306805e+01 1.111633e+01 6.675623e+00 2.982272e+00
 [21] 1.421403e+00 6.628404e+01 6.504268e+01 5.998152e+01 5.902983e+01 5.340045e+01 4.655345e+01 2.971603e+01 2.823493e+01 2.755695e+01
 [31] 2.061690e+01 4.725294e+01 4.134123e+01 3.614677e+01 3.251835e+01 3.622091e+00 5.879265e+01 5.177623e+01 4.440517e+01 4.316302e+01
 [41] 2.801611e+01 2.550111e+01 4.045431e+01 3.499335e+01 3.394509e+01 3.357401e+01 2.888225e+01 4.879850e+01 4.132791e+01 3.959821e+01
 [51] 3.705567e+01 2.893001e+01 2.834575e+01 1.880762e+01 1.570602e+01 1.521031e+01 4.474399e+01 4.052208e+01 3.228993e+01 2.891979e+01
 [61] 1.335710e+01 1.208596e+01 3.944739e+01 3.560368e+01 3.317029e+01 2.152278e+01 1.975065e+01 1.787681e+01 4.327445e+01 4.229109e+01
 [71] 3.777245e+01 2.302760e+01 1.356828e+01 3.259633e+01 4.257013e+01 2.900467e+01 1.421723e+01 1.216348e+01 1.396667e+00 1.185424e+00
 [81] 3.637044e+01 3.176719e+01 3.099921e+01 3.027220e+01 2.809302e+01 2.657949e+01 7.683583e+00 3.798787e+01 2.379470e+01 1.927439e+01
 [91] 3.841643e+01 2.583125e+01 2.284130e+01 1.861618e+01 1.342145e+01 3.760811e+01 2.689490e+01 2.574705e+01 1.996198e+01 6.727860e+00
[101] 5.429376e+00 3.110007e+00 2.956387e+01 3.325866e+01 2.069177e+01 4.626580e+00 3.528183e+01 3.195799e+01 3.076880e+01 2.889719e+01
[111] 1.762260e+01 1.696231e+01 7.307280e+00 3.485508e+01 2.769281e+01 2.633123e+01 1.177181e+01 2.228768e+01 2.208011e+01 1.113919e+01
[121] 2.914545e+01 3.463035e+01 3.411042e+01 1.064395e+01 2.042729e+01 3.264316e+01 2.838601e+01 2.696375e+01 2.449058e+01 1.938922e+01
[131] 1.241620e+01 1.112591e+01 8.677840e+00 3.966394e+00 3.381032e+01 2.166407e+01 1.123454e+01 1.588033e+00 3.116666e+01 1.998143e+01
[141] 1.935596e+01 1.025934e+01 6.177071e-01 2.502330e+01 1.586273e+01 1.457354e+01 5.738390e+00 2.151316e+01 1.824338e+01 1.712013e+01
[151] 3.137056e+01 2.516258e+01 6.486492e+00 5.815467e+00 1.306782e+01 2.712066e+01 1.170548e+01 8.591510e-01 3.036481e+01 1.175536e+01
[161] 9.870536e+00 6.172468e+00 2.983667e+01 2.921799e+01 2.614209e+01 2.303041e+01 1.503710e+01 2.597563e+01 2.820704e+01 2.209707e+01
[171] 8.024375e+00 8.886918e-01 2.910691e+01 2.592934e+01 2.388917e+01 1.789336e+01 1.725310e+01 3.181242e+00 1.418382e+01 8.068989e+00
[181] 1.385688e+01 1.144814e+01 1.805361e+01 1.556920e+01 2.770504e+01 1.903307e+01 1.010712e+01 6.492683e+00 6.269407e+00 3.513759e+00
[191] 2.834430e+01 2.781049e+01 2.208004e+01 1.423801e+01 1.049517e+01 6.915256e+00 2.221302e+01 2.190854e+01 1.880457e+01 7.792350e+00
[201] 2.289051e+01 2.207081e+01 9.344682e+00 1.826784e+00 1.780297e+01 2.458595e+01 1.835550e+01 2.043918e+01 1.492160e+01 7.641574e+00
[211] 6.937796e+00 5.396740e+00 2.282851e+01 2.052879e+01 1.782961e+01 1.560492e+01 1.278776e+01 2.385761e+01 1.221637e+01 1.692808e+00
[221] 1.697018e+01 2.640079e+01 2.153919e+01 9.474430e+00 7.309838e+00 2.415181e+01 1.597058e+01 2.356991e+01 6.115487e+00 2.570546e+00
[231] 2.555537e+01 2.261228e+01 2.038712e+01 1.667649e+01 1.575141e+01 4.876072e+00 4.071214e+00 8.691350e+00 6.742452e+00 1.087324e+01
[241] 1.455382e+01 2.114737e+01 1.115102e+01 4.814085e+00 2.333210e+01 1.450315e+01 2.390133e+01 2.362321e+01 1.510393e+01 1.232684e+01
[251] 1.142668e+01 2.993289e+00 1.612834e+01 2.271728e+01 1.495138e+01 4.870506e+00 4.019968e+00 2.360690e+01 1.775563e+01 9.200244e+00
[261] 1.980356e+01 1.422180e+01 5.056401e+00 2.686240e+00 2.184045e+01 3.452531e+00 2.698353e+00 2.564358e+00 1.907072e+00 2.131015e+01
[271] 2.016495e+01 1.944719e+01 1.943328e+01 1.193558e+01 9.393962e+00 8.482866e+00 7.741135e+00 1.679715e+01 1.683888e+01 1.615602e+01
[281] 9.887317e+00 2.819575e-01 1.120953e+01 1.080131e+01 1.726211e+01 1.757425e+01 1.691247e+01 5.146142e+00 2.135734e+01 2.126987e+01
[291] 1.723969e+01 1.276653e+01 1.244915e+01 2.077825e+01 1.624675e+01 7.157224e+00 1.984740e+01 1.402091e+01 9.361493e+00 8.497090e+00
[301] 2.088263e+01 1.523305e-01 1.951561e+01 2.024348e+00 1.083627e+00 1.849516e+01 1.703189e+01 1.630146e+01 1.422662e+01 1.191261e+01
[311] 1.147689e+01 1.110743e+01 1.853175e+01 1.000876e+01 3.480865e+00 1.130200e+01 1.391501e+01 9.904026e+00 1.882793e+01 1.488293e+01
[321] 1.887215e+01 1.455168e+01 7.893917e+00 3.938656e+00 2.976922e+00 1.826576e+00 1.545437e+01 1.453791e+01 1.144488e+01 1.005320e+01
[331] 1.422243e+01 9.271585e+00 1.197735e+01 5.181687e+00 1.888779e+01 1.709752e+01 2.273209e+00 1.764288e+01 1.428854e+01 1.768660e+01
[341] 1.311792e+01 1.056724e+01 4.897213e+00 1.880209e+01 1.647972e+01 9.356531e+00 6.807263e+00 1.716286e+01 1.484027e+00 8.291201e-01
[351] 1.460736e+01 1.269596e+01 1.001045e+01 7.008903e+00 5.608259e+00 1.773923e+01 1.369570e+01 1.152596e+01 8.793775e+00 3.169392e+00
[361] 1.722744e+01 1.434345e+01 1.569122e+01 1.225695e+00 7.325197e+00 1.648140e-01 2.087776e-01 7.070853e+00 4.092613e+00 1.541160e+01
[371] 8.517546e+00 4.130802e+00 9.472521e+00 1.533517e+01 1.247317e+01 1.223216e+01 4.372349e+00 1.384720e+00 6.209275e+00 3.315987e+00
[381] 1.619127e+01 1.464970e+01 1.427839e+01 1.713305e+01 1.298806e+01 1.006464e+01 6.917749e+00 4.878890e+00 1.533922e+01 9.864022e+00
[391] 1.567300e+01 1.304225e+01 7.138841e+00 1.823388e+00 6.719723e+00 4.783026e-01 1.296540e+01 1.630355e+01 9.393972e+00 4.170236e+00
[401] 1.198542e+01 9.812556e+00 1.029820e+01 1.025737e+01 9.621923e+00 4.714000e+00 9.616959e+00 9.462827e+00 7.657300e+00 9.561035e+00
[411] 7.509654e+00 3.710357e+00 1.455434e+01 1.112701e+01 1.256560e+01 9.402239e+00 1.413365e+01 1.198645e+01 8.914788e+00 7.820324e+00
[421] 6.329243e+00 1.023795e-01 1.376982e+01 5.669713e+00 1.391131e+01 3.443645e+00 1.273162e+01 7.441293e+00 8.247841e+00 7.437856e+00
[431] 7.887214e-01 1.335930e+01 1.193874e+01 1.023981e+01 7.910303e+00 9.590130e+00 9.290147e+00 1.405989e+01 5.681692e-01 6.555330e+00
[441] 5.483032e+00 5.406702e+00 4.868860e+00 1.034932e+01 1.164808e+01 1.290595e+01 8.423227e+00 7.155181e+00 3.597128e+00 1.217508e+01
[451] 1.195219e+01 9.250089e+00 1.638307e+00 5.965636e+00 1.206903e+01 9.433721e+00 9.292732e+00 8.909213e+00 5.217394e+00 1.528885e+00
[461] 1.283145e+01 4.691337e+00 6.073086e+00 2.390205e+00 9.691305e+00 1.105197e+01 1.031366e+01 9.643046e-01 1.131980e+01 6.197830e+00
[471] 1.925755e+00 8.822281e+00 6.422367e+00 5.091410e+00 8.966937e-01 3.605169e+00 6.240355e+00 1.890680e+00 3.328571e+00 1.131579e+01
[481] 4.669800e+00 1.134058e+01 9.706272e+00 4.909488e+00 1.260895e+01 1.124346e+01 7.621164e+00 1.013136e+01 1.176776e+01 2.937642e+00
[491] 1.206683e+01 6.204176e+00 2.762750e+00 5.367982e+00 1.610647e+00 1.101789e+01 9.878459e+00 6.422421e+00 1.224072e+00 1.449822e-01
[501] 1.196450e+01 9.785757e+00 1.119853e+01 3.942932e-01 6.482393e+00 1.018457e+01 6.636312e+00 2.216766e+00 7.002284e+00 1.078965e+01
[511] 5.313831e+00 9.883860e+00 1.019757e+00 6.645064e+00 1.630687e+00 5.905715e+00 3.498664e-01 5.006594e+00 9.472310e+00 9.057948e+00
[521] 1.052454e+01 8.332014e+00 3.203003e+00 9.840852e-01 9.876375e+00 5.073409e+00 5.437019e+00 4.417782e+00 5.746346e-01 8.181149e+00
[531] 7.143555e+00 1.134615e+00 7.038126e+00 1.241247e+00 8.793932e+00 4.455103e+00 2.212527e+00 8.364559e+00 4.423850e+00 9.701235e+00
[541] 9.091263e+00 6.464246e+00 2.380142e+00 4.653696e+00 9.281892e+00 8.585807e+00 7.873449e+00 5.440060e+00 7.641495e+00 8.035857e+00
[551] 9.457074e+00 6.458789e+00 6.032501e+00 8.563036e-01 2.570920e-01 1.522969e-01 4.441948e+00 1.842922e+00 6.085064e+00 2.795212e+00
[561] 2.558345e+00 7.828737e+00 9.051607e+00 8.330297e+00 2.040748e+00 5.945797e+00 5.297567e+00 3.917517e+00 1.868834e+00 4.852856e+00
[571] 5.009575e+00 2.285900e+00 3.051036e+00 1.484046e+00 2.872943e+00 6.899623e-04 5.147130e+00 4.949338e+00 8.469905e-01 5.199955e+00
[581] 3.847791e+00 2.616938e+00 2.746318e+00 7.720767e+00 7.606635e+00 6.930306e+00 4.480947e+00 4.757863e+00 3.960765e+00 4.993838e+00
[591] 6.708582e-01 7.202414e-01 5.479037e+00 3.425831e+00 5.306566e+00 1.227151e-01 4.604155e+00 2.078131e+00 5.241801e-01 1.295735e+00
[601] 2.996035e-01 4.485964e+00 4.633175e+00 3.735620e+00 3.709533e-01 4.319761e-01 2.990312e+00 1.458265e+00 1.910240e+00 4.591286e+00
[611] 3.829393e+00 2.600785e+00 1.616066e+00 4.390503e+00 6.019229e+00 5.378475e+00 9.751738e-01 1.175873e-01 4.352258e+00 5.877234e+00
[621] 2.227819e+00 4.568032e+00 3.265181e+00 5.924319e+00 4.967526e+00 3.887072e+00 2.305606e+00 6.650404e-01 3.752955e-01 5.732242e+00
[631] 4.564481e+00 4.195071e+00 4.898147e+00 1.836349e+00 1.218266e-01 5.313537e+00 4.934205e+00 4.861297e+00 5.584975e-01 4.606720e+00
[641] 3.896229e+00 4.545233e+00 2.838178e+00 2.385060e+00 2.089939e+00 2.117055e+00 2.684250e+00 2.021435e+00 1.518012e+00 7.078077e-01
[651] 2.202183e+00 5.682233e-01 1.934516e+00 5.513066e-01 2.895465e+00 1.548090e+00 1.426285e+00 2.314957e-01 2.339000e+00 3.701426e+00
[661] 2.844943e+00 2.776047e-01 1.181239e+00 2.720412e+00 1.169946e+00 1.016124e+00 6.525580e-01 3.335336e+00 2.596329e+00 9.826455e-01
[671] 9.825457e-01 9.136739e-01 1.662697e+00 1.460275e-01 4.307733e-01 9.909079e-01 1.321779e+00 2.291435e+00 2.905357e-01 9.362668e-01
[681] 1.127052e+00 1.813412e-01 4.265648e-01 8.531788e-02 8.051115e-01 7.155457e-01 2.956410e-01 2.113908e-02

$PAR
  [1]  NA   1   2   2   2   2   2   2   2   5   5   5   5   5   5   5   5   5   5   5   5   6   6   8  22  22  22  22  22  22  22  23  23
 [34]  23  23  23  25  25  25  37  37  37  10  10  10  10  10  38  38  48  48  48  48  48  48  48  32  32  32  32  32  32  11  11  11  57
 [67]  57  57  39  39  39  39  39  69  40  40  40  40  49  49  58  58  58  58  58  58  58  50  50  50  63  63  63  63  63  91  91  91  91
[100]  71  71  71  96  12  12  12  51  51  51  51  51  51  51  81  81  81  81  64  64  64 107  44  44 114 122 123 123 123 123 123 123 123
[133] 123 123  45 135  46  46 104 104 104 104  65 126 126 126 126  74  74  74  35  35  35  35  59 108 108  82 151 151 151 151 139 139 139
[166] 139 109 159  84  84  84  84 163 163 163 163 163  28 103 103 164 164 173 173  76  52  52  52  52  52  60  60  60  60  60  60 110 110
[199] 110 110 127 127 127 127 191  29  29  13  13  13  13  13  85  85  85  85  85  41  41  41  14 185  30  30  30 156 156  86  86  86 116
[232] 168 168  92  98  98  98 231 231  42 152 144 144 144 206 206 129 129 129 129 129 129 226 247 247 247 247 175 175 218 248 258 258 258
[265] 228 245 245 245 245  72 201 201  93  93  93  93  93 213  15  15 254 254 232  16 118 197 197 197 170 170 119 119 119 193 193 193 198
[298] 198 198 198 265 136 223 223 223  66 148 148 148 148 289 289 270 270 270 290 301 294 105  31 214 214 214 214 214 214 125 125 125 125
[331] 233 233 271 271 140  99  99 297 261  67 272 273 130  90  90  90  90 186 186 186 335 319  54  54  54 199 344 344 344 344 306 306 207
[364] 207 149 149 183  68 205 259 356 340 338 111 111 111 111 111 285 285 177 177 177 361 361 361 348 348 150 150 307 307 307 307 221 221
[397] 287 279 279 278 234 234 345 345 345 345 308 308 308 295 381 381 145 145 363 363 391 391 391 391 391 391 184 327 389 389 374 374  56
[430]  56  56 249 249 249 249 209 209 146 146 413 322 322 322 328 246 362 362 339 383 194 194 194 194 309 331 262 262  77  77  77 179 179
[463] 298 298 425 423 357 357  73  73  73  95 432 432 432 341  17  17 392 385 397 461 461 461 292 427 427 485 415 415 450 450  78 491 491
[496] 401 401 401 401 401 333 333 501 501 451 160 160 445 329 251 251 469 469 486 137 283 283 120 414 414  18 312 312 312 496 284 521 195
[529] 195 444 444 444 467 467 403 434 434 488 187 353 314 318 161 390 502 502 540 540 465 405 407 407 407 407 407 407 436 436 551 551 416
[562] 399 346 437 332 260 260 541 541 520 563 563 419 419 458 472 359 359 238 133 133 133 546 276 276 276 522 564 429 171 171 435 584 584
[595]  87 409 210 210 549 411 411 428 296 448 368 533 509 509 211 586 586 387 196 395 507 440 542 542 552 498 492 162 162 229 559 463 463
[628] 463 463 553 615 620 147 355 355 593 527 212 212 494 636 567 334 334 518 625 578 343 236 256 443 588 406 544 603 610 619 619 632 400
[661] 372 369 237 641 581 604 660 476 266 594 380 102 607 325 583 644 659 627 508 653 656 656  79  79 617 172 675 682

$EXTANT
  [1] FALSE FALSE FALSE FALSE  TRUE FALSE FALSE FALSE FALSE FALSE FALSE  TRUE  TRUE FALSE FALSE FALSE  TRUE  TRUE  TRUE  TRUE  TRUE FALSE
 [23]  TRUE FALSE FALSE FALSE FALSE  TRUE FALSE FALSE FALSE  TRUE FALSE FALSE  TRUE  TRUE FALSE FALSE FALSE  TRUE  TRUE  TRUE FALSE FALSE
 [45] FALSE  TRUE FALSE FALSE  TRUE FALSE FALSE  TRUE FALSE  TRUE  TRUE  TRUE FALSE FALSE  TRUE FALSE  TRUE  TRUE FALSE FALSE  TRUE FALSE
 [67] FALSE  TRUE FALSE FALSE  TRUE FALSE  TRUE  TRUE FALSE FALSE  TRUE  TRUE  TRUE FALSE  TRUE  TRUE  TRUE  TRUE  TRUE  TRUE  TRUE FALSE
 [89] FALSE  TRUE  TRUE FALSE  TRUE FALSE  TRUE FALSE FALSE  TRUE  TRUE  TRUE FALSE  TRUE  TRUE  TRUE FALSE  TRUE FALSE  TRUE  TRUE FALSE
[111]  TRUE FALSE FALSE FALSE  TRUE FALSE  TRUE  TRUE FALSE FALSE FALSE FALSE  TRUE  TRUE  TRUE  TRUE  TRUE FALSE  TRUE  TRUE  TRUE FALSE
[133]  TRUE  TRUE  TRUE  TRUE  TRUE  TRUE FALSE  TRUE  TRUE  TRUE  TRUE  TRUE  TRUE  TRUE  TRUE  TRUE  TRUE  TRUE  TRUE FALSE  TRUE  TRUE
[155]  TRUE FALSE  TRUE  TRUE FALSE  TRUE  TRUE  TRUE  TRUE FALSE  TRUE FALSE FALSE FALSE FALSE FALSE  TRUE  TRUE FALSE FALSE  TRUE FALSE
[177] FALSE  TRUE  TRUE  TRUE FALSE FALSE  TRUE FALSE FALSE  TRUE  TRUE  TRUE  TRUE  TRUE FALSE FALSE  TRUE  TRUE  TRUE FALSE  TRUE FALSE
[199] FALSE FALSE FALSE FALSE  TRUE  TRUE  TRUE FALSE  TRUE FALSE  TRUE  TRUE  TRUE  TRUE  TRUE  TRUE  TRUE  TRUE FALSE  TRUE FALSE  TRUE
[221]  TRUE FALSE  TRUE  TRUE  TRUE FALSE FALSE FALSE  TRUE  TRUE  TRUE FALSE FALSE  TRUE  TRUE  TRUE  TRUE  TRUE  TRUE  TRUE  TRUE FALSE
[243]  TRUE FALSE  TRUE FALSE  TRUE  TRUE  TRUE  TRUE  TRUE  TRUE  TRUE  TRUE FALSE  TRUE  TRUE  TRUE  TRUE  TRUE FALSE  TRUE  TRUE  TRUE
[265] FALSE  TRUE  TRUE  TRUE  TRUE  TRUE FALSE FALSE  TRUE  TRUE  TRUE  TRUE  TRUE  TRUE FALSE FALSE FALSE  TRUE  TRUE  TRUE FALSE FALSE
[287] FALSE  TRUE FALSE  TRUE FALSE  TRUE FALSE  TRUE FALSE FALSE FALSE  TRUE  TRUE  TRUE FALSE  TRUE FALSE  TRUE  TRUE FALSE  TRUE  TRUE
[309]  TRUE  TRUE  TRUE  TRUE  TRUE  TRUE  TRUE FALSE  TRUE  TRUE FALSE FALSE FALSE FALSE  TRUE  TRUE  TRUE  TRUE  TRUE  TRUE  TRUE  TRUE
[331] FALSE  TRUE  TRUE  TRUE FALSE FALSE FALSE FALSE  TRUE  TRUE  TRUE  TRUE  TRUE  TRUE FALSE  TRUE FALSE  TRUE  TRUE  TRUE FALSE FALSE
[353] FALSE FALSE  TRUE  TRUE  TRUE FALSE  TRUE  TRUE  TRUE  TRUE FALSE  TRUE FALSE  TRUE  TRUE  TRUE  TRUE  TRUE  TRUE  TRUE FALSE  TRUE
[375]  TRUE  TRUE  TRUE  TRUE FALSE  TRUE  TRUE FALSE  TRUE FALSE  TRUE  TRUE  TRUE FALSE  TRUE FALSE  TRUE  TRUE  TRUE  TRUE  TRUE  TRUE
[397]  TRUE FALSE FALSE  TRUE  TRUE FALSE FALSE  TRUE  TRUE  TRUE  TRUE  TRUE  TRUE FALSE  TRUE  TRUE  TRUE FALSE  TRUE  TRUE FALSE  TRUE
[419]  TRUE FALSE FALSE  TRUE  TRUE  TRUE  TRUE FALSE  TRUE  TRUE  TRUE FALSE  TRUE  TRUE  TRUE  TRUE  TRUE  TRUE  TRUE  TRUE  TRUE  TRUE
[441]  TRUE  TRUE  TRUE  TRUE  TRUE FALSE  TRUE  TRUE  TRUE  TRUE FALSE  TRUE  TRUE  TRUE FALSE  TRUE  TRUE  TRUE  TRUE  TRUE  TRUE  TRUE
[463]  TRUE  TRUE FALSE  TRUE  TRUE  TRUE  TRUE  TRUE  TRUE  TRUE  TRUE  TRUE  TRUE  TRUE  TRUE  TRUE  TRUE FALSE  TRUE FALSE  TRUE  TRUE
[485]  TRUE  TRUE FALSE  TRUE FALSE  TRUE  TRUE  TRUE FALSE FALSE  TRUE FALSE  TRUE  TRUE  TRUE  TRUE  TRUE  TRUE  TRUE  TRUE FALSE  TRUE
[507]  TRUE  TRUE  TRUE FALSE  TRUE FALSE  TRUE  TRUE  TRUE  TRUE  TRUE  TRUE  TRUE  TRUE  TRUE  TRUE  TRUE  TRUE  TRUE  TRUE FALSE  TRUE
[529]  TRUE  TRUE  TRUE  TRUE  TRUE  TRUE  TRUE  TRUE  TRUE  TRUE  TRUE  TRUE  TRUE  TRUE  TRUE  TRUE  TRUE  TRUE  TRUE  TRUE  TRUE  TRUE
[551]  TRUE  TRUE  TRUE  TRUE  TRUE  TRUE  TRUE FALSE  TRUE  TRUE  TRUE FALSE  TRUE  TRUE  TRUE  TRUE  TRUE  TRUE  TRUE  TRUE  TRUE  TRUE
[573]  TRUE  TRUE  TRUE  TRUE FALSE FALSE  TRUE  TRUE  TRUE  TRUE  TRUE FALSE  TRUE  TRUE FALSE  TRUE  TRUE  TRUE  TRUE  TRUE  TRUE  TRUE
[595]  TRUE  TRUE  TRUE  TRUE  TRUE  TRUE  TRUE  TRUE  TRUE FALSE  TRUE  TRUE  TRUE  TRUE  TRUE  TRUE  TRUE  TRUE  TRUE  TRUE  TRUE FALSE
[617]  TRUE  TRUE  TRUE  TRUE  TRUE  TRUE FALSE  TRUE  TRUE  TRUE  TRUE  TRUE  TRUE  TRUE  TRUE  TRUE  TRUE  TRUE  TRUE  TRUE  TRUE  TRUE
[639]  TRUE  TRUE  TRUE  TRUE  TRUE  TRUE  TRUE  TRUE  TRUE  TRUE  TRUE  TRUE  TRUE  TRUE  TRUE  TRUE FALSE  TRUE  TRUE  TRUE  TRUE  TRUE
[661]  TRUE  TRUE  TRUE  TRUE FALSE  TRUE  TRUE  TRUE  TRUE  TRUE  TRUE  TRUE  TRUE  TRUE  TRUE  TRUE  TRUE  TRUE  TRUE  TRUE  TRUE  TRUE
[683]  TRUE  TRUE  TRUE  TRUE  TRUE  TRUE

