
Birth-death simulation object with 706 species and 500 extant species

Details for some species:

Extinction times (NA means extant)
[1] 58.93733 54.86969       NA 53.63333 65.00030 57.38828


Speciation times 
[1] 87.31532 73.48795 73.38221 66.63637 70.12682 59.26593


Species parents (NA for initial)
[1] NA  1  1  1  2  2


Species status (extinct or extant)
[1] "extinct" "extinct" "extant"  "extinct" "extinct" "extinct"


For more details on vector y, try sim$y, with y one of
TE TS PAR EXTANT



$TE
  [1] 58.93732622 54.86969094          NA 53.63332572 65.00029863 57.38827544 42.86868390 21.07620674 45.79950301
 [10] 38.57846038 21.71012801 18.52501035          NA          NA  4.56123227 24.28228110 49.62415031 24.59162581
 [19] 33.86606626 28.72843507 21.86324745 50.19731325          NA          NA 10.11694268 46.25015066 21.58997925
 [28]          NA 33.62513175 26.88135146 34.66625020 22.98132601 40.02275957          NA 16.39762917  7.78344419
 [37]  7.96525155  0.46269453 50.10923589 44.22041501          NA 25.26883775  8.77672020  9.94112764          NA
 [46] 33.56858806          NA 33.54893595          NA 16.42874142          NA  5.98941685          NA          NA
 [55]          NA 39.52770982          NA          NA          NA 15.26816263          NA          NA 23.52089000
 [64]          NA 38.50733263 35.76135270 23.73265963 26.52701063          NA          NA          NA          NA
 [73]  4.32763051          NA          NA          NA  9.41437447 12.79929641          NA 39.97057381 31.97182361
 [82]          NA 19.18012062 11.74263025          NA 39.23568740          NA          NA          NA 39.03878922
 [91] 36.00410411          NA          NA          NA          NA 21.44720806          NA          NA          NA
[100]          NA          NA          NA 12.41106114  7.20386105          NA          NA 14.33669189  9.13570163
[109] 13.47759667 12.49844063          NA  8.26092251          NA          NA  7.09054283          NA          NA
[118]          NA 11.33103953          NA          NA          NA 23.34983551  9.01777942 10.16991021          NA
[127] 12.26339556          NA          NA          NA  9.10444037          NA          NA  5.05274993 12.02208719
[136]          NA          NA          NA 21.09051438          NA          NA          NA          NA          NA
[145]          NA          NA 32.61705379 31.56795139          NA  1.81781848 14.22802688          NA          NA
[154]          NA          NA  0.17754673  5.16279950 32.49750840          NA  3.10891889          NA          NA
[163] 14.93978468          NA          NA          NA          NA          NA  8.16041474          NA          NA
[172]          NA          NA  4.69360112          NA 19.17926532 12.73427679  1.31001147          NA          NA
[181]          NA          NA          NA  3.91922073 12.29923809          NA  9.58875566  9.16576462          NA
[190] 12.37797543          NA          NA          NA          NA 27.83152684  2.47909640  9.55188928          NA
[199]          NA          NA 11.64128525          NA          NA          NA          NA          NA  1.33603736
[208]  6.22415336          NA          NA 17.54995281          NA 21.29893226          NA 23.41883879          NA
[217]          NA  0.02875713          NA          NA          NA          NA          NA          NA          NA
[226]          NA          NA  5.00337472          NA          NA 12.99173155 14.89845632          NA          NA
[235]          NA          NA          NA 15.95509497          NA  4.30468179          NA          NA          NA
[244]          NA  5.80925552          NA          NA          NA          NA          NA          NA  2.07873637
[253]          NA  9.59388476  9.34831435          NA          NA          NA          NA          NA          NA
[262] 17.83935568 12.87197651          NA          NA  3.87485348          NA          NA          NA          NA
[271]          NA  3.57738288  4.79161115          NA          NA          NA  5.27077991          NA 10.11535593
[280]          NA 14.00092809          NA          NA          NA          NA          NA  1.14069079  7.62160080
[289]  7.99123974          NA  8.49948034  8.45224208          NA  9.80668541          NA          NA 16.73942841
[298]          NA          NA          NA 10.01237391          NA          NA          NA  7.06101883          NA
[307]          NA          NA  3.28160047          NA          NA  0.09902691          NA          NA          NA
[316]          NA          NA          NA 10.83987877  2.02302256          NA          NA          NA  6.47783119
[325]          NA          NA          NA  2.18535210          NA          NA          NA  7.76834841 15.50970382
[334]  5.26520898  1.58060779          NA          NA          NA          NA          NA          NA          NA
[343]          NA          NA          NA          NA          NA          NA  1.51297779  8.58428775          NA
[352]          NA  8.27053744          NA  5.75252182          NA  0.51091724          NA          NA          NA
[361]          NA  0.40421440          NA          NA          NA          NA          NA          NA  6.51643706
[370]          NA          NA          NA          NA          NA  4.37976523          NA          NA          NA
[379]          NA  6.73581395          NA          NA          NA          NA          NA          NA  5.65139234
[388]          NA          NA          NA 10.77676656          NA 13.08384173 10.08317445          NA          NA
[397]          NA          NA  1.85417442  6.79407744          NA 11.46750948          NA  3.40680753          NA
[406]          NA          NA          NA          NA          NA          NA          NA          NA          NA
[415]  9.00968446          NA          NA          NA          NA          NA          NA          NA          NA
[424]  6.68711916  0.47077870          NA          NA          NA  3.14116752  5.13943831  9.54555508          NA
[433]          NA          NA  6.07152773  7.31705760  7.92925745          NA  6.89304236          NA          NA
[442]          NA          NA          NA          NA          NA          NA 11.81153153          NA  5.97573321
[451]          NA          NA          NA          NA          NA          NA          NA          NA  2.08567961
[460]          NA  8.04732800  1.15874259          NA          NA          NA          NA          NA          NA
[469]  5.90161740          NA          NA  7.06260138          NA          NA          NA  3.31907373          NA
[478]          NA          NA          NA          NA          NA          NA          NA  2.10420869          NA
[487]  8.21068054  6.16857960  7.86008941  0.10173734          NA          NA          NA          NA          NA
[496]          NA          NA          NA  3.48165946          NA          NA          NA          NA  2.59378809
[505]          NA          NA          NA          NA          NA          NA          NA          NA          NA
[514]          NA  1.75086661          NA          NA  0.37731226  5.48003256          NA          NA          NA
[523]  4.41238202          NA          NA          NA          NA          NA          NA          NA          NA
[532]          NA          NA          NA          NA          NA          NA          NA          NA          NA
[541]          NA          NA          NA          NA          NA          NA          NA          NA          NA
[550]          NA          NA          NA          NA  0.90111169          NA          NA          NA          NA
[559]          NA  3.04126251          NA          NA          NA          NA          NA          NA          NA
[568]  6.73257422          NA          NA          NA          NA          NA          NA          NA          NA
[577]  3.24016844          NA          NA  5.35282761          NA  1.75435987          NA          NA          NA
[586]          NA          NA          NA  3.70374317  1.60732350          NA          NA  6.85783119          NA
[595]  1.89819901          NA          NA          NA          NA  0.18129569  3.89437922          NA          NA
[604]          NA          NA          NA          NA          NA          NA          NA          NA  3.46115255
[613]          NA          NA          NA          NA          NA          NA          NA          NA          NA
[622]          NA          NA          NA          NA          NA          NA          NA          NA          NA
[631]          NA          NA          NA          NA          NA          NA          NA          NA          NA
[640]          NA          NA          NA  2.03416304          NA          NA          NA          NA          NA
[649]          NA          NA          NA          NA          NA          NA          NA          NA  2.32371606
[658]          NA          NA  0.37591577          NA          NA          NA          NA          NA          NA
[667]          NA          NA          NA  3.32245964          NA          NA          NA          NA          NA
[676]          NA          NA  1.65095891  1.90650548          NA          NA          NA          NA          NA
[685]          NA          NA          NA          NA          NA          NA          NA          NA          NA
[694]          NA          NA          NA          NA          NA          NA          NA          NA          NA
[703]          NA          NA          NA  0.16153406

$TS
  [1] 87.31531848 73.48794606 73.38221084 66.63636980 70.12681505 59.26593111 60.66017944 56.19307008 52.31235189
 [10] 46.99798852 33.56671254 21.36690226 19.10939289  8.41196816  5.68247156 63.90989009 61.34650585 61.29329594
 [19] 50.59658540 42.18164014 59.60063639 50.20841927 58.15189240 33.54899544 49.36230241 48.35274357 56.67814327
 [28] 44.57078404 40.23032519 40.01595359 36.96809262 24.09144312 53.73889271 51.08120360 26.93662344 18.09220625
 [37]  8.47012786  3.29054195 52.44728502 51.00112866 43.65573478 42.76782919 24.22803166 42.56365897 39.98841926
 [46] 38.28829197 36.96564344 46.67051283 46.44086510 49.95767271 38.78562464 13.54546622 10.60771626  5.31567777
 [55]  5.00331530 47.32494318 36.25833770 25.82520946 23.81133790 44.04618553 41.62778452 34.30035297 25.44462766
 [64] 40.31207714 40.84229516 36.02696896 32.80890530 30.34576369 22.61889265  9.23397282  7.78615112  3.54055687
 [73] 33.02516600 11.61342475 40.72463317 27.51279559 23.57770475 21.86142373 43.58376450 41.93159233 40.46088408
 [82] 39.53477450 33.39109491 14.06376078  5.90501748 40.90822854 30.90656852 10.49120125  8.13502460 40.34103770
 [91] 38.92093629 33.19095811 25.50857717 40.36347140 34.19796440 34.18050081 24.26040077 13.43714233  4.04216833
[100] 40.40900613 39.34724459 29.01352555 16.55561530 34.47367645 10.34375581 39.44306367 37.65867326 25.04421109
[109] 28.99773484 28.87968328 28.24276137 26.21903371 24.61730682 20.22257746 17.29166384  9.34560625  3.14978186
[118]  2.90184245 36.78624511 36.24849608 34.34833327 30.98415592 30.03315109 16.91141772 27.36589629 17.29652247
[127] 13.43535261  2.30682714 27.89261550 18.57546720 14.99602027 12.53052985 12.52986009 25.74719211 22.97413737
[136] 17.56817476 16.48861810 12.87650141 31.93715682 23.86753732 17.70810457 16.11621918 14.53981750 12.80516494
[145]  6.25629612  0.44809613 35.35358563 34.90860298 33.22474958 26.43262061 31.81677105 31.06055785 19.49452295
[154] 13.94880604 10.97929045  2.40485159 36.06053274 35.10159918 33.62155655 29.14659741 26.73067678 21.13925239
[163] 18.28310222 15.98247544  9.70162558  2.15837061 33.47976864 11.84953860 20.76731061 14.66834381 11.89911241
[172]  8.48961244  5.53021935  5.34539564  0.96033703 30.90314580 17.29013265  5.95869093  4.15304036 13.50172886
[181] 17.81935494  6.38256966  6.12092805 28.18415439 23.44097495 23.41288648 20.25222596 30.58917757 21.54869376
[190] 15.50473299 10.80168922  5.03941035  4.00760187  3.80444168 29.30939518 28.91520997 24.74088696 15.16317556
[199] 28.93826184 25.80812034 29.26455415 25.48249157  9.01269688  8.05672511  5.71424719  3.33115802 24.66864669
[208] 14.51013506 10.77524361  0.02408364 24.01119121 10.76193322 26.89333464 15.33263639 24.55490455 12.22512469
[217]  9.93005949 26.19541887  5.51014879 21.27913285 15.86997347 18.16543477  5.20713416  3.25416391 14.38430645
[226] 24.51079797 20.59556294  6.68329475  5.78611229  1.39266005 26.28202627 25.67612389 18.13287131 10.70136475
[235]  4.40786418  0.02061784 25.75895692 22.62991643 25.00086441 17.18142973 15.92080452 14.65543095 18.43460016
[244] 20.10956804 14.83654893 11.81850736  9.81497785  4.99215242  0.20561389 14.29245492 12.04789114 11.81293479
[253]  6.91702850 25.56459178 21.85693149 20.89970783 19.79944787 25.83239647 13.55432673  2.90996371  0.96820446
[262] 25.25938230 24.44714169  4.49477616 20.47797628 14.81155738 14.71947058  8.37209729  8.29794379  5.84683048
[271] 10.56176454 14.24200307  5.60004228  5.56179178 22.16131003 18.78243096 16.47679389 14.92320675 14.91655091
[280] 14.89150050 19.88973405 14.27007474 18.02770994 16.17946009 15.80177987 15.04753880  9.29927143 22.61316691
[289] 17.40576482 11.84608035 24.14591794 22.03654181 19.36726477 19.38031144 12.73942433 22.07595413 18.23749771
[298]  9.56639896  5.02976566  2.30324324 13.65881346 10.73047182  2.04057450 14.99337181  8.08997408 23.43309627
[307] 10.34827254  2.33256464 18.50714625 15.38894755  1.93281903 20.00280469 14.66128749 17.63182855 16.84623494
[316]  8.72589326  4.48950235  2.30794783 21.91358802 18.23164716 21.92840191 19.68688662  3.22058187 10.94551818
[325] 18.44578904  9.16545017 15.78990890  3.81189973 18.10744286 13.01820685 13.04976527 12.33908121 20.02782502
[334] 10.30645935 13.69471229 10.80141805  9.30267136  0.18316669  0.05725301  6.62912093 18.16110705 10.21349505
[343]  7.96068140  5.54025852  3.49101503 18.48497970 15.39080852 18.93799366 11.91162478 17.98951518 15.50630408
[352]  5.38201145  8.32574076  3.80568732 17.22561002 10.63107245  0.59469392  0.27991712  7.31174971  5.72472774
[361]  3.53530598  5.65907728 14.25092937 15.01627144 12.60583231 10.10110393  9.87403399 15.70054318 12.00253528
[370]  1.21369289  4.06513607  0.96700175 14.06202871  3.29066530  9.58687747  7.11366940  6.97235434  1.96480495
[379] 16.42154728 16.93631357  9.91961506  9.29655710  9.02022069  6.31863531  3.77874546 14.82141401  8.23328388
[388]  7.90855465  0.63638795 17.77630460 11.58098603 15.77143692 14.08058778 11.93470819 17.36686916  5.30468457
[397]  4.85819667  8.52525696  8.13442030 13.08583005  1.38311951 15.13208098 11.08136366 10.44784393  1.23193790
[406]  0.40534534 14.22451115  1.79936608  0.22241132 15.27488414  9.08328539 17.09474359 13.35918635 10.13274354
[415] 10.95962209  4.53507652  8.26738384  9.58531376 15.30127182  2.85893906  2.03962776  1.04140765 14.66439497
[424] 10.04598172  3.25060220  9.43710791  8.52537990  3.72961931  3.22673444 12.75307289  9.77662234  3.55493225
[433]  2.42659810 10.18684507  8.52141079 13.03239106 10.08271351  2.30566812 10.52666285 10.07175229  7.38416473
[442]  4.34148044  3.49624515  6.24522757  2.10403095  1.05511158  5.02270527 14.85646705  3.37622518 14.88455840
[451]  9.53539087  2.05498699 10.65665653  5.86508675  9.35650445  9.63857093 10.60545419  7.55183050  6.98745637
[460]  3.47029012 13.19167612  8.05436523  6.24971935  6.95910879  4.24387786 11.63595841  8.90879537  1.56011372
[469]  7.69766406  2.92879526 10.20442503  8.35206227  8.88692051  3.54648964  2.77024887 12.85478949  7.37851473
[478] 13.14566620 11.44106752 12.04000991 11.75821888  1.56653620 11.86799816  7.08460269  2.89649202  1.35087714
[487] 11.06740398  8.48634208 10.35560076  5.09820813 12.44101765 11.40804796  1.21537395  8.95267186  8.82374283
[496]  5.11279878  9.16025870  4.98576928  3.77808592 11.83332287 11.74011701  5.43461125  4.79592452  5.92557678
[505]  0.65193578  1.95344102  3.01423463 10.67818537  1.45895148  5.26833869  4.74477442  4.25836235  3.60237625
[514] 11.42356061  9.20275803  6.36304127  2.63784841  6.73054989 10.38947689  7.58146773  5.85024471  3.17227963
[523] 10.18112948  9.99671960  9.05362140  8.06045787  2.18194759  0.44829319  5.24935651  4.69397584  4.04380528
[532]  0.04481044  9.32820593  3.28342799  2.95718849  3.94968966  4.31207324  5.74609422  9.49829798  7.92325130
[541]  1.19867524  4.62362854  4.46490671  0.89264625  6.97714262  7.48425894  7.46464439  2.09028939  8.17834013
[550]  3.69761894  2.93228423  2.47482530  8.68503784 10.02122688  7.31546510  7.15653131  1.48511042  1.38380972
[559]  9.30215110  6.76151497  3.37060047  1.77456171  1.70212629  8.77884979  8.75188239  8.74699507  2.04325891
[568]  7.09672733  8.15578684  6.40571829  4.89732954  6.43994770  6.03845812  3.02305269  3.97770698  6.71122452
[577]  3.43637250  0.39299419  4.32125714  7.83217509  3.96422757  5.09372304  0.72073982  0.09980075  7.08562816
[586]  2.23742600  8.55436755  8.72076384  6.17728587  2.42955749  0.34252038  0.10528269  8.28085009  1.48098065
[595]  7.51393406  2.27533276  6.59581971  5.16548298  7.86855388  7.73402681  4.93430226  1.42705050  7.19000419
[604]  5.42043949  1.50778932  6.45480785  7.18434630  6.52443030  2.26911458  6.02068348  1.94081983  7.21364171
[613]  2.57430859  5.60098715  4.35441072  4.57245952  7.03875770  1.95434286  1.00580869  5.55672912  4.82997739
[622]  4.07425946  0.02622527  2.68578351  2.12217769  5.85338269  3.83906162  3.14429212  2.70627913  3.13989510
[631]  4.60827460  4.77119896  5.68262322  3.57857631  0.12266661  0.59181133  0.75997997  2.88985680  3.43107004
[640]  2.99856783  5.32999714  3.90813234  4.09664566  3.22028031  4.67723330  4.46072387  4.65056526  2.07811549
[649]  0.78751465  5.21540228  3.37427675  4.94168884  5.28079649  2.71626976  2.21073939  1.23294804  2.51520910
[658]  0.97983048  1.23128596  3.21109932  0.31901961  3.93565553  0.32538633  1.09194769  4.26342836  2.11641815
[667]  1.08752620  0.46469327  0.90224208  4.20091196  2.96732950  1.28348536  0.32278629  1.38539636  3.64010571
[676]  1.58987087  2.15401156  2.44981417  2.38206129  2.24858028  2.16864646  0.93548190  1.38907962  1.37158288
[685]  0.11088851  3.01441575  1.57664735  2.62245291  1.88678133  1.84272942  1.73773305  1.99641989  1.73617200
[694]  0.41120769  2.34381258  0.72711289  1.40435884  0.23317092  1.68115379  1.31889237  1.49088123  0.96058085
[703]  0.77762215  0.15385272  0.21155261  0.25638402

$PAR
  [1]  NA   1   1   1   2   2   3   3   3   3   3   3   3   3   3   4  16  16  16  16  17  17  18  18   7   7  21  21
 [29]  21  21  21  21  23  23  23  23  23  23  27  27  27  27  27   8   8   8   8  33  33  34  34  34  34  34  34  40
 [57]  19  50  50  25  25  25  25  56  10  48  49  49  49  49  49  49  28  28  60  60  60  60  41  41  41  41  41  41
 [85]  41  79  79  79  79  42  42  44  44  61  61  61  61  61  61  65  75  75  75  81 100  94  94  94  64  64  64  64
[113]  64  64  64  64  64  64  29  29  29  30  30  45  82  82  82  82 106 106 106 106 106 101 101 101 101 101  51  51
[141]  51  51  51  51  51  51 107  47 119 119  57  57  57  57  57  57 120 120 104 104 104 104 104 104 104 121  62  62
[169]  95  95  95  95  95  95  95 159 159 159 159  24 167 167 167  83  83  83  83 149 149 149 149 149 149 149  92  92
[197]  92  92  67  67 151 152 152 122 122 122  87  87  87  87 176 188 201 201 160 160 160 102 102 109 109 199 199 199
[225] 196 110 110 111 111 111 184 184 129 129 129 129  76  76 125 125 125 125  35 161 161 161 161 161 161 150 150 150
[253] 150 231 231 231 231 112 112 218 218 258 258 258  58  58  58  58  58  58 200 237 237 237 232 232 232 232 254 254
[281]  93  93 202 202 202 202 202 108 108 239 197 197 197 207 207 113 113 113 113 113 226 226 226  97  97 140 140 140
[309]  59  59  59  77  77 306 306 306 306 306 186 186 135  69  69 288 275 275 296 296 321 321 319 319 255 255 189 189
[337] 189 220 220 162 256 256 256 256 256 227 265 187 187 114 114 114 244 244 333 322 322 322 153 153 153 293  13 348
[365] 348 348 348 276 276 276 130 130 346 346 325 325 325 325 163 222 341 341 341 341 341 233 233 329 329  36  36 350
[393] 350 350 181 181 181 390 390 141 141 314 314 314 136 136 289 126 126 115 115 355 124 315 137 137 277 379 284 142
[421] 164 164 221 285 285 327 327 327 327 368 368 368 368 351 351 347 310 214 419 419 419 419 419 410 410 410 198 286
[449] 286 131 304 304 278 278 280 450 386 386 386 386 267 170 170 313 313 242 242 242 250 363 272 407 373 373 373 154
[477] 154 335 335 301 259 180  98  98  98  98 461 461 400 476 144 365 365 132 133 133 491 491 491 216 216 216 480 483
[505] 168 500 246 252 481 466 466 466 466  74  74  74  74 479 514 492 403 403 487 415 324 324 336 336 209 209 209 209
[533] 212 212 302 234 356  53 457 457 457 271 271 271 404 307 105 105 334 342 471 434 414 437 424 554 554 217 367 247
[561] 247 247 165 456 298 298 539 455 533 287 287 515 515 515 326 411 411 525 383 494 494 467 467 467 473 473 495 566
[589] 566 566 316 316 588 588 398 172  14 269 387 549 549 462 343 343 540  71 600 600 600 595 547 441 441 555 555 603
[617] 568 585 585 484 484 484 484 459 545 377 464 464 576 340 608 572 570 570 182 145 444 183 573 504  85  85 229 538
[645] 360 205  15 274 219 604 604 352  54 510 223 598 490 490 192 299 248 397 632 511 530 645 645 631 616 543 512 465
[673] 465 179 531 531 193 581 354 354 194 194 428 675 460 639 449 651 323 522 260 654 688 613 590 128 548 421 618 690
[701] 562 486 372 505 668 694

$EXTANT
  [1] FALSE FALSE  TRUE FALSE FALSE FALSE FALSE FALSE FALSE FALSE FALSE FALSE  TRUE  TRUE FALSE FALSE FALSE FALSE FALSE
 [20] FALSE FALSE FALSE  TRUE  TRUE FALSE FALSE FALSE  TRUE FALSE FALSE FALSE FALSE FALSE  TRUE FALSE FALSE FALSE FALSE
 [39] FALSE FALSE  TRUE FALSE FALSE FALSE  TRUE FALSE  TRUE FALSE  TRUE FALSE  TRUE FALSE  TRUE  TRUE  TRUE FALSE  TRUE
 [58]  TRUE  TRUE FALSE  TRUE  TRUE FALSE  TRUE FALSE FALSE FALSE FALSE  TRUE  TRUE  TRUE  TRUE FALSE  TRUE  TRUE  TRUE
 [77] FALSE FALSE  TRUE FALSE FALSE  TRUE FALSE FALSE  TRUE FALSE  TRUE  TRUE  TRUE FALSE FALSE  TRUE  TRUE  TRUE  TRUE
 [96] FALSE  TRUE  TRUE  TRUE  TRUE  TRUE  TRUE FALSE FALSE  TRUE  TRUE FALSE FALSE FALSE FALSE  TRUE FALSE  TRUE  TRUE
[115] FALSE  TRUE  TRUE  TRUE FALSE  TRUE  TRUE  TRUE FALSE FALSE FALSE  TRUE FALSE  TRUE  TRUE  TRUE FALSE  TRUE  TRUE
[134] FALSE FALSE  TRUE  TRUE  TRUE FALSE  TRUE  TRUE  TRUE  TRUE  TRUE  TRUE  TRUE FALSE FALSE  TRUE FALSE FALSE  TRUE
[153]  TRUE  TRUE  TRUE FALSE FALSE FALSE  TRUE FALSE  TRUE  TRUE FALSE  TRUE  TRUE  TRUE  TRUE  TRUE FALSE  TRUE  TRUE
[172]  TRUE  TRUE FALSE  TRUE FALSE FALSE FALSE  TRUE  TRUE  TRUE  TRUE  TRUE FALSE FALSE  TRUE FALSE FALSE  TRUE FALSE
[191]  TRUE  TRUE  TRUE  TRUE FALSE FALSE FALSE  TRUE  TRUE  TRUE FALSE  TRUE  TRUE  TRUE  TRUE  TRUE FALSE FALSE  TRUE
[210]  TRUE FALSE  TRUE FALSE  TRUE FALSE  TRUE  TRUE FALSE  TRUE  TRUE  TRUE  TRUE  TRUE  TRUE  TRUE  TRUE  TRUE FALSE
[229]  TRUE  TRUE FALSE FALSE  TRUE  TRUE  TRUE  TRUE  TRUE FALSE  TRUE FALSE  TRUE  TRUE  TRUE  TRUE FALSE  TRUE  TRUE
[248]  TRUE  TRUE  TRUE  TRUE FALSE  TRUE FALSE FALSE  TRUE  TRUE  TRUE  TRUE  TRUE  TRUE FALSE FALSE  TRUE  TRUE FALSE
[267]  TRUE  TRUE  TRUE  TRUE  TRUE FALSE FALSE  TRUE  TRUE  TRUE FALSE  TRUE FALSE  TRUE FALSE  TRUE  TRUE  TRUE  TRUE
[286]  TRUE FALSE FALSE FALSE  TRUE FALSE FALSE  TRUE FALSE  TRUE  TRUE FALSE  TRUE  TRUE  TRUE FALSE  TRUE  TRUE  TRUE
[305] FALSE  TRUE  TRUE  TRUE FALSE  TRUE  TRUE FALSE  TRUE  TRUE  TRUE  TRUE  TRUE  TRUE FALSE FALSE  TRUE  TRUE  TRUE
[324] FALSE  TRUE  TRUE  TRUE FALSE  TRUE  TRUE  TRUE FALSE FALSE FALSE FALSE  TRUE  TRUE  TRUE  TRUE  TRUE  TRUE  TRUE
[343]  TRUE  TRUE  TRUE  TRUE  TRUE  TRUE FALSE FALSE  TRUE  TRUE FALSE  TRUE FALSE  TRUE FALSE  TRUE  TRUE  TRUE  TRUE
[362] FALSE  TRUE  TRUE  TRUE  TRUE  TRUE  TRUE FALSE  TRUE  TRUE  TRUE  TRUE  TRUE FALSE  TRUE  TRUE  TRUE  TRUE FALSE
[381]  TRUE  TRUE  TRUE  TRUE  TRUE  TRUE FALSE  TRUE  TRUE  TRUE FALSE  TRUE FALSE FALSE  TRUE  TRUE  TRUE  TRUE FALSE
[400] FALSE  TRUE FALSE  TRUE FALSE  TRUE  TRUE  TRUE  TRUE  TRUE  TRUE  TRUE  TRUE  TRUE  TRUE FALSE  TRUE  TRUE  TRUE
[419]  TRUE  TRUE  TRUE  TRUE  TRUE FALSE FALSE  TRUE  TRUE  TRUE FALSE FALSE FALSE  TRUE  TRUE  TRUE FALSE FALSE FALSE
[438]  TRUE FALSE  TRUE  TRUE  TRUE  TRUE  TRUE  TRUE  TRUE  TRUE FALSE  TRUE FALSE  TRUE  TRUE  TRUE  TRUE  TRUE  TRUE
[457]  TRUE  TRUE FALSE  TRUE FALSE FALSE  TRUE  TRUE  TRUE  TRUE  TRUE  TRUE FALSE  TRUE  TRUE FALSE  TRUE  TRUE  TRUE
[476] FALSE  TRUE  TRUE  TRUE  TRUE  TRUE  TRUE  TRUE  TRUE FALSE  TRUE FALSE FALSE FALSE FALSE  TRUE  TRUE  TRUE  TRUE
[495]  TRUE  TRUE  TRUE  TRUE FALSE  TRUE  TRUE  TRUE  TRUE FALSE  TRUE  TRUE  TRUE  TRUE  TRUE  TRUE  TRUE  TRUE  TRUE
[514]  TRUE FALSE  TRUE  TRUE FALSE FALSE  TRUE  TRUE  TRUE FALSE  TRUE  TRUE  TRUE  TRUE  TRUE  TRUE  TRUE  TRUE  TRUE
[533]  TRUE  TRUE  TRUE  TRUE  TRUE  TRUE  TRUE  TRUE  TRUE  TRUE  TRUE  TRUE  TRUE  TRUE  TRUE  TRUE  TRUE  TRUE  TRUE
[552]  TRUE  TRUE FALSE  TRUE  TRUE  TRUE  TRUE  TRUE FALSE  TRUE  TRUE  TRUE  TRUE  TRUE  TRUE  TRUE FALSE  TRUE  TRUE
[571]  TRUE  TRUE  TRUE  TRUE  TRUE  TRUE FALSE  TRUE  TRUE FALSE  TRUE FALSE  TRUE  TRUE  TRUE  TRUE  TRUE  TRUE FALSE
[590] FALSE  TRUE  TRUE FALSE  TRUE FALSE  TRUE  TRUE  TRUE  TRUE FALSE FALSE  TRUE  TRUE  TRUE  TRUE  TRUE  TRUE  TRUE
[609]  TRUE  TRUE  TRUE FALSE  TRUE  TRUE  TRUE  TRUE  TRUE  TRUE  TRUE  TRUE  TRUE  TRUE  TRUE  TRUE  TRUE  TRUE  TRUE
[628]  TRUE  TRUE  TRUE  TRUE  TRUE  TRUE  TRUE  TRUE  TRUE  TRUE  TRUE  TRUE  TRUE  TRUE  TRUE FALSE  TRUE  TRUE  TRUE
[647]  TRUE  TRUE  TRUE  TRUE  TRUE  TRUE  TRUE  TRUE  TRUE  TRUE FALSE  TRUE  TRUE FALSE  TRUE  TRUE  TRUE  TRUE  TRUE
[666]  TRUE  TRUE  TRUE  TRUE FALSE  TRUE  TRUE  TRUE  TRUE  TRUE  TRUE  TRUE FALSE FALSE  TRUE  TRUE  TRUE  TRUE  TRUE
[685]  TRUE  TRUE  TRUE  TRUE  TRUE  TRUE  TRUE  TRUE  TRUE  TRUE  TRUE  TRUE  TRUE  TRUE  TRUE  TRUE  TRUE  TRUE  TRUE
[704]  TRUE  TRUE FALSE

