
Birth-death simulation object with 743 species and 500 extant species

Details for some species:

Extinction times (NA means extant)
[1] 70.70066 62.17322 43.71674 73.00402 48.20314 25.66809


Speciation times 
[1] 89.65296 83.83775 74.52638 74.11474 63.27631 65.81173


Species parents (NA for initial)
[1] NA  1  1  2  2  3


Species status (extinct or extant)
[1] "extinct" "extinct" "extinct" "extinct" "extinct" "extinct"


For more details on vector y, try sim$y, with y one of
TE TS PAR EXTANT



$TE
  [1] 70.70065590 62.17322277 43.71673597 73.00402443 48.20313731 25.66808668 32.48068957 35.21655540          NA          NA          NA
 [12] 40.53378746          NA          NA          NA 47.19655479          NA 39.47660383 24.16237197  9.98704537 44.52519564 49.57412495
 [23] 29.36026401 13.35959312 17.55465836          NA          NA 38.22742718  4.23253324  8.72085456          NA 34.77580524 13.57779123
 [34]          NA 11.90021591 23.95766436          NA          NA          NA 43.56144649 44.56131446 25.99926765          NA 19.18709605
 [45]  0.29213649          NA 38.87832092          NA 18.84358753 23.30984766  3.00122866 17.67660535          NA 30.42453351  1.69695258
 [56]          NA          NA  2.12360240          NA 40.96518876          NA 24.05908748          NA 32.93805066          NA 22.52880803
 [67] 22.60894011 19.00315944          NA  5.27881458  1.56073626          NA 37.48187670  5.59416516 16.51259906  6.40600941          NA
 [78] 14.17159511          NA          NA 30.01609241  0.40430853 26.88349387          NA          NA          NA 42.18160549 34.69626917
 [89] 36.15940551          NA 13.44181236          NA 10.22637320          NA 27.77454020 13.42413027 30.93529379          NA 10.87852330
[100]  2.60797406          NA          NA          NA          NA  4.76237849          NA 13.11734663 24.23539565          NA 11.63673641
[111]  2.61162122          NA  4.83088583          NA 16.25233910          NA          NA          NA          NA 24.13180992 10.23384257
[122]          NA          NA          NA          NA          NA  3.35149258  5.32651144          NA 16.82683138  1.43924078 26.03731208
[133] 19.24858140          NA          NA          NA          NA          NA          NA  7.60507821  2.21713451  0.54762212 23.68580513
[144]          NA  3.25326047 38.36698710          NA 13.59060830 24.75829098 19.79450397          NA          NA 35.75935044          NA
[155]          NA 27.27351254          NA          NA          NA          NA          NA          NA          NA 28.73350940  5.75944327
[166]  6.57377252  1.98762113          NA          NA          NA          NA 23.56020318  4.40272225          NA          NA          NA
[177]          NA          NA          NA          NA 13.12468079  8.19713400  2.67340308          NA  4.38139477          NA          NA
[188] 19.80920015          NA 33.06307321          NA          NA  9.86982815          NA 19.18199104  5.85315023          NA 18.29199507
[199]  8.01593264          NA          NA          NA          NA          NA 23.21239976 15.40019101          NA          NA          NA
[210]          NA          NA  3.59465931  4.70908444          NA          NA 10.21227381          NA          NA          NA          NA
[221] 15.97995130 29.99789333 22.00495401  0.37837154  1.35658312          NA 23.17010935  0.79577070          NA          NA          NA
[232] 16.49951267          NA 25.78840083          NA          NA  4.02761007          NA 12.92431576 15.38041724          NA          NA
[243] 26.99192036          NA          NA          NA          NA          NA          NA          NA 22.85426881          NA 23.10936704
[254] 19.82863623          NA          NA          NA          NA          NA 15.81457354 16.75034469  0.79027521          NA          NA
[265] 17.69841872  5.99572228 23.54943850 16.85689166 10.37743366          NA          NA          NA          NA          NA  8.57165090
[276]  9.26292743  7.98775206          NA          NA          NA  8.63519820          NA 18.48405520          NA          NA          NA
[287] 17.65856339  4.51995161          NA 16.50223921          NA          NA          NA          NA          NA          NA          NA
[298]          NA  7.27724316          NA          NA          NA 14.64634350          NA          NA 14.39742092          NA          NA
[309]  5.86444570          NA          NA          NA          NA          NA          NA          NA  9.37852471  1.60346996  7.23803452
[320]          NA          NA          NA  0.78680149          NA          NA  4.96273488          NA 12.87083333          NA  0.62591681
[331] 18.20402298 15.93286595 12.89607435  1.43855845 19.70088163 12.60289813          NA          NA          NA          NA          NA
[342]          NA 17.13746099          NA          NA  4.95359329  8.98163562          NA  0.88865549 10.52978979 11.71314893  6.06043993
[353]          NA          NA  0.49875491          NA  1.38750961  6.17738359 11.84819676          NA          NA          NA          NA
[364]          NA 15.30445971          NA          NA          NA          NA  6.14442778  5.75289643          NA          NA 11.73788432
[375]          NA          NA  8.84872054          NA          NA          NA          NA          NA  0.43619372  9.74444727  1.35245697
[386]          NA  1.20425918          NA 10.87988583          NA          NA          NA          NA  2.48207068          NA  1.80224816
[397] 11.73673786          NA          NA          NA          NA          NA  4.53629577          NA          NA          NA          NA
[408]          NA          NA          NA          NA  2.75097674          NA  3.09434073          NA 12.82916249          NA  4.84428000
[419]          NA          NA 14.26685299  6.55972331          NA  8.73369153 13.77926398          NA          NA          NA 10.08728437
[430]          NA 10.86788535          NA          NA          NA  1.38119107          NA          NA          NA          NA          NA
[441]          NA          NA  6.14841228          NA          NA          NA          NA          NA  5.76996000  5.21562476          NA
[452]          NA  6.80035988          NA  9.08351626          NA  6.42744813 11.59131107          NA          NA          NA          NA
[463]          NA          NA          NA          NA          NA          NA          NA          NA          NA          NA          NA
[474]          NA  3.82079336  3.06274474          NA          NA          NA          NA  5.54672378          NA  9.80550338          NA
[485]          NA          NA          NA          NA  2.10516128          NA          NA  4.70913658          NA  3.29021342          NA
[496]          NA          NA          NA          NA  7.06606151  2.96625287          NA  3.43835867          NA          NA  4.08847192
[507]  8.20311185  9.27765740          NA          NA          NA          NA  4.43844580          NA          NA          NA  6.11627113
[518]          NA          NA          NA          NA  1.06179073          NA          NA          NA          NA          NA          NA
[529]          NA  1.50559289          NA          NA          NA          NA          NA          NA          NA          NA          NA
[540]          NA          NA  3.50671819          NA          NA          NA          NA          NA          NA          NA          NA
[551]          NA          NA          NA          NA          NA          NA          NA          NA          NA          NA          NA
[562]          NA          NA          NA          NA          NA          NA          NA          NA          NA          NA          NA
[573]          NA          NA          NA          NA  0.07230847          NA          NA          NA          NA          NA          NA
[584]  0.29111470          NA          NA          NA          NA          NA          NA  1.14629401          NA          NA          NA
[595]  6.56354205          NA  5.94216102          NA          NA          NA  4.16470409          NA          NA          NA          NA
[606]          NA  6.54285266          NA          NA          NA          NA          NA          NA          NA  0.39239945          NA
[617]  2.31850569          NA          NA          NA          NA          NA          NA  1.83367113          NA  0.83018847          NA
[628]          NA          NA          NA  0.98795376          NA          NA          NA          NA          NA  0.93232893          NA
[639]          NA  3.27836728          NA  0.05513118          NA          NA          NA          NA          NA          NA  3.44250852
[650]          NA          NA          NA          NA          NA          NA          NA          NA          NA          NA  3.27616917
[661]          NA          NA          NA          NA          NA          NA          NA          NA          NA          NA          NA
[672]          NA          NA          NA          NA          NA          NA          NA          NA          NA          NA          NA
[683]          NA          NA          NA          NA          NA          NA          NA          NA          NA          NA          NA
[694]          NA          NA          NA          NA          NA          NA          NA          NA          NA          NA          NA
[705]          NA  0.01974609          NA          NA          NA          NA          NA          NA          NA          NA          NA
[716]          NA          NA          NA          NA          NA          NA          NA          NA  1.85004110          NA  0.90743969
[727]  1.83920372          NA          NA          NA          NA          NA          NA          NA          NA          NA          NA
[738]          NA          NA          NA          NA          NA          NA

$TS
  [1] 89.652956923 83.837752294 74.526383279 74.114740918 63.276312117 65.811727400 59.277321700 63.258431353 61.182829699 52.898806957
 [11] 52.423847396 46.983364736 42.347389759 33.374712294 61.133265690 53.952637491 49.928052448 60.267905462 55.926332827 25.974094897
 [21] 60.120705603 58.208398163 50.233571256 44.969057800 30.589118583 12.348963434 45.985204223 39.862111476 45.252186146 34.797616471
 [31] 57.735457742 42.634058017 37.689393303 14.181988586 55.548367312 49.248027693 29.547619712 25.561557509 52.665107627 51.568588046
 [41] 44.984755376 43.094523548 33.386830415 28.813123705 11.752855845  1.629667014 48.316428717 33.206876156 29.732791594 26.696214032
 [51] 25.905796064 19.641586363  6.577399991 31.437050763 19.968357708 19.958282199 13.070242537  5.132704773  2.115652423 51.336222155
 [61] 51.226587819 43.211636788 43.102577313 41.490775794 27.318216965 26.322660700 23.666655572 23.375992642 22.390692026 21.249788735
 [71] 48.691176187 43.658835265 39.413396038 37.106388930 36.535013161 34.629497986 30.542515514 16.462004954 11.978379382  5.415682351
 [81] 33.096634815 27.576173078 33.548916746 29.755032463  6.637549001 45.434351441 42.591218063 39.112698450 39.014374946 21.938718630
 [91] 14.204247390  6.666591503 40.176310305 33.617560504 31.084758918 20.478376612 38.895579150 25.686679038 20.491895808 20.267265860
[101] 15.638962953 39.938144643 14.083632917 42.865272732 35.524916769 35.442851732 27.303906788 24.831293972 22.163199397 14.041558473
[111] 13.474509350 41.679807086 29.598967326 39.980640051 33.572380070 14.192131696 11.294728255 11.263163782  5.203146691 33.008256573
[121] 29.757955973 38.760853642 38.126995356 33.282132598 33.233505989 32.050772675 13.007617624 39.624719568 39.130311474 19.750548616
[131]  5.162625049 39.308861112 26.001816876 25.990211610 11.882612016 34.712070048 18.868304350 16.827266518 16.745545076 31.821592817
[141] 18.308786419  5.373605969 24.388703797  8.764955340  8.445273273 39.551149113 37.930614788 36.081043443 31.692608882 27.665376205
[151] 17.310629495 13.545330329 38.076663761 12.928080258  3.747078457 38.277289038 31.098407535 30.830982081 16.151222358 32.881097733
[161] 19.363274483 12.149543923 36.693636103 33.940918956 33.130828260 11.403774682  5.178899506  0.471639733 19.309249568 18.634308839
[171] 19.623966955 29.684231932 27.155345337 14.195523042 10.826099519  9.609426813 27.659003587 20.433045877 17.233970859 29.354109416
[181] 24.822610515 11.031115895 10.549024879  7.256963430  4.629879203  4.406319503 31.268408746 29.938674490 27.408600455 34.626336165
[191] 13.239907188  6.434229471 17.202223665  9.966756148 31.019809127 20.788044225 18.072475920 22.592605732 13.334683331 11.485572604
[201]  6.893976058  3.946464693 13.289985596  5.607930980 30.134634508 15.722813271 14.246525290  7.969218540  6.677714903 31.045728700
[211] 30.808937719 14.671668488 10.970106826 29.884040960 22.378343198 20.740414678 19.492074720 10.890564615  1.102316356  0.163437376
[221] 22.015928232 31.701936540 26.259467290  2.917770386  2.430294701  2.213476799 28.823283835 10.313084572  7.984139183 29.773237244
[231] 29.470653445 18.162280280 27.198767848 27.135674134 23.819890856 17.100845653 15.197014299  9.283725203 27.957910530 25.166834974
[241] 21.419724174 21.310749282 30.301425061 11.381156068 10.638161502 10.294996137  1.359622777  0.393528641  4.493699487  3.403893265
[251] 28.149173519 15.284128700 25.331314730 29.510729481 22.557635905 28.015309989 15.344726628 12.726519302 12.179701709 22.342769044
[261] 17.013001420  9.930577543  3.033869932 24.326710887 23.082965752 15.909378146 29.682150370 24.794794525 23.696063778 28.363310549
[271] 27.011142674 24.007068741 17.211077286 26.635453058 24.179865438 16.033871511 11.080954333 25.790683297 16.424840377 13.900947408
[281]  9.823505758 21.984035775 27.123888004 26.339677421 24.694565256 21.834336143 23.013083072 13.142919003 18.708763569 16.682756505
[291] 16.952766534 24.489268569 23.418792609  5.884079163  1.358841586 11.184024457  3.742196319  3.682217800 11.462731284 12.004586564
[301]  7.658660252  4.660073722 24.085843569 19.693807393  5.997002443 26.353942862 17.010020419 19.377636024 20.657911267 13.208684981
[311] 12.948668617  7.361414040  1.404889928 14.533591895 19.757421820 23.392094234 23.150155740 22.445563190 13.404504071 17.355804222
[321]  9.178197885  4.709680042  2.578875676 21.200241626 19.941902275 16.754235702 12.539690489 13.571181562  8.720871367  1.553694919
[331] 23.735461048 22.847057317 19.405841545 24.135324043 21.037662631 15.743909223 11.325258027  6.867851179  4.178962518  0.800405500
[341]  9.153078763  5.008278522 23.345998289 19.743974075 15.532096490 12.709637155 21.158723868 16.617974193  2.225221456 18.656244380
[351] 16.637097285 20.516786435 18.514961338 21.056207115 18.182147469  9.693281397  5.416134775 15.725828848 15.603260678  2.895390401
[361]  5.799385327  8.571871739  5.502013468  1.355796871 16.270305045  8.833136593  7.672895815  6.820232632 20.747799948 20.639414597
[371] 18.878255667 18.685565860 10.407013744 12.433089189  9.490643737 11.678933061 10.821999821 13.470944005  5.520532538 15.803324903
[381] 12.262402755 10.621164262 15.420966412 11.706401909 15.331362887  7.138761394 13.463318320 11.406732783 20.121093194 17.444855437
[391] 14.941044610 13.926889878  9.038854428  7.421060666  6.296438699  4.630908801 19.971897842 17.299394875 13.811836743 19.650090179
[401] 14.721162352 10.163557358 13.685012690 10.811190067  9.233285307  7.105977328  4.102618234  3.637795217  2.131517924 15.439840660
[411]  8.085557799  7.351339608  6.658886368  7.070436015  5.066405179 17.643451487  3.693881475 16.223298600  4.107686021 12.301453095
[421] 18.118986881 14.765594534 13.061346223 13.614139398 19.210759445 14.974796713  3.499994424 11.593084821 17.533274691  9.192540426
[431] 14.398216916  7.535574167 13.688944889 11.679914621  7.696670251  8.760127664 12.385131072  9.056006561  5.291495037 10.320175960
[441]  1.914299503 15.116749498 14.975071806 12.905989122  7.258591498  2.790238550  7.051858216 14.305289337 13.173420513  9.935012888
[451] 13.212627438  5.318538553 11.716566718  5.558089641 16.343692167 14.560899909 15.098189274 12.398127541 10.680589810 10.183192295
[461] 14.732207698 14.702805463  8.348948141  6.152017089 12.575264034  8.911006801  7.728588471  7.116335851  1.880979405 12.384491103
[471]  4.224086354  0.235696888  9.876018905  5.139410298  8.886693836 11.573771437  8.045363357  6.353480514  8.578960102 13.802309729
[481] 11.266350596  0.290904780 12.453531649 14.727640619  9.129930280 13.348629275  7.667669684  5.856817842  2.634221075  9.319676492
[491] 14.430529017  9.413339731  7.370263689  5.307054777  3.013284995  6.146767910  4.562391804  7.163646132  1.996445002 12.145814230
[501]  7.330829590  4.001548575 11.177304214  5.904680991  9.502857806 13.270475586 13.228350390 12.527860663  4.772947659  9.991752209
[511]  4.115580164 11.115477322 10.949492571 10.619513038  4.954414307  4.880834375  8.015145953 13.285653495 10.523129447  8.690863794
[521]  2.205197264  3.851153891  5.083598332  4.504797283  1.736127561 11.825595694  9.708920729  6.663951508  0.007549671  4.442365242
[531]  8.579303435  3.964261300  9.121632312 12.099723155 11.305986691  7.383656387  9.289625509  0.737248497  0.048598429  5.209169026
[541]  8.646802499  7.519153588  7.564889743 10.061309019  5.634719856  3.987541731  2.534485696  8.060997581  7.754793961  4.896991693
[551] 11.491651444  4.861564904  1.099069991  2.139012426 10.653949241  4.885564880  3.011887199  0.383449374 11.162846485  9.744387289
[561]  8.138265031  9.386139286  4.442463756  7.315837026  5.683808240  2.149599281 10.190110129  4.562164237  7.110529634  1.670549734
[571]  9.543225672  1.133379210  8.904532160  8.481786428 11.002471663  5.518769177  4.866511694  7.184311053  9.591304003  8.735566830
[581]  5.184182598  2.760115064  0.942942893  9.161833900  2.842122156  1.937116040  5.741018611  8.787443547  1.537587568 10.277361593
[591]  4.891242480  3.202364576  6.524558772  0.726840349  8.217231225  5.889425646  7.166830635  9.333975938  9.039253363  1.842846518
[601]  8.461036379  3.165298667  7.336837338  9.166617989  7.993659164  0.323603739  8.824789247  0.416559506  2.752592759  6.270814471
[611]  1.005312235  7.485008635  3.620661120  1.373389559  6.366172648  2.452856509  8.121219753  6.632738338  0.199316238  8.269375747
[621]  2.811783841  8.449050888  6.795633064  5.916993432  8.024117101  7.150775469  2.859789465  1.067898068  8.187545935  4.537644872
[631]  2.514470924  1.500738656  0.163941959  4.122568783  3.802028322  0.857944728  6.786058440  4.009097317  6.846701969  4.113430267
[641]  3.351642685  7.066274407  4.894590439  4.525336816  6.455885507  1.892451136  2.390076477  1.672869466  6.381295057  4.686688528
[651]  4.383279568  7.401405876  6.685609427  5.960033304  3.805338409  0.551675157  6.984961528  4.418478400  6.207451050  4.887428115
[661]  3.881634852  1.151193084  6.066273523  5.190981448  2.417585094  0.805251935  0.272832323  1.919532259  2.920078417  4.017620432
[671]  3.671941646  1.718614563  0.438611531  6.354728264  5.890224967  3.814781309  4.214997737  2.079747536  6.260132425  3.967780675
[681]  1.254231060  0.359948479  2.765615371  2.009343266  0.244689545  2.288381642  1.359342593  5.860325834  5.166021977  0.774329585
[691]  3.231497486  3.197880210  3.641758991  1.429823877  4.621591567  2.392541502  3.586324166  1.975338028  2.189394579  0.686022461
[701]  1.393961347  1.321124182  3.816759016  4.019588975  3.648881725  2.699823383  3.916057162  0.327435320  2.638682939  3.182575180
[711]  1.526088517  0.559438614  1.800843069  2.663835360  3.846807773  3.784643943  2.449535043  1.184739429  3.541176135  2.661202515
[721]  0.418708905  1.829406752  1.296461688  3.572951653  1.627675508  2.975615729  2.467496267  0.002106100  1.779079391  0.806535220
[731]  1.871744793  1.981353462  0.345155300  1.896408386  0.354747216  1.806585483  0.209116356  0.736593654  0.641454043  0.830536793
[741]  0.333258764  0.053302408  0.018619650

$PAR
  [1]  NA   1   1   2   2   3   3   6   6   6   6   6   6   6   5   5   5   9   9   9  15  15  15  15  15  15  18  18   7   7  22  31  31
 [34]  31  19  19  19  19  16  16  10  10  10  10  10  10  39  39  39  39  39  39  39  11  11  11  11  11  11  40  40  61  61  61  61  61
 [67]  61  61  61  61  23  23  23  23  23  23  23  17  17  17  36  36  71  71  71  12  12  27  27  27  27  27  86  86  86  86  29  29  29
[100]  29  29  24  24  72  72  72  72  72  72  72  72  62  62  63  63  63  63  63  63  42  42 104 104 104 104 104 104  32  13  13  13 112
[133] 112 112 112  93  93  93  93 114 114 114 102 102 102 128 128 128 128 128 128 128  73 129 129 122 122 122 122 156 123 123 147 147 147
[166] 147 147 147  33  33  74 163 163 163 163 163 148 105 105 106 106 106 106 106 106 106  30  30 136  76  76  76  94  94 115 115 115  43
[199]  43  43  43  43  14  14 124 124 124 124 124 125 125 125 125  48  48  48  48  48  48  48 165 120 120 160 126 126 140 140 140 187 187
[232] 187 157 157 157 210 210 210 195 195 195 195 158 158 158 158 158 158 211 211  77  77 205 188 188 214 214 214 214 230 230 230 230 121
[265]  84  84 172 267 267 113 113 113 113  37  37  37  37 254 231 231 231 180 227  44  44  44 270 270 256 256 239 177 177 177 177  82  82
[298]  82 189  65  65  65 107 107 233 173 173 283 271 271 271 271 271 274 284 223 223 223 134  20 278 278 278  98  98  98  98  38  38  38
[331] 240 268 268 285 285 285 285 285 285 285 292 292 264 264 264 264 275 334 334 235 235 331 198 255 255 255 318 109 109 109  90 286 286
[364] 242  70  70  70  70 347 347 347 347 347 354 354 196 196 369 369 216 216 216 309 309 370 370 352 352  99  96  96 178 178 178 100 100
[397] 389 389 389 397 397  55  56  56  56  56  56  56  56 325 325 325 325 315 315 130 304 400 400 171 217 333 333 308 161 161 161 169 425
[430] 371 137 289 372 372 170 353 355 355 355 390 390 151 273 273 273 273 236 307 307 307 291 291 138 138 139  78 279 279 159 159 380 380
[463] 380 380 358 358 358 358 101 345 345 345 410 410 383 385 385 385 237 442 426 426 391 422 422 461 484 484 484 462 212 212 212 456 448
[496] 174 174 116 103 392 392 399 480 480 433 403 328 152 152 111 111 387 387 387 387 387 319 199 203 518 518 191 451 451 310 449  57  57
[529]  57 423 127 127 154 444 444 444 258 258 258 346 465 465 327 483 470 470 470 381 381 381 162 162 162 300  79 135 135 135 526  45 434
[562] 428 428 551 551 551 299 388 118 118 296 296 559 559 512 575 575 218 175 404 459 459 459 382 382 514 183 519 440 228 590 590 567 567
[595] 460 194 473 281 281 560 356 176 571 375 598 537 238 238 430 321 321 604 604 604 341 485 533 533 438 599 393 466 466 466 366 607 436
[628] 580 329 541 541 541 479 362 574 629 561 561 548 548 548 605 605 605 229 229 208 467 435 301 301 543 543 543 312 312 603 501 564 578
[661] 386 468 406 447 447 657 657 338 639 653 209  92 413  85  85 618  53  53 192 649 478 478 610 610 679 659 659 624 675 675 596 587 545
[694] 204 379 363 494 439 119 119 689 342 550 577 577 322 695 644 524 249 249 677 546 202 707 522 522 522 703 703 635 671 671 705 602 557
[727] 557 585 621 714 616 717 647 409 684 646 646 725 589 681 730 558 742

$EXTANT
  [1] FALSE FALSE FALSE FALSE FALSE FALSE FALSE FALSE  TRUE  TRUE  TRUE FALSE  TRUE  TRUE  TRUE FALSE  TRUE FALSE FALSE FALSE FALSE FALSE
 [23] FALSE FALSE FALSE  TRUE  TRUE FALSE FALSE FALSE  TRUE FALSE FALSE  TRUE FALSE FALSE  TRUE  TRUE  TRUE FALSE FALSE FALSE  TRUE FALSE
 [45] FALSE  TRUE FALSE  TRUE FALSE FALSE FALSE FALSE  TRUE FALSE FALSE  TRUE  TRUE FALSE  TRUE FALSE  TRUE FALSE  TRUE FALSE  TRUE FALSE
 [67] FALSE FALSE  TRUE FALSE FALSE  TRUE FALSE FALSE FALSE FALSE  TRUE FALSE  TRUE  TRUE FALSE FALSE FALSE  TRUE  TRUE  TRUE FALSE FALSE
 [89] FALSE  TRUE FALSE  TRUE FALSE  TRUE FALSE FALSE FALSE  TRUE FALSE FALSE  TRUE  TRUE  TRUE  TRUE FALSE  TRUE FALSE FALSE  TRUE FALSE
[111] FALSE  TRUE FALSE  TRUE FALSE  TRUE  TRUE  TRUE  TRUE FALSE FALSE  TRUE  TRUE  TRUE  TRUE  TRUE FALSE FALSE  TRUE FALSE FALSE FALSE
[133] FALSE  TRUE  TRUE  TRUE  TRUE  TRUE  TRUE FALSE FALSE FALSE FALSE  TRUE FALSE FALSE  TRUE FALSE FALSE FALSE  TRUE  TRUE FALSE  TRUE
[155]  TRUE FALSE  TRUE  TRUE  TRUE  TRUE  TRUE  TRUE  TRUE FALSE FALSE FALSE FALSE  TRUE  TRUE  TRUE  TRUE FALSE FALSE  TRUE  TRUE  TRUE
[177]  TRUE  TRUE  TRUE  TRUE FALSE FALSE FALSE  TRUE FALSE  TRUE  TRUE FALSE  TRUE FALSE  TRUE  TRUE FALSE  TRUE FALSE FALSE  TRUE FALSE
[199] FALSE  TRUE  TRUE  TRUE  TRUE  TRUE FALSE FALSE  TRUE  TRUE  TRUE  TRUE  TRUE FALSE FALSE  TRUE  TRUE FALSE  TRUE  TRUE  TRUE  TRUE
[221] FALSE FALSE FALSE FALSE FALSE  TRUE FALSE FALSE  TRUE  TRUE  TRUE FALSE  TRUE FALSE  TRUE  TRUE FALSE  TRUE FALSE FALSE  TRUE  TRUE
[243] FALSE  TRUE  TRUE  TRUE  TRUE  TRUE  TRUE  TRUE FALSE  TRUE FALSE FALSE  TRUE  TRUE  TRUE  TRUE  TRUE FALSE FALSE FALSE  TRUE  TRUE
[265] FALSE FALSE FALSE FALSE FALSE  TRUE  TRUE  TRUE  TRUE  TRUE FALSE FALSE FALSE  TRUE  TRUE  TRUE FALSE  TRUE FALSE  TRUE  TRUE  TRUE
[287] FALSE FALSE  TRUE FALSE  TRUE  TRUE  TRUE  TRUE  TRUE  TRUE  TRUE  TRUE FALSE  TRUE  TRUE  TRUE FALSE  TRUE  TRUE FALSE  TRUE  TRUE
[309] FALSE  TRUE  TRUE  TRUE  TRUE  TRUE  TRUE  TRUE FALSE FALSE FALSE  TRUE  TRUE  TRUE FALSE  TRUE  TRUE FALSE  TRUE FALSE  TRUE FALSE
[331] FALSE FALSE FALSE FALSE FALSE FALSE  TRUE  TRUE  TRUE  TRUE  TRUE  TRUE FALSE  TRUE  TRUE FALSE FALSE  TRUE FALSE FALSE FALSE FALSE
[353]  TRUE  TRUE FALSE  TRUE FALSE FALSE FALSE  TRUE  TRUE  TRUE  TRUE  TRUE FALSE  TRUE  TRUE  TRUE  TRUE FALSE FALSE  TRUE  TRUE FALSE
[375]  TRUE  TRUE FALSE  TRUE  TRUE  TRUE  TRUE  TRUE FALSE FALSE FALSE  TRUE FALSE  TRUE FALSE  TRUE  TRUE  TRUE  TRUE FALSE  TRUE FALSE
[397] FALSE  TRUE  TRUE  TRUE  TRUE  TRUE FALSE  TRUE  TRUE  TRUE  TRUE  TRUE  TRUE  TRUE  TRUE FALSE  TRUE FALSE  TRUE FALSE  TRUE FALSE
[419]  TRUE  TRUE FALSE FALSE  TRUE FALSE FALSE  TRUE  TRUE  TRUE FALSE  TRUE FALSE  TRUE  TRUE  TRUE FALSE  TRUE  TRUE  TRUE  TRUE  TRUE
[441]  TRUE  TRUE FALSE  TRUE  TRUE  TRUE  TRUE  TRUE FALSE FALSE  TRUE  TRUE FALSE  TRUE FALSE  TRUE FALSE FALSE  TRUE  TRUE  TRUE  TRUE
[463]  TRUE  TRUE  TRUE  TRUE  TRUE  TRUE  TRUE  TRUE  TRUE  TRUE  TRUE  TRUE FALSE FALSE  TRUE  TRUE  TRUE  TRUE FALSE  TRUE FALSE  TRUE
[485]  TRUE  TRUE  TRUE  TRUE FALSE  TRUE  TRUE FALSE  TRUE FALSE  TRUE  TRUE  TRUE  TRUE  TRUE FALSE FALSE  TRUE FALSE  TRUE  TRUE FALSE
[507] FALSE FALSE  TRUE  TRUE  TRUE  TRUE FALSE  TRUE  TRUE  TRUE FALSE  TRUE  TRUE  TRUE  TRUE FALSE  TRUE  TRUE  TRUE  TRUE  TRUE  TRUE
[529]  TRUE FALSE  TRUE  TRUE  TRUE  TRUE  TRUE  TRUE  TRUE  TRUE  TRUE  TRUE  TRUE FALSE  TRUE  TRUE  TRUE  TRUE  TRUE  TRUE  TRUE  TRUE
[551]  TRUE  TRUE  TRUE  TRUE  TRUE  TRUE  TRUE  TRUE  TRUE  TRUE  TRUE  TRUE  TRUE  TRUE  TRUE  TRUE  TRUE  TRUE  TRUE  TRUE  TRUE  TRUE
[573]  TRUE  TRUE  TRUE  TRUE FALSE  TRUE  TRUE  TRUE  TRUE  TRUE  TRUE FALSE  TRUE  TRUE  TRUE  TRUE  TRUE  TRUE FALSE  TRUE  TRUE  TRUE
[595] FALSE  TRUE FALSE  TRUE  TRUE  TRUE FALSE  TRUE  TRUE  TRUE  TRUE  TRUE FALSE  TRUE  TRUE  TRUE  TRUE  TRUE  TRUE  TRUE FALSE  TRUE
[617] FALSE  TRUE  TRUE  TRUE  TRUE  TRUE  TRUE FALSE  TRUE FALSE  TRUE  TRUE  TRUE  TRUE FALSE  TRUE  TRUE  TRUE  TRUE  TRUE FALSE  TRUE
[639]  TRUE FALSE  TRUE FALSE  TRUE  TRUE  TRUE  TRUE  TRUE  TRUE FALSE  TRUE  TRUE  TRUE  TRUE  TRUE  TRUE  TRUE  TRUE  TRUE  TRUE FALSE
[661]  TRUE  TRUE  TRUE  TRUE  TRUE  TRUE  TRUE  TRUE  TRUE  TRUE  TRUE  TRUE  TRUE  TRUE  TRUE  TRUE  TRUE  TRUE  TRUE  TRUE  TRUE  TRUE
[683]  TRUE  TRUE  TRUE  TRUE  TRUE  TRUE  TRUE  TRUE  TRUE  TRUE  TRUE  TRUE  TRUE  TRUE  TRUE  TRUE  TRUE  TRUE  TRUE  TRUE  TRUE  TRUE
[705]  TRUE FALSE  TRUE  TRUE  TRUE  TRUE  TRUE  TRUE  TRUE  TRUE  TRUE  TRUE  TRUE  TRUE  TRUE  TRUE  TRUE  TRUE  TRUE FALSE  TRUE FALSE
[727] FALSE  TRUE  TRUE  TRUE  TRUE  TRUE  TRUE  TRUE  TRUE  TRUE  TRUE  TRUE  TRUE  TRUE  TRUE  TRUE  TRUE

