
Birth-death simulation object with 751 species and 500 extant species

Details for some species:

Extinction times (NA means extant)
[1] 86.77255 78.08188 80.96457 63.26205 61.31803 59.18024


Speciation times 
[1] 91.29207 87.97798 87.63403 86.88191 86.81686 71.32816


Species parents (NA for initial)
[1] NA  1  2  2  3  4


Species status (extinct or extant)
[1] "extinct" "extinct" "extinct" "extinct" "extinct" "extinct"


For more details on vector y, try sim$y, with y one of
TE TS PAR EXTANT



$TE
  [1] 86.7725452 78.0818791 80.9645688 63.2620549 61.3180337 59.1802449 42.8571611  3.6947163         NA 68.6580980         NA         NA
 [13] 16.6204694         NA         NA         NA 48.5659977 33.8987806 46.7773802  5.4992490 40.9030878 35.4370273 37.7771972 25.9079161
 [25]         NA 39.5024910         NA         NA         NA 60.4128191 50.2771850 42.3390834 47.4776366         NA 41.5566000  8.6273171
 [37]         NA 12.4523026         NA 29.8474393 41.6436351 45.4261692 40.5782266         NA 41.4408148 52.8396112 19.3011659 40.7236073
 [49] 16.4930173 34.9565884 47.8974226 40.6390401 27.8613808  5.1748234         NA 29.4938277         NA         NA  2.3904269  1.9789688
 [61] 26.6133396 25.5029451         NA 38.1199879 40.9729606         NA 46.0139554         NA         NA         NA  4.3761455  0.2753868
 [73]         NA         NA         NA         NA         NA 21.7143344 31.6572292  3.9715947 44.0795536 30.2441286         NA 11.5386225
 [85]         NA         NA         NA  0.5711276         NA 36.6808837         NA         NA         NA  0.4051107         NA         NA
 [97]         NA         NA         NA         NA         NA 31.6176738 38.1558957  5.2773912  4.2206859 14.7656523         NA         NA
[109]         NA  0.6839001         NA  4.2925740  8.4050506         NA  2.3887211 11.1095915  6.3820203         NA 15.1840007  6.5201561
[121]         NA         NA 26.4814083 17.4588896 12.2843544 34.6355666         NA  8.8464466 15.5313615  9.5853672 29.0696979         NA
[133]  5.9244750  9.4555267         NA         NA         NA         NA         NA 13.7023951         NA         NA         NA         NA
[145]         NA         NA         NA         NA         NA         NA 24.0448898         NA 10.1071881 15.5099570         NA 25.5706391
[157] 10.0619088         NA 23.4267379         NA 10.5206267 22.2452361         NA         NA 26.6445803         NA         NA         NA
[169] 31.4832336 32.5378564 25.8381870         NA  3.3723395 29.9448944         NA         NA         NA         NA         NA 24.4568630
[181]         NA 17.3645929         NA         NA         NA         NA 18.1839953 27.7781911 17.5087321         NA  1.7325783  0.2806489
[193] 14.3660904         NA         NA 11.8326402         NA         NA         NA 14.6312245         NA 29.9476804 16.6312654  3.9453866
[205]         NA         NA         NA 19.9332767  8.9405530         NA         NA  8.7140395  7.2115420         NA 14.9745505         NA
[217]         NA 20.1668546 23.1726173 11.1054582  9.1392423  8.3940183         NA  8.1643557         NA 16.8013773 11.3322425 24.5603024
[229]  0.3416842         NA 19.9267945  3.4305118         NA         NA         NA         NA 18.5064267         NA         NA 17.7453119
[241]         NA 11.7919199 11.1819001         NA         NA         NA 27.6908573         NA         NA  1.8233304  3.5666556         NA
[253]         NA         NA 21.9127837  5.4771684 27.8826710         NA         NA  6.7303977         NA         NA 11.7907130         NA
[265]         NA         NA  3.4101797         NA 14.0415108         NA         NA         NA  9.1765424         NA         NA  7.1067708
[277]         NA         NA         NA         NA         NA         NA         NA         NA  6.5074684 12.3368671         NA  4.9547063
[289]         NA         NA 10.0333849         NA         NA 13.0500553 16.8418391         NA         NA         NA         NA  3.3383244
[301]         NA         NA  9.3658010         NA 10.6591693  3.1141231 10.5152596         NA         NA         NA         NA         NA
[313]         NA         NA         NA         NA         NA         NA  6.6501004         NA         NA         NA 14.1401149         NA
[325]         NA 10.8186343         NA         NA         NA         NA         NA         NA  3.2314249         NA  5.6156218  3.5391011
[337]         NA  3.7340391         NA  2.4520401 11.1479291         NA  3.5830465         NA         NA  4.7915907         NA  9.0900962
[349]  8.7030093         NA         NA         NA         NA         NA 10.6180912         NA  7.7621023         NA         NA  1.0923546
[361]         NA 20.0965891  8.2777812         NA         NA 12.3609787         NA         NA         NA         NA         NA         NA
[373]         NA         NA  2.4432341         NA         NA         NA         NA  1.7309325  1.7096039         NA         NA         NA
[385]         NA  1.1064892  5.1405905  3.3452972         NA         NA         NA         NA         NA         NA         NA         NA
[397]  7.3673378         NA         NA         NA 13.4695493 15.9788516         NA  9.0888326  4.0977831         NA         NA         NA
[409]         NA 15.2272327         NA         NA  9.2820630         NA         NA  4.6837961 14.3379060         NA  8.7754024         NA
[421]         NA         NA  8.3059777         NA         NA  5.9108617         NA         NA         NA  2.0478569         NA         NA
[433]  9.0649033  5.7483291         NA         NA  0.8591269         NA  0.8933912 13.9443829         NA         NA  0.2783767  7.3023967
[445]         NA         NA         NA         NA  3.1371131         NA         NA         NA         NA 12.9970955         NA         NA
[457]         NA         NA  1.1663088         NA         NA         NA         NA  1.8732559         NA         NA         NA         NA
[469]         NA         NA         NA         NA  2.5858830         NA         NA  4.2094396  3.9591464         NA  7.3760251         NA
[481]         NA  4.9753804  4.7348029  0.8635748         NA  2.1148156         NA  4.3558328         NA         NA  8.2421406         NA
[493]         NA         NA         NA         NA         NA  3.8830130  0.4677491  2.4781097         NA         NA         NA         NA
[505]         NA         NA         NA         NA         NA         NA  0.3926630  1.3200056         NA         NA         NA  5.7287553
[517]         NA         NA         NA         NA         NA         NA         NA  2.9683962         NA         NA         NA         NA
[529]         NA  6.7802860         NA         NA  0.9111486         NA         NA         NA         NA         NA         NA         NA
[541]         NA         NA  2.0865114 10.1414108  3.7503467         NA         NA         NA         NA         NA         NA         NA
[553]         NA         NA         NA         NA         NA         NA         NA         NA         NA  4.3006417         NA         NA
[565]         NA  3.8664194  5.1508869         NA  5.3129958         NA         NA         NA         NA         NA         NA         NA
[577]         NA  0.5956937         NA         NA         NA         NA         NA  4.1366146         NA         NA         NA         NA
[589]  5.4611263         NA         NA         NA         NA         NA         NA         NA         NA  7.9252945  3.5885975         NA
[601]         NA         NA         NA         NA         NA  1.3684524         NA         NA  6.5409891  3.5342559         NA         NA
[613]         NA         NA         NA         NA  0.9794982         NA         NA         NA  7.3542233         NA         NA         NA
[625]         NA         NA  3.0597959         NA         NA         NA  3.4951940         NA         NA         NA         NA  2.0281309
[637]  0.3214627         NA         NA         NA         NA         NA         NA  5.1641262         NA  4.6663197         NA         NA
[649]         NA         NA         NA         NA         NA         NA         NA         NA  0.4496575         NA         NA         NA
[661]         NA         NA         NA         NA         NA         NA         NA         NA         NA         NA         NA         NA
[673]         NA         NA         NA         NA         NA  0.5926738  1.1273976         NA         NA         NA         NA         NA
[685]         NA         NA  2.6571753         NA         NA         NA         NA         NA         NA         NA  2.2617595         NA
[697]         NA         NA         NA         NA         NA         NA         NA         NA         NA         NA         NA         NA
[709]         NA         NA         NA         NA         NA         NA         NA         NA         NA         NA         NA         NA
[721]         NA         NA         NA         NA         NA         NA         NA         NA         NA  2.6745387         NA         NA
[733]         NA         NA         NA         NA         NA         NA         NA         NA         NA         NA         NA         NA
[745]         NA         NA         NA         NA         NA         NA         NA

$TS
  [1] 91.29207087 87.97798441 87.63402856 86.88191031 86.81685595 71.32816315 70.29835546 63.46071063 77.07914564 70.65768267 65.73155039
 [12] 23.39318659 17.61202157 11.23030328  8.30289772  0.17428776 69.49288639 54.09565584 54.03555141 46.55924241 44.84188046 62.05985496
 [23] 56.71113240 65.20185689 56.26168777 40.05161150 22.13221632 12.91860877  5.63529456 63.88236874 61.23572036 56.64359942 49.03965447
 [34] 39.82949530 54.30345867 44.29711465 41.27051059 14.20189085 11.02805287 54.82826681 52.37979472 51.75244267 47.23253610 45.32602643
 [45] 57.68715950 53.38774244 50.41949274 48.77476584 47.36200103 44.98806544 55.35676449 46.01008808 44.64312561 39.94539903 32.42219595
 [56] 30.22478805 21.64832129  9.10638635 52.91513783 43.94071653 38.80848525 47.74633693 35.30914963 46.10832221 43.43512979 38.94811838
 [67] 46.71296469 21.25996278 47.65312286 45.20174604 44.59958340 45.68953527 10.51449053  3.04620104 40.20007238 46.55821227 44.59713496
 [78] 43.75279329 32.63376149 15.02636165 46.28631172 45.67325689 40.21801925 28.65941854 21.81916634 14.76460278  3.06055177  1.14582507
 [89] 43.22338859 43.54280843 40.71239553 28.28446642 27.97102607 26.54223721  2.92980567  0.81634825 44.12670135 19.56026053 18.22216463
[100] 43.23368300 38.94486112 36.58470728 42.16118546 12.61541331  9.05336594 21.40673296 21.03416906 16.34479054 15.46814158 14.50107770
[111]  8.72171640 30.10673930 28.82092857 41.44056012 34.31062094 30.07667240 15.66694545 10.33008501 23.87673864 19.33043194 10.46117160
[122]  6.24647914 35.12888660 34.54580948 22.42688567 37.10547571 41.64630231 13.94321027 40.30474521 39.73725135 32.16632499 23.56407584
[133] 22.48125588 22.43984095 25.07432981 13.68755562 34.99587365 22.06153551  9.45601524 20.86199539 19.20414911 10.19491952  7.20387258
[144]  5.59030918 34.98583607 30.43270261 28.05767237 22.05328139  9.11290519  8.64680461 39.94716370 24.98737232 19.75623663 17.77802873
[155]  2.36870215 27.87752523 20.53482512 13.31999755 37.56806571 37.56756155 33.81524665 29.02912356 23.84420675 15.24427455 35.47633247
[166] 19.14640715 18.94150379 12.64981358 37.97205537 37.65417701 28.43480187 12.13496935 11.05328794 30.88452600  6.59409398  2.53410047
[177] 17.95661531  5.26486029  4.43410452 35.70219931 34.46809154 32.95655629 31.57792391 25.22002124 13.61389919  5.73799187 32.52289003
[188] 31.56159441 30.96760897 15.82583866  5.51332178 28.55078244 32.54403896 17.36504543  5.55827895 32.71416574 31.63020088  8.82986868
[199]  1.53190090 24.80493932 33.13638203 32.75928979 25.83597191 23.14126704  6.32997290  4.63467202  2.18596726 23.80340484 18.57948464
[210] 12.88885383 10.69582158 23.03541839 16.46526879 30.32668111 26.45205720 26.16714211 19.94676343 29.47072867 31.85662633 31.58063820
[221] 28.15684800 26.30562989 17.79727909 26.01063136  4.42782187 29.11506202 20.33688773 27.57151072 24.68851262 17.25664625 30.51114347
[232] 26.15123660 10.09508539  4.65981578  1.32446127 23.53404783 21.10406809 29.64095304 26.29665867 21.10603942 16.88854095 15.02924874
[243] 13.50788221 19.43224717  3.62908734  1.13317226 28.31309070 24.06538929 23.45876894 28.02210616 19.23429230 21.15759567 28.92587405
[254] 28.77990683 27.81911160 20.07671518 28.57348516 27.04982443 25.97068838 15.79430485 13.16352119 11.31366065 24.69091625 15.59046004
[265] 12.97443993 24.35759991 19.49314498 25.83488068 14.57883096  5.27481379  3.46289534  2.85802841 26.54602733 26.11246883 25.66852909
[276] 19.62147373  1.16235518 12.17677151 12.98617077  8.88332179 17.91066167 11.52089562  3.73277570 12.09202010 24.46244249 14.32046956
[287] 13.19216390  9.15793826  1.18154459 24.15401069 22.87914160 20.91734924 11.14216688 21.88304644 21.19723959 11.98817552 22.34485295
[298]  6.70644570 23.26363385  4.44416461  1.43436642 22.88770126 22.02726077 18.48884692 14.40032870 13.48538710 16.73329492 14.58350271
[309]  7.78554486 21.79109218 16.65830101 14.13969425  1.46782103 21.11988959 16.36891801 15.75784217 19.92021110 17.88159477 10.14195365
[320] 21.85218239 20.50817111  8.10545445 20.61381674  4.77486658  0.64781140 23.44107186  4.29605725 13.79102582  6.91817231  2.68525922
[331] 15.97287578 15.15858432 13.71928340 16.64774147 16.40710614 15.15125028 11.15146165 21.55145200 18.31082750 14.21728391 11.97189408
[342]  3.16982645 15.98753042 14.55042264 12.57265192 13.74573921  6.50148799 14.02473615 12.72490760 19.80456206  4.76188424  3.48790463
[353] 20.05172091 16.78536255 12.82564235  5.13574410 20.64440664  8.50265412  7.62425369 11.19687468 16.90869890 20.36430221 17.10820826
[364] 15.38820727 15.07422150 12.85761117 12.37741531  0.68173493 19.03084302 18.58898464  9.72206344  2.84229189 19.92373665 17.56047759
[375] 19.22100255  7.73975084  0.05192006 16.00028462 19.44783918 15.12208385  3.56987314 12.53923643  2.98385163 14.80871285 15.21641461
[386] 20.26213531 10.26823958  6.50596904  0.97426231 15.51417710 11.83640627  5.11140971 12.03181137  9.24843522  8.26720816  2.56088377
[397] 14.61154813 18.18979870 14.07069498  4.62213737 17.48492015 16.06197096  1.00145535 11.48330585  9.52524553  7.09240010  6.47985886
[408]  3.07852985  5.61048039 16.02178575  8.19843057  2.17762858 13.16649129  8.95411908 15.63231725  5.72435432 18.54075856  5.77200193
[419] 10.06306039  2.80043039  3.24210424  7.71218613  9.98297796  2.70339930 13.76752512 18.26820530  9.66592133  0.85004876 11.77982421
[430]  5.95281942 16.46655357  2.14802296 11.88209801  9.61959095  7.60056625  5.85118470  4.19224688  3.80638759  7.83254886 15.25056245
[441]  4.73802158  2.56583470 16.92427945  7.79645647  3.90822617 12.96848356  6.68438575 11.45641285  6.59931581 15.44710062  2.22813632
[452] 16.03270621  4.69812214 13.16254991  8.78211156  3.42902380  1.72872486  0.42985847 13.43762173  4.44745698  1.75636365  1.66923019
[463] 14.17589730  6.06757893  2.76027027  0.71494403 11.81736834  8.52748931 10.65278612 15.23489622  7.94358817  6.59595305 11.76733331
[474]  8.58306014 13.43278377 12.72052952 11.25083254 15.67162494 12.62419464  8.80034506  6.87535748  5.34055980 12.97128976  9.95272053
[485]  9.16864532  3.32369487 11.50654127  4.36531694 13.45281509  0.74831002 11.91983443 11.17921930  2.83868284  8.36902965 10.85351932
[496]  8.32072213  7.89023860 14.65638389 14.97094463  3.51829540 10.38375060  6.28701167  4.52275526  3.09441165  8.72112893  3.39914263
[507]  2.00781762 12.46642859 13.22417125 10.43094091  5.11459644 10.80447268  7.70402346  0.88608600  3.17425293  6.01848986  4.85776689
[518]  3.58373384 12.43415287 13.81395619 11.00252742  5.53021561  5.17006257  9.18772311  6.86874640  6.57133554  4.96139293  7.24945191
[529]  5.91129399 11.36767808  5.67404061  7.95066053  6.68103892 11.01307351 12.92816031 12.06738916  7.99963593  5.84835527  1.53714515
[540]  7.80784160 10.77028717  6.20754021 10.73901286 11.69962834  7.70658351  8.02490954  7.79292657  4.18430454  0.72861214  9.51844904
[551]  1.87057257 12.07736966  6.86259747  6.09641326  3.73196663  2.79952121  8.38628801  4.74068694  2.17415390  0.70884068  7.81699403
[562]  6.70187507  7.66546044  9.84891672  9.56219296  8.40774432  6.58170909  2.26172637 10.80881186  0.97817309  8.07782186  3.51855864
[573]  2.36317424 11.44050488  7.16110215  5.15930596  3.11818461  5.05288681  0.39024886  0.14926327  5.83181185  9.75671648  9.84325719
[584]  5.28278626  8.53200693  0.92639365  3.98178382  9.53925146  8.97774874 10.39683800  8.48736029  5.33463233  7.69974857  2.03901397
[595]  5.20051748  2.90157625  6.74989986  8.69935932  9.39621293  0.36553691  6.34494335  9.94908879  6.57492590  3.60401727  0.13385037
[606]  3.36066885  2.03902340  1.80043262  6.98853587  7.64871561  6.10878946  5.91064214  4.94820413  3.75271365  1.35554208  8.60966569
[617]  9.34401538  8.60537692  0.98565049  4.57702604  7.65414111  5.38732650  4.40200523  7.02486993  6.86815849  5.98346247  7.43651892
[628]  8.03155489  4.89601406  4.68790686  7.33260184  7.86582126  3.64499797  2.79940361  2.68370617  2.17347905  2.07427591  2.01702331
[639]  2.06698525  5.26141840  4.03070534  1.49193766  6.65595961  5.93667042  0.30811384  6.09536368  1.03936122  7.00997657  7.41837010
[650]  6.92204023  3.64160349  6.77008125  6.96775684  5.61242639  2.93179401  0.10426869  5.72094594  2.66417394  3.98754639  3.28952405
[661]  2.86021676  0.76442972  6.73324178  6.25821820  5.01191207  1.36798860  3.84205898  0.55281475  5.46328370  3.81634732  4.66457459
[672]  4.98192915  5.63496235  1.38992454  1.05951968  0.99143978  4.97032389  4.82302016  2.60253667  5.52518022  3.21911468  1.77205013
[683]  2.73906969  4.96276972  5.27757804  2.71002625  2.95938253  4.62346047  4.01169969  3.98716331  1.85673793  3.22671318  0.06934458
[694]  3.00720306  2.62908093  4.85163352  2.50729469  2.10014150  1.12501713  0.42169282  2.09822062  4.48376658  1.26282063  0.03435370
[705]  0.38404911  0.02027485  1.06545234  0.12029309  0.37168568  4.41041581  0.70080777  1.26253683  3.73495147  3.04591744  1.85590402
[716]  2.17413711  1.92262136  1.83080623  1.05192793  0.82348541  3.30701245  2.63936572  2.09415213  2.51935511  2.80321424  1.09223469
[727]  3.32170547  1.31120966  2.01883085  2.82547714  0.72978024  2.32850744  1.75481054  2.03832474  2.12456624  1.01264846  2.16680992
[738]  1.49945525  0.03163749  2.38738845  1.19982162  0.85783079  0.58385787  1.08769174  2.03612191  1.15602005  1.20953904  0.84341594
[749]  0.21973910  0.74427754  0.27310793

$PAR
  [1]  NA   1   2   2   3   4   4   4   5   5   9   9   9   9   9   9   7   7   7   7   7  17  17  11  11  11  11  11  11  24  24  24  24
 [34]  24   8   8   8   8   8  22  22  22  22  22  31  45  23  23  23  23  32  32  25  25  25  25  25  25  40  40  40  35  18  59  59  59
 [67]  41  47  33  48  62  69  69  69  49  43  43  43  20  20  76  76  76  76  76  76  76  76  64  72  72  72  72  72  72  72  44  70  70
[100]  50  50  53  71  71  71  77  77  77  77  77  77  36  36  97  97  97  97  97  60  60  60  60  78  78  78  90 100 100  89  89  89  89
[133]  89  89 127 127 114 114 114  37  37  37  37  37  91  91  91  91  91  91 129 129 129 129  83  75  75  75 151 151  54  54  54  54  34
[166]  34  34  34 130 130 130 130 130  66  66  66 101 101 101 169 170 170 160 160 160 160 165 165  63  63  63 123 137 137 137 145 145 145
[199] 145 124 181 181 181 181 181 181 181 115 115 115 115 161 161 201 201 182 182 196  79 193 193 193 193 187  55 197 197 220 220 220 183
[232] 183 183 183 183 189 189 231 146 146 146 146 146 214 214 214 112 112 112 116 238 226 162 162 162 253  84  84  84  84  84 192  92 221
[265] 221 250 250  93  93  93  93  93 228 228 258 258  94 239 216 216 232 232 274 224 259 259 259 259 259 203 268 275 275 184 184 184 135
[298] 135 152 152 152 200 263 263 263 263 229 229 229 285 285 266 266 290 290 290 248 248 248 163 163 163 132 132 132 236 249  12  12  12
[331] 299 299 299 204 204 204 204 212 212 212 302 302 291 291 291 133 133 125 125 297 297 297  27  27 138 138 148 148 148 303 294 320 320
[364] 320  85  85  85  85  57  57  57  57 106 295 252 252 252 314 107 107 107 292 292 357 323 157 321 321 321 353 353 353 217 217 217 217
[397] 373 317 317 317 350 350 350 276 276  98  98  98 267 379 379 379 244 244 120 251 375 375 141 141 369 167 370 370 209 339 339 339 426
[430] 426  99 398 177 177 177 177 177 177 281 318 318 318 223 223 223 374 194 230 230 443 443 241 241 354 354 354 354 354 311 311 311 311
[463] 334 334 334 334 431 431 335 315 108 108 452 452 378 378 378 343 343 331 331 331 190 260 260 316 478 415 264 264 109 109 109 450 364
[496] 364 364 470 385 385 380 365 499 499 384 384 384  86 498 498 498 344 344 344 110 340 340 340 463 312 312 399 399 348 520 328 328 425
[529] 425 346 346 333 333 185 306 459 459 459 459 158 509 509 287 413 261 279 265 265 265  28 210 476 168 104 345 345 382 382 382 382 508
[562] 508 172 284 284 552 536 393 296 296 391 391 391 467 467 467 429 473 487 487 448 574 477 477  14  14 360 337 173  39  39  39 534 541
[595] 543 543 211 469  73  73 121 590 590 590 590 501 501 118 387 233 233 484 564 564 583 582 427 427 565 405 617 617 524 288 105 589 455
[628] 505 150 616 474 585 557  15 411 411 322 322 546 532 532 497 561 561 561 540 540 309 422 422 422 610 627 627 649 649 631 648 653 653
[661] 650 329 481 481 525 553 597 597 663 663 643 205 502 664 664 626 529 529 612 436 436 418 144 195 680 622 685 178 640 523 523 576 576
[694] 511 511 392 672 677 527 527 613 517 517 324 630 630 671 671 206 503 710 623 641 689 587 667 667 670 670 670 438 283 555 633 518 572
[727] 271 271 606 486 681 408 408 694 596 596 661 272 465 683 424 451 735 698 639 607 199 199 741 514 742

$EXTANT
  [1] FALSE FALSE FALSE FALSE FALSE FALSE FALSE FALSE  TRUE FALSE  TRUE  TRUE FALSE  TRUE  TRUE  TRUE FALSE FALSE FALSE FALSE FALSE FALSE
 [23] FALSE FALSE  TRUE FALSE  TRUE  TRUE  TRUE FALSE FALSE FALSE FALSE  TRUE FALSE FALSE  TRUE FALSE  TRUE FALSE FALSE FALSE FALSE  TRUE
 [45] FALSE FALSE FALSE FALSE FALSE FALSE FALSE FALSE FALSE FALSE  TRUE FALSE  TRUE  TRUE FALSE FALSE FALSE FALSE  TRUE FALSE FALSE  TRUE
 [67] FALSE  TRUE  TRUE  TRUE FALSE FALSE  TRUE  TRUE  TRUE  TRUE  TRUE FALSE FALSE FALSE FALSE FALSE  TRUE FALSE  TRUE  TRUE  TRUE FALSE
 [89]  TRUE FALSE  TRUE  TRUE  TRUE FALSE  TRUE  TRUE  TRUE  TRUE  TRUE  TRUE  TRUE FALSE FALSE FALSE FALSE FALSE  TRUE  TRUE  TRUE FALSE
[111]  TRUE FALSE FALSE  TRUE FALSE FALSE FALSE  TRUE FALSE FALSE  TRUE  TRUE FALSE FALSE FALSE FALSE  TRUE FALSE FALSE FALSE FALSE  TRUE
[133] FALSE FALSE  TRUE  TRUE  TRUE  TRUE  TRUE FALSE  TRUE  TRUE  TRUE  TRUE  TRUE  TRUE  TRUE  TRUE  TRUE  TRUE FALSE  TRUE FALSE FALSE
[155]  TRUE FALSE FALSE  TRUE FALSE  TRUE FALSE FALSE  TRUE  TRUE FALSE  TRUE  TRUE  TRUE FALSE FALSE FALSE  TRUE FALSE FALSE  TRUE  TRUE
[177]  TRUE  TRUE  TRUE FALSE  TRUE FALSE  TRUE  TRUE  TRUE  TRUE FALSE FALSE FALSE  TRUE FALSE FALSE FALSE  TRUE  TRUE FALSE  TRUE  TRUE
[199]  TRUE FALSE  TRUE FALSE FALSE FALSE  TRUE  TRUE  TRUE FALSE FALSE  TRUE  TRUE FALSE FALSE  TRUE FALSE  TRUE  TRUE FALSE FALSE FALSE
[221] FALSE FALSE  TRUE FALSE  TRUE FALSE FALSE FALSE FALSE  TRUE FALSE FALSE  TRUE  TRUE  TRUE  TRUE FALSE  TRUE  TRUE FALSE  TRUE FALSE
[243] FALSE  TRUE  TRUE  TRUE FALSE  TRUE  TRUE FALSE FALSE  TRUE  TRUE  TRUE FALSE FALSE FALSE  TRUE  TRUE FALSE  TRUE  TRUE FALSE  TRUE
[265]  TRUE  TRUE FALSE  TRUE FALSE  TRUE  TRUE  TRUE FALSE  TRUE  TRUE FALSE  TRUE  TRUE  TRUE  TRUE  TRUE  TRUE  TRUE  TRUE FALSE FALSE
[287]  TRUE FALSE  TRUE  TRUE FALSE  TRUE  TRUE FALSE FALSE  TRUE  TRUE  TRUE  TRUE FALSE  TRUE  TRUE FALSE  TRUE FALSE FALSE FALSE  TRUE
[309]  TRUE  TRUE  TRUE  TRUE  TRUE  TRUE  TRUE  TRUE  TRUE  TRUE FALSE  TRUE  TRUE  TRUE FALSE  TRUE  TRUE FALSE  TRUE  TRUE  TRUE  TRUE
[331]  TRUE  TRUE FALSE  TRUE FALSE FALSE  TRUE FALSE  TRUE FALSE FALSE  TRUE FALSE  TRUE  TRUE FALSE  TRUE FALSE FALSE  TRUE  TRUE  TRUE
[353]  TRUE  TRUE FALSE  TRUE FALSE  TRUE  TRUE FALSE  TRUE FALSE FALSE  TRUE  TRUE FALSE  TRUE  TRUE  TRUE  TRUE  TRUE  TRUE  TRUE  TRUE
[375] FALSE  TRUE  TRUE  TRUE  TRUE FALSE FALSE  TRUE  TRUE  TRUE  TRUE FALSE FALSE FALSE  TRUE  TRUE  TRUE  TRUE  TRUE  TRUE  TRUE  TRUE
[397] FALSE  TRUE  TRUE  TRUE FALSE FALSE  TRUE FALSE FALSE  TRUE  TRUE  TRUE  TRUE FALSE  TRUE  TRUE FALSE  TRUE  TRUE FALSE FALSE  TRUE
[419] FALSE  TRUE  TRUE  TRUE FALSE  TRUE  TRUE FALSE  TRUE  TRUE  TRUE FALSE  TRUE  TRUE FALSE FALSE  TRUE  TRUE FALSE  TRUE FALSE FALSE
[441]  TRUE  TRUE FALSE FALSE  TRUE  TRUE  TRUE  TRUE FALSE  TRUE  TRUE  TRUE  TRUE FALSE  TRUE  TRUE  TRUE  TRUE FALSE  TRUE  TRUE  TRUE
[463]  TRUE FALSE  TRUE  TRUE  TRUE  TRUE  TRUE  TRUE  TRUE  TRUE FALSE  TRUE  TRUE FALSE FALSE  TRUE FALSE  TRUE  TRUE FALSE FALSE FALSE
[485]  TRUE FALSE  TRUE FALSE  TRUE  TRUE FALSE  TRUE  TRUE  TRUE  TRUE  TRUE  TRUE FALSE FALSE FALSE  TRUE  TRUE  TRUE  TRUE  TRUE  TRUE
[507]  TRUE  TRUE  TRUE  TRUE FALSE FALSE  TRUE  TRUE  TRUE FALSE  TRUE  TRUE  TRUE  TRUE  TRUE  TRUE  TRUE FALSE  TRUE  TRUE  TRUE  TRUE
[529]  TRUE FALSE  TRUE  TRUE FALSE  TRUE  TRUE  TRUE  TRUE  TRUE  TRUE  TRUE  TRUE  TRUE FALSE FALSE FALSE  TRUE  TRUE  TRUE  TRUE  TRUE
[551]  TRUE  TRUE  TRUE  TRUE  TRUE  TRUE  TRUE  TRUE  TRUE  TRUE  TRUE FALSE  TRUE  TRUE  TRUE FALSE FALSE  TRUE FALSE  TRUE  TRUE  TRUE
[573]  TRUE  TRUE  TRUE  TRUE  TRUE FALSE  TRUE  TRUE  TRUE  TRUE  TRUE FALSE  TRUE  TRUE  TRUE  TRUE FALSE  TRUE  TRUE  TRUE  TRUE  TRUE
[595]  TRUE  TRUE  TRUE FALSE FALSE  TRUE  TRUE  TRUE  TRUE  TRUE  TRUE FALSE  TRUE  TRUE FALSE FALSE  TRUE  TRUE  TRUE  TRUE  TRUE  TRUE
[617] FALSE  TRUE  TRUE  TRUE FALSE  TRUE  TRUE  TRUE  TRUE  TRUE FALSE  TRUE  TRUE  TRUE FALSE  TRUE  TRUE  TRUE  TRUE FALSE FALSE  TRUE
[639]  TRUE  TRUE  TRUE  TRUE  TRUE FALSE  TRUE FALSE  TRUE  TRUE  TRUE  TRUE  TRUE  TRUE  TRUE  TRUE  TRUE  TRUE FALSE  TRUE  TRUE  TRUE
[661]  TRUE  TRUE  TRUE  TRUE  TRUE  TRUE  TRUE  TRUE  TRUE  TRUE  TRUE  TRUE  TRUE  TRUE  TRUE  TRUE  TRUE FALSE FALSE  TRUE  TRUE  TRUE
[683]  TRUE  TRUE  TRUE  TRUE FALSE  TRUE  TRUE  TRUE  TRUE  TRUE  TRUE  TRUE FALSE  TRUE  TRUE  TRUE  TRUE  TRUE  TRUE  TRUE  TRUE  TRUE
[705]  TRUE  TRUE  TRUE  TRUE  TRUE  TRUE  TRUE  TRUE  TRUE  TRUE  TRUE  TRUE  TRUE  TRUE  TRUE  TRUE  TRUE  TRUE  TRUE  TRUE  TRUE  TRUE
[727]  TRUE  TRUE  TRUE FALSE  TRUE  TRUE  TRUE  TRUE  TRUE  TRUE  TRUE  TRUE  TRUE  TRUE  TRUE  TRUE  TRUE  TRUE  TRUE  TRUE  TRUE  TRUE
[749]  TRUE  TRUE  TRUE

