
Birth-death simulation object with 732 species and 500 extant species

Details for some species:

Extinction times (NA means extant)
[1] 58.83470 20.76858 85.30096 71.16633 10.94640 45.79444


Speciation times 
[1] 92.39867 89.29921 87.15222 76.64859 64.66193 79.60469


Species parents (NA for initial)
[1] NA  1  1  1  1  2


Species status (extinct or extant)
[1] "extinct" "extinct" "extinct" "extinct" "extinct" "extinct"


For more details on vector y, try sim$y, with y one of
TE TS PAR EXTANT



$TE
  [1] 58.8346966 20.7685842 85.3009609 71.1663266 10.9463958 45.7944386 38.1814300 52.1084828  7.4706566  3.5288977
 [11]         NA 33.1314172 29.9170083 30.6231947         NA 59.5615239 39.3233355  0.2167745 18.6494927 64.1635047
 [21] 52.6077086         NA 15.6995882  7.1076392         NA         NA 22.8618976 18.8073920 31.5874932  9.9195150
 [31]  3.3679181 13.6798259  5.4459791         NA         NA 38.3947963 33.7863442 23.2314221  4.4726117         NA
 [41]  8.6762148         NA         NA         NA         NA         NA 34.6066319         NA 33.5715027         NA
 [51] 19.3883488         NA 34.3853373 25.7988731 16.8358173         NA 14.9374854         NA         NA 28.2084551
 [61] 24.0394113         NA  5.7044629 40.0887979 45.4158823 15.4465894  2.8444595         NA 18.0324504         NA
 [71]         NA         NA         NA         NA 45.0508177 27.8678097         NA 31.7348348         NA         NA
 [81]         NA         NA 36.1326192 19.9742261         NA         NA 14.4437021  1.5753989         NA 10.4113325
 [91] 33.4831675         NA         NA 31.5581387 33.1431841  4.0720413 18.5321168         NA         NA 25.1520242
[101]  7.8985487         NA 25.6284169         NA 33.5941969         NA 25.9672109         NA 14.6899264         NA
[111]         NA         NA         NA         NA         NA 14.3016161         NA         NA 28.3282658 20.8528470
[121] 16.8083671         NA  7.8225638 14.0862196  5.7140828         NA         NA         NA         NA         NA
[131]         NA 17.5562731  0.4316491 15.8883319         NA 27.1208952         NA         NA  1.4759242         NA
[141] 22.9585900         NA         NA         NA  4.8030428  7.7559136 24.6711068 29.6224697 14.1386157         NA
[151]         NA  6.8620344         NA         NA         NA 20.2662354         NA  0.5176222         NA  8.7639404
[161] 13.9788467         NA 24.0073892 26.1069527 15.3511403  9.2511880         NA  2.7269064         NA         NA
[171] 24.9057632         NA         NA 15.1941505  7.5203755  4.8487359         NA         NA         NA 16.1274871
[181]         NA         NA         NA         NA  0.9523162 20.1475668         NA 16.7590399 16.9740910         NA
[191]  9.0242304  7.2540642         NA         NA  9.6865267  9.7685795 17.3863574  8.8221617 14.7599335         NA
[201]         NA         NA         NA         NA 21.5184640         NA  3.1030090  9.7836858 18.4067605         NA
[211] 10.2347741         NA         NA  6.4903191         NA         NA         NA         NA 14.6659360         NA
[221]  1.2674497         NA         NA  4.6272094         NA         NA         NA         NA  9.7644629  2.4907286
[231]         NA 14.9137086  2.0554538  6.3138405  4.7115871 19.9572089  9.2779083         NA         NA  1.9340548
[241]         NA         NA  3.4020744  5.0842623 15.9889535 14.0343654         NA         NA         NA         NA
[251]  7.4962666         NA         NA         NA         NA         NA         NA         NA         NA 19.6059644
[261] 13.0409135         NA  2.2470293         NA         NA         NA         NA  1.3566812         NA         NA
[271]         NA 15.2324096 13.3756954         NA         NA 20.2891158 16.0170728         NA         NA         NA
[281]  5.7463558         NA         NA         NA         NA 14.5345676 10.7779877  2.4871238         NA         NA
[291]         NA  6.0219423  8.9832216  7.1916168  1.3684457         NA         NA 17.4759835         NA  7.4389079
[301]         NA         NA  1.4801260  9.0335069         NA         NA 19.1064569         NA         NA         NA
[311] 10.2480737         NA         NA         NA  2.3085721         NA         NA  0.1574249  8.3341688 13.9162516
[321]         NA 19.2395785         NA         NA  1.3326503 14.9799216         NA  4.1696589         NA         NA
[331]  3.2961913         NA         NA         NA         NA         NA         NA  4.0166207         NA         NA
[341]         NA         NA         NA         NA         NA         NA 13.3771998         NA         NA 13.5185949
[351]         NA 10.6517636  9.6247521         NA         NA         NA         NA  0.7663912         NA         NA
[361]         NA         NA 19.5865525         NA         NA         NA 16.6633047  1.3026801         NA         NA
[371]         NA         NA  2.2194897         NA         NA  7.5062988         NA         NA         NA  4.3304674
[381]         NA         NA         NA         NA  0.6978138         NA         NA 11.3772153         NA         NA
[391]         NA         NA         NA         NA         NA         NA         NA         NA         NA         NA
[401]         NA         NA         NA         NA         NA         NA         NA         NA         NA         NA
[411]  2.7995051         NA         NA         NA         NA  6.8047330         NA         NA  4.1670504         NA
[421]         NA         NA         NA         NA         NA         NA         NA         NA 12.6082280         NA
[431]         NA 10.0826948         NA         NA  2.2673131         NA         NA 10.1672072         NA  1.0735352
[441]  0.1579885         NA         NA  4.8027519         NA         NA         NA 10.1195539         NA         NA
[451]         NA         NA         NA         NA         NA         NA         NA         NA         NA         NA
[461]         NA         NA  2.9565782  2.9596450         NA         NA         NA         NA         NA         NA
[471]         NA         NA         NA         NA  1.2354340         NA  2.5732618         NA         NA         NA
[481]         NA         NA         NA         NA         NA         NA         NA         NA         NA         NA
[491]         NA 10.0090497         NA         NA         NA         NA         NA         NA         NA  1.9149547
[501]         NA         NA         NA  7.2995054         NA         NA  3.5782647         NA         NA  7.8653899
[511]  2.2313390         NA         NA         NA         NA         NA         NA  1.8284042         NA         NA
[521]         NA  9.7540630         NA  0.1151876         NA         NA         NA         NA         NA         NA
[531]         NA         NA         NA         NA         NA         NA         NA         NA         NA  2.8313669
[541]         NA         NA         NA         NA  3.0115600         NA         NA  8.4431756         NA         NA
[551]  1.6318077  5.0319961  2.7096169         NA         NA         NA         NA         NA  2.5189915         NA
[561]         NA  2.2511311  8.4188763  1.7332592         NA         NA         NA         NA         NA         NA
[571]         NA  0.1732573         NA         NA  3.8315038  4.1570207         NA         NA         NA         NA
[581]         NA         NA         NA         NA         NA         NA         NA         NA         NA         NA
[591]         NA         NA  0.9259070         NA         NA         NA         NA         NA         NA         NA
[601]         NA         NA         NA         NA         NA         NA         NA         NA         NA         NA
[611]         NA         NA         NA         NA         NA  3.2801114         NA         NA         NA         NA
[621]         NA         NA         NA         NA         NA         NA  4.5814407  3.9985376         NA         NA
[631]         NA         NA         NA         NA         NA         NA         NA         NA         NA  0.7291652
[641]         NA         NA         NA         NA         NA         NA         NA  0.5427539  2.7716062  0.8631049
[651]  2.2669872         NA         NA         NA         NA         NA         NA         NA         NA         NA
[661]         NA         NA         NA         NA  2.3470982         NA         NA         NA         NA         NA
[671]         NA         NA         NA         NA         NA         NA         NA         NA         NA         NA
[681]  3.1140733         NA         NA         NA         NA         NA         NA  0.9018497         NA         NA
[691]         NA         NA  1.1673533  2.1995771         NA         NA         NA         NA         NA         NA
[701]         NA         NA         NA         NA         NA         NA         NA         NA  1.8238365         NA
[711]         NA         NA         NA         NA         NA         NA         NA         NA         NA  1.5246346
[721]         NA         NA         NA         NA         NA         NA         NA         NA         NA         NA
[731]         NA         NA

$TS
  [1] 92.398671329 89.299211388 87.152215311 76.648589591 64.661927874 79.604694725 74.114784270 65.890220239
  [9] 53.756750956 27.780681817 21.574712163 63.289742628 56.326510944 49.493053016 73.782532872 73.695775662
 [17] 58.554013215 54.784253749 50.419013969 67.385662427 64.331236650 53.335482320 24.440241636 22.030289693
 [25]  5.942384724 62.417935665 64.238060368 64.214898770 43.578745573 30.070993472 19.868004229 19.136173217
 [33] 56.772174650 44.929992660 59.484131751 47.140684459 41.829190590 26.153573842 55.473772586 39.046594521
 [41] 38.340134804 37.912513945 45.907055970 17.700452094 12.051577705  0.241640012 59.297726329 53.665790960
 [49] 41.989570216 37.594465333 25.886137225  3.798867976 54.490521985 46.281506054 21.444062591 13.378107578
 [57] 42.916398552 39.958339927 17.600656099 37.060387503 26.613014328 25.413049443 10.268902101 49.346217664
 [65] 50.288906316 49.515346117 30.138027286 24.024538664 21.386571033 15.450392394 12.602551361 43.631915636
 [73] 24.858705475 18.768029026 46.406596862 46.286009723 41.750698351 34.624620490 31.243601237 19.290879850
 [81] 16.018888129  1.499574593 45.017610591 38.806978984 19.875307474 47.581073736 34.324726827 27.798434637
 [89] 17.345872561 47.962519412 43.389027167 33.636361617 33.436573874 46.690236680 46.339704432 34.721789035
 [97] 31.843729905 26.070052649  8.204389517 44.691761565 33.245762038 30.224696479 29.042101146 39.256182845
[105] 33.750481155 32.989486488 28.231936865 20.499208499 44.524676794 40.094952866 26.623156492  4.805826390
[113]  4.554523700 40.142611364 33.989182492 32.917407619 39.522193446 25.435095657 40.342267919 36.809818961
[121] 31.827070035 22.197531611 15.058585113 38.202836949 39.075781495 15.234737953 13.846860114 29.693106642
[129]  3.057839300  1.993362850  5.457314835 18.869274090 18.802936351 17.465156837 17.060650613 30.764325484
[137] 36.286999836 33.557452568  8.483993029  6.740870805 24.166211954 19.342050857  7.425114445  1.826662256
[145] 12.397113422  9.192666009 36.052682750 33.114859206 27.023054478 26.023119339 23.074787101 15.270297053
[153]  3.030914144  2.650060394 37.321740146 24.899291172 22.166158873 33.347656282 21.644640093 22.526246898
[161] 30.496648280 27.702816576 26.341840615 30.795375790 21.350896409 26.145229615 16.545294641  4.284317062
[169]  3.780735174 31.074436889 25.624418491  9.193535196  3.409843119 15.207700573 22.957350026 12.985446771
[177] 29.419711022 21.844318905 20.846984312 19.153303597  9.385067951  8.356572979  6.710993556 28.997791240
[185] 27.407811101 26.949380332 20.978872606 20.674017329 31.214757651 23.379501463 29.727837858  7.759216974
[193]  5.383984097  1.767581645 21.699605953 30.743271746 27.842849901 15.581724838 26.923852881 30.019513094
[201] 29.050172623 13.983406132 11.163679055 30.165929002 25.122932582 17.428178643 28.224729669 23.758861890
[209] 20.512169948 18.846622426 15.906075789  8.951526620  5.336904284 25.069061728 23.630136439  5.148206918
[217] 13.423211448 18.872725046 17.020976576  7.520043566  5.855915086  1.092317160  0.819530432 27.652912910
[225] 15.298685818 22.985460765 21.465906759 13.878869449 12.819468396  8.853053551  5.311281990 20.401703826
[233] 18.840301944 18.355749792 15.556211050 19.999013581 16.728145681  8.103590346 22.372155371 12.161661643
[241] 11.574428050  9.651510707  7.388568714 25.625101340 24.825084137 23.210552951  0.002792608 25.230630534
[249] 25.072381498 15.913375234  9.843041989  4.862069719  9.052601127  3.637516919 23.578226929  0.576041686
[257] 24.649708981 21.480926831  2.869723828 22.316989037 19.012569862 14.507957261 10.160132113  8.888185543
[265]  8.393621149  8.064519183  7.117652863  3.815763931  2.602579690 13.482315281 10.173817852 20.985112693
[273] 20.878574928 14.839606192 14.082529978 24.549090506 19.256836266 21.312208541 16.394521773 16.373343232
[281] 12.877137639  0.592548184 21.097587652 23.941191136 22.648705495 23.593906167 22.531982202 16.555199631
[289]  2.679585959 20.165414374 12.026505559 10.658592033 17.994318147 12.332729448  8.446130387  7.111333350
[297]  4.794371979 20.802163549  0.984823602 22.051739702 21.111546412 16.208188380 14.158356316 11.980897264
[305] 11.303747806 11.867451161 19.977525842 19.808231717 14.786865478 17.578694568 14.329387503  4.163919868
[313] 21.408398391  7.640274058  5.893147572  4.623873535  3.140376933 19.636167980 19.116212489 19.051808953
[321]  1.455873956 19.460447477  0.280126995 12.596529537  8.070716398 19.721860423 13.409194246 21.727889978
[329] 14.406571721 12.783730111  8.762563744  1.113116832 15.739496912  4.914970038  6.199877739  4.410102178
[337]  3.028580999 19.663164688 13.104598277 21.426634414 19.786519470 14.324942842 13.074806137  8.553628335
[345]  1.729627154  3.222678521 16.063443307 10.770058880  3.555469937 17.157021027 17.054986960 16.341040891
[353] 16.156751633 15.180137873  4.986998224 19.379683464 12.766124961 20.290418248 12.456770633 10.004216097
[361] 12.667422026  5.181620412 20.140293565 14.608331872 18.651812770  7.785999910 18.703572624 19.552129207
[369]  7.685052406  4.381455568 19.785208752  4.690068396 19.553316090 19.146169453 11.282642885  7.622230343
[377]  7.480720045  1.562411100  1.224936753 17.836860587  1.625073831  7.920549961 11.413617164  6.693419588
[385] 18.068082723 17.490557675  1.764528920 16.861484199 17.581942758 17.610823974 17.347799181 14.301431053
[393]  6.197726774 14.730865358  9.894594773  6.878965492  1.665296028 18.359798429  9.630598542 14.148807441
[401] 11.829496733  2.325364666 11.028551985  9.350726709 13.652463636 10.124600071  3.267894929  0.206934188
[409]  7.894111716 17.991335437 14.169812586  4.759401327 17.580004693  7.207926797  9.722370950  8.082140178
[417]  7.856360555 11.834440345  6.674399722  2.564670729  0.337860854 15.456166585 14.537292426 13.201473043
[425] 16.463096464 16.256652048  4.843460604  4.074115126 12.868876368 10.888829291  1.270768926 11.742096784
[433]  5.383637854 14.381313605 12.939408419  1.323231410  5.442373593 15.755685812 15.010729120  3.736318153
[441]  3.646298550  1.133431594  0.459708220 14.549161258 10.547715777  7.624947827  6.356068298 13.734463074
[449] 11.017834309 12.779231023  6.828712901 14.857902836 10.805737732 12.621470632 12.355414445 10.494162703
[457]  3.754845841  2.558580187 12.460558891 13.501128653  4.491165128  0.568610631 10.819613538  6.658573380
[465]  5.110262257 14.860832365  9.131639896 12.152714109 14.929427350 12.046134997  9.963873869  9.842383966
[473]  0.581760820 11.032882733  8.636117821  0.354413644  6.473637764 13.768926756  5.249274857  8.193400609
[481]  0.962123684  8.738026731 14.029857130  8.152908036  4.282848775  1.176522121  7.413798727 13.162242315
[489] 13.696966744  6.910653394 13.616827239 11.972033903 12.483920882 11.768467914 11.206890781 12.822743364
[497]  8.429065760  2.606401077  5.773780744  2.609427937  7.715584673  7.455933361  6.872605875  7.406732161
[505]  9.358484523  5.901750156  9.013234455  0.679702810  0.418923475 12.779258786  5.483839790  2.300566708
[513]  3.660682909  3.351145618  8.372987355  6.598939760  6.676986344  5.567687705  9.546109661  0.887515368
[521] 12.228914017  9.980466228  8.613693614  7.422478844  4.279555725  8.267816870  5.385152917 11.933405682
[529]  3.313915668  2.248559500  4.994088847  2.180817496  0.617561485  8.663529261  0.621365934  0.304678046
[537]  9.138612656  4.177868152  8.613504824  6.970618581  3.281087285 12.050105116 10.898287545 10.261050236
[545]  3.941188917 11.425030004  8.323941210 11.301790710 10.410041661 10.377521012  7.593210899 11.405018492
[553] 10.829602333  9.930378777  5.663049623  4.349962066 11.399245060 11.163869447  9.165192155  2.321131408
[561]  1.313711313  2.445683986  9.512361260  8.086111329  6.503838131  3.722839497  2.952546191  9.289061892
[569]  5.814545182  9.028762755  9.123038805  3.506880749  7.306962849  8.678667664  8.550060278  7.330818480
[577]  4.426828201  6.114675682  5.423919878  1.307791554  4.024961234  2.828559021  1.703492065  3.589130906
[585]  8.627314679  7.737097675  7.483412403  4.168948949  0.158600596  9.574849250  4.733105655  0.677059157
[593]  8.238689363  2.107367226  0.594703801  8.312216836  0.284204927  8.106724670  8.131291331  8.800067255
[601]  1.639748109  6.002961949  3.928620934  6.858245939  7.832100561  3.816542367  5.142144637  4.563725577
[609]  6.746796437  5.670090526  5.666805794  5.265568022  6.574351817  0.239393796  6.203323139  5.446435699
[617]  0.480176478  4.561448496  1.247790622  3.262712133  4.215161676  1.554461655  1.207930899  0.702399618
[625]  4.171513745  2.107553375  6.526968975  4.629526248  0.368730801  3.450978492  0.298189261  6.673319459
[633]  6.282360514  2.432008686  0.823811306  6.610571973  2.406180920  6.078792565  0.911808682  0.874950204
[641]  6.976430701  0.836122462  3.235037901  0.762207403  6.329689375  2.478923704  0.085348779  4.912341535
[649]  4.158767703  6.231991139  4.661475961  1.417792832  0.718465305  1.923660395  3.384791374  5.594212083
[657]  3.341911887  0.736050907  6.146324883  2.374348971  3.112037822  4.920383714  3.856287469  2.014355401
[665]  4.172262997  1.455812264  2.213873342  5.138827407  2.269478173  2.576098408  2.532169189  2.036158455
[673]  1.872008250  2.102561873  3.937342627  3.625383620  3.641429705  4.211534962  1.904289705  2.736952013
[681]  3.379305009  2.734519037  0.920359524  4.129644161  4.290568204  3.753937743  3.514930360  2.860915340
[689]  3.166338298  3.221297419  3.731702728  4.120710673  3.601575990  3.651732936  3.221827702  1.180645644
[697]  3.184067443  0.659078932  3.813082484  3.239670753  2.112190149  1.786083358  1.930717131  2.238791162
[705]  2.763690108  1.853031833  1.760963579  3.031618112  2.900124137  0.670958432  3.190730289  3.216860856
[713]  1.384458819  0.074834739  2.438021616  1.320645257  1.399939158  0.748205432  2.366069435  2.505434184
[721]  1.176802952  1.364413131  0.105135386  1.926406281  0.049350107  0.979843512  0.923530042  1.083990874
[729]  0.757873981  0.881049503  0.158304040  0.444518813

$PAR
  [1]  NA   1   1   1   1   2   2   2   2   2   2   6   6   6   7   7   7   7   7  15  15  15  15  15  15  16  20   8   5
 [30]   5   5   5  27  27  28  28  28  28  12  12  12  12  26  26  26  26  35  35  35  35  35  35  47  47  33  33  13  13
 [59]  39  18  18  18  18  53   9   9   9   9   9   9   9  48  48  48  22  22  22  22  22  22  22  22  19  19  19  66  66
 [88]  66  66  64  64  90  90  86  86  86  86  86  86  36  95  76  76  43  43  43  43  43  83  83  34  34  34 100 100 100
[117] 109 109  72  91  57  57  57  49  77  77  77 114 114 114 110  58  58  58  58 117 125 125 125 125  40  40  40  40  41
[146]  41  42  42  42  42  42  42  42  42  50  50  50 120 120 137 147 147  96  87  87  92  92  92  92 138  93  93  93 158
[175] 101 101 106 106 106 106 106 106 106  97  97  97  97  97 121 121  79  79  79  79 189 170 170 170 164 136 196 196 196
[204] 161 161 161 102 102 102 204 204 204 204  67  67 200 191 177 177 177 177 177 177 201 201 207 207 207 207 207 207 197
[233] 197  88  88  10  10  10 162 162 162 162 224 149 111 111 111 163  38 166 166  98 150 150 118 118  62  62  62 248 248
[262] 248 248 248 249 249 249 249 249 214 214 156 156  73  73 245 245 257 257 257 257 257 276  23  23 141  68  68  68 284
[291] 284 284 208 215 215 215 215 286 255 190 190 246 246 151 151 226 175 175 175 285 285 285 160 239 239 239 239 260 122
[320] 122 122 157 157 300 300  24  24 178 178 178 178 178 159 159  11  11  11 227 227  55 340 340 313 313 313 278 301 301
[349] 301 283 283 283 283 283 283 187 187 179 179 179 108 108 358 358 290 290  31 308 308 308 341 341 371 338 338 338 338
[378] 318 318 368 368 356 142  80 180 374 374  32 319 320 218 218 218 210 210 210 210 233 133  74  74  74 365 365 398 398
[407] 398 398 234 385 385 385 380 380  44 390 390 389 389 413 310 386 206 206 391 391 391 391  89  89  89 135 135 351 351
[436] 351 288 167 167 167 167 425 425 279 279 279 280 352 352 426 302  81  81 333 333 333 333 333 235 422 422 422  70  70
[465] 225 152 126 354 123 123 123 123 469 466 452 452 274 394 394 364 364 423 262 262 262 262 329 342 392 392 400 275 483
[494] 483 483 202 202 202 478 478 489 491 491 460 270 270 217 217 217 327 327 327  56  56 424 424 488 488 343 343 176 176
[523] 450 450 450 357 357 361 361 361 454 454 454 324 324 359 294 521 240 240 468  45  45  45  45 528 528 306 306 418 418
[552] 401 401 546 546 546 552 552 548 375 375 558 474 543 543 543 543 430 430 553 445 445 456 549 549 549 549 550 544 271
[581] 406 406 406 554 395 242 242 242 242 399 181 181 559 467 467 571 253 570 507 212 212 264 574 585 344 295 515 182 547
[610] 593 593 480 484 484 598 598 598 238 238 564 325 266 382 382 409 409 417 417 417 605 605 586 369 369 369 314 220 587
[639] 502 143 487 573 296 296 490 396 396 604 604 609 609 609 609 183 517 464 516 516 613 645 633 393 659  25 221 221 499
[668] 656 656 437 437 437 579 193 433 231 479 362 607 465 662 334 648 591 372 372 608 608 113 461 577 336 336 525 525 625
[697] 649 692 545 545 675 169 691 513 677 677 677 254 349 687 173 346 346 697 317 317 129 129 688 154 154 420 626 594 672
[726] 679 722 379 442 222 658 256

$EXTANT
  [1] FALSE FALSE FALSE FALSE FALSE FALSE FALSE FALSE FALSE FALSE  TRUE FALSE FALSE FALSE  TRUE FALSE FALSE FALSE FALSE
 [20] FALSE FALSE  TRUE FALSE FALSE  TRUE  TRUE FALSE FALSE FALSE FALSE FALSE FALSE FALSE  TRUE  TRUE FALSE FALSE FALSE
 [39] FALSE  TRUE FALSE  TRUE  TRUE  TRUE  TRUE  TRUE FALSE  TRUE FALSE  TRUE FALSE  TRUE FALSE FALSE FALSE  TRUE FALSE
 [58]  TRUE  TRUE FALSE FALSE  TRUE FALSE FALSE FALSE FALSE FALSE  TRUE FALSE  TRUE  TRUE  TRUE  TRUE  TRUE FALSE FALSE
 [77]  TRUE FALSE  TRUE  TRUE  TRUE  TRUE FALSE FALSE  TRUE  TRUE FALSE FALSE  TRUE FALSE FALSE  TRUE  TRUE FALSE FALSE
 [96] FALSE FALSE  TRUE  TRUE FALSE FALSE  TRUE FALSE  TRUE FALSE  TRUE FALSE  TRUE FALSE  TRUE  TRUE  TRUE  TRUE  TRUE
[115]  TRUE FALSE  TRUE  TRUE FALSE FALSE FALSE  TRUE FALSE FALSE FALSE  TRUE  TRUE  TRUE  TRUE  TRUE  TRUE FALSE FALSE
[134] FALSE  TRUE FALSE  TRUE  TRUE FALSE  TRUE FALSE  TRUE  TRUE  TRUE FALSE FALSE FALSE FALSE FALSE  TRUE  TRUE FALSE
[153]  TRUE  TRUE  TRUE FALSE  TRUE FALSE  TRUE FALSE FALSE  TRUE FALSE FALSE FALSE FALSE  TRUE FALSE  TRUE  TRUE FALSE
[172]  TRUE  TRUE FALSE FALSE FALSE  TRUE  TRUE  TRUE FALSE  TRUE  TRUE  TRUE  TRUE FALSE FALSE  TRUE FALSE FALSE  TRUE
[191] FALSE FALSE  TRUE  TRUE FALSE FALSE FALSE FALSE FALSE  TRUE  TRUE  TRUE  TRUE  TRUE FALSE  TRUE FALSE FALSE FALSE
[210]  TRUE FALSE  TRUE  TRUE FALSE  TRUE  TRUE  TRUE  TRUE FALSE  TRUE FALSE  TRUE  TRUE FALSE  TRUE  TRUE  TRUE  TRUE
[229] FALSE FALSE  TRUE FALSE FALSE FALSE FALSE FALSE FALSE  TRUE  TRUE FALSE  TRUE  TRUE FALSE FALSE FALSE FALSE  TRUE
[248]  TRUE  TRUE  TRUE FALSE  TRUE  TRUE  TRUE  TRUE  TRUE  TRUE  TRUE  TRUE FALSE FALSE  TRUE FALSE  TRUE  TRUE  TRUE
[267]  TRUE FALSE  TRUE  TRUE  TRUE FALSE FALSE  TRUE  TRUE FALSE FALSE  TRUE  TRUE  TRUE FALSE  TRUE  TRUE  TRUE  TRUE
[286] FALSE FALSE FALSE  TRUE  TRUE  TRUE FALSE FALSE FALSE FALSE  TRUE  TRUE FALSE  TRUE FALSE  TRUE  TRUE FALSE FALSE
[305]  TRUE  TRUE FALSE  TRUE  TRUE  TRUE FALSE  TRUE  TRUE  TRUE FALSE  TRUE  TRUE FALSE FALSE FALSE  TRUE FALSE  TRUE
[324]  TRUE FALSE FALSE  TRUE FALSE  TRUE  TRUE FALSE  TRUE  TRUE  TRUE  TRUE  TRUE  TRUE FALSE  TRUE  TRUE  TRUE  TRUE
[343]  TRUE  TRUE  TRUE  TRUE FALSE  TRUE  TRUE FALSE  TRUE FALSE FALSE  TRUE  TRUE  TRUE  TRUE FALSE  TRUE  TRUE  TRUE
[362]  TRUE FALSE  TRUE  TRUE  TRUE FALSE FALSE  TRUE  TRUE  TRUE  TRUE FALSE  TRUE  TRUE FALSE  TRUE  TRUE  TRUE FALSE
[381]  TRUE  TRUE  TRUE  TRUE FALSE  TRUE  TRUE FALSE  TRUE  TRUE  TRUE  TRUE  TRUE  TRUE  TRUE  TRUE  TRUE  TRUE  TRUE
[400]  TRUE  TRUE  TRUE  TRUE  TRUE  TRUE  TRUE  TRUE  TRUE  TRUE  TRUE FALSE  TRUE  TRUE  TRUE  TRUE FALSE  TRUE  TRUE
[419] FALSE  TRUE  TRUE  TRUE  TRUE  TRUE  TRUE  TRUE  TRUE  TRUE FALSE  TRUE  TRUE FALSE  TRUE  TRUE FALSE  TRUE  TRUE
[438] FALSE  TRUE FALSE FALSE  TRUE  TRUE FALSE  TRUE  TRUE  TRUE FALSE  TRUE  TRUE  TRUE  TRUE  TRUE  TRUE  TRUE  TRUE
[457]  TRUE  TRUE  TRUE  TRUE  TRUE  TRUE FALSE FALSE  TRUE  TRUE  TRUE  TRUE  TRUE  TRUE  TRUE  TRUE  TRUE  TRUE FALSE
[476]  TRUE FALSE  TRUE  TRUE  TRUE  TRUE  TRUE  TRUE  TRUE  TRUE  TRUE  TRUE  TRUE  TRUE  TRUE  TRUE FALSE  TRUE  TRUE
[495]  TRUE  TRUE  TRUE  TRUE  TRUE FALSE  TRUE  TRUE  TRUE FALSE  TRUE  TRUE FALSE  TRUE  TRUE FALSE FALSE  TRUE  TRUE
[514]  TRUE  TRUE  TRUE  TRUE FALSE  TRUE  TRUE  TRUE FALSE  TRUE FALSE  TRUE  TRUE  TRUE  TRUE  TRUE  TRUE  TRUE  TRUE
[533]  TRUE  TRUE  TRUE  TRUE  TRUE  TRUE  TRUE FALSE  TRUE  TRUE  TRUE  TRUE FALSE  TRUE  TRUE FALSE  TRUE  TRUE FALSE
[552] FALSE FALSE  TRUE  TRUE  TRUE  TRUE  TRUE FALSE  TRUE  TRUE FALSE FALSE FALSE  TRUE  TRUE  TRUE  TRUE  TRUE  TRUE
[571]  TRUE FALSE  TRUE  TRUE FALSE FALSE  TRUE  TRUE  TRUE  TRUE  TRUE  TRUE  TRUE  TRUE  TRUE  TRUE  TRUE  TRUE  TRUE
[590]  TRUE  TRUE  TRUE FALSE  TRUE  TRUE  TRUE  TRUE  TRUE  TRUE  TRUE  TRUE  TRUE  TRUE  TRUE  TRUE  TRUE  TRUE  TRUE
[609]  TRUE  TRUE  TRUE  TRUE  TRUE  TRUE  TRUE FALSE  TRUE  TRUE  TRUE  TRUE  TRUE  TRUE  TRUE  TRUE  TRUE  TRUE FALSE
[628] FALSE  TRUE  TRUE  TRUE  TRUE  TRUE  TRUE  TRUE  TRUE  TRUE  TRUE  TRUE FALSE  TRUE  TRUE  TRUE  TRUE  TRUE  TRUE
[647]  TRUE FALSE FALSE FALSE FALSE  TRUE  TRUE  TRUE  TRUE  TRUE  TRUE  TRUE  TRUE  TRUE  TRUE  TRUE  TRUE  TRUE FALSE
[666]  TRUE  TRUE  TRUE  TRUE  TRUE  TRUE  TRUE  TRUE  TRUE  TRUE  TRUE  TRUE  TRUE  TRUE  TRUE FALSE  TRUE  TRUE  TRUE
[685]  TRUE  TRUE  TRUE FALSE  TRUE  TRUE  TRUE  TRUE FALSE FALSE  TRUE  TRUE  TRUE  TRUE  TRUE  TRUE  TRUE  TRUE  TRUE
[704]  TRUE  TRUE  TRUE  TRUE  TRUE FALSE  TRUE  TRUE  TRUE  TRUE  TRUE  TRUE  TRUE  TRUE  TRUE  TRUE FALSE  TRUE  TRUE
[723]  TRUE  TRUE  TRUE  TRUE  TRUE  TRUE  TRUE  TRUE  TRUE  TRUE

