
Birth-death simulation object with 143 species and 100 extant species

Details for some species:

Extinction times (NA means extant)
[1] 52.71330 45.76193 31.44539 25.14885       NA 30.54466


Speciation times 
[1] 60.51776 60.21375 58.55800 55.82222 38.22130 45.12355


Species parents (NA for initial)
[1] NA  1  1  1  3  4


Species status (extinct or extant)
[1] "extinct" "extinct" "extinct" "extinct" "extant"  "extinct"


For more details on vector y, try sim$y, with y one of
TE TS PAR EXTANT



$TE
  [1] 52.7132963 45.7619252 31.4453916 25.1488474         NA 30.5446613 20.3513553 31.2577491 11.1610585         NA
 [11]         NA         NA  9.9680520         NA 11.0919088         NA         NA         NA         NA 21.0716236
 [21] 18.4130022  9.0662102 21.2643180 18.5144836         NA  5.4966350         NA         NA         NA  2.7698471
 [31] 15.3781227 27.7356499  7.9990775 18.0914062         NA         NA 20.9049029         NA         NA         NA
 [41]  7.2558236         NA         NA         NA  9.8370868         NA         NA         NA         NA         NA
 [51] 16.8572009  6.5418326         NA 14.7753214  9.5067308         NA  3.3909916         NA  3.8945403         NA
 [61]         NA         NA         NA         NA         NA 10.2203313         NA         NA         NA  7.5559169
 [71]  6.2268320         NA         NA  6.3934532         NA         NA         NA         NA         NA  3.7880665
 [81]         NA         NA         NA         NA  4.9005143         NA         NA         NA         NA         NA
 [91]         NA         NA         NA  1.8863286         NA         NA         NA         NA         NA         NA
[101]         NA         NA         NA         NA         NA         NA         NA         NA         NA         NA
[111]         NA         NA  3.0723611         NA  0.9048559  0.7183609  2.6082810         NA         NA  2.4688482
[121]         NA         NA         NA         NA  5.5773573         NA         NA         NA         NA         NA
[131]         NA         NA         NA         NA         NA         NA         NA         NA         NA         NA
[141]         NA         NA         NA

$TS
  [1] 60.517760647 60.213750946 58.557996119 55.822221686 38.221300378 45.123550644 39.323162146 38.510004525
  [9] 33.288086999 31.751562633 28.674918433 23.054493784 37.295183001 34.488229534 33.191739173 32.702517918
 [17] 25.627300170 20.574616654 20.183218479 23.966891497 21.796558232 16.336019666 33.254842122 25.131505353
 [25] 20.706830376 12.939177039  6.355284434  2.302727414 16.679221004 22.788129223 18.268383331 32.035440326
 [33] 27.461489181 26.463167247 11.221283366  9.079579496 30.812060071 13.900762844  5.363103858  2.040815720
 [41] 26.112371712 25.306324509 13.867478070 13.320197275 13.315445672  8.626104372  8.559214355 18.237950209
 [49] 15.535746933 15.171799912 23.619875921 23.373292558 23.072047843 18.789458545 18.449856280 10.624015992
 [57] 18.187850578 15.929489536 12.737870141  7.486112263 24.719323567  5.956452870 14.960263124 10.581790637
 [65]  9.628951945 14.028768323 14.947964035  9.644937522  0.501421483 12.354050178  6.398659250 14.168290319
 [73] 15.910909734 14.663162119 12.913035437  7.103649158  5.621746205 14.172346865  2.869331762 15.404459405
 [81] 15.146004407  0.546786207  4.509972799  6.744891788  6.548245243  6.377255314  1.312256991  0.509518119
 [89] 12.390088288 12.017384468  2.211779713  4.046393014 12.946096230  8.575296280  5.343021264 11.824886669
 [97] 10.385697466  2.069395512 10.364343103  9.321829719  5.071516339 10.673516440  9.501552415  8.732201813
[105]  1.054251836  4.070513491  0.862522182  5.490626506  3.662571124  3.278647639  0.008646669  1.896492645
[113]  6.372683125  8.791629983  4.455838301  1.234489946  6.699464629  5.469104508  8.453658404  4.060901224
[121]  0.293326073  6.023190350  5.039087816  0.520664264  6.008797763  1.800256959  1.574094721  4.081732783
[129]  4.063905045  3.076942191  4.025174367  0.866450340  1.922973501  0.748315021  2.275042746  2.626669292
[137]  2.145663912  2.407093338  2.247620850  1.366619686  2.238027603  0.775512008  1.745296097

$PAR
  [1]  NA   1   1   1   3   4   4   4   4   4   4   7   8   8   8   5   5   5   5  13  13  13  14  14  14  14  14  14
 [29]   9  23  15  16  16  16  16  16  10  10  10  10  11  11  11  11  11  11  11  33  33  33  17  17  17  17  17  17
 [57]  42  42  42  42  24  61  52  52  53  12  30  25  25  18  19  55  31  48  48  48  57  22  73  49  49  49  80  50
 [85]  50  50  63  63  67  74  78  72  38  38  43  44  44  44  45  26  75  59  59  70  35 102 102  56  56  56  64  97
[113]  99  65  65  65 103 100 114 104 104  94  94  47 119 119 119  76 117  27  62  95  83 106  92 131 109 136 136 136
[141] 138 141 133

$EXTANT
  [1] FALSE FALSE FALSE FALSE  TRUE FALSE FALSE FALSE FALSE  TRUE  TRUE  TRUE FALSE  TRUE FALSE  TRUE  TRUE  TRUE
 [19]  TRUE FALSE FALSE FALSE FALSE FALSE  TRUE FALSE  TRUE  TRUE  TRUE FALSE FALSE FALSE FALSE FALSE  TRUE  TRUE
 [37] FALSE  TRUE  TRUE  TRUE FALSE  TRUE  TRUE  TRUE FALSE  TRUE  TRUE  TRUE  TRUE  TRUE FALSE FALSE  TRUE FALSE
 [55] FALSE  TRUE FALSE  TRUE FALSE  TRUE  TRUE  TRUE  TRUE  TRUE  TRUE FALSE  TRUE  TRUE  TRUE FALSE FALSE  TRUE
 [73]  TRUE FALSE  TRUE  TRUE  TRUE  TRUE  TRUE FALSE  TRUE  TRUE  TRUE  TRUE FALSE  TRUE  TRUE  TRUE  TRUE  TRUE
 [91]  TRUE  TRUE  TRUE FALSE  TRUE  TRUE  TRUE  TRUE  TRUE  TRUE  TRUE  TRUE  TRUE  TRUE  TRUE  TRUE  TRUE  TRUE
[109]  TRUE  TRUE  TRUE  TRUE FALSE  TRUE FALSE FALSE FALSE  TRUE  TRUE FALSE  TRUE  TRUE  TRUE  TRUE FALSE  TRUE
[127]  TRUE  TRUE  TRUE  TRUE  TRUE  TRUE  TRUE  TRUE  TRUE  TRUE  TRUE  TRUE  TRUE  TRUE  TRUE  TRUE  TRUE

