
Birth-death simulation object with 155 species and 100 extant species

Details for some species:

Extinction times (NA means extant)
[1] 39.638750 60.901348  9.229859 10.759506        NA 18.137030


Speciation times 
[1] 77.21176 63.74461 62.85562 55.96497 51.73397 48.30071


Species parents (NA for initial)
[1] NA  1  1  3  3  3


Species status (extinct or extant)
[1] "extinct" "extinct" "extinct" "extinct" "extant"  "extinct"


For more details on vector y, try sim$y, with y one of
TE TS PAR EXTANT



$TE
  [1] 39.6387501 60.9013477  9.2298586 10.7595058         NA 18.1370299 18.9467791  0.1028588 30.3116958 43.5108753
 [11] 34.0186758 30.9900867 28.4424421 17.0016527  7.3544456         NA         NA         NA 30.9246356         NA
 [21] 19.2744026 18.3296103 23.6166534  6.7669421         NA         NA         NA 13.6004752  2.9479625         NA
 [31] 18.3430887         NA 21.6750828         NA 16.2257294         NA  0.5942280 29.9013406 15.6964314         NA
 [41]         NA         NA 16.9859355  3.6390321         NA 16.1239091         NA         NA  3.2790798         NA
 [51]         NA  1.0856889 10.9020555         NA         NA         NA  7.7249199         NA         NA         NA
 [61]  0.2400901         NA         NA         NA         NA 11.1509693         NA         NA 16.6630074 19.2146344
 [71]         NA 15.9487580         NA  4.3099826 12.8906136         NA         NA         NA         NA         NA
 [81]         NA         NA         NA         NA         NA         NA         NA  5.6082769  2.1411526         NA
 [91]         NA         NA         NA  3.4600554  4.0029949         NA         NA         NA         NA         NA
[101]  1.1498719         NA         NA         NA  8.3416399         NA         NA         NA  8.0474224  0.5484095
[111]         NA         NA  5.8063110  4.8382924         NA         NA  5.7273591         NA         NA         NA
[121]         NA  9.3232240         NA         NA         NA         NA         NA         NA         NA  7.0562898
[131]         NA         NA         NA  3.8381146         NA         NA         NA         NA         NA         NA
[141]         NA         NA         NA         NA         NA         NA         NA         NA         NA         NA
[151]         NA         NA         NA         NA         NA

$TS
  [1] 77.21176100 63.74460550 62.85561996 55.96496882 51.73397224 48.30070839 32.97576170 52.67894384 36.40808385
 [10] 48.36567370 47.00785861 38.04300914 37.63248899 37.07890690 25.30430983  5.08192352 31.17989331 43.56210945
 [19] 35.93526251 31.83583971 42.45268506 36.60048048 35.49777111 17.66390530 11.10851086 35.90187250 31.64587489
 [28] 26.84828441 24.55205091 24.35828312 19.11292149 31.36805266 23.86933551 23.50858747 22.88659667 17.02036446
 [37] 11.72396852 35.03267477 31.71560301 31.28977181 12.13411612  6.02422637 17.81842357 15.32250114  2.58529102
 [46] 24.40339657 23.77978191  7.82053190 28.65732832 25.53798042 22.75716452  4.08631679 29.66317436 18.06181462
 [55] 24.72805248 15.11447560 14.95178133  1.57822139  0.43371050 18.23853528  6.73928881  5.42519601 20.24121030
 [64] 24.29874372 21.59635359 17.32482687 15.20797851 14.80208289 23.84265811 21.72257180 21.68186344 20.62553840
 [73] 16.81582918 19.39893356 16.03093235 14.07089637  9.94008537  3.97792657  1.47637937  0.81782292 13.68447218
 [82] 14.85799053  4.30744062  0.77633862 15.52388481 17.32885726 12.82487170 15.22011660  6.80488545  3.68820175
 [91] 12.94240031 11.47839464  3.01563594 15.95285744 14.62960561 17.15549275  8.10951486 13.65185970 12.55466278
[100] 15.74761698  4.44423180 14.66164572  3.55748318 14.11907955  9.87956564  6.46448486 11.27945736  6.81368909
[109]  9.82628317  4.34009926  4.70697717  8.36646182 12.91178839  8.46429126  7.74805014 13.64255840  7.92021993
[118]  1.48095467  0.02606983 12.65765578  6.97680082  9.33500088  6.49409295  3.35723420 12.37060388  0.72859209
[127]  9.89598109  3.05619867 11.91779679 11.78629901  9.56308433  6.72220792  0.02743837  3.90366746  1.84253484
[136]  0.19469518  0.21703967  5.54264073  2.56457275  4.54780476  0.94909215  3.19187651  1.65031207  4.13173192
[145]  3.53134008  0.50279921  3.85481932  0.24484451  0.56603042  1.07030569  1.60080778  2.54031889  0.20210600
[154]  2.12794079  0.06258356

$PAR
  [1]  NA   1   1   3   3   3   3   4   4   8   8   8   8   8   8   8   5  10   6   6  11  18  18  18  18  12  13  14
 [29]  14  14  14  22  22  22  22  26  26  23  23  38  20  20  27  27  27  32  32  32  40  40  40  40  17  17  28  28
 [57]  50  50  50  15  55  55  46  30  30  30  30  30  33  33  33  69  69  47  47  34  34  34  51  51  71  65  65  65
 [85]  63  74  74  60  60  60  54  54  54  24  24  86  86  66  66  96  36  73  73  75  94 100  85  85  56  56  82 102
[113]  95  95 104  81  81  81  81 116 116  91  91  91  87  87 120 120  99  99  99  41  41 129  92  25  77 127 112  48
[141] 121 108 108  89  89  61 123 111 140  83 103 145  45 139  79

$EXTANT
  [1] FALSE FALSE FALSE FALSE  TRUE FALSE FALSE FALSE FALSE FALSE FALSE FALSE FALSE FALSE FALSE  TRUE  TRUE  TRUE
 [19] FALSE  TRUE FALSE FALSE FALSE FALSE  TRUE  TRUE  TRUE FALSE FALSE  TRUE FALSE  TRUE FALSE  TRUE FALSE  TRUE
 [37] FALSE FALSE FALSE  TRUE  TRUE  TRUE FALSE FALSE  TRUE FALSE  TRUE  TRUE FALSE  TRUE  TRUE FALSE FALSE  TRUE
 [55]  TRUE  TRUE FALSE  TRUE  TRUE  TRUE FALSE  TRUE  TRUE  TRUE  TRUE FALSE  TRUE  TRUE FALSE FALSE  TRUE FALSE
 [73]  TRUE FALSE FALSE  TRUE  TRUE  TRUE  TRUE  TRUE  TRUE  TRUE  TRUE  TRUE  TRUE  TRUE  TRUE FALSE FALSE  TRUE
 [91]  TRUE  TRUE  TRUE FALSE FALSE  TRUE  TRUE  TRUE  TRUE  TRUE FALSE  TRUE  TRUE  TRUE FALSE  TRUE  TRUE  TRUE
[109] FALSE FALSE  TRUE  TRUE FALSE FALSE  TRUE  TRUE FALSE  TRUE  TRUE  TRUE  TRUE FALSE  TRUE  TRUE  TRUE  TRUE
[127]  TRUE  TRUE  TRUE FALSE  TRUE  TRUE  TRUE FALSE  TRUE  TRUE  TRUE  TRUE  TRUE  TRUE  TRUE  TRUE  TRUE  TRUE
[145]  TRUE  TRUE  TRUE  TRUE  TRUE  TRUE  TRUE  TRUE  TRUE  TRUE  TRUE

