
Birth-death simulation object with 158 species and 100 extant species

Details for some species:

Extinction times (NA means extant)
[1]       NA 22.26171 32.43798 22.06399 19.50741 19.53811


Speciation times 
[1] 68.29824 59.18498 45.95437 39.48701 23.62102 57.02348


Species parents (NA for initial)
[1] NA  1  1  1  1  2


Species status (extinct or extant)
[1] "extant"  "extinct" "extinct" "extinct" "extinct" "extinct"


For more details on vector y, try sim$y, with y one of
TE TS PAR EXTANT



$TE
  [1]          NA 22.26171316 32.43797898 22.06398642 19.50740596 19.53810606 55.01019354 49.35046898 21.62251972
 [10] 14.64269360          NA          NA 14.30852806 25.16431608 46.93180780 26.98511492 13.40405349          NA
 [19]          NA          NA          NA          NA          NA 10.41419187          NA 33.83270962 13.76551089
 [28]          NA  5.96772482          NA          NA  3.29111388          NA 10.07219151 13.12728387          NA
 [37]  1.17738495          NA          NA 10.96615928  3.40787582  0.06430799 22.04480739 25.04470634 25.62789835
 [46]  5.06503862  8.22315992          NA 18.19164499          NA  6.21788959          NA 12.61552735 13.89383836
 [55]          NA 21.63863788          NA 20.31528874          NA          NA 20.14998020          NA          NA
 [64]  8.04164429  6.69496581  8.12520058 13.47209576          NA          NA          NA          NA  1.44303880
 [73]          NA 13.77890085          NA          NA          NA  2.40821487  4.52823007          NA          NA
 [82] 16.60622401          NA          NA          NA          NA          NA          NA          NA 11.37124166
 [91]          NA          NA          NA          NA  6.04449965  6.74302840          NA          NA          NA
[100]          NA          NA          NA          NA          NA 10.72038718  0.91908465          NA          NA
[109] 10.93450490          NA          NA          NA  0.58306643          NA          NA          NA          NA
[118]          NA          NA          NA  3.04753360          NA          NA          NA          NA          NA
[127]          NA  3.89421118  6.14682171          NA          NA          NA  1.97550869          NA          NA
[136]          NA          NA          NA          NA          NA          NA          NA  0.53471680          NA
[145]          NA          NA          NA          NA          NA          NA          NA          NA          NA
[154]          NA          NA          NA          NA          NA

$TS
  [1] 68.29824152 59.18497643 45.95437112 39.48701184 23.62101892 57.02347695 56.14266649 54.46420365 27.34654109
 [10] 24.52709985 49.82210414 33.25846226 32.31658137 30.21806336 47.03549759 46.85257974 41.07317701 19.15953840
 [19]  9.62457022 41.50208456 40.59754986  7.28981932  0.06378784 21.71685793 15.67307199 37.83794183 33.07086767
 [28] 32.73922726 21.89334846 11.62110294  9.07939694  7.20958683  0.96100681 29.48426100 22.92732289 21.95232010
 [37] 19.85196761 18.59104541  2.09838811 32.14684151 31.22228497 18.22197773 29.69942217 26.78173189 26.26281878
 [46] 28.99985220 26.40975923 25.27547263 22.70426137 17.08613139 15.82062948  5.32856243 22.28671689 25.78994182
 [55] 19.38759159 23.15280137 19.92247115 22.91377202 17.37901201 13.67803757 20.53449023 21.09563408 11.48563999
 [64]  9.62174758 19.47544186 11.67843938 17.24360686 11.87389303  4.00654277  3.52849272  2.63590606 18.40480345
 [73] 17.99602628 17.44209165  5.51087455  1.40963112  7.25028068 16.59178305  5.45716133  4.00790929  1.49522787
 [82] 16.77770049 16.76182515  3.15948602  2.87264905  0.66042537 16.71160329 16.07797329 15.32530945 13.91986917
 [91] 13.57684221  3.93273887  1.55487135 16.43123982 14.81265497 14.58772222 14.16192300 11.72636006 11.18392430
[100]  8.25621608  6.89646388  0.56683583 12.32960780 11.77786005 11.71759615  7.14126483  1.61574994 11.80903275
[109] 14.59377491 11.00676978  7.18859685 12.30699010  6.93860325  3.06555317  4.35159350  7.86696648  8.01215457
[118]  9.03492862  1.54390362  0.04453254 11.10211205  2.13352989  1.55065694  6.87832950 11.01210370  9.00955282
[127]  4.70360723 10.98814198  7.31822357  4.54141170  4.43249322  9.03250214  7.16961834  8.88092841  6.23486073
[136]  3.07079803  8.67842545  4.41232902  6.06528570  5.42801395  4.66873298  3.05423350  1.44522694  4.58384932
[145]  5.95589848  0.94840292  4.28242930  4.29502262  3.43033419  1.78509468  2.51704937  2.49540153  1.48943627
[154]  0.57824298  0.51628766  1.53078185  1.76876194  1.33132918

$PAR
  [1]  NA   1   1   1   1   2   2   2   2   2   6   6   6   6  11  11  11  11  11  16   3  20  20  17  17  21  21  21
 [29]  21  21  21  12  12  27  27  27  27  28  28  13  13  13  40  40  40  41  43  34  34  34  46  46   9  47  47  48
 [57]  48  10  35  35  58  36  36  36  29  24  62  62  62  57  57  65  65  55  55  55  38  72  73  73  73  74  59  59
 [85]  59  59  67  67  83  83  83  83  83  87  78  78  78  78  94  94  94  94  88  88  51  25  25  89  95  95  95 109
[113]  96  91 112  68 104  98  98  98  66  30  30  63  99 121 121 110 128 128 128 118 118 132 132 132 126 116  22  32
[141] 111 101 101 124 135 135 139  52 144 144 130 131 138 115 115  92 149 151

$EXTANT
  [1]  TRUE FALSE FALSE FALSE FALSE FALSE FALSE FALSE FALSE FALSE  TRUE  TRUE FALSE FALSE FALSE FALSE FALSE  TRUE
 [19]  TRUE  TRUE  TRUE  TRUE  TRUE FALSE  TRUE FALSE FALSE  TRUE FALSE  TRUE  TRUE FALSE  TRUE FALSE FALSE  TRUE
 [37] FALSE  TRUE  TRUE FALSE FALSE FALSE FALSE FALSE FALSE FALSE FALSE  TRUE FALSE  TRUE FALSE  TRUE FALSE FALSE
 [55]  TRUE FALSE  TRUE FALSE  TRUE  TRUE FALSE  TRUE  TRUE FALSE FALSE FALSE FALSE  TRUE  TRUE  TRUE  TRUE FALSE
 [73]  TRUE FALSE  TRUE  TRUE  TRUE FALSE FALSE  TRUE  TRUE FALSE  TRUE  TRUE  TRUE  TRUE  TRUE  TRUE  TRUE FALSE
 [91]  TRUE  TRUE  TRUE  TRUE FALSE FALSE  TRUE  TRUE  TRUE  TRUE  TRUE  TRUE  TRUE  TRUE FALSE FALSE  TRUE  TRUE
[109] FALSE  TRUE  TRUE  TRUE FALSE  TRUE  TRUE  TRUE  TRUE  TRUE  TRUE  TRUE FALSE  TRUE  TRUE  TRUE  TRUE  TRUE
[127]  TRUE FALSE FALSE  TRUE  TRUE  TRUE FALSE  TRUE  TRUE  TRUE  TRUE  TRUE  TRUE  TRUE  TRUE  TRUE FALSE  TRUE
[145]  TRUE  TRUE  TRUE  TRUE  TRUE  TRUE  TRUE  TRUE  TRUE  TRUE  TRUE  TRUE  TRUE  TRUE

