
Birth-death simulation object with 757 species and 500 extant species

Details for some species:

Extinction times (NA means extant)
[1] 84.29586 84.76997 75.44118 45.34241 42.23072 70.50054


Speciation times 
[1] 86.96682 85.23654 84.65569 76.00298 75.81832 75.40129


Species parents (NA for initial)
[1] NA  1  1  3  3  4


Species status (extinct or extant)
[1] "extinct" "extinct" "extinct" "extinct" "extinct" "extinct"


For more details on vector y, try sim$y, with y one of
TE TS PAR EXTANT



$TE
  [1] 84.29585951 84.76996670 75.44118378 45.34240640 42.23072194 70.50054066 56.82915618 44.14963974  6.73579909
 [10] 68.06467930 24.60285377 33.61392784  3.32822364          NA 60.12606242 12.89291667 53.98942465 47.84046009
 [19] 47.33935679 51.75902093          NA 10.91946726 45.54293187 57.74043269          NA 38.99065404 20.59559473
 [28] 32.29384473  5.12245367 14.70831106 29.97186098  9.09187490 20.02423698 18.36810624          NA          NA
 [37]          NA  5.40403745          NA          NA 22.15091669 46.13862298          NA          NA          NA
 [46] 16.53631743          NA 22.26717438 31.64514554 17.43667844          NA  8.63048470 28.72786571 27.85856563
 [55]          NA 25.10714448 23.32189643 27.50379996          NA 12.00726565  4.32678625 44.92162048 50.55327833
 [64]  8.69844364 37.62148536 20.54804812 43.71193191          NA 17.45202518 11.31421599 18.66136887          NA
 [73] 33.80025064 44.40087901 25.43104793 22.22026975 39.72557742 11.46060108          NA  0.25111218  1.27992616
 [82] 14.83227496          NA 20.29528933  6.39844166          NA          NA          NA 20.40101719          NA
 [91]          NA 17.87338674 28.59837115  1.75546332 27.32838219 28.13614963          NA          NA 12.87517440
[100]          NA  3.24249953 17.82559561 17.59397434 16.28691738 22.91258344  9.02800655  8.91193126          NA
[109]          NA          NA 25.16404717 14.85071751  7.73465831          NA 28.41667864 23.10538973 32.49630593
[118] 30.54406554 25.52502406          NA          NA 23.00191983  0.76075640          NA  8.64439296 17.54711799
[127]          NA  0.76957728          NA  7.07264952          NA          NA 23.73036381          NA 19.81847050
[136] 10.36283661          NA          NA          NA          NA  7.03273124          NA          NA          NA
[145] 15.24736312          NA          NA          NA 31.28850745  5.88149225          NA          NA 20.87684640
[154]  9.96889956 12.90063341          NA  7.16145437  1.09619973 19.49106994 16.82445626 11.77858153          NA
[163]          NA          NA          NA          NA          NA          NA          NA          NA 12.51850719
[172] 28.69606694          NA 15.05578962 24.02444571  7.04728188          NA  7.69158242 23.60426106  7.05981655
[181]          NA          NA  6.44200506          NA 26.96013461          NA          NA          NA  9.60057327
[190]  3.37027803  1.68092621 16.66821642 15.68369769  8.87249277          NA          NA          NA          NA
[199]  5.10938075  1.86780801          NA          NA  8.92598671 26.82232674          NA          NA          NA
[208] 20.23444710          NA  2.18296076          NA          NA 11.44557635          NA 13.47403499 20.45534901
[217] 15.67528713          NA          NA          NA 14.22081590          NA 22.51985717 11.24194758 12.34161435
[226]  6.94378952          NA          NA          NA          NA          NA          NA          NA          NA
[235]          NA 10.44321854  8.62701745          NA          NA          NA          NA          NA  4.57525096
[244]          NA          NA          NA          NA          NA          NA          NA 19.12798516 17.96933659
[253]          NA          NA 15.65136104 10.56347460 14.78627396 23.06873013 13.24154899 12.33726247          NA
[262]          NA 14.82549191 15.70576687 13.36273650  8.14569053          NA          NA          NA          NA
[271]          NA  0.00469218          NA          NA          NA          NA          NA          NA          NA
[280]          NA          NA          NA 16.64907277  5.80380528  8.55812219          NA 19.12892327          NA
[289]          NA 14.67074087  7.25942058          NA          NA          NA 16.64621373          NA          NA
[298]          NA          NA          NA 14.67387926          NA 19.84964686  4.52023932          NA          NA
[307]          NA          NA  7.88208836          NA          NA  6.18298536  6.29110739 22.69674434          NA
[316]  7.55381542 14.62031264          NA          NA  1.32768563          NA          NA          NA          NA
[325]  0.45319247  4.91953739          NA          NA          NA          NA  5.11709190          NA          NA
[334]  9.50219923  9.97360674 16.98812017  8.15916457  0.12669830 11.80165042          NA  3.03557832          NA
[343]          NA          NA          NA          NA 21.19510088 19.56934703          NA          NA  0.62545004
[352]  9.13160330          NA  2.74921910          NA  1.98117174          NA          NA          NA          NA
[361]          NA          NA  9.07288779 13.81395604          NA          NA          NA          NA 11.57933781
[370]  0.63976119          NA          NA          NA  1.30330615          NA          NA          NA          NA
[379]          NA          NA          NA  4.79292715  0.01764613          NA  0.45786658          NA          NA
[388]  1.44780813          NA          NA          NA          NA          NA          NA          NA          NA
[397]          NA          NA          NA          NA  3.79935868          NA          NA          NA          NA
[406] 11.15384320 12.99520884          NA          NA          NA          NA          NA          NA          NA
[415]          NA          NA          NA  6.48818777          NA          NA  0.16257019          NA          NA
[424]          NA          NA  1.50721770          NA          NA  6.49337409          NA 12.21615432          NA
[433]          NA          NA          NA          NA          NA          NA          NA          NA          NA
[442]  4.66517933          NA          NA          NA  0.31654506  1.45194705          NA          NA  2.85461122
[451]          NA          NA          NA          NA          NA          NA          NA  1.38540254  0.75901481
[460]          NA          NA          NA  8.57124286          NA          NA          NA          NA          NA
[469]          NA          NA          NA 12.54126496          NA          NA          NA          NA          NA
[478] 12.06965864  5.41637679  4.06559761  4.48970909  4.64460855  1.42668858  0.91452259          NA          NA
[487]  6.56873616          NA          NA 10.31669142          NA          NA          NA  4.72221858          NA
[496]          NA          NA  2.01712029  6.14990206 10.59705162          NA          NA          NA          NA
[505] 10.67993261          NA          NA  9.07636323          NA  5.14105555  0.71955688          NA          NA
[514]          NA  6.70071202          NA          NA          NA          NA          NA          NA          NA
[523]          NA          NA          NA 12.60254967          NA          NA          NA 10.39744077          NA
[532]          NA          NA          NA          NA          NA          NA          NA          NA          NA
[541]          NA          NA  6.16213497  5.61469936  1.85918613  7.15498081          NA          NA          NA
[550]          NA  6.50473012          NA          NA          NA          NA          NA          NA          NA
[559]          NA  6.21202965          NA          NA          NA  2.68706808          NA          NA          NA
[568]          NA  6.06210210          NA          NA          NA          NA          NA          NA          NA
[577]          NA          NA  5.45247384          NA          NA          NA          NA  0.04751719          NA
[586]          NA          NA          NA          NA          NA          NA          NA  8.13094184          NA
[595]          NA  3.54841229          NA          NA          NA          NA          NA          NA          NA
[604]          NA          NA          NA          NA          NA          NA  4.71172424          NA          NA
[613]          NA          NA  1.43830782          NA          NA          NA          NA          NA          NA
[622]          NA          NA          NA          NA          NA          NA          NA          NA          NA
[631]          NA          NA          NA          NA          NA          NA          NA          NA          NA
[640]          NA          NA  5.96397320          NA          NA          NA          NA          NA          NA
[649]          NA          NA          NA          NA          NA          NA          NA          NA          NA
[658]          NA          NA          NA          NA          NA          NA          NA          NA          NA
[667]  1.78167535          NA          NA          NA          NA          NA          NA          NA          NA
[676]          NA          NA          NA  3.35296478          NA          NA          NA          NA          NA
[685]  4.03712853          NA          NA          NA          NA          NA          NA          NA  3.57340922
[694]          NA          NA          NA          NA          NA          NA  1.08184589          NA          NA
[703]          NA  2.82242230          NA          NA          NA          NA          NA          NA          NA
[712]          NA          NA          NA          NA          NA          NA          NA          NA  1.21484265
[721]          NA          NA          NA          NA          NA          NA          NA          NA          NA
[730]          NA          NA          NA          NA          NA          NA          NA          NA          NA
[739]          NA          NA          NA          NA          NA          NA  1.06659734          NA          NA
[748]          NA          NA          NA          NA          NA          NA          NA          NA          NA
[757]          NA

$TS
  [1] 86.96682069 85.23654056 84.65568939 76.00298189 75.81831577 75.40128695 61.30748814 52.86683576 50.05673238
 [10] 72.94408276 63.06292854 61.29030050 61.06425160 44.72548037 69.82370186 66.33169666 62.56400573 51.70691578
 [19] 48.99798820 54.58256334 53.74415629 53.27421977 54.34474794 61.10966655 60.76104018 56.95673339 50.90524318
 [28] 33.71597248 54.31691566 40.68415191 34.80492620 33.18099044 29.02560523 28.37302723 27.49925149 11.27283035
 [37]  3.41266607 22.51107729  1.29962375 47.80993045 52.60668785 50.48052274 36.37115297 30.23976067 26.07675586
 [46] 19.17865571 10.01595409 53.60627572 40.87698628 36.59459749 21.02761172 11.54859926 43.39616304 41.18530199
 [55] 22.49564184 46.46852796 41.97546545 36.21550106 35.06982114 22.18604741 16.46219085 49.45122335 52.56412124
 [64] 40.23059938 49.57282942 49.07987240 48.91984780 35.19236469 34.61007928 31.99799661 30.32399181 15.74831197
 [73] 45.41031449 46.37862454 48.15401733 34.51970138 42.82790540 33.83929997 17.21328099 10.49653169  1.77024370
 [82] 43.19059105 31.96291207 39.50269851 43.94754075 42.29920082 31.14110739  6.24023537 24.33892051 11.60018997
 [91]  7.04823681 39.79852857 33.07443606 42.75997446 30.35112973 29.39089833 26.93715652 21.32285024 18.66289477
[100] 17.00980375 34.87226840 31.55804334 25.80448165 23.79433499 23.07526310 22.22361989 15.21422767 14.57275201
[109] 37.59798900 28.70101011 26.24876988 17.97211777 16.24711581 32.65450078 35.38792506 29.83810225 39.36357024
[118] 39.00666657 35.40772651 30.82824212 19.78497804 34.06492292 20.13458866  9.40730888 37.01061228 29.50381624
[127] 36.83462475 34.42029969 25.67265804 37.48411647 34.65587770 35.35535648 34.63138188 32.04688115 24.03796170
[136] 21.08784561  5.72839666 22.39127399 19.91909311 12.12819540 10.21014265 34.41903943 27.52917012 23.77400776
[145] 22.69204213 22.05565863 18.94779956 17.78403549 36.37390549 25.78250433 13.79991796 30.65431934 29.90340235
[154] 19.49746968 17.66106550 32.23275277 16.71049315  8.48845819 29.20880427 17.52883318 16.65291758  8.98876191
[163]  7.29854448  3.55338774  0.15562770 15.16748659 11.94530451  8.87203010  1.20140557 30.87237217 15.92969133
[172] 31.35288224  0.64204826 30.91011170 29.35723402 20.70102159 33.33579175 30.96176859 25.49246406 33.44092884
[181] 27.46072830 20.23430683 19.59627663  3.50743704 29.77808667 19.51993714 12.68087471  4.13697775 28.22070347
[190] 23.64857299 23.35918594 22.67862801 22.49205811 11.86487036 27.75724874 15.97661658 13.11796952 12.14048844
[199]  6.68216404  2.72670931 17.89327681 13.85761426 10.08506656 30.63910382 20.47435761 12.45798301 12.35441394
[208] 23.07479219 21.91947101 15.36622337  8.93791089 18.99247777 13.89338960  3.16508952 14.42082387 29.29757951
[217] 20.71977272 12.13831895 11.00824035 21.97737946 20.87612473  6.67873653 25.75862786 19.43811124 13.49507603
[226] 21.52822977 20.14631539 16.94136525 16.34571314 27.69413090 13.95708041 13.06867484  6.33891696  0.89420344
[235]  7.37110553 22.63086883 16.35475606 13.35357402 11.74736093 11.12093230  4.88577412 28.35588609 20.77853985
[244] 18.70429534 17.12277666  9.03130851 23.25537449 22.15533510 21.19812751 25.47449300 23.12757058 28.23576375
[253] 22.53254109 20.94046299 26.31304807 22.97185599 25.88251748 24.01217514 27.02873773 12.83746288  8.58400336
[262]  5.84693078 27.91514258 17.57719101 13.44277649 26.75094512 21.81532807 19.91398808 21.21015916 17.23801168
[271]  1.67636341 14.27114872 19.28978446 16.47415699  9.80147979 18.61003058  6.96991931  6.12439058  2.43951991
[280] 13.49491110 24.88671254 10.30422519 16.96233351 23.23149994 12.08071514 25.62750344 24.82238876 20.52398571
[289] 21.12372025 17.79697152 11.81565464 25.01704759 24.02944266 22.99041990 22.13167208  2.12494739 24.65609291
[298]  4.70637079 22.76014310  3.08076264 21.61336741  3.55613067 20.91200809 20.68575095 18.55474115 14.88556277
[307] 13.76875268  3.22745036 22.75995930 21.03505091  7.28689414 12.91887003  8.14518030 23.03604467 22.13722692
[316] 21.67958810 21.25975216  9.06602795  6.19348745  1.60542802 18.90354061 14.81798420 12.24648556 11.38177845
[325]  4.71242243 16.67396402 17.30774199  3.88485988 17.91670388 13.94838484 12.61128863  9.72409030 22.30741981
[334] 18.35564504 20.98350476 20.59496342 19.05395398 15.15129423 17.68740974  7.53985450  5.56993611  0.94139342
[343] 14.96153059 19.00951860  5.20696227  1.69953107 21.25708760 20.67769622 11.26289911  7.63377625 14.38840251
[352] 10.18897499 18.14276223 16.51193045 14.75530493 16.29644924 15.25044507  7.75527275 20.14267557 10.23510316
[361] 10.73667021  7.99682595 20.62728959 19.28219031  7.93913992 15.37351590  4.79400794  4.60832569 12.31191537
[370]  8.31468176  5.49160522  4.83787687 18.49141919  2.92242354 15.91234173 18.50405990 12.26166497 10.49205116
[379] 19.34624675 15.46684271 19.85716110  9.37664747 13.26007382 12.13597081 11.41740750 10.23855651 16.94911443
[388]  6.32156225  5.97652996  0.79125371 14.09111050  8.50195854  5.58481448  3.97100231  1.40752796 19.64088940
[397]  0.88629574 14.81136901  9.26633219  1.64783452 19.26831568  4.54547364  2.30299752 10.93164380 10.86257793
[406] 14.26134870 13.57440499 10.76117529 10.46205203 15.98898846  6.37719081 19.05235655 15.97075018 11.71097055
[415] 11.32645113  4.27967251  8.89058070  9.56926375 13.40018570 10.88001358  6.99577363 18.56985066 15.44773981
[424]  9.83488087  4.57792321  3.65254774 13.84800410  9.71113464  7.83983690  6.17558750 15.23177690  4.36189839
[433] 17.34469592  0.25767283 18.23745439  9.54708940  0.21015577 11.31164427  7.27285879  3.35855749 14.46385340
[442] 17.26961917  1.14220038  4.59435360 12.62516852 11.94521705  4.24586813  0.55923813  8.62576896 14.30217688
[451] 13.84586440 16.32403917 15.12128296 10.66838033 16.63165330  8.88599828 12.68057890  5.57512726  4.10248843
[460]  4.07462880  6.47188698  6.52873438 14.70228014  8.55867703  5.75452247  5.55979394  4.55841485  7.32269022
[469]  4.35040282  8.74826495  3.74623025 13.12632386  6.55524597  6.26324111  4.40737815  3.93923147 10.31258846
[478] 14.79506564 10.64941919  9.57945495  5.77669387 14.48120036 13.22922286  2.01903386 10.60864030  9.30812683
[487]  8.97131417  0.55773416 15.35529064 10.47574880  9.83904502  8.38946881 13.83983973 14.74219142  8.73158604
[496]  5.38402199  4.93073974  4.07708721 12.25411572 12.59018221 11.47917100  9.08862338  8.98182523  0.51565271
[505] 13.82971040 10.18109038  9.69685463 14.41261372  8.48874277 13.77546318 13.54111961 10.96506737 13.31639382
[514] 13.20863002 12.56573869  5.96966534  3.61323079 10.09465480 13.90072466 12.47456368  0.66077706  4.62669977
[523]  2.43037371  1.52465469  1.01470989 14.04393148 12.10836196  8.23843007  3.17571696 13.09430056 13.49283605
[532]  9.00825521  2.98293195  2.53617626  7.68321784  5.56710679  8.54482279  7.12784694  8.75660341  2.04736905
[541]  1.36301502  2.03069237 11.09381535  8.43040965 10.42442923  9.11632763  1.83903524  7.69069868 12.47179032
[550]  9.24667121  7.43205318  6.63998287  9.20300523  4.61519668  1.52330470  9.84951835  0.31429040  2.18037219
[559]  2.12458741  9.32901323  9.06069765  8.10803058  0.19935999 11.56915168 11.98876216 11.16545432 10.95485174
[568]  7.74888792  6.82702704  3.84144211  3.63775203  1.57949204  6.21467675 10.56878618  6.95548304 11.08735635
[577]  5.66072461  2.00878287  8.77157172  4.79629606  0.77503615 10.78470102  6.29171853  3.44435131  2.29515372
[586]  2.16898878  8.73232598  0.94373947  6.70666788  1.73080654  0.66647013 10.79462325 10.07124896  6.32186078
[595]  4.24585898  9.75794733  4.12094834  0.87679942  2.55919799  1.54141485  2.98370455  7.72772229  1.78875480
[604]  6.37883918  0.04421285  5.84060053  4.02191734 10.20340058  6.58679595  8.88919598  1.89740690  3.36147989
[613]  8.36499395  1.03927592  5.17465296  9.46383509  3.26231413  1.65905889 10.00317274  4.03765427  3.81084722
[622]  3.72237207  8.41635483  5.63098284  3.46825944  8.42432318  4.92559766  4.24337635  0.82302961  0.69294135
[631]  4.75991174  4.14200642  1.30865456  0.92600430  4.56566062  8.41378304  6.86230706  6.28534448  6.52517816
[640]  5.55352250  2.96576354  6.02838748  5.22336218  0.08606192  7.94625371  8.45298059  5.99936920  2.82058937
[649]  8.01478399  7.16080267  2.32035677  3.77239644  6.40763354  8.52034052  6.17848709  4.39148863  3.58189595
[658]  2.06542764  1.38847225  2.53363310  2.28497665  6.06400091  5.96922858  6.92485083  2.52486306  7.46272928
[667]  7.26828007  4.10535839  2.22080778  2.11703256  2.82601999  5.41189700  4.67926768  4.04693411  5.84218528
[676]  6.51942506  1.46153162  3.68612528  3.46186861  5.88558146  3.25388779  5.09953356  3.53913738  2.32607248
[685]  4.92332585  3.75022894  0.38916619  0.11655125  2.20451549  2.84607495  5.15893785  2.33242064  5.32946309
[694]  3.46362743  1.00551868  4.26865672  3.25974517  1.00526424  1.47278366  1.09142173  1.62837432  2.20161562
[703]  1.70753914  3.86783044  4.49401133  5.11605491  4.06963636  2.57871070  3.17065672  3.45975373  0.11689987
[712]  3.58567821  0.25375993  4.51414391  3.95369458  2.36846523  2.55138335  0.59242058  0.59101766  2.33288362
[721]  0.51133578  0.39150429  3.28529326  0.31823117  3.60055979  1.14916137  1.95271190  2.65542736  1.20463643
[730]  3.35930399  2.22245370  0.75887803  0.66018248  2.01514763  2.60921190  0.42816867  2.57976756  2.45159977
[739]  0.05618010  1.48526990  1.22894586  0.57454943  2.48469559  2.64286962  1.12907413  0.33765781  0.69346620
[748]  2.01442911  1.95380304  0.98282612  1.85230751  1.56568395  1.81703196  0.67749432  0.93497143  1.01829037
[757]  0.86572862

$PAR
  [1]  NA   1   1   3   3   4   4   4   4   5   5   5   5   5  10  15  15  16  16  11  11  11  17  12  12  12  12  12  13
 [30]  13  13  13  13  13  13  13  13  25  25  26  23  23  29  29  29  29  29  21  21  21  21  21  48  48  48  22  22  22
 [59]  22  22  22   8  41  41  18  18  27  27   9   9   9   9  65  62  66  75  40  40  40  40  40  56  56  73  14  14  14
 [88]  14  85  85  85  53  53  82  82  82  82  82  82  82  94  94  94  94  94  94  94  94  86  86  86  86  86  57  54  54
[117]  30  30  30  30  30  64  64  64  92  92  84  84  84 117 117 109 109 109 109 109 109 130 130 130 130 125 125 125 125
[146] 125 125 125 127 127 127  50  50  50  50 149  43  43 115 132 132 132 132 132  68  59  59  59  59 101 101 131 131 133
[175] 133  69  76  76  76 128 128 128 128 128 142 142 142 142 122 180 180 180 180 180 177 177 177 177 177 177  32  32  32
[204] 114 114 114 114 156 156 156 156 134 134 134  70  83  83  83  83  87  87  87 178 178 178 174 174 174 174 170 170 170
[233] 170 170 120 152 152 152 152 152 152 204  71  71  44  44 153 153 153 116 116 185 126 126 175 216 159 159  33 110 110
[262] 110  34 242 242 252 189 263 195 195 195 143  35  35  35 181 181 181 181 259  97 266 255  45  45 257 257 257 150 150
[291] 150 129 129 250 250 250 292 292 281 281 287 297  89  89 293 293 293 144 191 247 247 284 284 251 208 208 294 294 294
[320] 294 256 299 299 299 299 192 253 253  38  55  55  55 193 193 138 138 138 138 333 333 333 333 106 248 248 248 315 146
[349] 146 146 220 220 209 209 209 267 267 267 316 316 226 226 317 317 269 249 249 249 136 310 310 310  51  51 335 254 254
[378] 254 221 221 243 243 304 363 363 363 205 205 205 205 182 182 227 227 227 359 359 123 123 123 139 268 268 381 121 396
[407] 183 183 183 186 186 154 154 154 224 379 273 401 412 412 412 212 212 147 147 147 321 321 321 321 244 244 276 276 305
[436] 305 305 376 373 373 334 435 435 353 329 329 329 329 148 339 339 155 433 433 327 270  79 245 100 100 387 326 354 354
[465] 354 354 354  61  61 237 229 452 452 356 410 410 196 171 375  72  72 380 380 380 423 423 423 423 366 366 366 366 489
[494] 357 357 357 357 357 431 107 166 166 338 338 343 306 306 322 355 494 108 108 482 441 441 441 441 508 351 351 351 450
[523] 272 272 272 406 406 391 391 526 231 231 231 231 519 519 202 202 427 427 427 451 493 151 510 511 280 531 238 238 513
[552] 513 383 514 514 197 232 187 187 457 457 457 445 331 500 206 206 207 207 207 207 207 140 527 527 194 414 414  52 501
[581] 501 385 385 385 385 385 415 438  36 349 240 576 576 576 576 219 219 512 567 567 404 405 592 582 361 454 454 479 479
[610]  80  80 378 409 477 282 386 386 386 608  47 619 619 556 556 556 424 596 332 332 507 480 480 436 436 616 124 124 124
[639] 486 486 399 553 553 553 502 318 318 532 487 487 211 417 168 579 470 470 470 261 646 626 623 562 645 358 568 602 350
[668] 350 666 666 311 439 439 650 538  91  91 589 589 222 222 552 552 552 604 474 474 474 319 655 647 647 663 663 262 675
[697] 675 675 606 606 624 458 458 341 615 691 497 497 241 372 372 367 554 425 635 635 402 402 416 459 674 607 570 570 621
[726] 621 471 678 678 426 517 712 712 710 584  37 612 612 612 730 730 440 300 648 735 279 716 651 403 669 558 558 748 727
[755] 590 618 633

$EXTANT
  [1] FALSE FALSE FALSE FALSE FALSE FALSE FALSE FALSE FALSE FALSE FALSE FALSE FALSE  TRUE FALSE FALSE FALSE FALSE FALSE
 [20] FALSE  TRUE FALSE FALSE FALSE  TRUE FALSE FALSE FALSE FALSE FALSE FALSE FALSE FALSE FALSE  TRUE  TRUE  TRUE FALSE
 [39]  TRUE  TRUE FALSE FALSE  TRUE  TRUE  TRUE FALSE  TRUE FALSE FALSE FALSE  TRUE FALSE FALSE FALSE  TRUE FALSE FALSE
 [58] FALSE  TRUE FALSE FALSE FALSE FALSE FALSE FALSE FALSE FALSE  TRUE FALSE FALSE FALSE  TRUE FALSE FALSE FALSE FALSE
 [77] FALSE FALSE  TRUE FALSE FALSE FALSE  TRUE FALSE FALSE  TRUE  TRUE  TRUE FALSE  TRUE  TRUE FALSE FALSE FALSE FALSE
 [96] FALSE  TRUE  TRUE FALSE  TRUE FALSE FALSE FALSE FALSE FALSE FALSE FALSE  TRUE  TRUE  TRUE FALSE FALSE FALSE  TRUE
[115] FALSE FALSE FALSE FALSE FALSE  TRUE  TRUE FALSE FALSE  TRUE FALSE FALSE  TRUE FALSE  TRUE FALSE  TRUE  TRUE FALSE
[134]  TRUE FALSE FALSE  TRUE  TRUE  TRUE  TRUE FALSE  TRUE  TRUE  TRUE FALSE  TRUE  TRUE  TRUE FALSE FALSE  TRUE  TRUE
[153] FALSE FALSE FALSE  TRUE FALSE FALSE FALSE FALSE FALSE  TRUE  TRUE  TRUE  TRUE  TRUE  TRUE  TRUE  TRUE  TRUE FALSE
[172] FALSE  TRUE FALSE FALSE FALSE  TRUE FALSE FALSE FALSE  TRUE  TRUE FALSE  TRUE FALSE  TRUE  TRUE  TRUE FALSE FALSE
[191] FALSE FALSE FALSE FALSE  TRUE  TRUE  TRUE  TRUE FALSE FALSE  TRUE  TRUE FALSE FALSE  TRUE  TRUE  TRUE FALSE  TRUE
[210] FALSE  TRUE  TRUE FALSE  TRUE FALSE FALSE FALSE  TRUE  TRUE  TRUE FALSE  TRUE FALSE FALSE FALSE FALSE  TRUE  TRUE
[229]  TRUE  TRUE  TRUE  TRUE  TRUE  TRUE  TRUE FALSE FALSE  TRUE  TRUE  TRUE  TRUE  TRUE FALSE  TRUE  TRUE  TRUE  TRUE
[248]  TRUE  TRUE  TRUE FALSE FALSE  TRUE  TRUE FALSE FALSE FALSE FALSE FALSE FALSE  TRUE  TRUE FALSE FALSE FALSE FALSE
[267]  TRUE  TRUE  TRUE  TRUE  TRUE FALSE  TRUE  TRUE  TRUE  TRUE  TRUE  TRUE  TRUE  TRUE  TRUE  TRUE FALSE FALSE FALSE
[286]  TRUE FALSE  TRUE  TRUE FALSE FALSE  TRUE  TRUE  TRUE FALSE  TRUE  TRUE  TRUE  TRUE  TRUE FALSE  TRUE FALSE FALSE
[305]  TRUE  TRUE  TRUE  TRUE FALSE  TRUE  TRUE FALSE FALSE FALSE  TRUE FALSE FALSE  TRUE  TRUE FALSE  TRUE  TRUE  TRUE
[324]  TRUE FALSE FALSE  TRUE  TRUE  TRUE  TRUE FALSE  TRUE  TRUE FALSE FALSE FALSE FALSE FALSE FALSE  TRUE FALSE  TRUE
[343]  TRUE  TRUE  TRUE  TRUE FALSE FALSE  TRUE  TRUE FALSE FALSE  TRUE FALSE  TRUE FALSE  TRUE  TRUE  TRUE  TRUE  TRUE
[362]  TRUE FALSE FALSE  TRUE  TRUE  TRUE  TRUE FALSE FALSE  TRUE  TRUE  TRUE FALSE  TRUE  TRUE  TRUE  TRUE  TRUE  TRUE
[381]  TRUE FALSE FALSE  TRUE FALSE  TRUE  TRUE FALSE  TRUE  TRUE  TRUE  TRUE  TRUE  TRUE  TRUE  TRUE  TRUE  TRUE  TRUE
[400]  TRUE FALSE  TRUE  TRUE  TRUE  TRUE FALSE FALSE  TRUE  TRUE  TRUE  TRUE  TRUE  TRUE  TRUE  TRUE  TRUE  TRUE FALSE
[419]  TRUE  TRUE FALSE  TRUE  TRUE  TRUE  TRUE FALSE  TRUE  TRUE FALSE  TRUE FALSE  TRUE  TRUE  TRUE  TRUE  TRUE  TRUE
[438]  TRUE  TRUE  TRUE  TRUE FALSE  TRUE  TRUE  TRUE FALSE FALSE  TRUE  TRUE FALSE  TRUE  TRUE  TRUE  TRUE  TRUE  TRUE
[457]  TRUE FALSE FALSE  TRUE  TRUE  TRUE FALSE  TRUE  TRUE  TRUE  TRUE  TRUE  TRUE  TRUE  TRUE FALSE  TRUE  TRUE  TRUE
[476]  TRUE  TRUE FALSE FALSE FALSE FALSE FALSE FALSE FALSE  TRUE  TRUE FALSE  TRUE  TRUE FALSE  TRUE  TRUE  TRUE FALSE
[495]  TRUE  TRUE  TRUE FALSE FALSE FALSE  TRUE  TRUE  TRUE  TRUE FALSE  TRUE  TRUE FALSE  TRUE FALSE FALSE  TRUE  TRUE
[514]  TRUE FALSE  TRUE  TRUE  TRUE  TRUE  TRUE  TRUE  TRUE  TRUE  TRUE  TRUE FALSE  TRUE  TRUE  TRUE FALSE  TRUE  TRUE
[533]  TRUE  TRUE  TRUE  TRUE  TRUE  TRUE  TRUE  TRUE  TRUE  TRUE FALSE FALSE FALSE FALSE  TRUE  TRUE  TRUE  TRUE FALSE
[552]  TRUE  TRUE  TRUE  TRUE  TRUE  TRUE  TRUE  TRUE FALSE  TRUE  TRUE  TRUE FALSE  TRUE  TRUE  TRUE  TRUE FALSE  TRUE
[571]  TRUE  TRUE  TRUE  TRUE  TRUE  TRUE  TRUE  TRUE FALSE  TRUE  TRUE  TRUE  TRUE FALSE  TRUE  TRUE  TRUE  TRUE  TRUE
[590]  TRUE  TRUE  TRUE FALSE  TRUE  TRUE FALSE  TRUE  TRUE  TRUE  TRUE  TRUE  TRUE  TRUE  TRUE  TRUE  TRUE  TRUE  TRUE
[609]  TRUE FALSE  TRUE  TRUE  TRUE  TRUE FALSE  TRUE  TRUE  TRUE  TRUE  TRUE  TRUE  TRUE  TRUE  TRUE  TRUE  TRUE  TRUE
[628]  TRUE  TRUE  TRUE  TRUE  TRUE  TRUE  TRUE  TRUE  TRUE  TRUE  TRUE  TRUE  TRUE  TRUE FALSE  TRUE  TRUE  TRUE  TRUE
[647]  TRUE  TRUE  TRUE  TRUE  TRUE  TRUE  TRUE  TRUE  TRUE  TRUE  TRUE  TRUE  TRUE  TRUE  TRUE  TRUE  TRUE  TRUE  TRUE
[666]  TRUE FALSE  TRUE  TRUE  TRUE  TRUE  TRUE  TRUE  TRUE  TRUE  TRUE  TRUE  TRUE FALSE  TRUE  TRUE  TRUE  TRUE  TRUE
[685] FALSE  TRUE  TRUE  TRUE  TRUE  TRUE  TRUE  TRUE FALSE  TRUE  TRUE  TRUE  TRUE  TRUE  TRUE FALSE  TRUE  TRUE  TRUE
[704] FALSE  TRUE  TRUE  TRUE  TRUE  TRUE  TRUE  TRUE  TRUE  TRUE  TRUE  TRUE  TRUE  TRUE  TRUE  TRUE FALSE  TRUE  TRUE
[723]  TRUE  TRUE  TRUE  TRUE  TRUE  TRUE  TRUE  TRUE  TRUE  TRUE  TRUE  TRUE  TRUE  TRUE  TRUE  TRUE  TRUE  TRUE  TRUE
[742]  TRUE  TRUE  TRUE FALSE  TRUE  TRUE  TRUE  TRUE  TRUE  TRUE  TRUE  TRUE  TRUE  TRUE  TRUE  TRUE

