
Birth-death simulation object with 779 species and 500 extant species

Details for some species:

Extinction times (NA means extant)
[1] 37.40214 75.95880 48.45601 56.65377 36.79196       NA


Speciation times 
[1] 98.33767 93.11848 92.32170 70.67289 38.38135 85.86596


Species parents (NA for initial)
[1] NA  1  1  1  1  2


Species status (extinct or extant)
[1] "extinct" "extinct" "extinct" "extinct" "extinct" "extant" 


For more details on vector y, try sim$y, with y one of
TE TS PAR EXTANT



$TE
  [1] 37.40213620 75.95880251 48.45600876 56.65377070 36.79195985          NA 55.06678761 76.44887718 57.75788050
 [10] 20.15199123 50.83507197 33.29082482 14.19659541 47.03568869 38.43906575  2.93133114 15.54248554  1.45580715
 [19]          NA          NA 63.74063589  1.45681697 21.60867549 20.79258653          NA 31.36545370 37.16864209
 [28] 22.73206138          NA  2.25687941          NA 53.44701002 35.56923524 25.26929339          NA          NA
 [37]          NA 68.96308303 47.00014238          NA 66.22241355 21.05406221 61.14385255  4.62262474 10.62726345
 [46]          NA 16.41959990          NA          NA  9.85569403 40.14721199 44.99721976          NA 45.45907149
 [55] 24.08879931          NA          NA 27.51729089 46.69319829 38.56032117 15.92356925  1.60597286 18.55736403
 [64] 45.88617415 27.69408151 46.04595837 50.24484034  6.49354304 11.58843174 52.96965207 37.12661872  7.91571736
 [73]  3.75603752 15.63915360          NA 46.68589576 32.83958328 34.54247374 26.03967501          NA 10.78287036
 [82]  8.08985521  6.72595405 38.04492578 37.12097240          NA 23.15042857  5.51035929          NA 11.46048721
 [91]  5.17693784 31.79024954          NA 41.97893602 39.20960436          NA  4.61100359 20.48476312          NA
[100]  6.01058581          NA          NA 11.19291686          NA  1.99328857          NA 27.85156593          NA
[109] 23.05841593          NA  4.72615842  3.96957288 29.10617578 21.87420428          NA  1.64994659          NA
[118] 43.75541983 33.38140359          NA 11.22067147  6.04979093 21.82093905 28.95431210          NA  0.53753137
[127] 19.06859030          NA 13.87260033 18.65613487          NA          NA 32.47419161          NA          NA
[136] 28.63661747  3.78718421 21.10399247  9.53761211          NA          NA          NA          NA  8.88448346
[145]          NA          NA          NA 17.76837645  6.24260265          NA          NA          NA          NA
[154]          NA 15.29578106          NA          NA          NA          NA 19.69940604          NA 27.66307828
[163]          NA 18.61617610          NA 12.56869580 34.32632769          NA          NA 24.42271726 32.84248872
[172]  1.33668963 17.86016514 10.81775522          NA 11.95056032          NA 17.28960323          NA          NA
[181] 20.03307426 20.54424310 24.54190670          NA 15.32875109          NA          NA          NA          NA
[190]          NA 10.48928058          NA 15.54696310          NA          NA          NA  4.87040962 22.03798242
[199]          NA          NA          NA          NA 23.67588981 19.44843999 18.29682086          NA          NA
[208]          NA          NA 19.89014938 22.94605026          NA          NA          NA  4.68272239          NA
[217]          NA          NA          NA          NA 19.09300153 23.00869933          NA 21.52850687  9.97219503
[226] 17.79103642          NA          NA  9.04691984 11.62869203  1.51980961          NA 15.26422073 19.09369116
[235]          NA          NA          NA          NA  7.34981107  3.56636597          NA          NA  1.03594522
[244] 18.25891012          NA  6.00194448          NA          NA          NA          NA          NA          NA
[253]          NA 14.91418531          NA          NA          NA 18.26400336  0.07290420  6.43081036          NA
[262]          NA 17.98389964 15.72439390          NA          NA          NA          NA 13.27505466          NA
[271]          NA 10.34345961  1.58788037          NA  0.04659690  8.95123730          NA          NA 11.78683680
[280]          NA          NA          NA          NA          NA 24.28348058 15.25552587          NA          NA
[289]          NA          NA 19.60922930  5.43292574 16.35658630          NA  9.89035156          NA          NA
[298] 15.03713277          NA  6.34734449          NA          NA          NA  7.17706442 14.35878011  6.97524726
[307]          NA  8.59182160 11.02811263          NA  1.83250777          NA  9.40733349          NA 14.89504417
[316]  0.48608459          NA  9.28955514          NA 17.62337895          NA          NA 13.37036299 11.90282740
[325]          NA          NA 16.62109437  4.38155138          NA          NA 12.65470124          NA  0.92389375
[334]          NA          NA          NA 14.33114337  6.50194415          NA          NA  1.65421996          NA
[343]          NA  7.21499632  7.90167662 16.84344330          NA          NA  6.06185603  5.26049618          NA
[352]          NA 20.26074109 10.93962557          NA 15.83021369          NA          NA          NA  1.51940497
[361]          NA  1.45106542          NA          NA  4.82714882          NA          NA          NA          NA
[370]          NA          NA 11.59338570          NA  8.82600413          NA          NA          NA  5.53541957
[379]  2.08193354          NA          NA 16.56612790  2.99534418  6.69837469  6.31316641          NA          NA
[388]          NA          NA          NA          NA          NA  7.61130901          NA          NA          NA
[397]          NA          NA  0.26098665          NA  6.95781288          NA          NA          NA 12.31906934
[406]          NA  6.77326828          NA          NA          NA          NA          NA  9.29884342 17.03559587
[415]  1.81438958          NA          NA 14.27806045          NA  8.45153544  0.82660745          NA          NA
[424]  0.90603428          NA          NA          NA          NA  4.07535100  1.38644160          NA          NA
[433]          NA          NA          NA          NA          NA  0.51395414          NA          NA          NA
[442]  1.35075241 10.06742963          NA          NA          NA          NA          NA  8.43675394  5.06577411
[451]          NA          NA          NA          NA          NA          NA          NA  1.10655966          NA
[460]          NA          NA 10.11612048          NA          NA          NA  9.69950263          NA          NA
[469]          NA          NA          NA          NA          NA          NA          NA  8.83749852          NA
[478]          NA          NA          NA          NA  7.46370417          NA          NA 14.05627338          NA
[487]          NA  2.12348976          NA  4.16067645  0.69710102          NA          NA          NA          NA
[496]          NA          NA          NA          NA          NA          NA          NA  0.61654718          NA
[505]          NA          NA          NA          NA          NA          NA  1.16930102          NA          NA
[514] 10.87643129          NA          NA          NA          NA          NA          NA          NA  7.38444970
[523]          NA          NA          NA          NA          NA          NA          NA          NA          NA
[532]          NA          NA          NA          NA          NA          NA  3.85266674          NA          NA
[541] 10.61006526  1.16519702 13.32917086          NA          NA  9.77782396          NA  9.61637582          NA
[550]          NA          NA  1.61650412          NA  0.73773383          NA          NA          NA          NA
[559]          NA  1.47470651          NA  1.93782402          NA  1.58218322          NA          NA          NA
[568]          NA  1.12450472  3.03213241          NA          NA  5.64442469          NA  0.65049527          NA
[577]  9.25027606          NA  8.52856068          NA          NA          NA          NA          NA  4.11631690
[586]          NA  9.98364480          NA          NA          NA          NA          NA          NA  0.34814218
[595]          NA          NA          NA          NA          NA          NA          NA          NA  3.64025012
[604]          NA  1.60243171          NA          NA          NA          NA          NA 10.47899147          NA
[613]  7.50687994          NA          NA          NA  6.06462450          NA          NA          NA  1.68691377
[622]          NA          NA          NA          NA  0.08036472  9.43742889          NA  0.78227364          NA
[631]          NA          NA          NA          NA          NA          NA  1.12897257          NA          NA
[640]          NA          NA          NA          NA  1.20527660          NA          NA          NA          NA
[649]          NA  0.64968683          NA          NA          NA          NA          NA  0.78249629          NA
[658]  1.75316690          NA          NA          NA          NA          NA          NA          NA          NA
[667]          NA          NA          NA          NA          NA  0.18629943          NA          NA          NA
[676]  0.82196824          NA          NA          NA          NA          NA          NA  6.15634377  2.50737188
[685]          NA          NA          NA          NA          NA          NA          NA          NA          NA
[694]  1.98787014          NA          NA          NA          NA          NA          NA          NA          NA
[703]          NA          NA          NA          NA          NA          NA          NA          NA          NA
[712]          NA          NA          NA          NA          NA          NA          NA  2.60610086          NA
[721]          NA          NA          NA          NA          NA          NA          NA          NA          NA
[730]          NA  0.23930060          NA          NA          NA          NA          NA          NA  3.47381924
[739]          NA          NA          NA          NA          NA          NA          NA          NA          NA
[748]          NA          NA          NA          NA          NA          NA          NA          NA          NA
[757]          NA          NA          NA          NA          NA          NA          NA          NA          NA
[766]          NA          NA          NA          NA          NA          NA          NA          NA          NA
[775]          NA          NA          NA          NA          NA

$TS
  [1] 98.33767361 93.11847745 92.32169796 70.67288861 38.38134811 85.86595797 77.66565630 86.84172460 82.29390191
 [10] 57.47924473 66.79111860 57.05374050 55.97689026 54.96012815 38.77702690 36.64985489 21.51011494 18.64470573
 [19]  8.96279067  4.94443025 79.02650051 78.28456672 74.53514285 71.31655790 69.53183236 57.09813980 38.24698798
 [28] 34.01692232 20.94525311 16.65968402 11.81241387 72.67597731 63.93781316 33.16408621 26.90017881 26.51918799
 [37] 25.27744931 71.91551742 57.28313635 53.74132263 70.14946183 66.60074324 61.99408722 30.71547103 23.54357937
 [46] 21.75476367 16.62018396  8.52219566  2.25826753 60.18962030 58.47608222 52.18339759 49.38876503 46.36619539
 [55] 52.39727198 24.50075759 19.25112330 56.59366302 47.53909434 46.72690905 48.83726867 51.63951774 55.70802872
 [64] 52.74752798 49.06654178 51.53935100 50.93345943 45.24226031 42.51542145 54.35364093 39.94121767 38.65675464
 [73] 27.86686928 19.05429234 55.44044002 47.45111198 45.66380068 44.08429352 34.86198353 19.10730584 13.89181655
 [82] 49.73874467 43.38036617 42.31852716 38.33510210 32.51153005 26.56447853 24.00202100 19.12788618 16.37345039
 [91]  6.14293872 40.48853665 29.68310702 45.10721719 46.50266051 16.36498009  8.05533998 21.87345931 18.63052183
[100] 46.58925578 34.72131814 20.73137439 17.50002481  2.88304022 36.50042272 34.46171376 39.93142906 39.16207262
[109] 31.12093413 24.21221968 22.20858930 16.41928607 37.35332987 34.36816598 29.04460001 13.67871604  7.05281320
[118] 44.82047743 42.77108238 40.37738159 22.75155384 37.21562828 34.84126414 43.06954145 20.47344739 37.90841187
[127] 37.39057790 29.05859753 39.64610310 21.70020207 15.33851233 30.31360802 37.97087979 22.86331453 15.55438914
[136] 35.21473246 25.09654695 23.95020737 14.34824913  8.71086694 37.77157820 33.67677848 27.27630905 23.89519100
[145] 17.99731485 15.44813491 33.69578511 31.80625350 19.83380298 13.97238010  8.71874451  4.90945853  1.05459670
[154] 33.57646071 20.91348269  6.47904763  2.33607850 33.76618089 33.75479856 27.55345709 19.63356092 33.04794402
[163] 29.33452315 26.96060499 14.81234383 16.61134130 36.38998156 31.60925190 27.84036543 32.88937269 34.58306843
[172] 30.83015134 29.65915708 19.55150845 19.48878147 19.25644522  1.61238060 21.78203000 14.52904069 10.91380700
[181] 32.89884537 31.03157889 29.20747217 28.94190443 21.53819782 19.32132683 10.98793365  8.40928328 28.88985091
[190]  2.11995195 18.25122435  6.85829562 33.37025701 17.34558872 19.83443462 15.92939327 14.98248988 32.55113048
[199] 27.37589212 23.55327689 15.99393111 31.71369754 26.49466394 27.79281712 27.44219854 21.31322433 23.34643699
[208] 19.55738975 15.65474412 25.95359962 29.90389176 28.30563723 24.24844657 17.16426803 15.42482564 14.77693530
[217]  1.92810273 24.39762945 27.41241810 23.16878325 26.18793301 25.71767953 24.46479849 22.56023334 30.33011692
[226] 25.64837841 25.13024894 15.74563571 12.20861705 11.95523782 21.06352060  6.00623606 24.97921700 19.71042249
[235]  7.64229511  4.41657847  3.01466268 19.12885529 13.31522729 18.47842573 16.87725272 14.18803961 12.45837236
[244] 25.68774486 21.88695339 21.25143998 17.83508933  7.34242353 24.74905561  4.41100578  2.41355034  0.91448610
[253]  0.86395410 19.88729174 11.39398961  6.91302580  5.40376821 19.44985810 27.45825746 18.77504589 17.02697937
[262] 21.10176680 19.24183412 21.90583411  9.04655573  4.58617175 19.42341728 23.70786930 18.89943471 17.74047733
[271]  1.53740749 23.47891709  6.14379546  2.04875157 25.35964365 22.65677375 24.91764141 25.37838321 20.61821061
[280] 24.70965660 21.30985050 13.55675477  1.00670342 18.50251589 24.81477655 24.67732579 19.68028149 17.20075815
[289]  6.69287891  5.66274907 20.10835495  6.40354836 21.28301090 21.00609323 13.75118304 10.14079034 18.81638046
[298] 17.19026536 15.29165183  8.24329979  6.78643493  6.32170111  0.82450343 21.67083239 19.67184260 15.49405150
[307]  0.02529717 22.93865480 21.77035127 16.61383228  4.82662874  0.09211268 17.06682786 13.49790852 23.52557060
[316] 17.06658828  8.29768393 18.10308696  7.17664224 23.08658458 11.05061944  3.75758110 23.29848288 22.11860363
[325] 14.25218429 12.99991290 21.57422210 21.49508600 10.86469772 21.87293597 20.20684868 15.51831896 12.64530831
[334]  9.97179593 20.29822233 19.97461335 14.80366647 21.49613937 12.53714882  9.59953435  3.13634822  2.46164708
[343] 16.50867347 18.42863254 20.96451614 18.79864083 16.42603401 15.64687150 15.57730371 10.26794921  4.72532683
[352]  4.00877194 21.52769970 12.15569140  9.88750476 19.37066447 20.78304531 20.72661094 12.54965096 17.99885264
[361] 17.19671081 16.60781055 17.31495910  7.52336459 18.37652565 11.68394751  3.18434591 16.28685525  5.14184368
[370] 16.83180217 14.58890032 13.86978291 18.40444242 15.94364002 19.80969867 11.77045308  7.62361130 18.09962186
[379] 12.95882303 14.81779673 14.45981214 19.76157129 11.56069252 15.37946211 18.42722683 10.69475544 10.37937858
[388] 10.70201650  2.02611064 13.47135230  8.27372564  1.71382667 17.33803813  9.24083903  5.17885040 16.31968888
[397] 12.50775909 18.00669583 15.13845231 14.59139855 13.75115915  0.88175154  2.51777864 19.24497149 15.59835212
[406] 14.50880085 15.09952092 11.85923816  1.00160115 14.80601073 12.86370656  1.18532053 18.83681286 17.55065082
[415] 15.38089529 17.71208338  9.56309846 16.75206688 18.18572429 10.55780196  8.64750743 11.88829778  2.36685121
[424]  3.60879682 16.24266771 15.73734684  9.26546588 18.37932959  6.31413888 11.56921046  9.11360345 12.96634675
[433]  8.06064250  6.06437818  8.87413313 13.37234206 13.02927091 11.48465179 15.28661761 13.24120536  6.55330996
[442]  6.31066724 17.70232615  3.17358316 11.39296704  1.79732998  2.14672862 17.42406074 16.53653484 16.07743428
[451] 10.18934938  1.03078701 15.34559527 11.91551566 15.11622929  8.07603073  1.88877840 12.30720722  1.14365034
[460]  8.62978754 17.14071416 16.20255670  1.90375101 15.20559698 13.08694063 13.36159450 12.97364859  2.66319047
[469] 15.70084484  4.44342895 12.35725566  8.21033258  0.96078655  0.49079132  5.74487292 11.46238153  8.87071196
[478]  7.54755621 13.42915318  5.51611180 11.72823663  8.37442926  5.00311809 14.48723544 15.06114005  3.15860754
[487]  1.80524943 14.98075378 11.26492465  4.25844811  0.83356255 12.08982155  6.56568423  5.94287034 14.81884234
[496] 14.29415675  7.33132798  5.48599875  3.56496669  1.41529173 13.51738641  9.65997518  3.16050830  1.62808586
[505]  9.98919072  1.66242058  5.65683932 10.86753349  1.37719912  8.53031536  4.86231471 11.77701025 10.97972412
[514] 14.56693527  7.23035909  0.45754375  9.34188066  2.53892279  7.46184335 11.00396859  3.03600881 11.93687192
[523]  8.25378410 10.33843263  7.13301557  6.50689571  5.48249328 10.16738399 14.14004483 13.89326292  6.43606893
[532]  3.19720060  6.82121021 10.69128623 13.15639053 12.75852742 11.16178322  7.28814855  1.80123330 11.91312452
[541] 13.62676733 10.69572557 14.22565437 12.04166176  2.52018198  9.80246618  3.10474902 13.85496757  6.79367253
[550] 13.79339748 10.49069697 12.06232546 11.39562350  4.19673965 11.65588630  8.70191111  7.93053801 12.24002261
[559] 13.11819901 10.66826358  5.33877196 12.35919924 11.27988385  8.82224131  2.78221715  7.35131530  6.47492929
[568]  2.18199385  9.74516435  8.44172984  2.69665434  1.40928097  9.46266602  8.77190093  7.14457762  7.06912090
[577] 11.79591852  7.73686560 12.56350748  8.11609538  3.70974694  1.49989391  0.57886341 12.64406732  9.26893795
[586]  7.95486391 10.78446039  9.81925930  7.84330661  6.90503200 11.16383699  3.81682391  1.31634092  8.37048729
[595]  2.58433154  1.04740594  4.02227570  0.69183188  9.63993019  6.48195784  4.03388745 10.84198319 11.75703678
[604]  2.87484323  4.71717713  3.69679982  2.93716299 10.82332048 10.67688705  4.57583702 10.98799205 10.65350466
[613]  8.75072746  8.50805580  5.68897730  2.44022778  7.69133972  6.31237205  0.67102928  5.84760594  8.02303787
[622]  5.11186687  4.17647203 10.93526995  3.61099597  5.73546221 11.00268560  7.25187603  4.56766089  4.65135013
[631] 10.10828907  4.02955896  0.59770099  7.63444789  7.62618537  3.46426270  1.86649763  1.45243811  8.84570027
[640]  2.56066690  9.50471570  5.53234942  3.86013435  3.17193015  5.29191239  4.25281268  3.29734194  9.98764842
[649]  8.57636397  5.79899648  1.70268920  1.55096757  3.05316752  8.66260506  6.69989049  1.75431051  2.01789653
[658]  3.49568441  0.32113336  2.40704493  6.06930944  1.22133767  6.72224717  5.10723418  6.60917183  4.68802456
[667]  4.43663913  1.20096432  6.67915512  6.61251412  5.76955461  4.88917960  3.01949232  6.30568264  0.17398561
[676]  5.00755071  5.47138685  0.22545423  0.75789272  6.08311042  1.76610004  4.21941312  7.67335776  5.04796079
[685]  7.72894892  2.79376725  3.59851612  3.12630743  5.14621677  6.68578143  0.06084397  6.85831492  5.84023799
[694]  5.23873061  3.96350684  1.39786026  0.02206516  3.60982161  1.11715499  6.87140067  6.31666290  2.43206211
[703]  3.86427756  3.53142171  1.85247511  6.49865834  6.31335933  2.23459446  1.81408662  4.74501609  0.12521538
[712]  5.50204880  1.39816863  4.40940571  5.16316729  1.54151711  4.28651588  2.32674565  5.10978173  0.47672199
[721]  2.82391701  1.60640179  4.86447054  2.91168848  2.62628688  1.21451013  4.45004031  4.01918736  2.46418637
[730]  0.03795186  2.92199283  1.71415958  1.30108565  5.01153233  2.91041795  4.44596239  2.12305384  3.74208445
[739]  1.38074202  1.64729474  4.08960527  4.00681245  2.44712856  2.69378177  2.38715344  3.01038376  2.55104572
[748]  2.89044877  1.20143950  2.65372809  2.15414581  1.83907876  0.34231065  0.23711750  1.43453566  2.05961347
[757]  1.78315444  0.19182284  2.80158033  2.96352625  2.54675910  1.49106712  2.80281943  1.53493769  0.83118162
[766]  0.23420045  1.99891844  1.09108122  0.11534924  0.47299474  1.08871241  0.18921747  1.36895526  0.61773290
[775]  0.94133414  0.45706541  0.51998068  0.41437475  0.65965464

$PAR
  [1]  NA   1   1   1   1   2   2   3   3   3   6   6   6   6   6   6   6   6   6   6   9   9  21  21  22  22  22  22  22
 [30]  22  22   7   7  23  23  23  23  32  32  32  38   4   4  25  25  25  25  25  25  11  11  42  33  33  50  50  50  10
 [59]  10  10  39  26  12  12  12  58  58  58  58  13  13  13  13  13  63  75  75  75  75  75  75  40  40  40  40  40  40
 [88]  40  40  40  40  55  55  52  62  62  62  82  82  53  53  53  53  53  65  65  61  61  61  61  61  61 100 100 100 100
[117] 100  95  77  68  68  78  78  83  83 124 124 124 120 120 120 107 129 129 129 108 108 108 108 108  72  72  72  72  72
[146]  72 126 126 126 126 126 126 126 141 141 141 141 127 127 127 127 113 122 122 122  16 105 105 105 136 123 101 101 101
[175] 101 101 101 106 106 106  28  28 158 158 158 158 158 158 159 159 147 147 142 142 154 154 154 193 193 193 193  34  34
[204] 181 181 181 198  86  86 148 202 202 202 202 202 202 202 168 109 109 182 182 182 182 172  44  44 225 132 132  93  93
[233] 163 163 163 163 163 128 128 115 115 115 115 184 184 184 184 189 212 212 212 212 212  73  73  73 169 204 160 259 259
[262] 219 219 199 199 143 164  35  35  35  35  36  36  36 203 221 210 244 244 226 226 275 275  37 227 227 227 227 227 227
[291] 137 137 277 277 277 277 249 249 249 249 249 280 280 286 286  56  56 218 218 218 218 218 213 213 110 110 110 268 268
[320] 200 200 200  45  45  45  45 315 272 272 207 207 207 207 207 323 323 323 220 220 308 134 134 121 276 324 324 264 245
[349] 245 245 245 245 330 330 330 309  46 304 304 185 185 185  17 338 328 328 206 281 281 246 246 262 231 231 294 345  29
[378] 102 102 358 335 336 336 254 195 149 149 375 375 287 287 287 161 161 161 208 174 175 175 175 175 175 267 356 176 176
[407]  57  57 404 238  89  89  80  74 269 413 413 297 346  18  18  99  99 284 240 240 240 385 385 373 373 428 428 428 365
[436] 419 419 378 398 398 398 398 360 360 145 145 247 416 416 416 416 416 443 443 448 448 448 194 194 393 363 363 363 288
[465] 288 361 214 461 313 316 261 261 241 241 370  30  30 310 449 343  90  96  96 396 368 368 368 425 425 425 425 450 450
[494] 201 374 374 228 228 228 426 469 469 209 209 348 348 332 306 146 215 215 415 384 299 299 299 439 439 464 399 455 407
[523] 407 197 197 488 488 495 165 165 165 410 216 400 514 179 179 179 179 406 381 381 139 139 325 242 529 150 150 372 550
[552] 401 401 116 282 282 501 314 390 390 390 479 479 239 440 535 559 559 465 437 437 437 326 326 326 467 379 379 411 411
[581] 411 411 411 536 536 584 579 359 359 359 339 339 339 397 397 397 243 558 492 492 552 544 522 454 540 540 540 408 408
[610]  31 577 512 376 376 376 376 366 366 555 383 438 438 438 563 489 537 520 513 180 329 608 388 388 542 542 542 542 386
[639] 609 609 560 560 560 560 612 551 387 528 528 296 296 296 505 569 599 599 340 417 417 641 573 517 585 427 394 431 639
[668] 639 564 574 140 140 421 649 649 510 188 188 594 391 391 580 433 433  97 621 578 578 235 377 377 478 364 497 497 515
[697] 515 319 319 256 590 590 692 192 192 549 549 655 670 665 493 441 706 600 156 302 701 442 674 674 273 273 680 680 680
[726] 680 232 620 671 671 475 626 615 290 507 527 645 672 351 666 266 629 727 682 554 741 601 728 352 695 643 581 625 698
[755] 687 499 444 444 503 521 673 237 748 748 104 104 761 737 756 752 681 392 506 722 582 696 459 283 303

$EXTANT
  [1] FALSE FALSE FALSE FALSE FALSE  TRUE FALSE FALSE FALSE FALSE FALSE FALSE FALSE FALSE FALSE FALSE FALSE FALSE  TRUE
 [20]  TRUE FALSE FALSE FALSE FALSE  TRUE FALSE FALSE FALSE  TRUE FALSE  TRUE FALSE FALSE FALSE  TRUE  TRUE  TRUE FALSE
 [39] FALSE  TRUE FALSE FALSE FALSE FALSE FALSE  TRUE FALSE  TRUE  TRUE FALSE FALSE FALSE  TRUE FALSE FALSE  TRUE  TRUE
 [58] FALSE FALSE FALSE FALSE FALSE FALSE FALSE FALSE FALSE FALSE FALSE FALSE FALSE FALSE FALSE FALSE FALSE  TRUE FALSE
 [77] FALSE FALSE FALSE  TRUE FALSE FALSE FALSE FALSE FALSE  TRUE FALSE FALSE  TRUE FALSE FALSE FALSE  TRUE FALSE FALSE
 [96]  TRUE FALSE FALSE  TRUE FALSE  TRUE  TRUE FALSE  TRUE FALSE  TRUE FALSE  TRUE FALSE  TRUE FALSE FALSE FALSE FALSE
[115]  TRUE FALSE  TRUE FALSE FALSE  TRUE FALSE FALSE FALSE FALSE  TRUE FALSE FALSE  TRUE FALSE FALSE  TRUE  TRUE FALSE
[134]  TRUE  TRUE FALSE FALSE FALSE FALSE  TRUE  TRUE  TRUE  TRUE FALSE  TRUE  TRUE  TRUE FALSE FALSE  TRUE  TRUE  TRUE
[153]  TRUE  TRUE FALSE  TRUE  TRUE  TRUE  TRUE FALSE  TRUE FALSE  TRUE FALSE  TRUE FALSE FALSE  TRUE  TRUE FALSE FALSE
[172] FALSE FALSE FALSE  TRUE FALSE  TRUE FALSE  TRUE  TRUE FALSE FALSE FALSE  TRUE FALSE  TRUE  TRUE  TRUE  TRUE  TRUE
[191] FALSE  TRUE FALSE  TRUE  TRUE  TRUE FALSE FALSE  TRUE  TRUE  TRUE  TRUE FALSE FALSE FALSE  TRUE  TRUE  TRUE  TRUE
[210] FALSE FALSE  TRUE  TRUE  TRUE FALSE  TRUE  TRUE  TRUE  TRUE  TRUE FALSE FALSE  TRUE FALSE FALSE FALSE  TRUE  TRUE
[229] FALSE FALSE FALSE  TRUE FALSE FALSE  TRUE  TRUE  TRUE  TRUE FALSE FALSE  TRUE  TRUE FALSE FALSE  TRUE FALSE  TRUE
[248]  TRUE  TRUE  TRUE  TRUE  TRUE  TRUE FALSE  TRUE  TRUE  TRUE FALSE FALSE FALSE  TRUE  TRUE FALSE FALSE  TRUE  TRUE
[267]  TRUE  TRUE FALSE  TRUE  TRUE FALSE FALSE  TRUE FALSE FALSE  TRUE  TRUE FALSE  TRUE  TRUE  TRUE  TRUE  TRUE FALSE
[286] FALSE  TRUE  TRUE  TRUE  TRUE FALSE FALSE FALSE  TRUE FALSE  TRUE  TRUE FALSE  TRUE FALSE  TRUE  TRUE  TRUE FALSE
[305] FALSE FALSE  TRUE FALSE FALSE  TRUE FALSE  TRUE FALSE  TRUE FALSE FALSE  TRUE FALSE  TRUE FALSE  TRUE  TRUE FALSE
[324] FALSE  TRUE  TRUE FALSE FALSE  TRUE  TRUE FALSE  TRUE FALSE  TRUE  TRUE  TRUE FALSE FALSE  TRUE  TRUE FALSE  TRUE
[343]  TRUE FALSE FALSE FALSE  TRUE  TRUE FALSE FALSE  TRUE  TRUE FALSE FALSE  TRUE FALSE  TRUE  TRUE  TRUE FALSE  TRUE
[362] FALSE  TRUE  TRUE FALSE  TRUE  TRUE  TRUE  TRUE  TRUE  TRUE FALSE  TRUE FALSE  TRUE  TRUE  TRUE FALSE FALSE  TRUE
[381]  TRUE FALSE FALSE FALSE FALSE  TRUE  TRUE  TRUE  TRUE  TRUE  TRUE  TRUE FALSE  TRUE  TRUE  TRUE  TRUE  TRUE FALSE
[400]  TRUE FALSE  TRUE  TRUE  TRUE FALSE  TRUE FALSE  TRUE  TRUE  TRUE  TRUE  TRUE FALSE FALSE FALSE  TRUE  TRUE FALSE
[419]  TRUE FALSE FALSE  TRUE  TRUE FALSE  TRUE  TRUE  TRUE  TRUE FALSE FALSE  TRUE  TRUE  TRUE  TRUE  TRUE  TRUE  TRUE
[438] FALSE  TRUE  TRUE  TRUE FALSE FALSE  TRUE  TRUE  TRUE  TRUE  TRUE FALSE FALSE  TRUE  TRUE  TRUE  TRUE  TRUE  TRUE
[457]  TRUE FALSE  TRUE  TRUE  TRUE FALSE  TRUE  TRUE  TRUE FALSE  TRUE  TRUE  TRUE  TRUE  TRUE  TRUE  TRUE  TRUE  TRUE
[476] FALSE  TRUE  TRUE  TRUE  TRUE  TRUE FALSE  TRUE  TRUE FALSE  TRUE  TRUE FALSE  TRUE FALSE FALSE  TRUE  TRUE  TRUE
[495]  TRUE  TRUE  TRUE  TRUE  TRUE  TRUE  TRUE  TRUE FALSE  TRUE  TRUE  TRUE  TRUE  TRUE  TRUE  TRUE FALSE  TRUE  TRUE
[514] FALSE  TRUE  TRUE  TRUE  TRUE  TRUE  TRUE  TRUE FALSE  TRUE  TRUE  TRUE  TRUE  TRUE  TRUE  TRUE  TRUE  TRUE  TRUE
[533]  TRUE  TRUE  TRUE  TRUE  TRUE FALSE  TRUE  TRUE FALSE FALSE FALSE  TRUE  TRUE FALSE  TRUE FALSE  TRUE  TRUE  TRUE
[552] FALSE  TRUE FALSE  TRUE  TRUE  TRUE  TRUE  TRUE FALSE  TRUE FALSE  TRUE FALSE  TRUE  TRUE  TRUE  TRUE FALSE FALSE
[571]  TRUE  TRUE FALSE  TRUE FALSE  TRUE FALSE  TRUE FALSE  TRUE  TRUE  TRUE  TRUE  TRUE FALSE  TRUE FALSE  TRUE  TRUE
[590]  TRUE  TRUE  TRUE  TRUE FALSE  TRUE  TRUE  TRUE  TRUE  TRUE  TRUE  TRUE  TRUE FALSE  TRUE FALSE  TRUE  TRUE  TRUE
[609]  TRUE  TRUE FALSE  TRUE FALSE  TRUE  TRUE  TRUE FALSE  TRUE  TRUE  TRUE FALSE  TRUE  TRUE  TRUE  TRUE FALSE FALSE
[628]  TRUE FALSE  TRUE  TRUE  TRUE  TRUE  TRUE  TRUE  TRUE FALSE  TRUE  TRUE  TRUE  TRUE  TRUE  TRUE FALSE  TRUE  TRUE
[647]  TRUE  TRUE  TRUE FALSE  TRUE  TRUE  TRUE  TRUE  TRUE FALSE  TRUE FALSE  TRUE  TRUE  TRUE  TRUE  TRUE  TRUE  TRUE
[666]  TRUE  TRUE  TRUE  TRUE  TRUE  TRUE FALSE  TRUE  TRUE  TRUE FALSE  TRUE  TRUE  TRUE  TRUE  TRUE  TRUE FALSE FALSE
[685]  TRUE  TRUE  TRUE  TRUE  TRUE  TRUE  TRUE  TRUE  TRUE FALSE  TRUE  TRUE  TRUE  TRUE  TRUE  TRUE  TRUE  TRUE  TRUE
[704]  TRUE  TRUE  TRUE  TRUE  TRUE  TRUE  TRUE  TRUE  TRUE  TRUE  TRUE  TRUE  TRUE  TRUE  TRUE FALSE  TRUE  TRUE  TRUE
[723]  TRUE  TRUE  TRUE  TRUE  TRUE  TRUE  TRUE  TRUE FALSE  TRUE  TRUE  TRUE  TRUE  TRUE  TRUE FALSE  TRUE  TRUE  TRUE
[742]  TRUE  TRUE  TRUE  TRUE  TRUE  TRUE  TRUE  TRUE  TRUE  TRUE  TRUE  TRUE  TRUE  TRUE  TRUE  TRUE  TRUE  TRUE  TRUE
[761]  TRUE  TRUE  TRUE  TRUE  TRUE  TRUE  TRUE  TRUE  TRUE  TRUE  TRUE  TRUE  TRUE  TRUE  TRUE  TRUE  TRUE  TRUE  TRUE

