
Birth-death simulation object with 781 species and 500 extant species

Details for some species:

Extinction times (NA means extant)
[1] 60.64356 59.04596 42.24420 41.55239 47.86204 61.47906


Speciation times 
[1] 86.96281 85.70646 67.41618 63.80417 69.88283 64.80281


Species parents (NA for initial)
[1] NA  1  1  1  2  2


Species status (extinct or extant)
[1] "extinct" "extinct" "extinct" "extinct" "extinct" "extinct"


For more details on vector y, try sim$y, with y one of
TE TS PAR EXTANT



$TE
  [1] 60.6435602 59.0459578 42.2442024 41.5523867 47.8620431 61.4790571 43.4761172 34.9952759 46.0304730 26.2459648 36.5048472 44.7174474
 [13]         NA 40.1222051 40.0879508 42.3091576 33.5743009 56.9459818         NA 52.1947240 30.4595008 20.9156676 22.8170024 33.4662458
 [25] 48.8076552 31.4563857 28.4094617  3.1909578 11.7203212  3.4695506 11.4446596 46.8540693 12.8119874         NA  9.7304910 45.2848161
 [37] 30.0183029 26.8296830 19.4597566 26.3219871 42.2076266 14.5507653 30.3978040  1.8794632  8.8408195 10.4660294  7.7932133         NA
 [49]         NA 29.9064855 14.5489860         NA  7.1376449 31.4517954 29.5218826         NA         NA         NA 36.4472973 37.3233969
 [61]         NA 27.9023330 19.4502573 14.9714849 26.6392881 10.3242910         NA 39.0159705 40.7922300         NA 31.4066693 30.2648573
 [73] 43.4323383 24.1161638         NA 48.1651823 35.1926347  8.8833163 24.6327921         NA  3.5070119         NA 33.8660221 35.6232505
 [85] 45.8040075 40.7459368 43.6516303  9.1619404         NA 16.8905096         NA         NA 37.9339649 16.5288516 16.5141141 39.0206207
 [97] 39.9348759         NA  7.9268328 14.4213690 19.3985257         NA 15.2555953 13.5363113         NA 21.5888288 28.9931483         NA
[109] 17.8725889         NA 12.8323922 17.0848164 35.9216200         NA         NA  9.3005136  0.9171127 37.2599836 12.8543237         NA
[121]         NA         NA 11.8973620         NA         NA         NA 21.2966953         NA         NA  4.0630406 29.4859190         NA
[133] 17.0811783         NA         NA         NA  8.1812294  2.0722956 22.3340829 31.2380418         NA  9.2661819  6.9164901         NA
[145]         NA         NA         NA         NA 19.1166934 25.9461865 24.4293566 29.0535229         NA         NA         NA         NA
[157] 21.0871846  4.6021286  9.5082130         NA         NA         NA 21.3482021         NA         NA         NA 21.3840942         NA
[169]         NA         NA         NA         NA 26.7487077 26.7218280         NA 13.6735745         NA         NA         NA 32.4039030
[181] 29.7336366 27.5354424 30.8282349 27.9324123         NA 20.0776090         NA         NA         NA 17.0338769  0.3101115         NA
[193] 19.5088077 18.8935677 28.9795644 12.6153808         NA         NA         NA         NA 17.3697549         NA         NA         NA
[205]         NA         NA         NA 22.5227165         NA         NA         NA  7.8353634         NA         NA         NA  3.1738457
[217] 23.1309812  7.8472721         NA 21.9436117         NA         NA         NA         NA  2.1486530  2.6064357         NA 15.3714351
[229]         NA         NA         NA         NA         NA         NA         NA         NA  3.4836452 10.1845184  2.6876665  7.4773989
[241]         NA         NA 23.1389984  2.2065443 16.2276266         NA 15.0617862  1.0447710         NA         NA 13.2671099         NA
[253] 10.2551754         NA         NA         NA         NA 19.5519295  4.5937134         NA         NA         NA 28.7732289         NA
[265]  1.9251366         NA         NA         NA         NA         NA         NA         NA         NA 26.5775019         NA         NA
[277]         NA         NA  9.5536751 23.4476918         NA  6.9009557 13.2091478         NA         NA         NA 14.5907946         NA
[289]  8.4068759         NA         NA         NA         NA         NA         NA         NA 15.0980826  3.2291270         NA         NA
[301]         NA  1.7943117 12.4733154         NA         NA  4.8376179         NA 24.1772148         NA  0.5219983 20.2575625         NA
[313]         NA         NA         NA 18.3265326         NA 12.9859975  8.4297943  7.0278749         NA         NA  9.1152200         NA
[325]  5.8221648         NA  0.9718782         NA 13.0731888         NA         NA 15.1549545  1.5615139         NA         NA         NA
[337]  5.8655515         NA         NA         NA 14.6928645         NA  8.8477370         NA         NA 10.6292721         NA         NA
[349]  3.3061856 15.6326567  5.5136693         NA 20.1166444 12.2521178  0.8660858  1.7355574         NA 10.0372886         NA         NA
[361]         NA         NA         NA         NA         NA 11.8023158  0.4449521  4.9972185         NA         NA  8.5030361  1.6893581
[373]         NA 11.4777846         NA  8.7055116  2.8564638         NA         NA  9.5692314 12.2402682         NA 10.0295925  2.1774266
[385]  1.5986888         NA         NA         NA  4.3228850 13.4674381  5.2489865         NA         NA         NA         NA  1.3070223
[397]  3.2620718  2.7825121         NA         NA 10.6938162         NA         NA         NA  0.3101113         NA         NA         NA
[409]         NA         NA  8.5462432         NA         NA  3.2895195         NA  5.9086049         NA 12.9124431 11.2819299         NA
[421] 10.7645951  4.2090111         NA         NA         NA         NA         NA         NA         NA         NA         NA         NA
[433]         NA         NA         NA         NA 11.1772072         NA  5.2255400  3.8474246         NA         NA         NA 12.3708741
[445]  0.6902453  5.7086209         NA         NA  7.5905509         NA  2.6800272         NA 16.5835340         NA         NA         NA
[457]         NA  9.2226498  2.7356433         NA         NA         NA  2.9552232         NA         NA         NA         NA         NA
[469]         NA  1.2241394  2.6234169         NA 11.4148054         NA         NA 15.7279611 15.2640136         NA         NA         NA
[481]         NA  9.0976533         NA  4.0792253         NA  1.5400241         NA         NA  1.1844346         NA         NA         NA
[493]  0.9862231         NA         NA         NA         NA         NA         NA         NA         NA         NA  1.9444559         NA
[505]         NA         NA         NA         NA         NA         NA         NA         NA         NA         NA         NA         NA
[517]  9.4725929         NA         NA         NA  4.6921053         NA         NA  1.6355683  2.6393503         NA         NA         NA
[529]         NA         NA         NA         NA         NA         NA         NA         NA         NA         NA         NA 10.4570373
[541]         NA         NA         NA         NA         NA 10.9876448         NA         NA         NA         NA  0.1971019         NA
[553]         NA         NA         NA         NA         NA         NA         NA         NA         NA         NA         NA  7.1044280
[565]         NA  0.7052085         NA  8.6416358         NA         NA  7.0709379         NA         NA         NA         NA         NA
[577]         NA         NA         NA         NA         NA         NA         NA  4.6459859  1.7486017         NA         NA         NA
[589]  2.2215861         NA         NA         NA         NA  2.7143602  2.4810420         NA         NA         NA         NA         NA
[601]         NA         NA         NA  2.9412400         NA         NA         NA         NA         NA         NA         NA         NA
[613]         NA         NA  8.2748175         NA         NA         NA  3.1865063  3.7530987         NA         NA  1.2502907         NA
[625]  2.3508917         NA         NA         NA         NA  6.1929780         NA         NA         NA         NA         NA         NA
[637]  5.4657273         NA  1.5933427  4.0479162         NA         NA         NA  4.0017215         NA  5.7844125         NA         NA
[649]         NA  7.3295429         NA         NA         NA         NA         NA         NA         NA         NA         NA  8.2245504
[661]         NA  6.8783118         NA         NA         NA         NA         NA         NA         NA         NA  3.3734295         NA
[673]         NA         NA  4.5384541         NA         NA         NA         NA  4.8301246         NA         NA         NA         NA
[685]         NA         NA         NA         NA         NA  0.8921927         NA         NA         NA         NA         NA         NA
[697]         NA         NA         NA         NA         NA         NA         NA  4.4570414         NA         NA         NA         NA
[709]         NA         NA         NA         NA         NA         NA         NA         NA         NA         NA         NA         NA
[721]         NA         NA         NA         NA         NA         NA         NA         NA         NA         NA         NA         NA
[733]         NA         NA         NA         NA         NA         NA         NA         NA         NA         NA         NA         NA
[745]  1.2190386         NA         NA         NA         NA         NA         NA         NA         NA         NA         NA         NA
[757]         NA         NA         NA         NA         NA         NA         NA         NA         NA         NA         NA         NA
[769]  0.9438485         NA         NA         NA  0.1327121         NA         NA         NA         NA         NA         NA         NA
[781]         NA

$TS
  [1] 86.96281446 85.70646018 67.41617781 63.80417218 69.88283026 64.80281006 67.60272242 63.52669481 65.69440672 63.75683983 57.93541591
 [12] 51.74663717 48.94471775 44.47772653 56.06095398 50.73191220 54.93716110 60.04016184 58.71757237 55.31897417 52.25239396 62.19940103
 [23] 62.12714714 54.60943070 50.81070536 48.66532676 43.76714122 31.79011003 30.81469383 41.33320584 60.23082516 49.56985192 39.24026767
 [34] 24.10661798 60.48375550 46.67559879 42.64885443 35.09488712 34.29383096 28.86242321 48.98978268 45.42405546 38.27121900 27.93969364
 [45] 22.43312052 18.16508333 13.93790820 13.74112833 10.21888356 38.04468516 15.22017852 12.19007719 57.09772532 49.95896149 34.50541473
 [56] 32.90301735 32.69770655 27.47038543 40.49459503 40.26151635 32.11485993 31.48753113 21.97792484 21.75296159 45.65528374 44.94030236
 [67] 44.53586849 44.40785696 49.95899021 44.92949511 50.69783582 48.70790055 43.76007646 38.14155494 38.08484993 50.28672067 48.48319733
 [78] 47.27895153 42.77875873 42.70883409 36.77538779 35.62701659 34.79771129 47.48371945 48.72986383 47.49541175 46.31111336 27.12438266
 [89] 26.69031609 23.09920940 13.75663622  3.89320826 44.29339039 30.96735310 47.14791950 41.43416707 44.23911225 43.93959223 38.13344083
[100] 26.68300451 20.04903534 39.95054371 19.63827393 18.42066362 43.64791361 27.38336203 41.77999098 29.92394131 23.58797097 22.76738387
[111] 43.97294099 40.91285868 38.03649169 33.80128266 27.91645482 27.55449996 10.98185328 42.89950497 30.90210371 21.47366966 19.07922496
[122] 17.44886692 14.95781447 38.49535630 39.86706847 20.25543995 35.93321398 31.89293329 25.09626871  7.17348071 41.01824970 28.85501097
[133] 24.34059584 22.17108058 10.65643578 36.15285152 22.77019615  5.17069907 30.05921984 37.68294428 33.46929599 12.71089815  8.26289623
[144]  6.63364649 40.25483219 27.95512593 21.65122786 38.41656168 28.67960579 31.45143921 29.48720344 37.78621513  9.59878256  4.39005214
[155]  1.77643080  0.56788479 37.42241992 29.20343390 20.30493724 17.28751459 14.56144683 13.91935391 25.78272857 23.22306733  3.86897062
[166]  3.02759295 33.82920012 23.50155001 23.43783945 23.20446191 19.85606438  9.15095801 33.42039118 29.30618661 22.28525589 19.07740186
[177] 11.45049292 26.13403726 17.57266384 35.70013444 32.86861049 32.75074813 32.19092813 29.36876393 33.88300228 32.36973257 32.85385643
[188] 34.06329786 10.66904742 31.71208817 15.25046045  8.37644890 32.75414644 31.80403717 33.47432285 21.25917857 16.45898609  3.30433006
[199]  3.20284611 21.58105181 21.02363113 18.29910688  7.54793046  4.79912268  2.88058356  1.23475477  0.79040559 25.02895374  7.53445073
[210]  5.90549279  4.29797980 27.56592620 12.14302456  6.59974355  5.76636214  3.82426831 28.88579552 28.60942582 31.86228744 31.07919058
[221] 29.27385169 13.35064687  8.93411957  1.69390902 23.59963069 30.18490664 30.14588569 21.61732187 19.55233017  0.23614912 26.95369192
[232]  2.87222515 28.92210029 18.10503791 17.08027993 22.88331008 18.65811334 17.22222737 15.56668730  7.68534486  4.07870554 27.87659976
[243] 24.38555640 22.44217693 19.36471294 26.51457127 18.16874037 28.14013303 20.32072164 29.05533646 25.20182359 21.79648385 15.31599216
[254] 27.75305947 17.36410189  3.45649840 22.81461929 25.23931206 25.04033928 22.44683722  4.31816527  2.09367866 29.38873503 24.95747674
[265] 20.25545920 13.24445381  8.86195407 13.63861195  4.83764508 17.31830453 14.90302448  9.96670246  1.64728796 26.59777524 24.49505529
[276] 23.25949864 22.11835047 10.59219111 28.78391340 25.61031354 19.94829453 13.86270448 15.06234267 25.04217571 14.26098136  9.46704554
[287] 22.41121832 21.74147566 16.83914762 15.14520693  7.55129237  3.88507094 24.06081157  8.25095057 10.52508517  4.72806861 24.28808076
[298] 21.88393304  4.58603315 26.27044639 15.84023483 13.25329284 22.08656161  7.96060731  0.71116090 19.96817163 10.74136216 25.75091455
[309] 10.16670477 22.27467853 21.67951904 16.88952433 10.70768064  3.67059669  0.04271849 18.98722058  0.54605926 22.28767619  9.38770251
[320]  9.32994879  8.00881821 18.77247517 13.11264895 10.69790330  9.94409798  0.28969356  9.97301768 24.61860569 18.84551429  4.06427502
[331] 23.51219682 22.84541635 15.84344794  8.17115910  4.51468704 16.77747462 15.92726029 12.44536089  1.86009634 20.96278916 17.02477262
[342] 15.88054889 10.14866977  7.72775795  6.12300097 22.34940960 13.56572234 11.93621898  3.49587002 20.72154226 15.65852287 10.50708394
[353] 22.05938347 21.19452922 14.12579715 13.49612300  2.18366757 22.38423314 19.58200194 17.79180347 16.50522000 20.71580414  0.11029866
[364]  6.85961688  1.05724899 19.95317911  8.63100125 14.16876410 12.03417196 14.36618511 17.89595340 17.68527292  9.45739349 18.59836370
[375] 22.49279354  9.48528827 16.45792619  4.43602948 13.91152064 12.91415603 19.28312517 16.43117857 18.32980785 16.56896139 22.15360480
[386] 18.94101484  2.53357852  1.72533030 14.96797180 13.51765703 10.06294941 10.48175801  9.49921802  7.55128018 16.75440398  9.73960700
[397]  6.89306784 17.44340698 14.34844939 21.14063686 20.75474530 14.68906152  3.96217978  4.50858754  2.76794596 15.28533161  5.89301570
[408]  4.48769579  1.64455178  6.10606962 19.27614516 16.23838962 10.98107525 16.39874684 14.92900278 13.89933155  1.52093341 18.94818763
[419] 20.39085381  9.84602387 15.45958886 16.18616339  6.36543204  5.49022559 13.78472572  8.71919851  2.41465742 19.52156993 14.44036386
[430] 14.81704105 12.23777401  8.05593682  5.37014463 16.14364476  6.52984705  9.98940782 14.25391561 13.69427613 16.83271809 11.17305370
[441] 17.90005794 17.31375190  8.05297436 15.10748426  8.93964855 15.04131664 14.37139864  6.95501464 17.63209467 10.88824812 15.65828531
[452] 14.05161148 17.37931560 13.74429541  9.76356364  9.81721810 13.88968836 11.54380238 16.55333123 15.83942861 15.42482051 15.32090722
[463]  4.21963460  5.61856115  4.13490240 14.75110750  9.81164164  0.47678492 16.66814781 13.27644257  6.05596688  3.06331220 15.14113855
[474] 16.43816016  3.05151368 16.54933342 15.71274838 14.88799662  3.29079336 15.44645234 11.10638366 11.25900749  7.19801811  4.90099587
[485]  0.92122003 10.10902297  9.10604442 10.94237769  7.03309065  2.53759037  6.17699200  3.63716281  7.75479942  9.33416225 15.48950897
[496] 10.13714172  3.71268091  5.76256076 11.59909848  6.35482058  4.10996152  5.02123408  4.12788627  0.17301704 10.15083010  0.61543226
[507]  9.65967683  8.98047215  6.64182867 13.65505437  8.09737595  6.33922638  3.87827550 13.26495124 12.36348932 12.21455945 11.95241171
[518]  7.90743599 13.25584395  0.46083694 13.27644490  3.86574076  2.37931484 12.60251996  4.15539085  0.80866944  1.73786011  3.29976868
[529]  9.55848395  4.91154956  3.91396465  2.31676368  4.94170273  0.88022624  9.48251636  2.83875129  1.28332146  8.01689808  6.51793771
[540] 11.04190835  1.49484344  9.78084636  3.50649296  8.06694467  5.52625421 13.88576472  8.26279169  3.64651562  8.66158592 12.63669334
[551] 11.89092075  4.68781412  0.22082242  6.13350070  2.60248791  0.17178508  7.41887936  4.50935027  0.23846883 12.07415531 11.79046932
[562]  9.45785727  3.67497045 12.15678992 10.41725465  7.95531239  4.77443511  8.76038288  7.81078956  3.71024967  9.91323456  7.14951814
[573] 12.48203969  9.38625931  3.13608794 10.95155871  3.12775931  5.56831425  0.57998908 10.50594029  0.46876668  9.97010210  6.31302779
[584]  8.43680725 10.23166951  8.01120462  5.23141962  2.25999966  7.48402919  7.91713752  4.51733357  7.65584389  5.92839816 10.78007826
[595]  7.97797529  7.18033759  2.97791125 10.36738977  9.37180369  8.67781236 10.77281424  2.84091683  9.08473289  8.00640370  6.38962993
[606]  5.60375311  3.63227064  0.15358587  2.27235775  9.60769269  8.76013461  9.66804213  1.61965084  2.81843971 10.00983674  7.39611432
[617]  9.38099946  1.61995970  4.39323696  5.39578721  2.57525389  9.39890060  5.19437795  3.33024845  6.87755906  4.89770954  2.86155185
[628]  1.78098522  0.04366554  9.05784247  6.34864269  0.07411967  8.28707184  4.55700235  2.79126151  9.01321592  9.45796139  8.94356960
[639]  2.61105663  9.29573250  8.26897056  2.44080724  7.70418213  5.77511567  7.13281120  7.51010227  5.80008250  1.41142836  3.81671179
[650]  7.88900018  6.58659986  4.44055620  0.63287407  7.14447428  3.15292944  7.19988666  1.11286684  1.05616807  5.76903873  8.56048391
[661]  7.23584879  7.70449844  0.05890034  1.92362001  5.58336416  7.78248051  6.07890450  5.58970405  3.58574492  1.19174976  4.89272745
[672]  2.43646601  4.85005773  6.52642380  5.75752656  3.10134074  2.31370807  6.40397010  2.83037554  4.99991250  1.05095363  6.21484560
[683]  6.65031977  0.68764348  6.08342555  5.20449804  2.11627893  2.92251541  5.76579042  5.59094352  1.65858802  5.41271614  7.08149995
[694]  2.70655738  1.21477073  4.94111855  1.49974928  5.98729180  6.09397022  4.20543011  2.57531941  1.62635667  2.88304210  6.25596193
[705]  0.57664248  1.39646032  1.04115819  4.18907184  1.88511107  1.59011151  3.22180549  3.86115612  0.55665495  0.72486006  2.69405466
[716]  1.51771773  5.39777660  5.13267362  3.60437752  0.57991724  1.81679956  0.17072189  5.06703811  3.06325759  3.27366254  3.73002653
[727]  0.68943719  4.11176481  4.77035744  4.36231920  2.75257623  3.33520512  1.65425915  1.68909936  4.89313140  0.06631200  4.56070795
[738]  1.11640322  2.61449436  3.17390296  1.72551027  2.34841514  2.54801812  1.18690263  2.41949964  2.44060965  1.94315930  1.04367796
[749]  0.21702586  1.35135954  1.66088157  2.49236979  2.29923434  2.87827203  1.86374589  1.36752230  0.94521323  0.17385250  0.21852383
[760]  1.72880437  1.45624300  2.30441532  1.85827133  1.74094715  1.87856005  0.97324897  0.58022171  0.63866823  1.48134851  0.92313554
[771]  1.30517994  0.25508050  0.31627550  0.09854698  0.52041731  0.12866662  0.42308610  1.00183210  0.54207800  0.27862427  0.10995055

$PAR
  [1]  NA   1   1   1   2   2   5   5   7   7   7   7   7   7   3   3   9   4   4   4   4  10  10  10  10  10  10  10  10   8  22  22  22
 [34]  22  23  23  23  23  23  23  35  35  35  35  35  35  35  35  35  31  31  31  19  19  19  19  19  19  53  53  53  53  53  53  15  15
 [67]  15  15  17  24  21  21  21  21  21  25  16  16  71  71  71  54  54  32  13  13  13  13  13  13  13  13  72  72  26  26  84  78  78
[100]  78  78  95  95  95  65  65  42  66  66  66  70  70  70  70  70  70  70  67  67  67  67  67  67  93 111 111  98  98  98  98 105 105
[133] 105 105 105  80  80  80  37 107 107  30  30  30 112 112 112  59 145 102 102 125 125 125 125 125  33  33  33  33  33  33 124 124 124
[166] 124 148 148 148 148 148 148  43  99  99  99  99  75  75 152 152 152 152 152 140 140 157  81  81 136 136 136 127  55  39  39 188 188
[199] 188 185 185 185 185 185 185 185 185 114 114 114 114 141 141 141 141 141 173 173 181 181 187 187 187 187 193 182 182  57  57  57 186
[232]  61 128 128 128 219 219 219  28  28  28 190 190 190 190 150  94  29  29 226 226 226 226 227 227 227 139 108 108 108 108 108 151 151
[265] 221 221 221 158 158 250 250 250 250 233 233 233 233 233 217 217 132 132 279 218 218 218 248 248 248 248 248 248 146 146  44  44 115
[298] 115 115 242 242 242 254 254 254 212 212 116 116  58  58  58  58  58  58  88 231  89  89  89  89 246 246 246 246 246 300 178 178 178
[331] 280 251 129 129 129 284 259 264 264 275 275 275 275 275 275 133  34  34  34 293 293 293 225 225 225 225 225 109 331 331 331 168 168
[364] 169 169 276 276 164 164 170  90  90 236 332 137 137 375 375 260 244 287 287 175 175 310 310 310 310 134 134 134 385 385 385 277 277
[397] 277 303 303 298 298 298 298 252 252 147 147 147 147 120 196 354 400 340 340 340 340 401 362 249 159 265 265 265 126 126 126 306 306
[430] 366 281 281 171 103 229 428 381 381 411 411 121 121 121 176 386 329 322 322 237 237 104 202 247 441 441 371 360 372 449 449 179 122
[463] 398 255 255 270 270 160 235 235 235 235 289 336 395 469 384 384 384 459 459 197 197 377 474 382 414 412 412 412 422 434 337 342 333
[496] 333 333 460 351 351 239 495 480 461 462 462 406 406 406 191 191 290 290 473 446 446 446 446 123 415 478 478 478 430 430 430 466 402
[529] 429 429 429 429 447 370 399 399 399 285 368 355 355 452 162 379 379 457 457 457 282 425  91  48  48 438 510 510 268 268 268 347 356
[562] 356 356 470 470 470 470 302 302 302 266 266 323 550 550 524 524 573 573 338 515 431 431 516  52 564 213 213 560 369 369 348 348 551
[595] 561 499 499 177 177 440 540 413 576 488 450 601 601 601 307 313 313 189 189 135 295 295 352 565 598 505 505 496 496 496 327 582 272
[628] 272 272 456 456 456 467 542 542 612 507 507 507 153 153 393 535 535 637 562 373 373 622 574 574 494 487 603 603 508 508 508 638 223
[661] 223 267 611 426 584 192 192 633 633 641 294 334 432 443 443 443 443 538 538 604 304 566 590 590 518 666 344 643 592 592 592 291 203
[694] 203 203 209 661 483 596 654 645 144 651 435 435 539 539 605 605 423 500 512 512 583 682 682 491 554 410 699 698 698 644 215 689 606
[727] 606 578 424 692 686 718 718 723 680 626 735 735 673 729 296 737 558 261 708 403  92 649 649 548 607 528 528 725 725 577 676 472 602
[760] 679 635 694 387 746 745 427 262 747 763 628 273 702 716 541 756 537 365 658 707 775 504

$EXTANT
  [1] FALSE FALSE FALSE FALSE FALSE FALSE FALSE FALSE FALSE FALSE FALSE FALSE  TRUE FALSE FALSE FALSE FALSE FALSE  TRUE FALSE FALSE FALSE
 [23] FALSE FALSE FALSE FALSE FALSE FALSE FALSE FALSE FALSE FALSE FALSE  TRUE FALSE FALSE FALSE FALSE FALSE FALSE FALSE FALSE FALSE FALSE
 [45] FALSE FALSE FALSE  TRUE  TRUE FALSE FALSE  TRUE FALSE FALSE FALSE  TRUE  TRUE  TRUE FALSE FALSE  TRUE FALSE FALSE FALSE FALSE FALSE
 [67]  TRUE FALSE FALSE  TRUE FALSE FALSE FALSE FALSE  TRUE FALSE FALSE FALSE FALSE  TRUE FALSE  TRUE FALSE FALSE FALSE FALSE FALSE FALSE
 [89]  TRUE FALSE  TRUE  TRUE FALSE FALSE FALSE FALSE FALSE  TRUE FALSE FALSE FALSE  TRUE FALSE FALSE  TRUE FALSE FALSE  TRUE FALSE  TRUE
[111] FALSE FALSE FALSE  TRUE  TRUE FALSE FALSE FALSE FALSE  TRUE  TRUE  TRUE FALSE  TRUE  TRUE  TRUE FALSE  TRUE  TRUE FALSE FALSE  TRUE
[133] FALSE  TRUE  TRUE  TRUE FALSE FALSE FALSE FALSE  TRUE FALSE FALSE  TRUE  TRUE  TRUE  TRUE  TRUE FALSE FALSE FALSE FALSE  TRUE  TRUE
[155]  TRUE  TRUE FALSE FALSE FALSE  TRUE  TRUE  TRUE FALSE  TRUE  TRUE  TRUE FALSE  TRUE  TRUE  TRUE  TRUE  TRUE FALSE FALSE  TRUE FALSE
[177]  TRUE  TRUE  TRUE FALSE FALSE FALSE FALSE FALSE  TRUE FALSE  TRUE  TRUE  TRUE FALSE FALSE  TRUE FALSE FALSE FALSE FALSE  TRUE  TRUE
[199]  TRUE  TRUE FALSE  TRUE  TRUE  TRUE  TRUE  TRUE  TRUE FALSE  TRUE  TRUE  TRUE FALSE  TRUE  TRUE  TRUE FALSE FALSE FALSE  TRUE FALSE
[221]  TRUE  TRUE  TRUE  TRUE FALSE FALSE  TRUE FALSE  TRUE  TRUE  TRUE  TRUE  TRUE  TRUE  TRUE  TRUE FALSE FALSE FALSE FALSE  TRUE  TRUE
[243] FALSE FALSE FALSE  TRUE FALSE FALSE  TRUE  TRUE FALSE  TRUE FALSE  TRUE  TRUE  TRUE  TRUE FALSE FALSE  TRUE  TRUE  TRUE FALSE  TRUE
[265] FALSE  TRUE  TRUE  TRUE  TRUE  TRUE  TRUE  TRUE  TRUE FALSE  TRUE  TRUE  TRUE  TRUE FALSE FALSE  TRUE FALSE FALSE  TRUE  TRUE  TRUE
[287] FALSE  TRUE FALSE  TRUE  TRUE  TRUE  TRUE  TRUE  TRUE  TRUE FALSE FALSE  TRUE  TRUE  TRUE FALSE FALSE  TRUE  TRUE FALSE  TRUE FALSE
[309]  TRUE FALSE FALSE  TRUE  TRUE  TRUE  TRUE FALSE  TRUE FALSE FALSE FALSE  TRUE  TRUE FALSE  TRUE FALSE  TRUE FALSE  TRUE FALSE  TRUE
[331]  TRUE FALSE FALSE  TRUE  TRUE  TRUE FALSE  TRUE  TRUE  TRUE FALSE  TRUE FALSE  TRUE  TRUE FALSE  TRUE  TRUE FALSE FALSE FALSE  TRUE
[353] FALSE FALSE FALSE FALSE  TRUE FALSE  TRUE  TRUE  TRUE  TRUE  TRUE  TRUE  TRUE FALSE FALSE FALSE  TRUE  TRUE FALSE FALSE  TRUE FALSE
[375]  TRUE FALSE FALSE  TRUE  TRUE FALSE FALSE  TRUE FALSE FALSE FALSE  TRUE  TRUE  TRUE FALSE FALSE FALSE  TRUE  TRUE  TRUE  TRUE FALSE
[397] FALSE FALSE  TRUE  TRUE FALSE  TRUE  TRUE  TRUE FALSE  TRUE  TRUE  TRUE  TRUE  TRUE FALSE  TRUE  TRUE FALSE  TRUE FALSE  TRUE FALSE
[419] FALSE  TRUE FALSE FALSE  TRUE  TRUE  TRUE  TRUE  TRUE  TRUE  TRUE  TRUE  TRUE  TRUE  TRUE  TRUE  TRUE  TRUE FALSE  TRUE FALSE FALSE
[441]  TRUE  TRUE  TRUE FALSE FALSE FALSE  TRUE  TRUE FALSE  TRUE FALSE  TRUE FALSE  TRUE  TRUE  TRUE  TRUE FALSE FALSE  TRUE  TRUE  TRUE
[463] FALSE  TRUE  TRUE  TRUE  TRUE  TRUE  TRUE FALSE FALSE  TRUE FALSE  TRUE  TRUE FALSE FALSE  TRUE  TRUE  TRUE  TRUE FALSE  TRUE FALSE
[485]  TRUE FALSE  TRUE  TRUE FALSE  TRUE  TRUE  TRUE FALSE  TRUE  TRUE  TRUE  TRUE  TRUE  TRUE  TRUE  TRUE  TRUE FALSE  TRUE  TRUE  TRUE
[507]  TRUE  TRUE  TRUE  TRUE  TRUE  TRUE  TRUE  TRUE  TRUE  TRUE FALSE  TRUE  TRUE  TRUE FALSE  TRUE  TRUE FALSE FALSE  TRUE  TRUE  TRUE
[529]  TRUE  TRUE  TRUE  TRUE  TRUE  TRUE  TRUE  TRUE  TRUE  TRUE  TRUE FALSE  TRUE  TRUE  TRUE  TRUE  TRUE FALSE  TRUE  TRUE  TRUE  TRUE
[551] FALSE  TRUE  TRUE  TRUE  TRUE  TRUE  TRUE  TRUE  TRUE  TRUE  TRUE  TRUE  TRUE FALSE  TRUE FALSE  TRUE FALSE  TRUE  TRUE FALSE  TRUE
[573]  TRUE  TRUE  TRUE  TRUE  TRUE  TRUE  TRUE  TRUE  TRUE  TRUE  TRUE FALSE FALSE  TRUE  TRUE  TRUE FALSE  TRUE  TRUE  TRUE  TRUE FALSE
[595] FALSE  TRUE  TRUE  TRUE  TRUE  TRUE  TRUE  TRUE  TRUE FALSE  TRUE  TRUE  TRUE  TRUE  TRUE  TRUE  TRUE  TRUE  TRUE  TRUE FALSE  TRUE
[617]  TRUE  TRUE FALSE FALSE  TRUE  TRUE FALSE  TRUE FALSE  TRUE  TRUE  TRUE  TRUE FALSE  TRUE  TRUE  TRUE  TRUE  TRUE  TRUE FALSE  TRUE
[639] FALSE FALSE  TRUE  TRUE  TRUE FALSE  TRUE FALSE  TRUE  TRUE  TRUE FALSE  TRUE  TRUE  TRUE  TRUE  TRUE  TRUE  TRUE  TRUE  TRUE FALSE
[661]  TRUE FALSE  TRUE  TRUE  TRUE  TRUE  TRUE  TRUE  TRUE  TRUE FALSE  TRUE  TRUE  TRUE FALSE  TRUE  TRUE  TRUE  TRUE FALSE  TRUE  TRUE
[683]  TRUE  TRUE  TRUE  TRUE  TRUE  TRUE  TRUE FALSE  TRUE  TRUE  TRUE  TRUE  TRUE  TRUE  TRUE  TRUE  TRUE  TRUE  TRUE  TRUE  TRUE FALSE
[705]  TRUE  TRUE  TRUE  TRUE  TRUE  TRUE  TRUE  TRUE  TRUE  TRUE  TRUE  TRUE  TRUE  TRUE  TRUE  TRUE  TRUE  TRUE  TRUE  TRUE  TRUE  TRUE
[727]  TRUE  TRUE  TRUE  TRUE  TRUE  TRUE  TRUE  TRUE  TRUE  TRUE  TRUE  TRUE  TRUE  TRUE  TRUE  TRUE  TRUE  TRUE FALSE  TRUE  TRUE  TRUE
[749]  TRUE  TRUE  TRUE  TRUE  TRUE  TRUE  TRUE  TRUE  TRUE  TRUE  TRUE  TRUE  TRUE  TRUE  TRUE  TRUE  TRUE  TRUE  TRUE  TRUE FALSE  TRUE
[771]  TRUE  TRUE FALSE  TRUE  TRUE  TRUE  TRUE  TRUE  TRUE  TRUE  TRUE

