
Birth-death simulation object with 714 species and 500 extant species

Details for some species:

Extinction times (NA means extant)
[1] 75.97877 43.07789 58.32195 37.40169 42.55613       NA


Speciation times 
[1] 80.28534 76.74785 71.55865 55.64663 43.63113 70.71895


Species parents (NA for initial)
[1] NA  1  2  2  2  3


Species status (extinct or extant)
[1] "extinct" "extinct" "extinct" "extinct" "extinct" "extant" 


For more details on vector y, try sim$y, with y one of
TE TS PAR EXTANT



$TE
  [1] 75.978772497 43.077887447 58.321949700 37.401693972 42.556129361           NA 59.172982249           NA
  [9] 19.046569431 27.360606306 32.550854627           NA 41.253759687 21.926646773  4.894330249 22.697187147
 [17]           NA 51.627435568 50.247151175 26.045244980 10.242361440           NA           NA           NA
 [25] 43.549337474  3.255614920           NA 19.242774482 42.301227161 17.421749464           NA 50.095064871
 [33] 12.035251924           NA           NA           NA  0.163532146 41.079347145           NA  8.220866810
 [41]           NA 39.278698608           NA  0.214300329 34.072045833 12.624161351 21.246006693           NA
 [49]  8.558479422 17.193922159           NA           NA  5.741261436 31.904500834           NA 29.744565951
 [57]           NA  5.175337756           NA           NA           NA           NA           NA           NA
 [65]           NA 16.037491747  2.076164477 14.528017836  9.650978507 15.838833386 35.576515867           NA
 [73] 10.756163496 15.124451223           NA 14.946553784 32.166872364 12.286851843  9.159937526           NA
 [81]           NA  0.329707711 14.201860879           NA 30.135230353           NA           NA           NA
 [89]           NA  7.642788119           NA           NA           NA           NA  5.723574093           NA
 [97] 11.133528909           NA 23.066226195 18.058772977  8.094628207           NA           NA           NA
[105]           NA           NA  1.457316171  2.219999126 12.798123818  0.368168901           NA 10.311328310
[113]           NA           NA           NA           NA           NA  1.546950341           NA           NA
[121]  8.835060869           NA           NA           NA  6.886703034  6.185015721           NA           NA
[129]           NA           NA  1.716264938           NA 24.767078915           NA           NA  4.056923157
[137]  3.492130186 24.761338456  4.266108887  2.716427647           NA           NA           NA 12.086633964
[145]  6.422098218           NA           NA           NA           NA  6.308310420           NA           NA
[153]           NA 14.832732919           NA           NA           NA           NA           NA 15.809450257
[161] 28.793203464  5.876210037           NA  0.322102467           NA           NA           NA           NA
[169]           NA           NA           NA           NA           NA  9.640188202 22.730618077  8.544631848
[177]           NA           NA  9.202370818           NA           NA           NA  9.326896490           NA
[185]           NA  2.696905110           NA           NA           NA 25.762235796           NA           NA
[193] 27.494888101           NA           NA 16.006533847  8.792866619           NA           NA           NA
[201]           NA           NA           NA           NA  1.570506251           NA 19.665828973  9.057281603
[209]           NA  1.779676385 19.811076347           NA           NA           NA           NA           NA
[217]           NA           NA 13.507482040 14.834411764           NA           NA 10.935767514           NA
[225]           NA           NA           NA  0.127239676           NA  0.939115515           NA 14.466657907
[233]  4.266102504           NA  4.253291169  2.819898585           NA           NA  6.561795029 10.511369758
[241]  3.258118323  0.475749172  0.140329386 16.708861498           NA           NA  5.532506849           NA
[249]           NA           NA  4.301798597           NA           NA           NA           NA           NA
[257]  2.745748698           NA 10.330424794           NA           NA           NA           NA 17.748446728
[265]           NA 18.540424734           NA           NA  8.832010202           NA           NA           NA
[273]           NA           NA           NA           NA 12.745693440           NA  2.484923107 17.396616054
[281]           NA           NA  3.865652840           NA           NA           NA  7.281828914  1.049753460
[289]  9.491555241  7.783709534           NA           NA           NA 17.395402255           NA           NA
[297]           NA           NA  2.642026549           NA 10.853322497           NA 12.412558844 14.739436770
[305]           NA           NA           NA           NA  1.926918467           NA           NA           NA
[313]  6.920616445  3.016560534           NA           NA           NA           NA           NA           NA
[321] 11.478212658 10.143148218           NA           NA  1.806683946           NA  3.610277385           NA
[329] 14.096874446           NA           NA           NA  2.583812781           NA           NA           NA
[337]  3.210588694           NA           NA           NA           NA           NA           NA  4.838021687
[345] 10.794672061  4.118272225           NA  1.869749845           NA           NA  4.261339400 10.440127829
[353]           NA           NA           NA           NA           NA           NA           NA           NA
[361]  8.215320028           NA  2.196191531  2.708183299 17.544344314           NA           NA 11.234851687
[369] 11.073899146           NA           NA  3.500838498           NA  1.506489317  3.044811673           NA
[377]           NA           NA           NA           NA           NA           NA           NA  8.371384454
[385]           NA           NA           NA           NA           NA  1.317816248  2.017284645           NA
[393]           NA           NA           NA           NA           NA           NA 10.007341560  6.537718624
[401]           NA           NA           NA           NA  3.571545319           NA           NA           NA
[409]  0.008126678  0.393178900  5.536742634           NA           NA           NA           NA           NA
[417]           NA           NA           NA           NA           NA           NA           NA  3.905611931
[425]           NA  2.597619930           NA  0.463361355           NA           NA           NA  3.995822321
[433]           NA  3.178124068  3.581896427           NA           NA           NA           NA           NA
[441]  0.619294845           NA           NA           NA           NA  4.112644990           NA           NA
[449]           NA           NA           NA  8.185003093           NA           NA           NA  2.412227596
[457]           NA           NA           NA           NA           NA           NA           NA           NA
[465]  6.644470863           NA           NA           NA           NA           NA           NA           NA
[473]           NA           NA           NA  1.936683005           NA           NA           NA           NA
[481]           NA  0.367341579           NA  0.787094580           NA           NA           NA           NA
[489]           NA           NA           NA           NA           NA           NA           NA           NA
[497]           NA           NA           NA           NA           NA  3.920327977           NA  1.024557599
[505]           NA           NA           NA           NA           NA           NA  1.545567543           NA
[513]           NA           NA           NA 11.124333328           NA           NA  1.057825117           NA
[521]           NA           NA  2.577461357           NA           NA           NA           NA           NA
[529]           NA           NA  5.986952463           NA           NA           NA  3.707279435           NA
[537]           NA           NA           NA           NA           NA           NA  1.115964714           NA
[545]  0.551017990           NA           NA           NA           NA           NA           NA           NA
[553]           NA           NA  3.201365188           NA  2.058977620           NA           NA           NA
[561]  3.665802731           NA  4.714386856           NA           NA           NA           NA           NA
[569]           NA           NA           NA           NA  3.498508397           NA           NA           NA
[577]           NA  2.188933546           NA           NA  6.438919835           NA           NA           NA
[585]           NA           NA           NA           NA  2.056858271  5.131057703           NA           NA
[593]           NA           NA           NA  1.042353219  0.747672801  8.130963724           NA           NA
[601]           NA           NA           NA           NA           NA           NA           NA           NA
[609]           NA  2.814792627  4.385296056           NA  3.138994993           NA           NA           NA
[617]           NA           NA           NA           NA  0.948372126           NA           NA           NA
[625]           NA           NA           NA           NA           NA           NA           NA           NA
[633]           NA           NA           NA           NA           NA           NA           NA           NA
[641]  1.857634780           NA           NA           NA           NA           NA           NA           NA
[649]           NA           NA           NA           NA           NA           NA           NA           NA
[657]           NA  0.278097883  0.500329431           NA  3.223482472           NA           NA           NA
[665]           NA           NA  1.638991123           NA           NA           NA           NA           NA
[673]  4.395748346           NA           NA           NA           NA           NA  0.573372045           NA
[681]           NA           NA           NA           NA           NA           NA           NA           NA
[689]           NA           NA           NA           NA           NA           NA           NA           NA
[697]           NA           NA           NA           NA           NA           NA           NA           NA
[705]           NA           NA           NA           NA           NA           NA           NA           NA
[713]           NA           NA

$TS
  [1] 80.28534080 76.74785453 71.55864698 55.64662709 43.63113359 70.71895136 61.76852678 59.42422865 68.89919912
 [10] 53.02457023 38.52854693  9.46673544 64.67643880 51.20196047 34.38001517 25.62684672 21.73157010 61.42119290
 [19] 54.77262986 34.86850456 11.48961172 11.45221580 10.32671314  6.62509232 55.40072131 52.40684428 43.45871887
 [28] 37.59621097 54.33597673 47.82606498 44.79678794 51.73802785 41.46812542 36.78531844 36.74722093 36.48353718
 [37] 34.19763231 45.21747479 37.59056969 30.49064444  4.81059901 48.40916808 42.33079421 25.73823144 47.75539091
 [46] 47.76054249 37.53947595 33.90714369 25.40024915 23.25078341 20.71877880 19.09980570 35.04277296 42.56095714
 [55] 43.30096118 31.92861265 18.16781124 11.99791022  0.65270541 20.28737677 18.16479006 14.56530434  3.73762309
 [64]  2.60673138 37.05998077 36.64061044 32.06832840 24.51886064 20.99340638 38.37964994 39.97041040 27.72556430
 [73] 19.34509292 19.04915779 17.25166339 15.71078294 33.31449591 32.54577456 19.44670970 37.15344787 13.79908497
 [82] 34.34944313 26.97540222 36.86615482 35.83786764 26.25194705  9.75796444  2.41356046 25.77144424 18.88470049
 [91]  9.18656384  3.01850151  1.20043708  0.74655097 32.79516503 31.95588262 27.56830169 12.77154161 29.13908009
[100] 22.21209530 12.60384069  6.33533345  3.25844341  1.81504453 27.89794172 22.93113775 34.35282495 32.95038381
[109] 32.64293532  4.33419320 29.71299714 25.17923690  6.61982208 19.34932835 13.11091376 30.28698226 28.46639652
[118] 28.11261541 34.05884040 21.87755560 10.29738722  9.83523865  9.24824971 30.72574916 25.92893037  9.79384331
[127]  1.97702402  0.83604845  0.27959133 33.26689411 16.23337431 27.55108301 26.07334869  1.47942784  8.23906402
[136] 32.32736183 31.65422482 30.66810766 22.88810198 13.56688709 10.13008529  8.96224490 21.45927022 18.60271343
[145] 31.18217220 31.14450885 22.09634642 18.20393219 15.12885789 12.64233258  6.11437874 18.50682614  6.06169906
[154] 20.21905701 14.76902078 21.47363748 10.60504881  9.53259780  6.58129191 29.50531010 29.24528255 25.88212721
[163] 22.72886438 13.40117794 23.91277587 23.11653003  9.67156958  9.50301051  4.63378063 20.71376671  1.00918665
[172] 30.41453584 17.20442165 28.82040917 28.15017512 12.57844931  9.65833856  0.09233664 17.54067557 26.82508413
[181] 24.19654781 14.87398665  9.33515487  6.52360923  4.93873218  4.48360698  1.61247878 20.94187455 16.33906674
[190] 29.08749261 25.88233651 28.65959863 28.04390869 18.44048739 25.21302007 20.78248151 10.39271033  2.61326733
[199] 26.64471978  8.51242114  1.90186587  0.72484035 23.41527049 26.40472835 26.07357935 24.61240167 21.57436669
[208] 18.71940165  7.03988258 25.57581289 24.26406169 10.93630720  0.57801122 23.10790136 16.14189156 26.77339952
[217] 21.03130263  4.82630870 17.49575702 26.74556650 26.32204539 13.82884416 13.65370816 12.98353106  9.95674338
[226]  8.60815174 19.02156803 13.50868552 10.05734446 24.33806105  1.57554254 24.51898337 20.72960201 12.92875007
[235]  5.78174763 20.18476438 15.65975978 25.54519739 20.84065519 20.82503144 10.16322972 21.45885890  3.10603676
[244] 22.31252304 14.89225492 11.71415418  9.79261968 22.27471756 14.07723210  7.66114623  7.56771530  2.62643741
[253]  6.78323885  5.59288185 24.77798130  8.59967921 21.79688625  4.86228863 24.07573789 19.25074106  1.35448149
[262]  0.79910845 16.48415509 23.01528482 15.43108424 20.13866962 12.67603096 20.09042351 12.88145667  3.22416716
[271]  3.11998311 19.65976717 18.26832586  7.49084515 19.54793988 18.46268137 16.27379378 21.06476049  5.64739405
[280] 19.52475662 21.37860722  4.62749832 22.42834764  3.12580139  8.65295911 15.61288681 12.24018414  6.73998853
[289] 15.98174176 11.49156815 21.75655572  2.18244993  9.91138860 19.57793942  7.97807799  4.17998979  0.34029802
[298] 20.94893525 14.45587331 17.82271732 16.42832543  1.66611833 20.74088847 18.26331389 18.53447559 17.57221570
[307]  5.99535868 14.22734407 14.26301325 10.46512378 18.26972899 13.38601330 12.52056572  7.50449607  4.91561981
[316]  3.28419309  1.51557103  0.74405014 17.97755140 17.92745863 15.85243151 12.31887822 18.83574805 12.95579665
[325]  6.53472217 19.43178755 13.86876933  6.04564780 16.40965729 11.76428695  6.25521835 13.16023385 10.22832115
[334] 18.30257293 14.91805983 11.25968582  6.03989100  0.04780480 19.35299110 11.96067301 11.76737481 10.48518683
[343]  9.51510029 14.95099972 11.61435380  7.63325775  6.38823303  1.93137301  7.56503523 19.01258004 18.59946109
[352] 12.23560787 11.94416974 11.69478516 10.09743104  8.33501373 14.44530098  3.54363725  3.30550053  1.18903629
[361] 12.00533125  1.40491204  7.35022979  9.33610702 18.75734145 11.89466350 17.87402976 16.47323739 17.91381483
[370] 17.18803976  6.69675064 12.16552957  9.80033557  8.66488172  7.78211280  3.12389570  4.59767650 18.41675242
[379] 17.60177572 16.17448139 11.80548029  4.78315579 18.43454196 14.42514858 11.31602793  9.79110484  9.29047557
[388]  5.60230691 13.13097405 11.61952136  8.36700682 14.50413384  1.93630086 11.90345775  8.69761003  5.66080063
[397]  2.97693025 17.25594265 15.08101785 11.78271459  2.20788313 15.96384627  0.90537849  7.09874739  6.67287713
[406]  1.34923864  0.40670419  4.24082379 11.19874535  8.13567204  7.56941393 13.90334401  6.48929628 13.99995663
[415]  3.53445190 16.95715208 16.76188854  1.92843145 11.91679387  4.89770078 13.40681548 12.42694008  9.92188735
[424] 12.13479141 12.60951383  8.65296552  4.99622202  3.68531369 11.27289517  5.93398819 13.53498590 12.71425548
[433] 10.98557643  7.68113008  5.25043584  1.88569292 15.80720495  5.83619801  3.10351010  1.99271701  2.16474458
[442]  3.71357651  3.01772933 15.18475287 11.79631685  7.62800738 11.38337124 10.67793185 15.03527432 11.17576996
[451]  9.14170216  8.74024116  5.64898162  1.74685525  5.23008045  5.05738923 10.66617074  8.75037458  8.16152322
[460] 10.37461369  8.51276681  4.83622158 11.45548117  6.84863465  8.23150562  5.91392275  7.50051312 10.99447141
[469]  1.71102073  6.90485472  4.23940539  7.48603205  0.17487684 11.04331713  4.63218748  3.98204382 12.66645106
[478]  6.25392215  3.25219413  0.47841496 10.55995853  9.41470116 10.29963040 10.04227010  6.09298704  2.85310314
[487]  7.37229523  0.97295577  0.53731317  8.78701235  8.73528246  9.94191658  9.77033031  8.97529583 12.10502342
[496]  8.82124179  1.78694983  9.73148246  8.90310617 11.50843738 10.90819051 11.87484874 10.65841326  5.79092588
[505]  0.35992626  0.02403528  1.81736791  0.94892371  4.59659279 11.80460748  7.99211325  4.57540775  2.32346789
[514]  7.80692293  4.03742070 11.12830246 11.49146519  9.61811149  4.23055198  1.43581138  8.14000569  5.96272978
[523]  4.20857003  2.71893767  8.34954428  0.53087374  5.02256660  4.60936578  0.81784861  9.54035619  7.55085150
[532]  4.83544640  0.96065920  7.11542018  6.66781628  9.04192538  8.72537015  4.40677246  3.02963374  1.75168337
[541]  1.60340954  9.14335601  5.67621008  6.55267515  4.96032756  2.97226236 10.30176668  3.88449342  5.04200819
[550]  8.63121460  7.56740338  9.66090083  4.54680794  0.65889615 10.23614156  2.56217965  8.99077452  7.34307715
[559]  3.30334279  1.30064257  7.52658458  6.51450651  5.11960741  7.05187323  5.67103219  4.72875212  8.45860471
[568]  6.38604269  3.61573162  5.51873397  8.37167123  0.02955195  7.95535301  8.90718828  8.49281380  4.98014094
[577]  4.90937298  2.40831595  2.22467116  8.71661300  6.66415551  0.06967559  2.21180821  6.65360608  0.35240352
[586]  5.74911773  3.82754474  2.69426382  5.16623917  7.09048324  4.91411628  2.24094918  7.86857765  1.88452182
[595]  5.56233330  4.20081749  4.70146954  8.56371743  7.03464908  1.98644358  7.60866947  4.18625133  8.00406538
[604]  1.59111703  2.94202164  1.81761613  1.19665231  7.81424170  1.58553924  4.10556232  7.98826949  8.31194430
[613]  5.68624450  0.80537158  5.72857417  3.30518759  3.23394250  5.34903971  2.15809543  7.78911403  4.22021506
[622]  6.12742379  5.94049549  4.85765390  3.98308468  6.96308430  3.18579319  1.70788727  4.74513633  3.15788710
[631]  0.72075060  7.11886466  4.17670356  2.67984842  2.36051063  6.19617163  1.24742944  6.40583202  1.06674683
[640]  0.23437098  4.34581258  2.43755199  2.23918756  6.37690556  1.30459698  1.38156222  0.19304235  6.07830749
[649]  3.76895162  3.12094304  3.02337284  6.06346145  3.11716747  1.32329232  1.50704990  3.07200825  3.17824221
[658]  1.80940694  2.59966239  1.73853216  5.22029532  5.16758497  3.48456042  1.39568341  3.37991368  5.33078876
[667]  2.84956467  4.20267682  2.84760185  1.82392076  0.91738576  3.06555308  4.86271808  4.78988808  3.02963800
[676]  1.69330373  2.27004085  2.76698689  3.73818406  1.63894858  0.03450144  0.41741340  1.31494641  3.01913792
[685]  0.37073694  2.68711967  0.84031600  1.80895490  0.39996980  0.94531703  2.94242998  1.11368351  1.67456233
[694]  0.49228469  0.18406798  2.36974610  0.82973667  0.11181317  1.02446143  0.44355615  1.65399062  2.29300114
[703]  0.43260280  0.56267655  1.69366354  0.73074607  0.57372195  1.78565003  0.69572176  1.62473268  0.96245086
[712]  0.03882236  0.21303527  0.08859535

$PAR
  [1]  NA   1   2   2   2   3   3   3   6   6   6   6   9   9   9   9   9  13  13   8   8   8   8   8   4   4   4   4
 [29]  25  25  29  10  10  10  10  10  10  26  26  26  26  14  14  14  42  30  30  30  30  46  46  46  45  38  31  31
 [57]  31  31  31  27  27  27  27  27  55  55  55  55  55  54  43  43  43  43  43  43  33  33  33  39  39  47  47  80
 [85]  80  80  80  80  65  65  65  65  65  65  84  84  84  84  34  34  34  34  35  35  66  66  36  36  36  36  53  53
[113]  53  15  15 107 107 107  82  82  82  82  37 119 119 119 119 119 119  48  48 130 130 130 108  95  95  95  95  95
[141]  95  95 109  78 136 136 136 136 136 136 136  67  67  96  96 137 137 137 137 145 145 145 145 145 146 146 146 146
[169] 146 124 124  40  40 172 172 172 172 172 116 111 111 111 111 111 111 111 111 160 160  99  99 190 174 174 192 192
[197] 192 192 117 117 117 117 175 118 118 118 118 118 118  72  72  72  72  97  97 132 132 132  83 180 180 180 180 180
[225] 180 180 216 216 216 220 199 204 221 221 221  86  86 205 125 125 125 191 191 162 162 162 162  89  89  44  44  44
[253] 210 210 238  49 195 195 112 255 206 206 232  68 230 181 259 165 165 165 165 203 203 203  50 166 166 214 214 106
[281] 139 139 163 163 283 248 248 248 147 147 120 120 257 291  17  17  17 156 156 242 242 242 281 281 217 217 217  69
[309] 298 298 188 188 188 188 188 188 188 188 239 239 239 239 240 303  51 170  60  60 154 236 236 272 272 275 275 275
[337] 275 275  79  79  79  79  79 326 326 326 326 326 339 114 114 114 114 114 114 114 260 260 260 260  52  52 227 350
[365]  90  90 365 208 144 351 351 305 305 305 305 305 152 276 276 276 276 276 194 194 194 194 194 194 383 383 383 378
[393] 378 334 334 334 334 311 311 273 273 148 148  57  57  57  57  61 319 319 319 320 320 369 367 300 300 300 379 379
[421] 306 306 306 179 173 173 173 173 370 417 301 301 301 189 189 189 277 131 131 380 215 437 437 237 237 237 286 286
[449] 265 265 265 265 265 265 149 149 449 449 449 335 245 245 182 182 155 155  62 392 392 357 357 308 308 414 414 414
[477] 222 222 222 222  81  81 164 164 164 164 312 312 115 224 234 269 269 269 432 477 425 176 313 322 287 352 361  58
[505] 353 353 419 394 502 381 510 510 445 400 330 246 354 354 354 354 390 390 500 517 463 463  22  22 429 409 409 409
[533] 450 474 474 468 468 468 433 433 433 212 212 448 448 457 503 157 481 342 342 460 460 460  23  23 547 547 547 483
[561] 555 555 555 141 141 355 484 225 492 293 122 122 373 247 493  87  87 498 498 167 167 167 177 518 343 482 482 482
[589] 364 387 387 387  91 542 536 536 142 574 574 496 458 491 537 395 374 374 285 226 256 461 567 571 571 571 391 525
[617] 525 356 356 612 459 603 603 511 295 573 593 593 608 375 467 274 472 487 487 558 632 404 564 564 371 371 371  24
[645]  24 159 159 544 568 568 331 622 151 652 522 430 438 438 504 565 396 453 388 388 254 595 666 455 589 549 427 576
[673] 315 577 532 532 674 382 509 408 633 515 649  63 569 358 103 617 270 376 271 271 656 672 539 651 443 443 605 524
[701] 588 686  88 702 127 418 201 507 658 540 454 520 128 631

$EXTANT
  [1] FALSE FALSE FALSE FALSE FALSE  TRUE FALSE  TRUE FALSE FALSE FALSE  TRUE FALSE FALSE FALSE FALSE  TRUE FALSE FALSE
 [20] FALSE FALSE  TRUE  TRUE  TRUE FALSE FALSE  TRUE FALSE FALSE FALSE  TRUE FALSE FALSE  TRUE  TRUE  TRUE FALSE FALSE
 [39]  TRUE FALSE  TRUE FALSE  TRUE FALSE FALSE FALSE FALSE  TRUE FALSE FALSE  TRUE  TRUE FALSE FALSE  TRUE FALSE  TRUE
 [58] FALSE  TRUE  TRUE  TRUE  TRUE  TRUE  TRUE  TRUE FALSE FALSE FALSE FALSE FALSE FALSE  TRUE FALSE FALSE  TRUE FALSE
 [77] FALSE FALSE FALSE  TRUE  TRUE FALSE FALSE  TRUE FALSE  TRUE  TRUE  TRUE  TRUE FALSE  TRUE  TRUE  TRUE  TRUE FALSE
 [96]  TRUE FALSE  TRUE FALSE FALSE FALSE  TRUE  TRUE  TRUE  TRUE  TRUE FALSE FALSE FALSE FALSE  TRUE FALSE  TRUE  TRUE
[115]  TRUE  TRUE  TRUE FALSE  TRUE  TRUE FALSE  TRUE  TRUE  TRUE FALSE FALSE  TRUE  TRUE  TRUE  TRUE FALSE  TRUE FALSE
[134]  TRUE  TRUE FALSE FALSE FALSE FALSE FALSE  TRUE  TRUE  TRUE FALSE FALSE  TRUE  TRUE  TRUE  TRUE FALSE  TRUE  TRUE
[153]  TRUE FALSE  TRUE  TRUE  TRUE  TRUE  TRUE FALSE FALSE FALSE  TRUE FALSE  TRUE  TRUE  TRUE  TRUE  TRUE  TRUE  TRUE
[172]  TRUE  TRUE FALSE FALSE FALSE  TRUE  TRUE FALSE  TRUE  TRUE  TRUE FALSE  TRUE  TRUE FALSE  TRUE  TRUE  TRUE FALSE
[191]  TRUE  TRUE FALSE  TRUE  TRUE FALSE FALSE  TRUE  TRUE  TRUE  TRUE  TRUE  TRUE  TRUE FALSE  TRUE FALSE FALSE  TRUE
[210] FALSE FALSE  TRUE  TRUE  TRUE  TRUE  TRUE  TRUE  TRUE FALSE FALSE  TRUE  TRUE FALSE  TRUE  TRUE  TRUE  TRUE FALSE
[229]  TRUE FALSE  TRUE FALSE FALSE  TRUE FALSE FALSE  TRUE  TRUE FALSE FALSE FALSE FALSE FALSE FALSE  TRUE  TRUE FALSE
[248]  TRUE  TRUE  TRUE FALSE  TRUE  TRUE  TRUE  TRUE  TRUE FALSE  TRUE FALSE  TRUE  TRUE  TRUE  TRUE FALSE  TRUE FALSE
[267]  TRUE  TRUE FALSE  TRUE  TRUE  TRUE  TRUE  TRUE  TRUE  TRUE FALSE  TRUE FALSE FALSE  TRUE  TRUE FALSE  TRUE  TRUE
[286]  TRUE FALSE FALSE FALSE FALSE  TRUE  TRUE  TRUE FALSE  TRUE  TRUE  TRUE  TRUE FALSE  TRUE FALSE  TRUE FALSE FALSE
[305]  TRUE  TRUE  TRUE  TRUE FALSE  TRUE  TRUE  TRUE FALSE FALSE  TRUE  TRUE  TRUE  TRUE  TRUE  TRUE FALSE FALSE  TRUE
[324]  TRUE FALSE  TRUE FALSE  TRUE FALSE  TRUE  TRUE  TRUE FALSE  TRUE  TRUE  TRUE FALSE  TRUE  TRUE  TRUE  TRUE  TRUE
[343]  TRUE FALSE FALSE FALSE  TRUE FALSE  TRUE  TRUE FALSE FALSE  TRUE  TRUE  TRUE  TRUE  TRUE  TRUE  TRUE  TRUE FALSE
[362]  TRUE FALSE FALSE FALSE  TRUE  TRUE FALSE FALSE  TRUE  TRUE FALSE  TRUE FALSE FALSE  TRUE  TRUE  TRUE  TRUE  TRUE
[381]  TRUE  TRUE  TRUE FALSE  TRUE  TRUE  TRUE  TRUE  TRUE FALSE FALSE  TRUE  TRUE  TRUE  TRUE  TRUE  TRUE  TRUE FALSE
[400] FALSE  TRUE  TRUE  TRUE  TRUE FALSE  TRUE  TRUE  TRUE FALSE FALSE FALSE  TRUE  TRUE  TRUE  TRUE  TRUE  TRUE  TRUE
[419]  TRUE  TRUE  TRUE  TRUE  TRUE FALSE  TRUE FALSE  TRUE FALSE  TRUE  TRUE  TRUE FALSE  TRUE FALSE FALSE  TRUE  TRUE
[438]  TRUE  TRUE  TRUE FALSE  TRUE  TRUE  TRUE  TRUE FALSE  TRUE  TRUE  TRUE  TRUE  TRUE FALSE  TRUE  TRUE  TRUE FALSE
[457]  TRUE  TRUE  TRUE  TRUE  TRUE  TRUE  TRUE  TRUE FALSE  TRUE  TRUE  TRUE  TRUE  TRUE  TRUE  TRUE  TRUE  TRUE  TRUE
[476] FALSE  TRUE  TRUE  TRUE  TRUE  TRUE FALSE  TRUE FALSE  TRUE  TRUE  TRUE  TRUE  TRUE  TRUE  TRUE  TRUE  TRUE  TRUE
[495]  TRUE  TRUE  TRUE  TRUE  TRUE  TRUE  TRUE FALSE  TRUE FALSE  TRUE  TRUE  TRUE  TRUE  TRUE  TRUE FALSE  TRUE  TRUE
[514]  TRUE  TRUE FALSE  TRUE  TRUE FALSE  TRUE  TRUE  TRUE FALSE  TRUE  TRUE  TRUE  TRUE  TRUE  TRUE  TRUE FALSE  TRUE
[533]  TRUE  TRUE FALSE  TRUE  TRUE  TRUE  TRUE  TRUE  TRUE  TRUE FALSE  TRUE FALSE  TRUE  TRUE  TRUE  TRUE  TRUE  TRUE
[552]  TRUE  TRUE  TRUE FALSE  TRUE FALSE  TRUE  TRUE  TRUE FALSE  TRUE FALSE  TRUE  TRUE  TRUE  TRUE  TRUE  TRUE  TRUE
[571]  TRUE  TRUE FALSE  TRUE  TRUE  TRUE  TRUE FALSE  TRUE  TRUE FALSE  TRUE  TRUE  TRUE  TRUE  TRUE  TRUE  TRUE FALSE
[590] FALSE  TRUE  TRUE  TRUE  TRUE  TRUE FALSE FALSE FALSE  TRUE  TRUE  TRUE  TRUE  TRUE  TRUE  TRUE  TRUE  TRUE  TRUE
[609]  TRUE FALSE FALSE  TRUE FALSE  TRUE  TRUE  TRUE  TRUE  TRUE  TRUE  TRUE FALSE  TRUE  TRUE  TRUE  TRUE  TRUE  TRUE
[628]  TRUE  TRUE  TRUE  TRUE  TRUE  TRUE  TRUE  TRUE  TRUE  TRUE  TRUE  TRUE  TRUE FALSE  TRUE  TRUE  TRUE  TRUE  TRUE
[647]  TRUE  TRUE  TRUE  TRUE  TRUE  TRUE  TRUE  TRUE  TRUE  TRUE  TRUE FALSE FALSE  TRUE FALSE  TRUE  TRUE  TRUE  TRUE
[666]  TRUE FALSE  TRUE  TRUE  TRUE  TRUE  TRUE FALSE  TRUE  TRUE  TRUE  TRUE  TRUE FALSE  TRUE  TRUE  TRUE  TRUE  TRUE
[685]  TRUE  TRUE  TRUE  TRUE  TRUE  TRUE  TRUE  TRUE  TRUE  TRUE  TRUE  TRUE  TRUE  TRUE  TRUE  TRUE  TRUE  TRUE  TRUE
[704]  TRUE  TRUE  TRUE  TRUE  TRUE  TRUE  TRUE  TRUE  TRUE  TRUE  TRUE

