
Birth-death simulation object with 138 species and 100 extant species

Details for some species:

Extinction times (NA means extant)
[1] 23.24464       NA 20.19945 10.15895       NA       NA


Speciation times 
[1] 55.19860 52.55402 26.75284 23.67946 45.74125 42.74930


Species parents (NA for initial)
[1] NA  1  1  1  2  2


Species status (extinct or extant)
[1] "extinct" "extant"  "extinct" "extinct" "extant"  "extant" 


For more details on vector y, try sim$y, with y one of
TE TS PAR EXTANT



$TE
  [1] 23.2446351         NA 20.1994524 10.1589479         NA         NA  7.4331109 18.0305667 12.5343725         NA
 [11]         NA         NA         NA         NA         NA 38.2711910  8.2640960  2.0790115  8.0333531         NA
 [21]         NA         NA  6.3291427         NA         NA         NA  7.4342195  9.5988116         NA 12.6568782
 [31]         NA         NA         NA         NA         NA  1.2239995         NA 17.5850360         NA         NA
 [41]  0.8731563         NA         NA  5.8703832 17.3590430         NA 14.6980773  4.1245699 18.2432365 13.6736355
 [51] 22.5588727         NA         NA         NA  9.6262548         NA         NA  3.3964717         NA         NA
 [61]         NA         NA         NA  3.5489339  5.8507516         NA         NA         NA 11.7696982         NA
 [71]         NA         NA 12.5767995         NA 11.8754071         NA         NA  2.4615626         NA         NA
 [81]         NA         NA         NA         NA         NA         NA         NA         NA  6.0948691         NA
 [91]         NA         NA         NA  2.4017666 10.0842179         NA         NA  0.1998235         NA         NA
[101]         NA         NA         NA         NA         NA  3.8144028         NA         NA         NA         NA
[111]         NA         NA         NA         NA         NA  3.3547774         NA         NA         NA         NA
[121]         NA         NA         NA         NA         NA         NA         NA         NA         NA         NA
[131]         NA         NA         NA         NA         NA         NA         NA         NA

$TS
  [1] 55.198602532 52.554017566 26.752842610 23.679459934 45.741253308 42.749298466 40.006950216 33.176295694
  [9] 31.289079564 27.018432233 24.545171338 24.536080149 20.240507752  7.345624475  6.292271355 41.547550638
 [17] 26.629585461 23.810423948 21.890063193 14.290848114  3.347296360 30.925780614 25.674549216 23.054722492
 [25] 16.283001356 29.799200214 22.103515017 16.460815895 14.870066838 14.769272506 25.006172559 22.724629907
 [33] 12.169858886 12.024721864  2.333394455  1.390182967 26.984634290 26.208223465 26.048753483 15.102708729
 [41] 21.764396679 17.619092998 26.191692987 15.107299277 20.582527054 25.730196128 16.867789200 14.507186555
 [49] 18.702669658 15.960708235 22.680069404 21.137619655  9.345935717  9.327060018 14.424708891  9.889723463
 [57]  8.162550159  7.072815789  1.366325799 22.017820829 19.248540520  6.250828437 20.191067301 19.779323426
 [65]  8.350516505  2.538901300 22.500449755 10.355632754 13.528013910  6.433318519  0.571340561  1.904317307
 [73] 19.133569869 17.803348742 11.915239302  8.071455594  5.880216005  5.446257390  6.794356269 19.453663763
 [81]  0.729773933  1.222333474 15.564674543  8.038398620  5.119107721  2.680828054  6.152585739  2.762393624
 [89] 14.254985375 12.191151099  7.822209785  1.262601000 13.026008970 12.092779890 12.081540374  6.515936205
 [97]  3.603318698 10.658751817  4.594675202  1.671681588  0.497848887 10.133587012  4.678249613  1.521711374
[105]  1.329211536  7.927735315  9.769870583  9.283412341  6.460572900  0.174842365  0.383520897  7.857511082
[113]  7.170192959  4.946242721  6.681474048  5.625493802  0.001169686  4.318940880  1.187118458  3.088008143
[121]  2.107906166  3.129770067  5.269569732  4.520234080  4.604340017  5.061454251  3.313627139  1.382726275
[129]  2.512616871  0.897882804  0.530639921  2.256141248  0.957823291  0.543799133  0.534834772  0.692218588
[137]  0.436905458  0.466549317

$PAR
  [1]  NA   1   1   1   2   2   2   2   2   2   2   2   2   5   5   6   6   6   6   6   6   7   7   7   7   8   8   9
 [29]   9   9  22  22  22  22  22  22  26  26  10  10  37  37  17  17  43  39  39  39  46  46  23  23  23  23  31  31
 [57]  31  31  31  11  11  11  12  12  12  12  18   4  24  67  67  60  19  45  13  13  13  13  63  64  80  42  28  25
 [85]  25  25  83  83  44  40  40  29  20  93  90  94  94  34  34  34  34  68  68  68  68 102  56  56 107  53  54  57
[113]  57  76 106 106  91  14  14 113 113  79 115  70  62  87  77  77 118  86 129  35 100 100  59  82 119 136

$EXTANT
  [1] FALSE  TRUE FALSE FALSE  TRUE  TRUE FALSE FALSE FALSE  TRUE  TRUE  TRUE  TRUE  TRUE  TRUE FALSE FALSE FALSE
 [19] FALSE  TRUE  TRUE  TRUE FALSE  TRUE  TRUE  TRUE FALSE FALSE  TRUE FALSE  TRUE  TRUE  TRUE  TRUE  TRUE FALSE
 [37]  TRUE FALSE  TRUE  TRUE FALSE  TRUE  TRUE FALSE FALSE  TRUE FALSE FALSE FALSE FALSE FALSE  TRUE  TRUE  TRUE
 [55] FALSE  TRUE  TRUE FALSE  TRUE  TRUE  TRUE  TRUE  TRUE FALSE FALSE  TRUE  TRUE  TRUE FALSE  TRUE  TRUE  TRUE
 [73] FALSE  TRUE FALSE  TRUE  TRUE FALSE  TRUE  TRUE  TRUE  TRUE  TRUE  TRUE  TRUE  TRUE  TRUE  TRUE FALSE  TRUE
 [91]  TRUE  TRUE  TRUE FALSE FALSE  TRUE  TRUE FALSE  TRUE  TRUE  TRUE  TRUE  TRUE  TRUE  TRUE FALSE  TRUE  TRUE
[109]  TRUE  TRUE  TRUE  TRUE  TRUE  TRUE  TRUE FALSE  TRUE  TRUE  TRUE  TRUE  TRUE  TRUE  TRUE  TRUE  TRUE  TRUE
[127]  TRUE  TRUE  TRUE  TRUE  TRUE  TRUE  TRUE  TRUE  TRUE  TRUE  TRUE  TRUE

