
Birth-death simulation object with 639 species and 500 extant species

Details for some species:

Extinction times (NA means extant)
[1] 42.38813 60.99758       NA 46.12289 23.30170 59.63351


Speciation times 
[1] 97.98400 67.33355 63.17080 48.88291 43.57938 60.88731


Species parents (NA for initial)
[1] NA  1  1  1  1  3


Species status (extinct or extant)
[1] "extinct" "extinct" "extant"  "extinct" "extinct" "extinct"


For more details on vector y, try sim$y, with y one of
TE TS PAR EXTANT



$TE
  [1] 42.38813189 60.99757558          NA 46.12289211 23.30170020 59.63351366 39.94237747 16.27222047          NA          NA 51.17264285
 [12] 40.73684907 31.80530780 24.09737970 38.22464364 18.96446200  5.84571004          NA          NA  6.43148981 40.54981956 12.19683313
 [23]  3.54749173 34.20029835  6.25183256 14.87583563  3.58446893 26.26136237 40.81516688          NA 41.76819152 14.11839890 37.93011933
 [34]          NA          NA 25.83364202 16.27407529          NA  4.30803926          NA          NA 14.64153616          NA  1.27391134
 [45]          NA  9.65966079 19.09108584  7.39783989 24.59928024  3.78703859          NA 21.85900006          NA          NA          NA
 [56]  0.21308610          NA 16.11458467          NA 11.32582021          NA          NA 10.90076675 15.32380581          NA          NA
 [67]          NA 24.08596985 22.45281070 13.92572901          NA          NA 24.69851452 20.06158395 14.78798370          NA          NA
 [78]          NA          NA          NA          NA          NA  8.50532171 19.69849479          NA          NA          NA 21.34325196
 [89] 15.93791833          NA          NA          NA          NA          NA 12.60724491          NA          NA          NA  3.18374479
[100]          NA 16.13132932 15.60501439          NA 17.06207170          NA          NA  8.84075002          NA          NA          NA
[111] 15.31103160  4.02604490 14.57497882 17.48353901          NA 20.58121709          NA 12.71903532 12.15400979          NA          NA
[122]          NA          NA          NA          NA          NA          NA          NA 20.76282057          NA  5.22825067          NA
[133]          NA          NA          NA          NA          NA 10.80337580  8.28212668          NA          NA  3.03522432          NA
[144]          NA          NA          NA          NA          NA          NA          NA          NA          NA 11.68232640          NA
[155]  0.04836093          NA          NA          NA  4.99639585          NA          NA          NA          NA          NA          NA
[166]          NA          NA  3.23173573  0.50072305          NA          NA          NA          NA          NA          NA          NA
[177]  8.72408289  8.92256694  8.19051897          NA          NA  1.12608155          NA          NA          NA  9.06719834          NA
[188]  8.14766754          NA          NA  1.27243390          NA          NA  7.12383083          NA          NA  6.79532962          NA
[199]          NA          NA          NA          NA          NA          NA 14.18721952          NA          NA          NA          NA
[210]  2.79117621          NA          NA          NA          NA          NA          NA          NA          NA          NA          NA
[221]  1.91002343  2.63544332          NA          NA          NA          NA          NA          NA          NA          NA 11.13677769
[232]          NA          NA  3.68046738          NA          NA          NA          NA          NA  0.03315891          NA          NA
[243]          NA          NA          NA          NA          NA          NA          NA          NA          NA          NA          NA
[254]          NA          NA          NA          NA          NA          NA          NA          NA          NA          NA          NA
[265]          NA          NA          NA          NA          NA          NA          NA  8.24102669  1.95924877          NA          NA
[276]          NA  1.73449237          NA  0.87767819          NA 11.79427485          NA          NA          NA          NA          NA
[287]          NA          NA          NA          NA          NA          NA          NA          NA          NA          NA  2.67300380
[298]          NA          NA          NA          NA          NA          NA          NA          NA          NA          NA          NA
[309]  6.14837870  3.07853558          NA          NA          NA          NA  4.11000119          NA          NA          NA          NA
[320]          NA          NA          NA          NA          NA          NA          NA  6.24151591          NA          NA          NA
[331]          NA          NA          NA          NA          NA          NA          NA          NA          NA          NA          NA
[342]          NA          NA          NA          NA          NA          NA  0.71380127          NA          NA          NA          NA
[353]          NA          NA          NA          NA          NA          NA          NA          NA          NA          NA          NA
[364]          NA          NA          NA          NA          NA          NA          NA          NA          NA          NA  0.25104138
[375]  2.89838734          NA          NA  0.10819842  1.39137319          NA          NA  6.11008127          NA          NA          NA
[386]          NA          NA          NA  0.28992438  2.11469843          NA          NA          NA          NA          NA          NA
[397]          NA          NA          NA          NA          NA          NA          NA          NA          NA          NA          NA
[408]  1.07362949  4.66659906          NA  3.61667123  2.17643915  1.01234321          NA          NA          NA  5.69698346          NA
[419]  3.89897258          NA  3.80755261          NA          NA          NA          NA          NA  3.12929541          NA          NA
[430]          NA          NA          NA          NA          NA  4.00237579  0.22572029          NA          NA          NA          NA
[441]          NA          NA          NA          NA          NA          NA          NA          NA  2.60815241          NA          NA
[452]  2.08084522          NA          NA          NA          NA          NA          NA  0.02647614          NA          NA          NA
[463]          NA          NA  3.67179717          NA          NA          NA          NA          NA          NA          NA          NA
[474]  1.46998295          NA          NA          NA          NA  4.78166127  3.37037533          NA          NA          NA          NA
[485]          NA          NA          NA          NA          NA          NA          NA  1.23041465          NA          NA          NA
[496]          NA          NA          NA          NA          NA          NA  2.52395724          NA          NA          NA  0.07738702
[507]          NA          NA          NA  1.93496803  3.63668116          NA          NA          NA  0.44428035          NA          NA
[518]          NA          NA          NA          NA          NA          NA          NA          NA          NA          NA          NA
[529]          NA          NA          NA          NA          NA  1.84870570          NA          NA  1.76911654          NA          NA
[540]  0.56643958          NA          NA  0.76820983          NA          NA          NA          NA          NA          NA          NA
[551]          NA          NA          NA          NA          NA          NA          NA          NA          NA          NA          NA
[562]          NA          NA          NA          NA          NA          NA          NA          NA          NA          NA          NA
[573]          NA          NA          NA          NA          NA          NA          NA          NA          NA          NA          NA
[584]          NA          NA          NA          NA          NA          NA          NA          NA          NA          NA          NA
[595]          NA          NA          NA          NA          NA          NA          NA          NA          NA          NA          NA
[606]          NA          NA          NA          NA          NA          NA          NA          NA          NA          NA          NA
[617]          NA          NA          NA          NA          NA          NA          NA  0.48832699          NA          NA          NA
[628]          NA          NA          NA          NA          NA          NA          NA          NA          NA          NA          NA
[639]          NA

$TS
  [1] 97.983999350 67.333545709 63.170799425 48.882909393 43.579383417 60.887308004 55.018323385 20.321531115 16.831122568  4.514320154
 [11] 53.828777857 48.737705103 47.472468417 52.468792925 52.337153320 49.258864381 35.614749304 30.258702146 39.065885720 48.473812541
 [21] 48.054141679 46.175816799 37.593479148 34.738050806 24.234970501 21.574120380 20.654925281 41.749132093 46.956012352 44.471063472
 [31] 42.153187374 46.477175308 42.053592400 40.959766596 30.567677126 28.157325529 24.427746672 30.580033505 22.011328115 19.257069558
 [41] 12.798875918 29.366335853  8.782154042  2.051106049 31.619265369 27.317101970 24.124932506 41.464872068 36.420773711 33.507281624
 [51] 29.815320147 24.701229033 14.086255016  4.421145593 20.935076034 12.344386761  8.172469556 27.863484790 22.125079609 14.272846371
 [61]  8.106283436 31.764389390 25.103414710 25.692484354 11.084451335  8.526470442  6.138271366 31.687600813 28.099582059 16.887364798
 [71]  7.786708159  4.730365523 26.298064103 24.607206195 20.895221181  1.229388007 31.281010910 21.797698784  9.145035895  5.733241073
 [81]  5.665560881  4.337462912 29.963869927 22.511136709 13.114920951 11.298722556  4.017751350 23.172643633 21.942312114  9.032419924
 [91]  7.136420022 29.085125054  6.635546969  2.690790679 19.038869215  1.787234611 14.003990865  7.798497877  6.674830459  0.202506468
[101] 19.652424020 19.222609028 25.085029091 22.735349796 17.670785785 14.807755511 14.003955874 12.484453677  7.231021499  5.276062594
[111] 26.665341138 25.662619165 24.022780506 22.790654686 27.018652448 20.785661205 20.027802655 18.730680751 13.805434407 10.871140797
[121]  5.501528214  4.000033731 18.949961989 16.827832549 25.582331559 18.678854756  7.102300526  9.471297890 21.926926920 13.380645630
[131] 10.943830431 11.931477628 11.189581723 10.789891399  4.987570624  3.327989099 23.577014506 22.099279235 18.387488733 22.809365979
[141] 11.752698288  8.652109617  6.501156878 22.041731219 22.379121088 14.179436447  1.338883798 17.195456849  9.196654785  7.580276952
[151]  3.028532828 15.631127465 13.946985308 12.924717921 11.968655696  6.650674441 20.648512726  7.514039193  6.395271385  1.007619155
[161] 18.120419987 15.790881409 15.768277452 14.216505515  4.414758367 18.616843318 18.207190742 16.927318924 21.706585426 17.681040387
[171]  5.381782119 16.724480100 16.402628830 16.217603031  9.351723889  4.210574264 18.843911689 18.563134338 16.182347386  2.160855200
[181] 11.210403513  7.467779680  4.717668450 16.821261420 11.519006930 11.268853025 12.188038185 10.313369455  5.455121720  1.681672506
[191] 18.426921679 18.228762473  9.522132034 14.945289640 11.300141554  6.837028948 10.050692400  9.339515776  4.608682371  1.792338927
[201]  1.638940844  0.787556880 11.465604217  2.031566592 16.656772665 17.270137355  8.709422772 11.695950879  6.460401671  3.518703675
[211] 17.694196637  8.083305036  7.473131758  7.431219685  7.142489416  1.842069014  7.850128179 13.687076919 12.113448194  6.964579852
[221]  5.378608682 17.100412255 16.253395764 10.808031829 14.862118119 14.838744536  7.460884843 14.026469492 11.510150606  1.864169026
[231] 14.707428604 12.130787972 10.528450033  6.207513271  5.466320303  7.260447094 13.383090382 11.716179245  0.608369118  2.336201436
[241]  0.728502081 10.370185473  1.657819442  9.952570860  2.617112381  0.059214402 10.341660040  8.517671544 15.185455024 12.363834516
[251]  7.158216780  8.712105175 11.931767504 14.003282928 12.661265547  6.766388366 11.546769774 14.571479080 14.192653739 12.248100558
[261] 12.183233882  9.070669228  0.068461867  4.077936691 10.050882277  4.794828770  3.809642847 13.529785770  4.773174836  3.816585160
[271]  3.652170019 11.225146815  7.249802055  6.618323104  6.419265928  3.168180798  2.635401134  2.105807336 12.472623069  5.500017182
[281] 13.393821203 12.942163368 12.436895660 11.944606503  5.198935509  4.469123822  6.742438650  6.424709503 12.318733057 11.006396071
[291]  9.019186397 12.551444794  0.709892697  3.341366657  2.944950970  2.477773757 11.484637553  5.248428761  4.014331090  0.172337386
[301] 10.896705109  2.656467450 10.967634246  9.130727656  8.887534321  7.107242001  2.730476195  2.211993304 11.249055447  5.821189650
[311]  3.573592718  1.910189177  0.497871512 11.780689636 10.347250865 10.134331118  9.642826709  9.451416900  1.670275753 10.784439711
[321]  9.086405875  3.909241408  9.326523614  9.070585898  3.738509414 11.286887328 11.024226882  3.036472659  7.767922737  5.965200892
[331]  3.334653205  8.728482915  4.952806491  9.130519025  3.827595114 11.392332106  8.185945523  2.421490595  0.009453390  8.553747568
[341]  7.393064571  1.486471209  4.045138229  1.500709967 10.511049808  8.220439114  0.697451648  6.185846373 10.956165893  8.204417149
[351]  2.703325649  7.996658823  6.673517527  5.186023018 10.390697871  8.487014568 10.342424809  8.590312541  4.965380278  7.415201546
[361]  4.450919985  0.687977514  7.483813990  5.749519047  7.605137484  4.428399931  1.601764329  1.360924666  5.803906443  6.548206506
[371]  6.436209006  5.590280584  3.471359637  6.902747679  7.982635200  7.667946997  4.016567258  6.835488260  8.421018567  1.501075633
[381]  9.181714814  6.721815751  2.232391303  0.056682436  8.058243755  5.331817125  3.715365499  2.911211336  7.876584033  2.402572502
[391]  8.679597605  6.486700192  0.312210288  7.247472089  5.653169772  5.051055173  4.512803445  3.051662409  5.989294909  5.594373710
[401]  1.283206186  0.099482414  3.488574631  8.764582050  6.957650502  0.848720922  0.408497135  7.278108060  5.646009051  4.226457049
[411]  3.823581442  3.413257166  2.992369274  0.013734619  8.239289304  0.807161713  6.014327088  5.888779919  5.486718684  2.750397150
[421]  4.450350511  7.666582117  1.570286255  7.089001289  5.264624148  5.135238929  3.394035146  7.723578386  1.848653408  0.611198191
[431]  7.788307138  5.588628457  2.063923551  6.840258873  7.414901413  6.764295961  7.054182924  1.297471579  0.100604334  1.538997876
[441]  5.479280398  5.328403819  3.222636446  1.652424565  2.101283301  5.894729007  0.837571556  1.655362734  3.340680612  1.512730654
[451]  7.095506734  5.529544303  1.063504251  3.446152051  2.873679380  5.344710903  3.290447073  0.978194412  6.405108930  6.104450137
[461]  2.707701065  2.247818399  1.919083507  1.734767469  5.562558874  5.132199950  4.049642052  3.547581980  5.668846174  3.443471280
[471]  6.276476568  3.514750938  6.369869614  6.243856433  5.864428258  4.525960268  3.539543498  4.223473109  6.047205713  3.492000954
[481]  2.896753888  3.386486273  0.928153598  0.764478892  0.902737664  0.568828820  0.070607211  0.307448902  3.834843407  1.143796635
[491]  5.626861421  5.164739864  2.194712460  0.211005656  3.116828202  3.733067216  5.868286147  2.618249352  1.390958491  2.293960832
[501]  4.807910901  3.887832309  3.402148652  3.082962338  2.310477001  2.271102881  0.913292220  4.895376254  3.131219191  5.184631777
[511]  5.438293822  3.168332651  0.129580250  1.717686498  1.688549864  0.189282367  0.321372544  4.711013516  4.009843087  3.856003713
[521]  0.666332393  4.971409110  4.739864715  1.758200846  1.054109934  3.468720353  1.291763970  1.821873442  2.107233055  2.912058351
[531]  1.734646043  2.580055769  1.662562907  4.251210062  2.650391789  3.644200930  2.090904558  3.885441052  3.540480392  4.514709054
[541]  1.330538203  4.124181435  2.095651426  1.337455212  0.318273509  0.575279066  3.638606366  3.006467254  0.340019946  2.764226660
[551]  1.930632361  2.352283219  3.105436687  2.232055288  3.777297413  0.963792681  0.150043923  2.773696726  2.060120530  0.539083794
[561]  0.836880908  2.817339082  1.311603355  0.504866312  0.832525662  2.365304314  1.607013069  3.322680644  3.274391856  1.574294200
[571]  2.541031192  0.005150003  0.811064091  0.270708454  1.331524793  2.491640117  0.772570479  3.230098346  3.030803845  1.531302137
[581]  0.521690673  1.212893997  0.112823429  2.345223466  1.764811232  1.515315176  1.914317220  2.716489179  0.763466494  0.500979703
[591]  2.467081068  1.045836800  0.216096849  1.773513643  1.512878426  0.391313829  1.406276534  1.690081110  1.524696488  0.595703823
[601]  1.871839317  1.831418138  2.065374889  0.923017842  0.450113591  0.081274662  1.480613296  0.780733073  0.213652091  0.472718371
[611]  1.204059557  0.183109442  1.036463012  1.730913880  1.194166135  0.115978975  1.649035340  1.587645386  0.980325927  0.577579224
[621]  1.596780595  1.297083852  0.499617205  1.184574322  1.096638843  0.768056720  0.522898161  0.711317403  0.898819412  0.513199075
[631]  0.862050297  0.555845998  0.571046892  0.067964951  0.043186238  0.196313080  0.244847485  0.225100364  0.004293268

$PAR
  [1]  NA   1   1   1   1   3   3   3   3   3   7   7   7  11  14  14  14  14  15  12  12  12  20  20  20  20  20  21  13  13  13  29  29
 [34]  32  32  32  32  22  22  22  22  30  30  30   5   5   5  33  48  48  48  34  34  34  19  19  19  23  23  23  23  49  49  17  17  17
 [67]  17  50  50  50  50  50  62  62  62  62  68  45  45  45  45  45  77  77  77  77  77  38  38  38  38  35  35  35  18  18  51  51  51
[100]  51  42  42  92  92  92  92  92  92  92  92  69  69  58  58  46 115 115 115 115 115 115 115  64  64 112 112 112 125  63  63  63 103
[133] 103 103 103 103  52  74  37  25  25  25  25  47 137 137 137 140 140 140 140  59  59  59  59  59 138 144 144 144  39  39  39  39  39
[166]  89  89  89  78  78  78 169 169 169 169 169  55  55  55  55  27  27  27 157 157 157 117 117 117 117 101  40  40  95 123 123 126 126
[199] 126 126 126 126 166 166 178 191 191 139 192 192 167 167 167 167 167 167 161 211 211 211 211 170 170 170 105 105 206 148 148 148 222
[232] 222 222 222 222 168   9 124 124 172 172 173 173 223 223 174 179 179 162 162 163 249 194 226 226 226 106 231 231 231 231 258 258 164
[265] 259 259 259 146 146 146 146 228  97  97  97  97  97  97 107 254 119 218 218 218 218 237  85  85 282 282 282  41  41 255 255 255 292
[298] 292 108 108 279 279  56 289 289 289 289 289 260 260 260 260 260 187 187 187 187 187 187 261 261 261 232 219 219 155 155 155 284 253
[331] 253 132 314 185 185 229 229 229 229 203 203 203 336 336  86 326 326 309 133 133  65 327 327 290 303 303 131 301 301 224 224 134 320
[364] 320 233 233 233 233 355 242 242 242 242 357 247 316 265 197 244 244 317 317 317 317 128 128 128 128 318 175 198 149 149 381 381 304
[397] 321 262 324  90 291 291 305  43  43 404 207 142 358 358 358 358 340 340 248 248 379 379 379 379 415 350 337  57  57  57 212 352 352
[430] 352 389 389  98 329 428 428 376 376 376 422 365 365 365 365 150 158 158 363 227 227 214 360 236 273 273 394 394 394 109 251 215  91
[463] 306 127 424 374 434 434 256 256 436 436 382 353 353 156 156  93 370 370 370 143 143 143 392 392 392 288 471 471 474 348 348  67 399
[496] 446 418 497 497 475 310 310 310 369 364  80 469  81 395 400 465 121 121 441 235 235 189 511 171 221 456 386 386 386 425 285 285 354
[529] 510 426 466 396 396 359 359 333 333 508 501 266 266 523 523 518 476 540  10 361 361 366 366  54  82 410 343 343 377 519 122 538 489
[562] 335 335 335 496 387 387 311 477 477 472 403 454 503 294 568 457 569 569 578 578 504 504 328 579 579 151 295 455 455 420 588 351  94
[595]  94  94 535 532 571 338 552 584 462 383 383 493 603 559 559 551 587 429 528 200 200 200 594 190 190 448 444 201 567 618 440 580 599
[628] 380 615 490 592 458 507 629 447 581 313 610 609

$EXTANT
  [1] FALSE FALSE  TRUE FALSE FALSE FALSE FALSE FALSE  TRUE  TRUE FALSE FALSE FALSE FALSE FALSE FALSE FALSE  TRUE  TRUE FALSE FALSE FALSE
 [23] FALSE FALSE FALSE FALSE FALSE FALSE FALSE  TRUE FALSE FALSE FALSE  TRUE  TRUE FALSE FALSE  TRUE FALSE  TRUE  TRUE FALSE  TRUE FALSE
 [45]  TRUE FALSE FALSE FALSE FALSE FALSE  TRUE FALSE  TRUE  TRUE  TRUE FALSE  TRUE FALSE  TRUE FALSE  TRUE  TRUE FALSE FALSE  TRUE  TRUE
 [67]  TRUE FALSE FALSE FALSE  TRUE  TRUE FALSE FALSE FALSE  TRUE  TRUE  TRUE  TRUE  TRUE  TRUE  TRUE FALSE FALSE  TRUE  TRUE  TRUE FALSE
 [89] FALSE  TRUE  TRUE  TRUE  TRUE  TRUE FALSE  TRUE  TRUE  TRUE FALSE  TRUE FALSE FALSE  TRUE FALSE  TRUE  TRUE FALSE  TRUE  TRUE  TRUE
[111] FALSE FALSE FALSE FALSE  TRUE FALSE  TRUE FALSE FALSE  TRUE  TRUE  TRUE  TRUE  TRUE  TRUE  TRUE  TRUE  TRUE FALSE  TRUE FALSE  TRUE
[133]  TRUE  TRUE  TRUE  TRUE  TRUE FALSE FALSE  TRUE  TRUE FALSE  TRUE  TRUE  TRUE  TRUE  TRUE  TRUE  TRUE  TRUE  TRUE  TRUE FALSE  TRUE
[155] FALSE  TRUE  TRUE  TRUE FALSE  TRUE  TRUE  TRUE  TRUE  TRUE  TRUE  TRUE  TRUE FALSE FALSE  TRUE  TRUE  TRUE  TRUE  TRUE  TRUE  TRUE
[177] FALSE FALSE FALSE  TRUE  TRUE FALSE  TRUE  TRUE  TRUE FALSE  TRUE FALSE  TRUE  TRUE FALSE  TRUE  TRUE FALSE  TRUE  TRUE FALSE  TRUE
[199]  TRUE  TRUE  TRUE  TRUE  TRUE  TRUE FALSE  TRUE  TRUE  TRUE  TRUE FALSE  TRUE  TRUE  TRUE  TRUE  TRUE  TRUE  TRUE  TRUE  TRUE  TRUE
[221] FALSE FALSE  TRUE  TRUE  TRUE  TRUE  TRUE  TRUE  TRUE  TRUE FALSE  TRUE  TRUE FALSE  TRUE  TRUE  TRUE  TRUE  TRUE FALSE  TRUE  TRUE
[243]  TRUE  TRUE  TRUE  TRUE  TRUE  TRUE  TRUE  TRUE  TRUE  TRUE  TRUE  TRUE  TRUE  TRUE  TRUE  TRUE  TRUE  TRUE  TRUE  TRUE  TRUE  TRUE
[265]  TRUE  TRUE  TRUE  TRUE  TRUE  TRUE  TRUE FALSE FALSE  TRUE  TRUE  TRUE FALSE  TRUE FALSE  TRUE FALSE  TRUE  TRUE  TRUE  TRUE  TRUE
[287]  TRUE  TRUE  TRUE  TRUE  TRUE  TRUE  TRUE  TRUE  TRUE  TRUE FALSE  TRUE  TRUE  TRUE  TRUE  TRUE  TRUE  TRUE  TRUE  TRUE  TRUE  TRUE
[309] FALSE FALSE  TRUE  TRUE  TRUE  TRUE FALSE  TRUE  TRUE  TRUE  TRUE  TRUE  TRUE  TRUE  TRUE  TRUE  TRUE  TRUE FALSE  TRUE  TRUE  TRUE
[331]  TRUE  TRUE  TRUE  TRUE  TRUE  TRUE  TRUE  TRUE  TRUE  TRUE  TRUE  TRUE  TRUE  TRUE  TRUE  TRUE  TRUE FALSE  TRUE  TRUE  TRUE  TRUE
[353]  TRUE  TRUE  TRUE  TRUE  TRUE  TRUE  TRUE  TRUE  TRUE  TRUE  TRUE  TRUE  TRUE  TRUE  TRUE  TRUE  TRUE  TRUE  TRUE  TRUE  TRUE FALSE
[375] FALSE  TRUE  TRUE FALSE FALSE  TRUE  TRUE FALSE  TRUE  TRUE  TRUE  TRUE  TRUE  TRUE FALSE FALSE  TRUE  TRUE  TRUE  TRUE  TRUE  TRUE
[397]  TRUE  TRUE  TRUE  TRUE  TRUE  TRUE  TRUE  TRUE  TRUE  TRUE  TRUE FALSE FALSE  TRUE FALSE FALSE FALSE  TRUE  TRUE  TRUE FALSE  TRUE
[419] FALSE  TRUE FALSE  TRUE  TRUE  TRUE  TRUE  TRUE FALSE  TRUE  TRUE  TRUE  TRUE  TRUE  TRUE  TRUE FALSE FALSE  TRUE  TRUE  TRUE  TRUE
[441]  TRUE  TRUE  TRUE  TRUE  TRUE  TRUE  TRUE  TRUE FALSE  TRUE  TRUE FALSE  TRUE  TRUE  TRUE  TRUE  TRUE  TRUE FALSE  TRUE  TRUE  TRUE
[463]  TRUE  TRUE FALSE  TRUE  TRUE  TRUE  TRUE  TRUE  TRUE  TRUE  TRUE FALSE  TRUE  TRUE  TRUE  TRUE FALSE FALSE  TRUE  TRUE  TRUE  TRUE
[485]  TRUE  TRUE  TRUE  TRUE  TRUE  TRUE  TRUE FALSE  TRUE  TRUE  TRUE  TRUE  TRUE  TRUE  TRUE  TRUE  TRUE FALSE  TRUE  TRUE  TRUE FALSE
[507]  TRUE  TRUE  TRUE FALSE FALSE  TRUE  TRUE  TRUE FALSE  TRUE  TRUE  TRUE  TRUE  TRUE  TRUE  TRUE  TRUE  TRUE  TRUE  TRUE  TRUE  TRUE
[529]  TRUE  TRUE  TRUE  TRUE  TRUE FALSE  TRUE  TRUE FALSE  TRUE  TRUE FALSE  TRUE  TRUE FALSE  TRUE  TRUE  TRUE  TRUE  TRUE  TRUE  TRUE
[551]  TRUE  TRUE  TRUE  TRUE  TRUE  TRUE  TRUE  TRUE  TRUE  TRUE  TRUE  TRUE  TRUE  TRUE  TRUE  TRUE  TRUE  TRUE  TRUE  TRUE  TRUE  TRUE
[573]  TRUE  TRUE  TRUE  TRUE  TRUE  TRUE  TRUE  TRUE  TRUE  TRUE  TRUE  TRUE  TRUE  TRUE  TRUE  TRUE  TRUE  TRUE  TRUE  TRUE  TRUE  TRUE
[595]  TRUE  TRUE  TRUE  TRUE  TRUE  TRUE  TRUE  TRUE  TRUE  TRUE  TRUE  TRUE  TRUE  TRUE  TRUE  TRUE  TRUE  TRUE  TRUE  TRUE  TRUE  TRUE
[617]  TRUE  TRUE  TRUE  TRUE  TRUE  TRUE  TRUE FALSE  TRUE  TRUE  TRUE  TRUE  TRUE  TRUE  TRUE  TRUE  TRUE  TRUE  TRUE  TRUE  TRUE  TRUE
[639]  TRUE

