
Birth-death simulation object with 640 species and 500 extant species

Details for some species:

Extinction times (NA means extant)
[1] 70.398985 46.439034        NA  6.035321 42.142659        NA


Speciation times 
[1] 83.28008 78.73148 74.05914 70.51548 64.86964 53.39266


Species parents (NA for initial)
[1] NA  1  2  2  2  2


Species status (extinct or extant)
[1] "extinct" "extinct" "extant"  "extinct" "extinct" "extant" 


For more details on vector y, try sim$y, with y one of
TE TS PAR EXTANT



$TE
  [1] 70.39898521 46.43903411          NA  6.03532087 42.14265915          NA 44.03501852          NA 10.10579935 27.72924484 12.19261424
 [12]          NA          NA          NA          NA 28.32601327 47.22597435 21.80783846          NA  7.55025580  5.77021171          NA
 [23]          NA 42.68387961          NA          NA          NA          NA  2.39142196          NA 14.27526388 25.06693019 15.04985866
 [34]          NA          NA  0.60009794          NA          NA  4.24886981  5.66537984  4.89165788          NA 25.98304786          NA
 [45]  4.71091365          NA          NA          NA          NA          NA 15.55645494 13.95014728  6.53213937  2.40085418 22.15407245
 [56] 10.70546267          NA 15.26579458          NA          NA          NA          NA  3.48581445          NA          NA          NA
 [67]          NA          NA          NA          NA          NA  8.35056687  3.71799438 14.06832043 21.66999726 10.43457128          NA
 [78]  4.85896466          NA          NA          NA          NA          NA          NA          NA  8.12349984          NA          NA
 [89]  1.98592494          NA  1.30063131          NA          NA          NA          NA 20.83227887 13.88945781          NA          NA
[100]          NA          NA          NA          NA  0.23751989          NA 11.37049864          NA  3.24425378          NA          NA
[111]          NA 13.41587473          NA          NA          NA          NA          NA          NA 13.58941972          NA 13.73303661
[122]  0.79210213          NA 14.23267767 17.71385506          NA  3.55226272  2.49001682          NA          NA  4.79037787  4.80022175
[133]          NA          NA          NA          NA  9.28241775  4.09453744          NA          NA          NA 12.24738288          NA
[144]          NA  2.79477895          NA          NA          NA          NA 15.65711522  7.27996588          NA  9.31161864          NA
[155]          NA 13.58899776          NA          NA  3.01856537          NA  2.87150620          NA  1.70173389  8.22285317          NA
[166]          NA          NA          NA          NA  9.70730817          NA          NA  5.27779058          NA          NA          NA
[177]          NA          NA          NA  3.59053554  6.38101357          NA  2.92338681          NA          NA          NA          NA
[188]          NA          NA          NA          NA  6.00980249 15.62495140  2.26379090          NA          NA 15.39780257          NA
[199]          NA          NA          NA          NA  7.55206376  4.38552239          NA          NA          NA          NA          NA
[210]          NA          NA          NA  9.07309834          NA          NA          NA          NA  3.73407285  1.77254951          NA
[221]          NA          NA  0.27979816  0.66901252          NA          NA  8.20629298          NA  4.54202664          NA  9.43365129
[232]          NA          NA          NA  3.18764813          NA          NA          NA          NA          NA          NA          NA
[243]          NA  8.79355537  0.17150193          NA          NA  4.94356503          NA 10.99035978 10.15071589 12.88006152  5.71438347
[254]          NA  2.94292448          NA          NA          NA          NA  2.89650999          NA          NA          NA          NA
[265]          NA          NA          NA          NA          NA          NA          NA 11.05403409  7.05012620  7.25421877  0.29854583
[276]  9.89314513          NA          NA          NA  7.79742077          NA          NA          NA          NA  1.34660425          NA
[287] 11.29700523          NA          NA  1.63247906          NA          NA  8.05465968          NA  1.34262367  4.89019458          NA
[298]  2.93538809          NA          NA  2.15201566  5.40603723          NA          NA          NA          NA          NA          NA
[309]          NA          NA          NA          NA          NA          NA  4.20418337          NA  1.75602796          NA          NA
[320]          NA  1.00104862          NA          NA          NA  6.14246236          NA          NA          NA          NA  2.90133237
[331]  1.35593011          NA          NA          NA          NA          NA          NA          NA          NA  7.99382961          NA
[342]          NA  3.49628151          NA  0.21835561          NA          NA          NA          NA          NA  1.80206439          NA
[353]  2.21261441  8.04413924          NA          NA          NA          NA          NA          NA          NA          NA          NA
[364]          NA          NA          NA  0.02602105          NA          NA          NA          NA          NA          NA          NA
[375]          NA          NA          NA          NA  4.35863088  1.21518595          NA          NA          NA          NA  2.31324587
[386]          NA          NA          NA          NA          NA          NA          NA          NA          NA          NA          NA
[397]          NA          NA          NA          NA          NA          NA          NA  1.24635775          NA  2.63377341          NA
[408]          NA          NA          NA          NA          NA          NA          NA          NA          NA          NA          NA
[419]          NA          NA          NA          NA          NA  4.43629993          NA          NA          NA          NA          NA
[430]          NA  1.53617864          NA          NA          NA          NA          NA          NA          NA          NA          NA
[441]          NA          NA          NA          NA          NA          NA          NA          NA  1.98180605          NA          NA
[452]          NA          NA          NA          NA          NA          NA          NA          NA  1.81072796          NA          NA
[463]          NA          NA          NA  1.18058438          NA          NA          NA          NA          NA          NA          NA
[474]          NA          NA          NA          NA          NA          NA  0.81831432          NA          NA          NA          NA
[485]          NA          NA          NA          NA          NA          NA          NA          NA          NA          NA          NA
[496]          NA          NA          NA          NA          NA          NA          NA          NA          NA          NA          NA
[507]          NA          NA          NA          NA          NA          NA          NA          NA          NA          NA          NA
[518]          NA          NA          NA          NA          NA  0.41495200          NA          NA          NA          NA          NA
[529]          NA          NA          NA  2.42390633          NA          NA          NA          NA          NA          NA          NA
[540]          NA          NA          NA          NA          NA          NA          NA          NA          NA          NA          NA
[551]          NA          NA          NA          NA          NA  0.88946888          NA          NA          NA          NA          NA
[562]          NA          NA          NA          NA          NA          NA          NA          NA          NA          NA          NA
[573]          NA          NA          NA          NA          NA          NA          NA          NA          NA          NA          NA
[584]          NA          NA          NA          NA          NA          NA          NA          NA          NA          NA          NA
[595]          NA          NA          NA          NA  0.85124755          NA          NA          NA          NA          NA          NA
[606]          NA          NA          NA          NA          NA          NA          NA          NA          NA          NA          NA
[617]          NA          NA          NA          NA          NA          NA          NA          NA          NA          NA          NA
[628]          NA          NA          NA          NA          NA          NA          NA          NA          NA          NA          NA
[639]          NA          NA

$TS
  [1] 83.280082164 78.731480729 74.059138846 70.515479369 64.869636221 53.392656484 52.125247283 37.818325133 35.477790565 34.986275339
 [11] 31.964380637 21.946802263 10.661371116  2.377148640 32.787618041 29.113462322 50.434896012 36.655765392 19.160058149 11.713522411
 [21]  5.824865850  2.309975098 45.362959586 43.916285007 34.874494018 24.241797525 22.181986063 18.695111631 10.233418018 43.583885009
 [31] 41.154452546 39.500979611 26.501782441 23.730201155 22.320084220 12.266351071  4.477419819  3.990241581 32.977664516 18.166160045
 [41] 16.353687013 34.819004178 29.009415379 32.597965302 23.502469283 21.651185849 10.257070228  7.080642517  2.101348120 23.659274674
 [51] 23.422972362 22.976117025 31.344736156 25.460706435 25.021461476 21.905287228 17.611561279 15.605567188 11.224499328 11.215518496
 [61]  2.618887042 25.154025513 24.660562541 22.729881759 15.232716605 15.050373732 13.686466330 10.729273354  8.962494490  4.448766318
 [71] 16.250356650 13.254175568 31.156683621 18.240487698 27.741393268 27.492134783  9.081750507 30.311566877 26.856122218 20.208070839
 [81] 17.085718733 11.969625530 11.673712784  9.030486507  6.997244916 26.221649995 20.617064612 18.973957867 22.585704257 20.758886111
 [91] 20.029840694  9.209482260  7.306403036  4.107013985  3.563235889 26.469662351 16.055544380 25.052978053 22.377868808 16.354175196
[101] 20.139084875 14.384209777  2.792172174 14.756525109  8.902361527 22.675665264 12.919257744  9.010990264  8.751841574 21.283914739
[111] 22.575028361 22.130498439  8.235398417  6.288576454 22.686181839 15.767535474 20.407576808  8.309116144 18.931418491 17.785868291
[121] 14.815614822 13.892270934  3.145650606 17.505352712 18.218085889 10.759685091  7.634069759 11.504021451 12.933227332  4.997302622
[131] 19.373510806 19.212512654 12.889886443  9.436034006  3.078967794 18.972015763 18.495321259 13.885018804  9.871360665  4.224054799
[141]  0.312832743 13.177067679 15.140138918  8.862005948 20.345855537 13.030751764  8.406494661  7.036568866  1.912899423 20.154296350
[151] 18.267170453 14.207726209 16.850580601 15.485663706  3.977249768 14.375037568  6.836076263  9.630492154  9.559539231  0.808816649
[161] 17.472744198 11.364988143  2.149133197 13.046752484  7.035611902  6.086987474  5.216840145  3.964613787 14.770609635 11.838917044
[171]  5.499697268  5.647529099  6.840813649  2.523209996 16.732011920 15.072239836 13.941126515 12.671722736  4.933651668  6.989403776
[181]  9.998703453 15.030554275 16.544551311  7.676504081 15.618834597 15.673395742 13.898671841 12.239868652  5.444621957  4.511144327
[191] 14.546296692 14.279287642 16.919136627 15.479953359  7.641577502  6.110307181 16.028717717 13.436944921 11.105150857  3.877860964
[201]  0.802801838 11.037840550  9.585676028  6.408234944  4.611907997  3.142168569 12.496787663  8.600416995  5.345822026  2.645687679
[211]  1.762182411  8.911354455 14.706403853  7.128459083  5.150034612  2.072451402 15.106917030 12.675599294 12.571611172  6.760963384
[221]  0.445140373 14.973293986 14.424430999 11.680892490 12.525476902  5.588708097 10.282469506  7.490346094  6.343339864 13.515666058
[231]  9.516136603  1.516540447  9.848205712  8.727954347  4.672341160  4.492953201  5.998770960  2.025216825 14.100015873 13.660871994
[241]  6.424181249  2.726653667 12.153028752 10.004824630  2.770598636  0.716264288  9.979264413  6.434579535  6.195459067 13.112236959
[251] 12.440521064 13.922123949  9.786965151  9.498599528  6.219117782  3.647339232  0.649566425  8.391428409  1.778726491  9.590981697
[261]  0.232466795  8.139549498  5.847234125  3.838522722  2.068218217 12.439194821 10.221237430 12.949914020  7.318262672  5.587196290
[271]  0.335014982 11.425621316  8.400326564 12.841959972  8.366974576 11.952891278 11.182539824 13.028655726 10.887787448  9.768587792
[281]  8.318633877  2.085137443  0.552210943  3.129740723  1.659324164  1.423045650 12.356209895 11.721509589 11.063616574  8.439890860
[291]  7.881148579  1.074659525  8.065120492  4.419561982 10.309065064  8.955562821  3.739005913  8.564074539  3.679011507  0.121397851
[301]  3.846728251  8.563083678 10.307525330  6.667054420  5.307635158  5.093462044  3.947639023  8.895042820  5.138688350  0.676022745
[311]  4.118942208 10.184386114  3.378963443  8.914913500  8.547878956  7.959123406  8.032290141 11.014932926  9.617726838  5.311400789
[321]  8.838315901  4.722742388  9.738623977  8.613129982  8.297429105  3.916594546  0.268108527  6.766377882  0.368951736  3.222958618
[331]  1.943411680  6.179534177  2.101927124  7.489016971  9.470351248  8.342661368  5.372771285  2.482455991  2.006439616  9.611557348
[341]  3.216441083  0.937393958  8.629328197  5.123017039  8.678481116  8.535599468  7.882792313  4.936309195  4.056263908  3.580550063
[351]  4.684947467  3.248841701  5.916269620  8.747204962  3.447903079  3.327875928  2.728744076  6.192251407  0.486881805  0.462479681
[361]  1.846714034  8.151791306  5.449346453  6.527858127  8.535044573  6.020732895  6.865821088  2.918882686  4.767078019  2.198943178
[371]  0.507484082  8.599276567  1.652480244  8.073983728  3.329825353  5.338444656  1.910989662  8.415437406  8.083368079  6.723330592
[381]  6.539973457  4.681335543  0.814547681  7.058492674  6.084502306  0.232128436  6.135464766  0.694391212  5.913606105  4.624107708
[391]  2.120492447  1.024850285  4.954071456  4.893364132  0.248313394  7.852981429  6.887151725  5.604647121  3.004037880  2.928201659
[401]  1.049928137  6.871686695  5.534615903  3.071370153  0.987832604  6.885855224  1.513843191  0.074607744  7.247976247  6.860099033
[411]  6.048825979  5.227684035  4.128859400  3.789490183  3.394298943  2.960807940  1.863321016  8.054072514  5.595717524  7.636271126
[421]  7.411488439  4.543634736  5.549727444  7.300811655  0.264653955  4.524735129  1.899542914  3.168657582  4.480448817  2.786218665
[431]  2.945851867  7.000517165  3.571180958  4.033402650  2.902696751  5.368433610  6.482842929  4.434976115  2.760423625  6.095550015
[441]  2.108444228  2.362787034  3.227867522  1.183474991  6.124645046  3.701776910  3.655225368  0.755623843  3.785014047  2.107193499
[451]  1.739233894  1.918397139  6.056120631  2.528944337  6.409818027  4.861563742  6.482420924  1.329900902  5.447841473  5.226092817
[461]  4.671489406  5.011889131  5.534614814  3.527190813  1.049385841  3.529967886  4.927756209  5.825700623  5.683944979  5.753593736
[471]  3.555349375  3.020222516  4.622861149  0.890966474  2.189812530  0.302192615  0.829620158  0.509776589  3.548503191  1.838269354
[481]  3.822773849  2.927590631  5.183198214  4.149622898  3.922439737  1.595625701  4.052067779  2.466742637  0.551630973  2.291967240
[491]  1.045445178  5.139185550  0.800512279  0.266646655  3.614950337  4.565363345  1.490664326  3.786302928  5.364909738  4.449747291
[501]  3.624693058  0.049048981  2.121232164  1.401356156  0.443532004  2.772813235  1.530391397  0.839878683  1.589585999  3.194456793
[511]  3.451160953  2.986873114  2.265799145  0.129189702  2.783237652  4.288151167  0.233740321  2.000155738  2.657983486  1.230304928
[521]  0.835734536  0.821391314  4.519049844  1.051556952  4.450369213  4.415520718  3.836205871  1.437619736  2.709093411  2.586559591
[531]  1.646519171  3.954041981  4.247074730  2.890515864  1.502044508  2.436974974  0.818792050  2.137005489  3.350051508  2.488938326
[541]  2.011403681  0.657983995  2.768900534  1.672825660  0.938604607  3.243709991  3.035751295  1.484954287  2.725482047  0.372554995
[551]  0.105100150  3.462641674  3.034330077  1.996010188  0.299354605  2.539889620  1.271467536  2.642804555  1.522994518  0.884885620
[561]  1.174283139  2.373629617  0.078111107  3.346088146  2.181021623  0.172108656  1.303877923  1.048150602  0.497443925  2.662074949
[571]  2.529318576  1.536117206  2.139674957  0.829182463  0.472430533  0.029933515  2.659777972  0.941079634  1.285368610  0.405629472
[581]  1.513433783  0.308202709  0.224178908  2.635900066  0.064635437  0.021550708  1.453438470  1.196740953  0.319171556  1.499588461
[591]  2.596296616  1.466701204  0.445218897  1.034846725  2.755738542  0.235507922  0.141055718  1.594122725  1.450504331  0.590171152
[601]  2.299768368  1.848539171  1.631446318  2.341849376  1.523928520  0.988463572  1.513313184  0.201934406  0.872763922  0.986354632
[611]  0.618304254  0.975656480  0.893077468  0.471645510  0.733554369  0.117419824  1.179461648  0.887748747  0.425572543  1.344367975
[621]  0.022303182  0.355136501  1.036640567  1.153768807  0.311872482  0.509780750  0.930407507  0.712374182  0.698939700  0.114464964
[631]  0.377125383  0.514113976  0.009878149  0.404147428  0.734929276  0.592968355  0.275043228  0.259050852  0.274498275  0.074601990

$PAR
  [1]  NA   1   2   2   2   2   3   3   3   3   3   3   3   3   4   4   5   6   6   6   6   6   7  23  23  23  23  23  23  24  30  30  30
 [34]  30  30  30  30  30  31  31  31  32  32   8   8   8   8   8   8  18  18   9  25  25  25  25  25  25  25  25  25  42  42  42  39  39
 [67]  15  15  15  15  44  44  11  11  53  53  53  73  73  73  73  73  73  73  73  43  76  76  79  79  79  79  79  79  79  33  33  96  86
[100]  86  54  54  54  98  98  63  63  63  63  26  34  50  50  45  51  51  64  64 115 115 115 115 115 106  89  89  89 111  99  99  27  27
[133]  27  27  27 112 112 112  12  12  12  56  46  46 110 110 110 110 110  90  90  90  87  87 117 145 145  80  80  80 150 101 101  91  91
[166]  91  91  91 132 132 132  19  88  88 136 136 136 136 136  28 137 151  74  40 120  57  57  57  57  57 124 124 161 161 161 161  81  81
[199]  81  81  81 175 175 175 175 175 183 183 183 100 100  41 116 116 116 116 186 186 186 186 186 185 185 185 154 194  65 143 217  66  66
[232]  66 182 182 182 182 222 169 104 104 104 104 213 213 191 191 223 223 223 102 102 156 152 152 152 152 152 177 177 187 187 122 122 122
[265] 122 138 138  67 240 240 240 230 230 198 198 250 250 164 164 164 164 146 146 278 278 268 107 218 178 178 178 178 219 219 225 225 225
[298] 207 207 207 266  36 188 188 188 188 188 243 243 243  82 170 288  20 224 224  83 128 162 162 199 199 289 289 289 202 318 279 279 126
[331] 126  68  68  29 181 181 247 247 247 139 139 139 233 233 253 280 323 323 323 158 319 319 159 254 254 254 254 335 335 134  92  77  77
[364]  84 108  69 314 314 212 212 212 105 105 308 308 321 321 343 324 208 208 208 208 372 346 346 365 365 378 378 378 147 258 258 258 275
[397] 275 275 275 275 275 336 336 336 336 281 281 281 113 113 113 113 113 113 113 113 113 262 262 418 418 317 316 347 347 291 291 396 184
[430] 184 420 127 127 334 421 269  93  93  93 424 214 165 432 432  85  85 397 402 410 157 157 328 220 220 380 381 437 457 241 241 241 455
[463] 114 114 114 249 358 332 332 445 445 445 196 196 440 440 166 166 237 237 353 353 389 389 263 263 468 468 469 398 398 419 226 226 423
[496] 403 403 463 171 363 189 189 499 209 412 167 167 167 483 215 492 492 492 492 309 344 344 306 394 322 322 322 235 473 496 523 236 236
[529] 500 500 500 294 526 526 526 140 484 413 311  94  94 168 307 326 326 301 301 264 481 481 414 498 498 498 256 350 433 471 471 479 464
[562] 552 552 511 511 511 415 415 415 564 564 375 352 443 341 510 123 123 206 206 404 547 547 472 472 399 416 416 416 482 534 534 534 103
[595] 543 439 570 577 530 530 556 571 454 174 601 601 513 475 565 538 391 441 265 339 417 211 451 451 603 486 486 572 559 407 592 567 588
[628] 561 292 568 392 560 477 522 448 629 569 359 555 566

$EXTANT
  [1] FALSE FALSE  TRUE FALSE FALSE  TRUE FALSE  TRUE FALSE FALSE FALSE  TRUE  TRUE  TRUE  TRUE FALSE FALSE FALSE  TRUE FALSE FALSE  TRUE
 [23]  TRUE FALSE  TRUE  TRUE  TRUE  TRUE FALSE  TRUE FALSE FALSE FALSE  TRUE  TRUE FALSE  TRUE  TRUE FALSE FALSE FALSE  TRUE FALSE  TRUE
 [45] FALSE  TRUE  TRUE  TRUE  TRUE  TRUE FALSE FALSE FALSE FALSE FALSE FALSE  TRUE FALSE  TRUE  TRUE  TRUE  TRUE FALSE  TRUE  TRUE  TRUE
 [67]  TRUE  TRUE  TRUE  TRUE  TRUE FALSE FALSE FALSE FALSE FALSE  TRUE FALSE  TRUE  TRUE  TRUE  TRUE  TRUE  TRUE  TRUE FALSE  TRUE  TRUE
 [89] FALSE  TRUE FALSE  TRUE  TRUE  TRUE  TRUE FALSE FALSE  TRUE  TRUE  TRUE  TRUE  TRUE  TRUE FALSE  TRUE FALSE  TRUE FALSE  TRUE  TRUE
[111]  TRUE FALSE  TRUE  TRUE  TRUE  TRUE  TRUE  TRUE FALSE  TRUE FALSE FALSE  TRUE FALSE FALSE  TRUE FALSE FALSE  TRUE  TRUE FALSE FALSE
[133]  TRUE  TRUE  TRUE  TRUE FALSE FALSE  TRUE  TRUE  TRUE FALSE  TRUE  TRUE FALSE  TRUE  TRUE  TRUE  TRUE FALSE FALSE  TRUE FALSE  TRUE
[155]  TRUE FALSE  TRUE  TRUE FALSE  TRUE FALSE  TRUE FALSE FALSE  TRUE  TRUE  TRUE  TRUE  TRUE FALSE  TRUE  TRUE FALSE  TRUE  TRUE  TRUE
[177]  TRUE  TRUE  TRUE FALSE FALSE  TRUE FALSE  TRUE  TRUE  TRUE  TRUE  TRUE  TRUE  TRUE  TRUE FALSE FALSE FALSE  TRUE  TRUE FALSE  TRUE
[199]  TRUE  TRUE  TRUE  TRUE FALSE FALSE  TRUE  TRUE  TRUE  TRUE  TRUE  TRUE  TRUE  TRUE FALSE  TRUE  TRUE  TRUE  TRUE FALSE FALSE  TRUE
[221]  TRUE  TRUE FALSE FALSE  TRUE  TRUE FALSE  TRUE FALSE  TRUE FALSE  TRUE  TRUE  TRUE FALSE  TRUE  TRUE  TRUE  TRUE  TRUE  TRUE  TRUE
[243]  TRUE FALSE FALSE  TRUE  TRUE FALSE  TRUE FALSE FALSE FALSE FALSE  TRUE FALSE  TRUE  TRUE  TRUE  TRUE FALSE  TRUE  TRUE  TRUE  TRUE
[265]  TRUE  TRUE  TRUE  TRUE  TRUE  TRUE  TRUE FALSE FALSE FALSE FALSE FALSE  TRUE  TRUE  TRUE FALSE  TRUE  TRUE  TRUE  TRUE FALSE  TRUE
[287] FALSE  TRUE  TRUE FALSE  TRUE  TRUE FALSE  TRUE FALSE FALSE  TRUE FALSE  TRUE  TRUE FALSE FALSE  TRUE  TRUE  TRUE  TRUE  TRUE  TRUE
[309]  TRUE  TRUE  TRUE  TRUE  TRUE  TRUE FALSE  TRUE FALSE  TRUE  TRUE  TRUE FALSE  TRUE  TRUE  TRUE FALSE  TRUE  TRUE  TRUE  TRUE FALSE
[331] FALSE  TRUE  TRUE  TRUE  TRUE  TRUE  TRUE  TRUE  TRUE FALSE  TRUE  TRUE FALSE  TRUE FALSE  TRUE  TRUE  TRUE  TRUE  TRUE FALSE  TRUE
[353] FALSE FALSE  TRUE  TRUE  TRUE  TRUE  TRUE  TRUE  TRUE  TRUE  TRUE  TRUE  TRUE  TRUE FALSE  TRUE  TRUE  TRUE  TRUE  TRUE  TRUE  TRUE
[375]  TRUE  TRUE  TRUE  TRUE FALSE FALSE  TRUE  TRUE  TRUE  TRUE FALSE  TRUE  TRUE  TRUE  TRUE  TRUE  TRUE  TRUE  TRUE  TRUE  TRUE  TRUE
[397]  TRUE  TRUE  TRUE  TRUE  TRUE  TRUE  TRUE FALSE  TRUE FALSE  TRUE  TRUE  TRUE  TRUE  TRUE  TRUE  TRUE  TRUE  TRUE  TRUE  TRUE  TRUE
[419]  TRUE  TRUE  TRUE  TRUE  TRUE FALSE  TRUE  TRUE  TRUE  TRUE  TRUE  TRUE FALSE  TRUE  TRUE  TRUE  TRUE  TRUE  TRUE  TRUE  TRUE  TRUE
[441]  TRUE  TRUE  TRUE  TRUE  TRUE  TRUE  TRUE  TRUE FALSE  TRUE  TRUE  TRUE  TRUE  TRUE  TRUE  TRUE  TRUE  TRUE  TRUE FALSE  TRUE  TRUE
[463]  TRUE  TRUE  TRUE FALSE  TRUE  TRUE  TRUE  TRUE  TRUE  TRUE  TRUE  TRUE  TRUE  TRUE  TRUE  TRUE  TRUE FALSE  TRUE  TRUE  TRUE  TRUE
[485]  TRUE  TRUE  TRUE  TRUE  TRUE  TRUE  TRUE  TRUE  TRUE  TRUE  TRUE  TRUE  TRUE  TRUE  TRUE  TRUE  TRUE  TRUE  TRUE  TRUE  TRUE  TRUE
[507]  TRUE  TRUE  TRUE  TRUE  TRUE  TRUE  TRUE  TRUE  TRUE  TRUE  TRUE  TRUE  TRUE  TRUE  TRUE  TRUE FALSE  TRUE  TRUE  TRUE  TRUE  TRUE
[529]  TRUE  TRUE  TRUE FALSE  TRUE  TRUE  TRUE  TRUE  TRUE  TRUE  TRUE  TRUE  TRUE  TRUE  TRUE  TRUE  TRUE  TRUE  TRUE  TRUE  TRUE  TRUE
[551]  TRUE  TRUE  TRUE  TRUE  TRUE FALSE  TRUE  TRUE  TRUE  TRUE  TRUE  TRUE  TRUE  TRUE  TRUE  TRUE  TRUE  TRUE  TRUE  TRUE  TRUE  TRUE
[573]  TRUE  TRUE  TRUE  TRUE  TRUE  TRUE  TRUE  TRUE  TRUE  TRUE  TRUE  TRUE  TRUE  TRUE  TRUE  TRUE  TRUE  TRUE  TRUE  TRUE  TRUE  TRUE
[595]  TRUE  TRUE  TRUE  TRUE FALSE  TRUE  TRUE  TRUE  TRUE  TRUE  TRUE  TRUE  TRUE  TRUE  TRUE  TRUE  TRUE  TRUE  TRUE  TRUE  TRUE  TRUE
[617]  TRUE  TRUE  TRUE  TRUE  TRUE  TRUE  TRUE  TRUE  TRUE  TRUE  TRUE  TRUE  TRUE  TRUE  TRUE  TRUE  TRUE  TRUE  TRUE  TRUE  TRUE  TRUE
[639]  TRUE  TRUE

