
Birth-death simulation object with 634 species and 500 extant species

Details for some species:

Extinction times (NA means extant)
[1] 23.28208       NA 15.89948 65.31421 66.07616  1.20433


Speciation times 
[1] 98.86269 77.95696 51.41722 74.50595 67.82680 37.54872


Species parents (NA for initial)
[1] NA  1  1  2  2  2


Species status (extinct or extant)
[1] "extinct" "extant"  "extinct" "extinct" "extinct" "extinct"


For more details on vector y, try sim$y, with y one of
TE TS PAR EXTANT



$TE
  [1] 23.28207810          NA 15.89948079 65.31420691 66.07615508  1.20433027 26.83975073          NA  7.85936938
 [10] 58.78670574  9.30982192 13.64728551          NA 14.85336413          NA 20.70763171          NA          NA
 [19] 18.42003781 33.27574360          NA 37.85616138  0.74435866  0.40204256          NA 16.19925161          NA
 [28]          NA  6.35405220          NA 12.02075968  9.03164110  5.71837096          NA  1.98516941 14.53919313
 [37] 27.94739690 32.15985665 23.36940265          NA  6.57744906          NA          NA          NA  3.35523158
 [46] 11.96972245          NA          NA          NA          NA          NA 10.40042937          NA 11.83258879
 [55]          NA          NA 19.26404674          NA          NA 13.29533337          NA          NA 30.38904837
 [64]  8.54869266 15.84253794          NA  5.01691224 14.03137954          NA 12.89858325 10.20018629          NA
 [73] 19.99109973 15.94956794 14.58561031          NA          NA 20.87559815          NA          NA          NA
 [82]          NA  4.52585428 24.05413008  8.13247967 13.99412212          NA 13.70243897          NA          NA
 [91]          NA          NA 20.41869767 12.17082880          NA          NA          NA  6.29874329          NA
[100]          NA          NA  4.44937918          NA 17.19805283          NA 14.09624901 14.88363738 13.39131274
[109]          NA          NA  9.41331894          NA  0.66605014          NA          NA          NA  0.86557886
[118]          NA 15.06933800          NA          NA          NA          NA          NA          NA          NA
[127]  0.02707542 13.69995554          NA          NA          NA  9.98336407          NA          NA          NA
[136]          NA 19.20794052  1.59305942          NA          NA          NA          NA 15.20042661  9.25634137
[145]          NA          NA          NA  6.12002975  1.55113506 16.81985916          NA          NA          NA
[154]          NA  8.35632248 16.09284942 13.91812186  8.42552444  0.67761159          NA  4.19016035          NA
[163]          NA  5.32366361          NA 12.97886226 11.54229416          NA          NA          NA  5.00932059
[172]          NA          NA  2.99534155          NA          NA          NA 10.85306581          NA          NA
[181]          NA          NA          NA          NA 14.34749494          NA          NA          NA          NA
[190]  3.86678984          NA          NA          NA          NA          NA 10.78735166          NA          NA
[199]          NA  0.32510176          NA  5.37353712          NA  6.32796724          NA          NA          NA
[208]          NA          NA          NA  2.01004794  0.53336879          NA          NA          NA          NA
[217] 12.28723225          NA          NA          NA  0.85008094          NA          NA          NA  6.27527918
[226]          NA          NA  8.72473378          NA          NA          NA          NA          NA          NA
[235]          NA  4.38586738          NA          NA          NA          NA          NA          NA 13.32159907
[244]          NA          NA          NA          NA          NA          NA          NA  7.44787358          NA
[253]          NA          NA          NA  6.01873023  1.15822365          NA          NA          NA          NA
[262]          NA          NA          NA  5.46749770          NA          NA          NA          NA          NA
[271]  1.18975673          NA 12.16053768  4.63257398          NA          NA  3.48214682          NA          NA
[280]          NA  1.58221172          NA          NA          NA          NA          NA          NA          NA
[289]          NA          NA          NA          NA  1.13263451          NA  6.69020581          NA          NA
[298]          NA          NA          NA          NA          NA          NA          NA          NA          NA
[307]          NA          NA          NA          NA          NA          NA          NA          NA          NA
[316]          NA          NA          NA          NA  8.63330042          NA          NA  2.66656430          NA
[325]  3.57915957          NA  0.20525317          NA  0.71313225          NA          NA          NA          NA
[334]          NA          NA          NA          NA          NA          NA          NA          NA          NA
[343]  5.80138543          NA          NA          NA          NA          NA          NA          NA          NA
[352]          NA          NA          NA          NA          NA          NA          NA          NA          NA
[361]  6.40761265          NA          NA          NA  8.21704909          NA          NA          NA          NA
[370]          NA          NA  4.66103083  0.01197238          NA          NA          NA  5.15355801          NA
[379]  5.83838243          NA          NA          NA          NA          NA          NA          NA  3.56746015
[388]          NA          NA          NA          NA          NA          NA          NA          NA          NA
[397]          NA          NA          NA          NA          NA          NA          NA  8.07655919          NA
[406]          NA          NA          NA          NA          NA          NA          NA          NA          NA
[415]          NA          NA          NA          NA          NA          NA          NA  3.97109253          NA
[424]          NA          NA          NA          NA          NA          NA          NA          NA          NA
[433]          NA  0.05499085          NA          NA  2.68784092          NA          NA          NA          NA
[442]          NA          NA          NA          NA          NA          NA          NA  2.28688521          NA
[451]          NA          NA          NA          NA          NA          NA  1.01373885          NA          NA
[460]          NA          NA          NA          NA          NA          NA          NA          NA          NA
[469]          NA          NA          NA          NA          NA          NA          NA          NA          NA
[478]          NA          NA          NA  1.31949267          NA          NA  3.87274264          NA          NA
[487]          NA          NA          NA          NA          NA          NA          NA          NA          NA
[496]          NA          NA          NA          NA          NA          NA          NA          NA          NA
[505]          NA          NA          NA  0.81992847          NA          NA          NA          NA          NA
[514]  2.48027818          NA          NA          NA          NA          NA          NA          NA  1.11488382
[523]          NA          NA          NA          NA          NA          NA          NA          NA          NA
[532]          NA          NA          NA          NA          NA  0.14601265          NA          NA          NA
[541]          NA          NA          NA          NA          NA          NA          NA          NA          NA
[550]          NA          NA          NA          NA          NA          NA          NA          NA          NA
[559]          NA          NA          NA          NA          NA          NA          NA          NA          NA
[568]          NA          NA          NA          NA          NA          NA          NA          NA          NA
[577]          NA          NA          NA          NA          NA          NA          NA          NA          NA
[586]          NA          NA          NA          NA          NA          NA          NA          NA          NA
[595]          NA          NA          NA          NA          NA          NA          NA          NA          NA
[604]          NA          NA          NA          NA          NA          NA          NA          NA          NA
[613]          NA          NA          NA          NA          NA          NA          NA          NA          NA
[622]          NA          NA          NA          NA          NA          NA          NA          NA          NA
[631]          NA          NA          NA          NA

$TS
  [1] 98.862693334 77.956960863 51.417223562 74.505954316 67.826802792 37.548724818 30.838684175 24.729978745
  [9] 23.108901115 71.913641856 49.305554260 35.749095344 20.356253573 47.384805945 41.514284024 27.759772116
 [17] 11.254756405 46.402688644 44.479400909 36.815699934 30.774692510 41.962132620 37.591270506 36.418161767
 [25] 28.507142681 26.299284468 19.331346441 16.197804572 14.973181795 14.530357675 13.627150871  9.119907344
 [33]  5.836438734  1.754784682 40.142326606 38.315122969 29.913318072 38.873533005 38.707548533 11.394492734
 [41]  7.625595822  3.906290573  3.782275503  1.072212927 32.343630939 32.241129644 26.883317833 21.908914857
 [49] 33.877216195 18.862852388 17.866618085 16.870626685 15.677056160 14.713165667 13.371468902 10.233256495
 [57] 27.177864688 16.258221228  1.672624830 26.709272047 18.439254512  9.911131674 30.766505689 27.369327130
 [65] 25.857022453 15.586248691 21.832940896 14.797648220 14.360611314 12.911737357 20.318225615 17.504381963
 [73] 28.696054243 29.171874272 20.482302365  8.895049786 28.397665887 24.679100719 20.560707136 20.412500434
 [81] 16.249491405 27.206188727 24.423843777 24.148050264 21.672516524 15.688914037  8.241329021 18.564325943
 [89] 12.054203544  5.827749124 23.373932030 11.111696440 22.792688415 14.588628051  1.793144321 22.871417047
 [97] 17.102148076 10.575651401  6.744487944  5.971066162  1.740847348 25.073940558 23.802990810 23.366853822
[105] 19.941984123 19.695918392 24.323441813 22.009040305 17.970680904 23.002553143 16.164988756 10.567320699
[113]  9.609052146  8.414488159 17.517422176  4.813339655 21.307789575 19.970114076 23.342572372 11.147207811
[121] 10.637204211  8.305662057  1.573796458  9.271817372  7.896989525  6.682008595 18.541817343 21.451156463
[129] 20.288876855 18.916524775 18.776689277 17.323887389 20.914306609  1.114583702  0.370297355 20.293948419
[137] 21.327264164 19.952211464 10.843087963  2.694681215 19.389750093 13.022412578 21.092970916 19.636867331
[145] 15.207883440 10.253088972  1.852846364 16.222344892 11.707564823 17.624077045  6.538828736  1.344074425
[153]  8.409454733  0.752742966 19.321780643 16.625805312 15.786494735 10.360710550 10.299597667 13.025766119
[161] 12.114998043  7.470451517  3.699467977  8.884771247  7.472570595 13.948759782 12.163572105 11.740570125
[169]  6.026312545 15.136434958  5.331571640  3.548185214  0.073273083 18.863037631 16.630502392  5.267524177
[177]  4.775353582 11.329265297  9.952861634  9.943252160 15.332574792 13.277205188  9.155380588  5.867040187
[185] 16.363048640 14.489242763 12.288986028  2.994561673 17.488723312 15.274462046  7.434115049 11.555895583
[193]  2.736061646  3.729174950 17.370800715 14.051498606  2.603844000  1.474632516  6.820407083  3.450957165
[201]  1.968437015 10.544167439 14.821051833  6.806833231  5.519580747  1.097262140 15.345674566 10.271116740
[209]  3.856452367 15.699899131 12.627930298  8.843419123  6.263366180  5.477357620 15.003122955 14.966102498
[217] 14.897075439 15.564997478  6.250073553  3.236662205 15.527992069 13.542421167 11.153280374  8.758160089
[225]  6.949219693  7.565273883  1.049342814 15.285631550  8.240136770  6.884286766  2.977815614  0.230630630
[233] 14.294334698 11.092795783 10.020735534  7.372206737  5.146769857  4.846452250  2.013850444  8.584148662
[241]  2.793928479  2.349657317 13.903572336  4.998233821  1.740759896 12.160780670  6.334793914 10.927906178
[249]  5.087990746 11.875558330 10.777177761  6.762036080  2.714999740  0.482310077 14.294130056 10.750812128
[257]  9.204608240  8.171788200  6.724085825  1.244628524  4.855492484  1.128401864  6.778145515  0.121826949
[265]  7.718420859  1.884653975  4.996376289  1.312226386  1.216726055 13.120901236  2.281282838  3.615311644
[273] 12.328623914 10.941410490  7.518309333  8.597975169  4.003991094  8.514403634  7.117138931  5.229950832
[281]  4.349180405  0.787515271 11.353016257 11.067556685  2.278714636  3.344506748  8.075377388  3.962826019
[289]  3.894511967 10.854961043  9.580467895  6.135398294  4.705453061  0.370341191 10.769328815  9.556674322
[297]  7.962362049  1.067175758  3.630922065  3.240694712  2.506189286 10.683171232  7.406506624  6.787347300
[305]  5.636685758  6.542189463  2.506263878 10.030928634  1.019397550  3.223532805  8.648947647  5.326309071
[313] 10.011882764  8.233341599  8.000329028  6.868155587  5.030881310  3.353132906 10.208108755 10.791847334
[321]  3.594005151  0.355947457 10.438290328 10.535628026  5.398567009  4.202786851  6.821304760  3.488296431
[329]  8.744143561  6.494609975 10.363253648  2.528815533  9.858421041  5.538392040 10.090110737  2.060796488
[337]  1.374219565  2.160132867  4.882534150  4.433164680  3.193752590  3.511152529  7.066443631  2.382105112
[345]  9.422414385  5.589064574  0.881570718  7.400454614  4.152560355  0.047968603  0.018023741  8.538070153
[353]  8.067531953  4.205292334  9.277699523  8.980420808  7.689289111  4.404888950  2.061773669  0.122760984
[361]  7.234592330  3.046224140  2.017596910  0.629190649  9.380975459  7.210201530  4.250472440  0.032481471
[369]  6.285802431  3.953273172  9.309626255  6.414862085  5.770036234  2.759304094  8.387123950  4.366348342
[377]  6.286370826  8.629586150  7.676869960  6.785855941  4.128510962  1.357826554  4.669819713  0.440521041
[385]  3.956068623  8.354881316  5.083722469  2.186115609  2.057201800  1.226239431  7.677502183  6.267397110
[393]  5.622320568  7.748259351  4.557924699  6.680899309  5.659817238  4.546929932  2.736544215  0.054505620
[401]  2.700899721  6.364895869  2.017817959  8.107572048  3.424674575  6.893129886  5.401788223  4.074233937
[409]  1.088818253  4.562883093  7.062866019  2.739100551  2.472052892  1.315932300  0.849009595  5.371297121
[417]  3.830826396  1.984400983  0.614502030  4.446865656  7.052246250  6.442340220  4.073596785  1.211275471
[425]  7.784603963  4.426496837  3.284501185  5.055478395  3.841255527  1.281279724  7.265885992  2.553132220
[433]  6.840524546  7.493435892  2.217471404  1.338323852  6.952872025  7.434143332  3.711178246  3.623236071
[441]  1.325335425  4.610417259  2.930266259  1.296657278  5.983484166  1.294167613  3.554371770  6.899131695
[449]  5.516292825  3.434182395  6.737849052  6.225390432  5.250514418  2.508220708  0.002241037  2.335404070
[457]  2.032990637  1.120622159  2.573219558  5.413870048  2.413447483  5.383707762  2.427425957  0.958158767
[465]  3.220851613  5.737670644  2.659328625  6.552687801  2.808092899  0.262842974  4.171259406  4.049704362
[473]  2.733556433  0.898735337  2.660993457  1.299494652  4.426155535  4.496636074  4.677898187  3.604207720
[481]  4.731924030  5.200565770  0.024319295  6.248344327  1.891675165  3.481605727  1.524828605  4.483798795
[489]  1.679616500  0.273017878  0.784389334  5.065146631  4.620325201  2.219098821  4.185829919  2.210859705
[497]  2.719318004  2.078111474  1.423387300  1.140231798  4.014541367  2.923978741  2.108332780  2.677125613
[505]  1.179690649  4.639127244  1.031716330  4.588340597  1.761190556  3.933614460  2.850538083  0.214970622
[513]  0.402274061  4.106704903  0.168763593  1.709628593  3.630740669  3.121297205  3.525077108  2.696495791
[521]  0.954512163  2.590006434  4.255754857  3.021046373  4.024739841  2.177986634  0.041225136  4.211511188
[529]  2.058046651  4.153771452  1.384833816  4.310765987  3.115329340  2.913043774  1.664846858  0.276663807
[537]  2.903509930  2.497983660  2.891141886  1.326379333  1.816573258  0.708135919  3.457739060  1.771439003
[545]  3.744317873  3.013802753  1.722783950  0.767862212  1.890060287  1.128081536  0.234489300  2.471853543
[553]  3.195623409  1.151078694  0.339152667  2.427468877  1.475489505  1.488817371  0.707188381  0.154782407
[561]  3.710619558  1.987807229  1.747937250  1.425890631  2.705850658  1.518716091  0.791419085  2.089253634
[569]  1.761776412  0.060352865  2.124810554  3.089402112  1.510456832  0.669173090  0.153880702  2.327323222
[577]  2.273299088  0.871281503  0.619012452  1.797452899  0.447194839  1.736363106  1.091937214  0.892816012
[585]  1.573020801  1.595499181  1.954861475  1.124549165  0.768295818  0.058749591  1.882097899  0.014916951
[593]  2.029089338  1.801672290  0.935673876  2.303799175  1.472951837  0.046929584  0.076587292  1.265559722
[601]  1.987042015  0.057344900  1.182630682  0.052614616  1.528954160  0.006067995  2.024841722  1.232348571
[609]  1.552088376  1.510840265  1.316334575  0.580008485  1.265392239  0.232829429  1.739860862  1.061885371
[617]  0.798498746  0.195574548  1.404021570  1.000043454  0.065597830  0.848019052  1.240772419  0.609399024
[625]  0.200492010  0.888869415  0.191767966  0.940167350  1.052801193  0.130776979  0.762849489  0.694315383
[633]  0.326229412  0.278611527

$PAR
  [1]  NA   1   1   2   2   2   2   2   2   4   3   3   3  11  11  11  11  14  14  14  14  18  18  18  18  18  18  18
 [29]  18  18  18  18  18  18  19  19  19  15  15  15  15  15  15  15  35  35  39  36  23  23  23  23  23  23  23  23
 [57]   6   6   6  24  24  24  12  12  12  12  49  49  49  45  46  46   7  21  21  21  74  74  74  74  74  73  25  25
 [85]  25  25  25  77  77  77  16  64  82  82  82  57  47  47  47  47  47  60  60  60  60  60  26  26  65 102 102 102
[113] 102 102   8   8  78 107 103 103 103 103 103  91  91  91 104 119 119 119 119   9 110 110 110  96 108  48  48  48
[141]  67  85 128 128 128 117 117 143 133  79  79  79  80  13 136 136 136 136 136 129 129 118 118 138 138 105 105 105
[169] 105 144 141 141  27 130 130 130 130 174 174 174  50  50  50  50 131 131 131 131  88  88 127  61  61 109  51  51
[197] 115 115  72  72  72 189 195 195 195 195  97  97  97  52 175 175 175 175 185 185 185  58  58  58  81  81 148 148
[225] 148  28  28 210 210 210 210 210  86  53  53  66  66  66 218 221 221 221 207 207 181 228 190 145 170 215  29  29
[253] 216 216 217 203 203 203 203 203  30  30 186 186  69  69 233 233 233 255 222  55 182 182 182 270 270 160 160 160
[281] 142 142 211 211 187 246 250 250 250 168 168 168 168 168 149 149 192 192  40  40  40 283 283 283  17 223 223 120
[309] 120  92 284 284 274 274 248 248 248 248 290 139 139 139 251 302 302 302 121 121  98  98 112 112 202 202 324 324
[337] 324 159 146 146 146  56 319 319 335 335 335 308 308 308 308 235 235 313 179 179 179 179 179 180  62  62  62  62
[365] 333 333 333 333 113 291 296 296 296 345 371 371 124 257 257 257 257 257 183 183 356  76  76  76  76  76 212 212
[393] 212 224 329 311 311 311 311 378 276 352 352 278 278 114 153 375 375 386 122 122 122 122 122  87  87  87  87 229
[421] 258 287 315 315 297 297 297 425 394 357 391 391 379 226 226 226 275 162 438 438 438 191 191 191 303 303 348 431
[449] 431 366 279 279 411 411 411 406 406 406 316 433 433 327 199 199 304 380 380 263 263 252  99 451 126 126 396 396
[477] 468 306 330 402 247 377 392 213 219 452 169 445 100 184  90 373 397 393 346 346 334 205 214 214 460 460 460 407
[505] 407 325 416 176 453 482 492 428 317 244 244 339 261 261 238 238 116 177 481 293 383 506 506 493 442 410 410 398
[533] 398 478 477 477 358 281 367 326 495 495 471 471 530 530 349 381 423 423 288 370 510 510 510 289 429 417 417 417
[561] 545 545 272 272 480 447 447 200 200 405 220 518 518 362 537 374 412 412 412 399 399 497 497 497 520 475 197 197
[589] 197 197 432 432 538 538 538 556 556 242 456 271 285 494 435 435 526 338 568 568 359 359 457 239 418 201 266 541
[617] 509  34 563 615 610 573 198 597 499 623 608 603 500 550 588 507 513 513

$EXTANT
  [1] FALSE  TRUE FALSE FALSE FALSE FALSE FALSE  TRUE FALSE FALSE FALSE FALSE  TRUE FALSE  TRUE FALSE  TRUE  TRUE FALSE
 [20] FALSE  TRUE FALSE FALSE FALSE  TRUE FALSE  TRUE  TRUE FALSE  TRUE FALSE FALSE FALSE  TRUE FALSE FALSE FALSE FALSE
 [39] FALSE  TRUE FALSE  TRUE  TRUE  TRUE FALSE FALSE  TRUE  TRUE  TRUE  TRUE  TRUE FALSE  TRUE FALSE  TRUE  TRUE FALSE
 [58]  TRUE  TRUE FALSE  TRUE  TRUE FALSE FALSE FALSE  TRUE FALSE FALSE  TRUE FALSE FALSE  TRUE FALSE FALSE FALSE  TRUE
 [77]  TRUE FALSE  TRUE  TRUE  TRUE  TRUE FALSE FALSE FALSE FALSE  TRUE FALSE  TRUE  TRUE  TRUE  TRUE FALSE FALSE  TRUE
 [96]  TRUE  TRUE FALSE  TRUE  TRUE  TRUE FALSE  TRUE FALSE  TRUE FALSE FALSE FALSE  TRUE  TRUE FALSE  TRUE FALSE  TRUE
[115]  TRUE  TRUE FALSE  TRUE FALSE  TRUE  TRUE  TRUE  TRUE  TRUE  TRUE  TRUE FALSE FALSE  TRUE  TRUE  TRUE FALSE  TRUE
[134]  TRUE  TRUE  TRUE FALSE FALSE  TRUE  TRUE  TRUE  TRUE FALSE FALSE  TRUE  TRUE  TRUE FALSE FALSE FALSE  TRUE  TRUE
[153]  TRUE  TRUE FALSE FALSE FALSE FALSE FALSE  TRUE FALSE  TRUE  TRUE FALSE  TRUE FALSE FALSE  TRUE  TRUE  TRUE FALSE
[172]  TRUE  TRUE FALSE  TRUE  TRUE  TRUE FALSE  TRUE  TRUE  TRUE  TRUE  TRUE  TRUE FALSE  TRUE  TRUE  TRUE  TRUE FALSE
[191]  TRUE  TRUE  TRUE  TRUE  TRUE FALSE  TRUE  TRUE  TRUE FALSE  TRUE FALSE  TRUE FALSE  TRUE  TRUE  TRUE  TRUE  TRUE
[210]  TRUE FALSE FALSE  TRUE  TRUE  TRUE  TRUE FALSE  TRUE  TRUE  TRUE FALSE  TRUE  TRUE  TRUE FALSE  TRUE  TRUE FALSE
[229]  TRUE  TRUE  TRUE  TRUE  TRUE  TRUE  TRUE FALSE  TRUE  TRUE  TRUE  TRUE  TRUE  TRUE FALSE  TRUE  TRUE  TRUE  TRUE
[248]  TRUE  TRUE  TRUE FALSE  TRUE  TRUE  TRUE  TRUE FALSE FALSE  TRUE  TRUE  TRUE  TRUE  TRUE  TRUE  TRUE FALSE  TRUE
[267]  TRUE  TRUE  TRUE  TRUE FALSE  TRUE FALSE FALSE  TRUE  TRUE FALSE  TRUE  TRUE  TRUE FALSE  TRUE  TRUE  TRUE  TRUE
[286]  TRUE  TRUE  TRUE  TRUE  TRUE  TRUE  TRUE FALSE  TRUE FALSE  TRUE  TRUE  TRUE  TRUE  TRUE  TRUE  TRUE  TRUE  TRUE
[305]  TRUE  TRUE  TRUE  TRUE  TRUE  TRUE  TRUE  TRUE  TRUE  TRUE  TRUE  TRUE  TRUE  TRUE  TRUE FALSE  TRUE  TRUE FALSE
[324]  TRUE FALSE  TRUE FALSE  TRUE FALSE  TRUE  TRUE  TRUE  TRUE  TRUE  TRUE  TRUE  TRUE  TRUE  TRUE  TRUE  TRUE  TRUE
[343] FALSE  TRUE  TRUE  TRUE  TRUE  TRUE  TRUE  TRUE  TRUE  TRUE  TRUE  TRUE  TRUE  TRUE  TRUE  TRUE  TRUE  TRUE FALSE
[362]  TRUE  TRUE  TRUE FALSE  TRUE  TRUE  TRUE  TRUE  TRUE  TRUE FALSE FALSE  TRUE  TRUE  TRUE FALSE  TRUE FALSE  TRUE
[381]  TRUE  TRUE  TRUE  TRUE  TRUE  TRUE FALSE  TRUE  TRUE  TRUE  TRUE  TRUE  TRUE  TRUE  TRUE  TRUE  TRUE  TRUE  TRUE
[400]  TRUE  TRUE  TRUE  TRUE FALSE  TRUE  TRUE  TRUE  TRUE  TRUE  TRUE  TRUE  TRUE  TRUE  TRUE  TRUE  TRUE  TRUE  TRUE
[419]  TRUE  TRUE  TRUE FALSE  TRUE  TRUE  TRUE  TRUE  TRUE  TRUE  TRUE  TRUE  TRUE  TRUE  TRUE FALSE  TRUE  TRUE FALSE
[438]  TRUE  TRUE  TRUE  TRUE  TRUE  TRUE  TRUE  TRUE  TRUE  TRUE  TRUE FALSE  TRUE  TRUE  TRUE  TRUE  TRUE  TRUE  TRUE
[457] FALSE  TRUE  TRUE  TRUE  TRUE  TRUE  TRUE  TRUE  TRUE  TRUE  TRUE  TRUE  TRUE  TRUE  TRUE  TRUE  TRUE  TRUE  TRUE
[476]  TRUE  TRUE  TRUE  TRUE  TRUE FALSE  TRUE  TRUE FALSE  TRUE  TRUE  TRUE  TRUE  TRUE  TRUE  TRUE  TRUE  TRUE  TRUE
[495]  TRUE  TRUE  TRUE  TRUE  TRUE  TRUE  TRUE  TRUE  TRUE  TRUE  TRUE  TRUE  TRUE FALSE  TRUE  TRUE  TRUE  TRUE  TRUE
[514] FALSE  TRUE  TRUE  TRUE  TRUE  TRUE  TRUE  TRUE FALSE  TRUE  TRUE  TRUE  TRUE  TRUE  TRUE  TRUE  TRUE  TRUE  TRUE
[533]  TRUE  TRUE  TRUE  TRUE FALSE  TRUE  TRUE  TRUE  TRUE  TRUE  TRUE  TRUE  TRUE  TRUE  TRUE  TRUE  TRUE  TRUE  TRUE
[552]  TRUE  TRUE  TRUE  TRUE  TRUE  TRUE  TRUE  TRUE  TRUE  TRUE  TRUE  TRUE  TRUE  TRUE  TRUE  TRUE  TRUE  TRUE  TRUE
[571]  TRUE  TRUE  TRUE  TRUE  TRUE  TRUE  TRUE  TRUE  TRUE  TRUE  TRUE  TRUE  TRUE  TRUE  TRUE  TRUE  TRUE  TRUE  TRUE
[590]  TRUE  TRUE  TRUE  TRUE  TRUE  TRUE  TRUE  TRUE  TRUE  TRUE  TRUE  TRUE  TRUE  TRUE  TRUE  TRUE  TRUE  TRUE  TRUE
[609]  TRUE  TRUE  TRUE  TRUE  TRUE  TRUE  TRUE  TRUE  TRUE  TRUE  TRUE  TRUE  TRUE  TRUE  TRUE  TRUE  TRUE  TRUE  TRUE
[628]  TRUE  TRUE  TRUE  TRUE  TRUE  TRUE  TRUE

