
Birth-death simulation object with 587 species and 500 extant species

Details for some species:

Extinction times (NA means extant)
[1] 10.64259       NA       NA 28.40953       NA       NA


Speciation times 
[1] 39.66208 33.78686 32.14177 31.15068 27.73032 21.65746


Species parents (NA for initial)
[1] NA  1  1  1  1  1


Species status (extinct or extant)
[1] "extinct" "extant"  "extant"  "extinct" "extant"  "extant" 


For more details on vector y, try sim$y, with y one of
TE TS PAR EXTANT



$TE
  [1] 10.6425876         NA         NA 28.4095257         NA         NA         NA  2.9860747         NA         NA
 [11] 13.8137319 10.0585656         NA  6.2984908         NA         NA         NA         NA 14.0297280 14.5941744
 [21]  1.7448675         NA 18.6354991  9.2925275         NA  0.7694405  3.4980811         NA 14.5896249         NA
 [31]         NA 11.7028536         NA  9.0340851         NA         NA         NA  0.1971884         NA         NA
 [41]         NA  3.4476564  1.1182930         NA         NA         NA         NA         NA         NA         NA
 [51]         NA         NA  4.8779850         NA 13.0849231         NA         NA         NA         NA         NA
 [61]  5.8222273         NA         NA         NA         NA         NA         NA  0.5416441  4.7855742         NA
 [71]         NA         NA 17.6920286         NA         NA         NA         NA         NA         NA         NA
 [81]         NA         NA         NA         NA         NA         NA         NA         NA 16.7414399         NA
 [91]         NA         NA         NA 10.5480568         NA         NA         NA  7.1060853         NA         NA
[101]  7.8701841 11.2831649         NA  1.0081341         NA         NA         NA         NA         NA         NA
[111]         NA         NA         NA         NA         NA         NA         NA  4.0676388         NA         NA
[121]  0.1538313         NA 14.9214088         NA         NA  9.0077716         NA         NA  9.2370100         NA
[131]         NA         NA         NA         NA         NA         NA         NA         NA         NA         NA
[141]  7.6931020 10.1022132         NA         NA         NA         NA         NA         NA  6.4193926  9.7648108
[151]         NA         NA         NA         NA         NA         NA         NA         NA         NA         NA
[161]  1.7516868         NA         NA 12.3130973         NA         NA 10.6234562         NA         NA         NA
[171]         NA         NA  0.5262064         NA         NA         NA         NA         NA         NA         NA
[181]         NA         NA         NA         NA         NA 10.5965543         NA         NA         NA         NA
[191]         NA  3.8175084         NA         NA         NA         NA         NA         NA         NA         NA
[201]         NA  8.7293441         NA 10.2451803         NA         NA         NA         NA         NA         NA
[211]         NA         NA         NA         NA         NA         NA         NA         NA         NA         NA
[221]         NA         NA         NA  1.5100372         NA  7.4637921         NA         NA         NA  3.5629965
[231]         NA         NA         NA         NA         NA         NA         NA         NA         NA         NA
[241]         NA  0.4020892         NA         NA         NA         NA         NA         NA         NA         NA
[251]         NA         NA         NA         NA  2.0217570         NA         NA 10.5323840         NA         NA
[261]         NA         NA         NA         NA         NA         NA         NA  7.9258284         NA  2.4042442
[271]  0.9157339         NA         NA  3.4062714         NA  0.8920862         NA         NA         NA         NA
[281]  5.7851461         NA         NA         NA         NA         NA         NA         NA         NA         NA
[291]         NA         NA  3.2051246         NA         NA         NA         NA         NA         NA         NA
[301]         NA         NA         NA  1.4014510  2.1840052         NA         NA         NA         NA         NA
[311]         NA         NA  3.0289185         NA         NA         NA  4.7610568         NA         NA         NA
[321]  0.3449632         NA         NA         NA  4.9532535         NA         NA         NA         NA  5.9464755
[331]         NA         NA         NA  3.1604402         NA         NA         NA         NA         NA         NA
[341]         NA         NA         NA         NA         NA         NA         NA         NA         NA  0.9133699
[351]         NA         NA         NA         NA         NA         NA         NA         NA  0.5694840         NA
[361]         NA         NA         NA         NA         NA         NA         NA         NA         NA         NA
[371]         NA         NA         NA  1.2843826         NA         NA         NA         NA         NA         NA
[381]  2.7434967         NA         NA         NA         NA         NA         NA         NA         NA         NA
[391]         NA         NA         NA         NA         NA         NA         NA         NA         NA         NA
[401]         NA         NA         NA         NA  4.0519845         NA         NA         NA         NA         NA
[411]         NA         NA         NA  1.7632369         NA         NA         NA         NA         NA         NA
[421]         NA         NA         NA         NA         NA         NA         NA  3.3178345         NA         NA
[431]         NA         NA         NA         NA         NA         NA         NA         NA         NA         NA
[441]         NA         NA         NA         NA         NA         NA         NA         NA         NA         NA
[451]         NA         NA         NA  3.5940013         NA  2.8425298         NA         NA         NA         NA
[461]  0.9890180         NA         NA         NA         NA         NA         NA         NA         NA         NA
[471]         NA         NA         NA         NA         NA         NA         NA  4.6527831         NA         NA
[481]         NA         NA         NA         NA         NA         NA         NA         NA         NA         NA
[491]         NA         NA         NA         NA  1.5904968         NA         NA         NA         NA         NA
[501]         NA         NA         NA         NA         NA         NA         NA         NA  0.9435882         NA
[511]         NA         NA  3.1118186         NA         NA         NA         NA         NA         NA         NA
[521]  1.6168323         NA         NA         NA         NA         NA         NA  0.9906193         NA         NA
[531]         NA         NA         NA         NA         NA         NA         NA         NA         NA  0.1493606
[541]         NA         NA         NA         NA         NA         NA         NA         NA         NA         NA
[551]         NA         NA         NA         NA         NA  0.1794928         NA         NA         NA         NA
[561]         NA         NA         NA         NA         NA         NA         NA         NA         NA         NA
[571]         NA         NA         NA         NA         NA         NA         NA         NA         NA         NA
[581]         NA         NA         NA         NA         NA         NA         NA

$TS
  [1] 39.662082252 33.786859289 32.141767534 31.150684327 27.730321072 21.657458677 30.083971578 12.007040378
  [9] 11.318869732 22.000191297 19.512613628 19.144495755 17.707149418  8.131778141  4.531104283 25.762098555
 [17] 24.434133905 24.305608102 25.803700350 24.000021774 20.160826552 24.396767298 23.953976011 23.574606402
 [25] 18.167156749 14.834780069 22.341194500 22.160513534 21.209713315 12.726654571  3.287035221 18.971099078
 [33] 18.608962865  9.093154975  6.225313354  0.220936888  0.096775197 18.384746053 15.508109620 14.880608542
 [41] 13.996015904 11.295997631 10.687621900 10.421089936  7.754398529  5.604868725  9.324071910  2.394526242
 [49]  0.125725827 16.274955589  9.398523373 21.099768860 19.219464310 16.004666061 14.852105889  8.541582264
 [57]  4.899143881 22.160032492 12.586506454 11.280201717 10.456905518 10.134492582  9.966733257  0.545403547
 [65] 11.882528969  1.055576756  0.783618869 16.180550213 11.743463726  6.301866474 21.064326998 20.702451275
 [73] 18.292864628 17.287866946  7.175588782 20.957276700 18.645029228 16.525924801 16.338715057 12.848025684
 [81] 10.664988498  5.268958104  3.835162635  3.704261990  0.654224749 12.218983239  3.347461843  1.693143616
 [89] 16.911254484 11.891294015  7.184170569  5.608540569  3.475497589 18.333164575  6.010197924 14.499002031
 [97] 11.511509932  9.166076669  6.556963754 18.484141693 17.650019949 15.818016938 13.129978927  9.767278970
[105]  9.578060407  4.654140456  3.620766914  1.090062617 17.923228059 17.632528418  9.828970225  5.379235829
[113]  0.933510942 15.438427007 15.356710617 12.904027498 12.151789122  6.707058687  6.186018965  0.184760072
[121] 12.717917663  7.333282731 16.669163664  4.995676856 17.008932394 12.978916738  8.743174478 17.581739913
[129] 12.190393205  4.794823148 15.039837610 14.760036196  9.929512830  8.706681069  4.567692636 14.736425541
[137] 14.640494633  7.237432319  4.635449549  4.472070049  8.831716559 15.703835020 12.626149290 15.503812793
[145] 12.801050370  7.925754566  6.294745416  2.074799459 11.562704724 10.974248176  1.619701910 14.904139779
[153]  3.761560071  2.552242093  1.879579689  0.907335810 14.707593543 12.487813423 11.932000465 10.275278579
[161] 13.834022773 12.539602281  1.659142378 14.894884218 12.237592365 11.999524749 11.161475834 10.922457080
[169]  9.658272899  4.993099324  3.219597200  3.099159805  2.237631220 15.251010420  5.270395599  4.728204967
[177]  3.752762954  0.481679408  6.753437702  6.038301720  2.914012441  0.794477219 14.308399970 13.988231849
[185]  8.450610090 12.203752722  6.843353656  3.023674225  5.039898993  3.453433093  2.535278150  9.482442651
[193]  6.794282687  4.367293724  1.156562887  1.098295953  1.075034676 11.016666709  4.672585452  4.290829404
[201]  1.787922821 13.928763843 10.154669923 10.781281592  9.229745161  5.438221899  2.621422511 11.926756363
[209]  6.821077207  5.496730732  3.960005017  9.279486555  7.768317518 12.159727871  7.672797194  7.034020243
[217]  3.090683203 12.544394885  5.414235880  1.664133043  5.692571050  4.395913372  2.602651792 11.267286623
[225]  1.275809841 12.516142168  4.468272361  3.449850205  3.345905772 10.916164847  6.003155409  5.636177647
[233] 10.919365737  6.425665689  5.263796238  8.152662666 12.420220304 10.179963571  4.576420441 12.090341771
[241] 10.172289367  8.017809450  6.037075592  3.913955065 11.602021934  6.752619852  3.980873679 10.417089934
[249]  5.127238605 11.854432397  2.313305673  7.713390021  1.377880818  1.138464877  7.407375369  4.685213592
[257] 11.569893480 11.092089050  8.354157707  7.481927590 11.258305120  7.676209129 11.117168420 10.584466503
[265] 10.154509182  8.895105707  6.681749017  9.644722543  8.763578849  5.441747113 10.171287439  8.474401975
[273]  3.960837428 10.342160608  4.757319158  3.032312182  1.583490565  4.246140768  9.005281159 10.511290456
[281]  9.496725498  8.628729459  3.872782805  0.696980514  9.442829680  7.151828411  3.457924159  8.931088344
[289]  1.198189611  0.063941596  9.768909567  7.120710072  6.106185741 10.099580567  8.830643065  8.676189913
[297]  7.753434512  5.663341577  5.655926049  5.019655363 10.015174478  9.259011328  3.746454124  7.847328758
[305]  2.802600125  0.857890302  8.661671398  2.066323957  7.886813712  6.699001345  8.297452339  7.403381179
[313]  7.845108400  7.108597939  9.114096273  7.905236824  7.107609998  6.960934689  1.967475309  8.428559421
[321]  6.535311854  0.211879921  6.319411743  9.028832059  6.062081275  5.861574959  4.921814497  0.438649383
[329]  3.862286410  8.980374704  8.885885100  4.592096103  8.644155916  8.583054541  8.809578231  2.686912109
[337]  7.861725816  1.663770082  3.030919906  1.145227528  0.793863866  7.130872656  6.771053451  0.027415778
[345]  6.610690339  1.900334068  0.030197705  2.627500301  8.671417303  2.789074594  1.750074235  2.421670265
[353]  7.185950944  5.825960996  5.646907476  3.974062638  3.669094381  1.484588833  2.104112602  2.536824806
[361]  2.375598933  1.318898321  7.533558267  7.294685927  2.633621042  2.359540413  0.669479175  1.167492749
[369]  4.040812250  3.300143527  1.980848499  6.178345609  5.996886730  3.270736298  0.472756916  4.413986637
[377]  3.481743215  6.337594895  7.711984674  3.043815318  4.487689796  3.807403248  3.350007131  7.351337425
[385]  7.000020365  0.007568444  2.170887648  3.944943436  5.425283114  1.653186928  1.597377633  5.424787550
[393]  5.114363197  3.006064437  2.288354083  5.894399440  2.871407684  2.122676289  6.562717443  5.831781323
[401]  0.736065186  3.651895324  2.292085827  2.854315075  6.277613086  4.906246776  0.843805883  0.329149447
[409]  4.672561397  0.864167537  3.439054697  4.214922941  0.039222071  6.701369145  4.400833966  0.780930198
[417]  2.388240819  5.361113027  6.098008510  2.488692780  5.095881331  1.714874790  2.676548053  1.939864994
[425]  5.411024329  1.874356144  1.114541019  5.622512016  2.442006265  0.775258124  1.144429421  3.576363525
[433]  2.525074544  6.046818680  3.418435163  4.182718006  3.481446913  0.799008032  6.142753925  2.673036766
[441]  3.372065165  1.112523023  5.852985767  1.490774056  1.078367524  0.685426416  4.905007707  0.494023746
[449]  2.410920611  4.647842592  2.369727848  0.950614972  5.576394066  4.638567782  2.441751951  5.003133287
[457]  0.474338243  2.973586096  2.548637505  4.471548614  2.019377886  4.209713377  2.328107949  2.161606036
[465]  1.840538468  1.211525563  0.890300879  3.203409250  4.327096659  0.280917885  2.366150633  2.912377947
[473]  1.392335054  3.071130498  3.976472337  3.547440497  4.640146603  4.727444765  3.050801264  2.452362816
[481]  1.024705858  2.043747394  3.322233455  1.414454650  1.096981791  3.537841941  0.183151699  2.336751139
[489]  0.560977195  2.788427005  2.666912414  1.303605095  0.562998673  3.376710572  3.176115130  2.717587270
[497]  2.504402231  1.320710614  4.165176587  0.225609277  0.763862150  3.114128465  0.822978592  3.486976797
[505]  3.207715232  1.156403672  2.935823420  2.249184900  3.161412403  2.331088532  3.754524297  3.424799064
[513]  3.554331536  3.142698236  3.470853294  3.023903898  2.473111203  2.351588408  2.552169148  1.053806991
[521]  1.730121125  0.416245263  3.165357152  1.162599169  2.352931378  2.350500706  1.554524377  3.281457478
[529]  2.488232046  1.636200180  2.126078719  3.114727199  0.233493933  1.515645487  2.625249680  0.873123873
[537]  0.106662533  0.906220143  1.016618166  1.221375966  1.861880386  2.728866301  1.406944556  1.261107504
[545]  2.466124698  2.132803509  1.949979612  0.410296531  0.633667171  0.292494150  2.209202444  0.514529055
[553]  2.051126887  1.482923129  0.721862161  1.268376522  0.531518928  0.347180749  2.081216968  0.402704162
[561]  0.906107449  0.417226490  0.599167708  1.353982532  1.224189353  0.953581118  0.566816506  1.705541385
[569]  1.669859581  1.745657730  0.087070253  0.010383326  1.248300234  1.182107944  0.298418689  0.346656950
[577]  0.959034020  0.330270499  0.138166131  0.696360822  0.170225377  0.305567989  0.102093933  0.122700299
[585]  0.025330640  0.031555931  0.059111312

$PAR
  [1]  NA   1   1   1   1   1   2   2   2   3   3   3   3   3   3   7   7   7   5   5   5  19  19  19  19  19  16  16
 [29]  16  16  16  17  17  17  17  17  17  22  22  22  22  22  22  22  22  22  18  18  18  24  24  27  27  27  27  27
 [57]  27  28  28  28  28  28  28  28  58  58  58  10  10   6  29  29  52  52  52  71  71  71  71  71  71  71  71  71
 [85]  71  76  76  76  72  72  72  72  72  21  21  53  53  53  53  77  77  77  77  77  77  77  77  77  33  33  33  33
[113]  33 100 100 100 100 100 100 100  38  38 109  13 101 101 101 110 110 110 128 128 128 128 128  74  74  74  74  74
[141] 125  78  78  79  79  79  79  79  50  50  50  68  68  68  54  54 102 142 142 142  39  39  39 144 144 144 144 114
[169] 114 114 114 114 114 115 115 115 115 115 174 174 174 174 131 131 131 152  40  40 132 132 132 136 136 136 136 136
[197] 136 157 157 157 157 137 137  96  96  96  96 183 183 183 183  41  41 184 184 161 161 103 103 103 116 116  80 145
[225] 145  30  30  30  30 121 121 121 143  59 218 162 226 226 158 237 237 237 165  86 129 214 214 117 117 240 240 166
[253] 208 208  65  65  69  69  69  69 257 257 149 149 149 149 149  97  97  97   9  60  60 224 224 224 224 261 263 198
[281] 198 198 198 198 168 233  43  81 264 264 280 280 280 248 248 248 248 248 248 248 274 274 274 160 160 160 238 241
[309] 203 203  62  62 294 294 301 301 301 133 133 111 111 111 104 192 285 285 285  51  47 212 212 205  98 315 324 324
[337] 279 279 266 331 331 295 295 295 335 269 269 127 134 134 134 349 307 307 307 307 307 307 333 282 282 282  56  56
[365]  56  56 272 185 259 259 259 236 236 236 236 242 242 146 316 309 304 313 213  45 297 297 379 262 215 215 215 363
[393] 363 363 363 312 312 312 122 364 364 138 138  91 286 342 342 342 292 314 385 187 187 209 209 193 179 118 414 414
[421] 345 345 399 399  99  99  99 321 321 321 234 378 323 147 147 119 119 119 372 439 293 419 434 434 434 231 326 326
[449] 443 221 221 221 355 355 355 232 232  46  46 210 210 389 389 389 392 392 425 418 175 175  82 235 249 393 189 300
[477] 456 124 447 176 199 477 139 332 332 135 135 140 140 227 227 376 376 415 415 222 222 222 194 469 278 412 462 436
[505] 436 436 369 211 329 329 153 153  84  84 357 357 357 432  93  93 515 515 190 435 494 494  87 370 370 528 505 523
[533] 523 514 532 217 474 479 380 276 507 397 397 397 305 336 365 519 191 191 433 420 529 529 480 417 451 471 463 403
[561] 546 398 559 308 308 482 482 319 424 346 426 444 484 484 492 225 254 254 254 108 481 306 430 557 575 550 584

$EXTANT
  [1] FALSE  TRUE  TRUE FALSE  TRUE  TRUE  TRUE FALSE  TRUE  TRUE FALSE FALSE  TRUE FALSE  TRUE  TRUE  TRUE  TRUE FALSE
 [20] FALSE FALSE  TRUE FALSE FALSE  TRUE FALSE FALSE  TRUE FALSE  TRUE  TRUE FALSE  TRUE FALSE  TRUE  TRUE  TRUE FALSE
 [39]  TRUE  TRUE  TRUE FALSE FALSE  TRUE  TRUE  TRUE  TRUE  TRUE  TRUE  TRUE  TRUE  TRUE FALSE  TRUE FALSE  TRUE  TRUE
 [58]  TRUE  TRUE  TRUE FALSE  TRUE  TRUE  TRUE  TRUE  TRUE  TRUE FALSE FALSE  TRUE  TRUE  TRUE FALSE  TRUE  TRUE  TRUE
 [77]  TRUE  TRUE  TRUE  TRUE  TRUE  TRUE  TRUE  TRUE  TRUE  TRUE  TRUE  TRUE FALSE  TRUE  TRUE  TRUE  TRUE FALSE  TRUE
 [96]  TRUE  TRUE FALSE  TRUE  TRUE FALSE FALSE  TRUE FALSE  TRUE  TRUE  TRUE  TRUE  TRUE  TRUE  TRUE  TRUE  TRUE  TRUE
[115]  TRUE  TRUE  TRUE FALSE  TRUE  TRUE FALSE  TRUE FALSE  TRUE  TRUE FALSE  TRUE  TRUE FALSE  TRUE  TRUE  TRUE  TRUE
[134]  TRUE  TRUE  TRUE  TRUE  TRUE  TRUE  TRUE FALSE FALSE  TRUE  TRUE  TRUE  TRUE  TRUE  TRUE FALSE FALSE  TRUE  TRUE
[153]  TRUE  TRUE  TRUE  TRUE  TRUE  TRUE  TRUE  TRUE FALSE  TRUE  TRUE FALSE  TRUE  TRUE FALSE  TRUE  TRUE  TRUE  TRUE
[172]  TRUE FALSE  TRUE  TRUE  TRUE  TRUE  TRUE  TRUE  TRUE  TRUE  TRUE  TRUE  TRUE  TRUE FALSE  TRUE  TRUE  TRUE  TRUE
[191]  TRUE FALSE  TRUE  TRUE  TRUE  TRUE  TRUE  TRUE  TRUE  TRUE  TRUE FALSE  TRUE FALSE  TRUE  TRUE  TRUE  TRUE  TRUE
[210]  TRUE  TRUE  TRUE  TRUE  TRUE  TRUE  TRUE  TRUE  TRUE  TRUE  TRUE  TRUE  TRUE  TRUE FALSE  TRUE FALSE  TRUE  TRUE
[229]  TRUE FALSE  TRUE  TRUE  TRUE  TRUE  TRUE  TRUE  TRUE  TRUE  TRUE  TRUE  TRUE FALSE  TRUE  TRUE  TRUE  TRUE  TRUE
[248]  TRUE  TRUE  TRUE  TRUE  TRUE  TRUE  TRUE FALSE  TRUE  TRUE FALSE  TRUE  TRUE  TRUE  TRUE  TRUE  TRUE  TRUE  TRUE
[267]  TRUE FALSE  TRUE FALSE FALSE  TRUE  TRUE FALSE  TRUE FALSE  TRUE  TRUE  TRUE  TRUE FALSE  TRUE  TRUE  TRUE  TRUE
[286]  TRUE  TRUE  TRUE  TRUE  TRUE  TRUE  TRUE FALSE  TRUE  TRUE  TRUE  TRUE  TRUE  TRUE  TRUE  TRUE  TRUE  TRUE FALSE
[305] FALSE  TRUE  TRUE  TRUE  TRUE  TRUE  TRUE  TRUE FALSE  TRUE  TRUE  TRUE FALSE  TRUE  TRUE  TRUE FALSE  TRUE  TRUE
[324]  TRUE FALSE  TRUE  TRUE  TRUE  TRUE FALSE  TRUE  TRUE  TRUE FALSE  TRUE  TRUE  TRUE  TRUE  TRUE  TRUE  TRUE  TRUE
[343]  TRUE  TRUE  TRUE  TRUE  TRUE  TRUE  TRUE FALSE  TRUE  TRUE  TRUE  TRUE  TRUE  TRUE  TRUE  TRUE FALSE  TRUE  TRUE
[362]  TRUE  TRUE  TRUE  TRUE  TRUE  TRUE  TRUE  TRUE  TRUE  TRUE  TRUE  TRUE FALSE  TRUE  TRUE  TRUE  TRUE  TRUE  TRUE
[381] FALSE  TRUE  TRUE  TRUE  TRUE  TRUE  TRUE  TRUE  TRUE  TRUE  TRUE  TRUE  TRUE  TRUE  TRUE  TRUE  TRUE  TRUE  TRUE
[400]  TRUE  TRUE  TRUE  TRUE  TRUE FALSE  TRUE  TRUE  TRUE  TRUE  TRUE  TRUE  TRUE  TRUE FALSE  TRUE  TRUE  TRUE  TRUE
[419]  TRUE  TRUE  TRUE  TRUE  TRUE  TRUE  TRUE  TRUE  TRUE FALSE  TRUE  TRUE  TRUE  TRUE  TRUE  TRUE  TRUE  TRUE  TRUE
[438]  TRUE  TRUE  TRUE  TRUE  TRUE  TRUE  TRUE  TRUE  TRUE  TRUE  TRUE  TRUE  TRUE  TRUE  TRUE  TRUE FALSE  TRUE FALSE
[457]  TRUE  TRUE  TRUE  TRUE FALSE  TRUE  TRUE  TRUE  TRUE  TRUE  TRUE  TRUE  TRUE  TRUE  TRUE  TRUE  TRUE  TRUE  TRUE
[476]  TRUE  TRUE FALSE  TRUE  TRUE  TRUE  TRUE  TRUE  TRUE  TRUE  TRUE  TRUE  TRUE  TRUE  TRUE  TRUE  TRUE  TRUE  TRUE
[495] FALSE  TRUE  TRUE  TRUE  TRUE  TRUE  TRUE  TRUE  TRUE  TRUE  TRUE  TRUE  TRUE  TRUE FALSE  TRUE  TRUE  TRUE FALSE
[514]  TRUE  TRUE  TRUE  TRUE  TRUE  TRUE  TRUE FALSE  TRUE  TRUE  TRUE  TRUE  TRUE  TRUE FALSE  TRUE  TRUE  TRUE  TRUE
[533]  TRUE  TRUE  TRUE  TRUE  TRUE  TRUE  TRUE FALSE  TRUE  TRUE  TRUE  TRUE  TRUE  TRUE  TRUE  TRUE  TRUE  TRUE  TRUE
[552]  TRUE  TRUE  TRUE  TRUE FALSE  TRUE  TRUE  TRUE  TRUE  TRUE  TRUE  TRUE  TRUE  TRUE  TRUE  TRUE  TRUE  TRUE  TRUE
[571]  TRUE  TRUE  TRUE  TRUE  TRUE  TRUE  TRUE  TRUE  TRUE  TRUE  TRUE  TRUE  TRUE  TRUE  TRUE  TRUE  TRUE

