
Birth-death simulation object with 636 species and 500 extant species

Details for some species:

Extinction times (NA means extant)
[1] 76.01930 92.77720 46.54518       NA 38.04722 17.27570


Speciation times 
[1] 113.75797 101.85382  79.24542  59.18546  57.11214  55.28569


Species parents (NA for initial)
[1] NA  1  1  3  3  4


Species status (extinct or extant)
[1] "extinct" "extinct" "extinct" "extant"  "extinct" "extinct"


For more details on vector y, try sim$y, with y one of
TE TS PAR EXTANT



$TE
  [1] 76.01929901 92.77720231 46.54517563          NA 38.04721559 17.27570410          NA 36.75663311 22.42528575
 [10]          NA 14.71736812          NA  4.01773667          NA          NA 25.10669778 36.89467212 25.89135459
 [19]          NA          NA 13.20669106          NA  3.20566850 29.00161952 32.79180297 32.75101886 20.08031435
 [28]          NA          NA  3.31367590          NA          NA          NA          NA 24.91468918  8.92307504
 [37] 20.04443999 14.34155760 34.48601333 22.58006536          NA  5.69237342          NA          NA          NA
 [46]          NA  9.07037546          NA          NA          NA  4.49168377          NA          NA 21.92734820
 [55]          NA          NA          NA 11.63326653          NA          NA 20.27598197 30.89371888 10.33566718
 [64]          NA          NA          NA  7.64265266          NA          NA          NA 17.55679792          NA
 [73]  7.31325163  7.12036644          NA          NA  1.60485327  8.20727329 13.90828838  4.42196177  2.51409925
 [82]  9.11426051  5.71302313          NA 22.42545937          NA          NA 16.85490161          NA  1.66098229
 [91]  9.96350491          NA  5.47732476          NA          NA          NA          NA          NA          NA
[100]          NA 21.62291060  2.69964799          NA          NA          NA 13.66970474          NA  4.09961174
[109]  1.16521992          NA          NA          NA          NA          NA          NA          NA 16.59876728
[118]          NA          NA 15.76190929          NA          NA  4.45332582          NA 15.55767549  0.19946736
[127]          NA          NA 15.02423045          NA  3.54626277          NA          NA 13.77322918 12.12866126
[136]          NA          NA          NA          NA          NA          NA          NA          NA          NA
[145]  5.37606616          NA  0.46014127          NA          NA          NA          NA          NA  4.54337795
[154]          NA          NA          NA          NA          NA          NA          NA          NA          NA
[163]          NA          NA          NA 20.80379760 12.46811346  8.82813045          NA          NA  3.84982891
[172]  7.48430213          NA          NA          NA          NA          NA 14.44292111          NA  2.63059101
[181]          NA 17.97246764          NA          NA          NA          NA          NA  8.66728165          NA
[190]          NA          NA          NA  5.91453298  7.26608971  8.31624924          NA  3.49217262  2.06044375
[199]          NA  3.41550888 12.91819880 12.46366851 10.70481868          NA 11.64466030          NA  2.81714135
[208]          NA          NA          NA          NA          NA  7.25779035          NA          NA          NA
[217]          NA          NA          NA          NA          NA          NA          NA          NA          NA
[226]          NA          NA          NA          NA          NA          NA          NA          NA          NA
[235]          NA          NA          NA          NA  6.77442484          NA          NA  1.73475457          NA
[244]          NA  8.51842831          NA          NA          NA  3.57003113          NA          NA  3.22197106
[253]          NA          NA          NA          NA  1.16849478          NA          NA          NA          NA
[262]          NA          NA  5.45786706          NA          NA          NA          NA  4.82272342  2.76155250
[271]          NA  3.02351616          NA          NA          NA          NA          NA  8.65716732  9.24063510
[280]          NA          NA          NA  9.26235130  7.66985001          NA          NA          NA          NA
[289]          NA          NA          NA  1.61934511          NA          NA          NA          NA          NA
[298]  9.89746611  0.41813273          NA          NA          NA          NA          NA          NA          NA
[307]          NA  7.85474178          NA          NA          NA          NA          NA          NA  9.21952307
[316]          NA          NA  3.12042691          NA          NA          NA          NA          NA          NA
[325]          NA          NA          NA          NA          NA  9.46556038  2.99801052  2.43893184          NA
[334]          NA          NA          NA          NA          NA          NA          NA          NA          NA
[343]          NA          NA          NA          NA          NA          NA          NA          NA          NA
[352]          NA          NA          NA          NA          NA          NA          NA  2.64906856          NA
[361]  3.69489692          NA          NA          NA          NA          NA          NA  0.88960808          NA
[370]          NA          NA  2.10832766          NA          NA          NA          NA          NA          NA
[379]  0.30288691  5.57386287          NA          NA          NA          NA          NA          NA          NA
[388]          NA          NA          NA  1.85778395          NA          NA          NA          NA          NA
[397]          NA          NA          NA          NA  0.55217751          NA          NA          NA          NA
[406]          NA          NA          NA  4.36474408          NA          NA          NA          NA          NA
[415]          NA          NA          NA  0.50988208          NA          NA          NA          NA          NA
[424]          NA          NA  2.35572508          NA          NA          NA          NA          NA          NA
[433]          NA          NA          NA          NA          NA          NA          NA          NA          NA
[442]          NA          NA          NA          NA          NA          NA          NA          NA          NA
[451]          NA          NA          NA          NA          NA          NA          NA  1.85968412          NA
[460]          NA          NA          NA          NA          NA          NA          NA  1.30306854          NA
[469]          NA          NA          NA  0.07808608          NA          NA          NA          NA          NA
[478]          NA          NA          NA          NA          NA          NA          NA          NA  0.87669718
[487]          NA          NA          NA          NA          NA          NA          NA          NA  2.41563692
[496]          NA          NA          NA          NA          NA  4.90281042          NA          NA          NA
[505]          NA          NA          NA          NA          NA  1.08679692          NA  3.49778313          NA
[514]          NA          NA          NA          NA          NA  2.13315962          NA          NA          NA
[523]          NA          NA          NA          NA  2.10718108          NA          NA          NA          NA
[532]          NA          NA          NA          NA          NA          NA          NA  0.13292295          NA
[541]          NA          NA          NA          NA          NA          NA          NA          NA          NA
[550]          NA  1.96354206          NA          NA          NA          NA          NA          NA          NA
[559]          NA          NA          NA          NA          NA          NA          NA          NA          NA
[568]          NA          NA          NA          NA          NA          NA          NA          NA          NA
[577]          NA          NA          NA          NA          NA          NA          NA          NA          NA
[586]          NA          NA          NA          NA          NA          NA          NA          NA          NA
[595]  0.21394858  0.30195526          NA          NA          NA          NA  0.66414989          NA          NA
[604]          NA          NA          NA          NA          NA          NA          NA          NA          NA
[613]          NA          NA          NA          NA          NA          NA          NA          NA          NA
[622]          NA          NA          NA          NA          NA          NA          NA          NA          NA
[631]          NA          NA          NA          NA          NA          NA

$TS
  [1] 1.137580e+02 1.018538e+02 7.924542e+01 5.918546e+01 5.711214e+01 5.528569e+01 4.532343e+01 4.178352e+01
  [9] 2.304924e+01 2.099316e+01 2.029387e+01 2.009389e+01 1.347417e+01 1.117237e+01 7.997849e+00 5.263509e+01
 [17] 4.720647e+01 3.928691e+01 2.427627e+01 2.243571e+01 1.880809e+01 3.571387e+01 3.262591e+01 4.469041e+01
 [25] 4.462780e+01 3.987530e+01 3.382195e+01 1.120158e+01 8.374729e+00 4.889338e+00 3.803981e+00 3.447877e+00
 [33] 1.329108e+00 1.219807e-01 3.505306e+01 3.533634e+01 3.856279e+01 3.809278e+01 3.525356e+01 3.471994e+01
 [41] 2.768831e+01 2.535920e+01 3.213319e+01 2.385996e+01 2.132102e+01 3.276828e+01 2.467102e+01 1.709184e+01
 [49] 1.629248e+01 1.169003e+01 7.089578e+00 4.746253e+00 3.314570e+00 3.013392e+01 2.690252e+01 2.465164e+01
 [57] 1.643687e+01 1.199654e+01 1.003128e+01 9.731023e+00 3.101095e+01 3.323440e+01 2.621915e+01 4.257378e+00
 [65] 3.244355e+01 2.102039e+01 1.123712e+01 6.663470e+00 4.520164e+00 2.156411e+01 1.794676e+01 1.437868e+01
 [73] 1.401264e+01 1.301663e+01 8.919662e+00 7.571093e+00 2.493934e+01 2.138811e+01 1.605823e+01 1.411314e+01
 [81] 5.131896e+00 2.712170e+01 2.356539e+01 2.740814e+01 2.256548e+01 2.485831e+01 2.244583e+01 1.901982e+01
 [89] 1.957111e+00 2.206030e+01 2.013903e+01 1.629490e+01 1.602799e+01 1.559292e+01 7.972984e+00 2.993583e+00
 [97] 2.173328e+00 1.125054e+00 4.991446e-02 2.528285e+01 2.281318e+01 2.017441e+01 9.582977e+00 2.158005e+01
[105] 2.010451e+01 1.694661e+01 1.616095e+01 1.029076e+01 7.563550e+00 1.353117e+01 1.322206e+01 2.299299e+01
[113] 8.890141e+00 3.505750e+00 3.249392e+00 1.928199e+01 1.786675e+01 8.357567e+00 1.678626e+01 2.240564e+01
[121] 2.091116e+01 1.158206e+01 1.138232e+01 1.919511e+01 1.720071e+01 1.372407e+01 8.800977e+00 2.136449e+01
[129] 2.133996e+01 1.745703e+01 4.155356e+00 2.160952e+00 1.805992e+01 1.416851e+01 1.325840e+01 1.092200e+01
[137] 1.042231e+01 4.393094e+00 3.978066e+00 1.749519e+00 1.164859e+00 1.750751e+01 2.046784e+01 1.521030e+01
[145] 1.303625e+01 1.179151e+01 8.056145e+00 6.950926e+00 3.158768e+00 2.908754e+00 2.672313e+00 1.662164e+01
[153] 1.599049e+01 2.109470e+01 1.318830e+01 3.620799e+00 2.069023e+01 1.677340e+01 1.098132e+00 4.853533e+00
[161] 1.913338e+01 1.203322e+01 1.029581e+01 6.393868e+00 1.134738e+00 2.082910e+01 1.936193e+01 1.839545e+01
[169] 1.364723e+01 6.185941e+00 5.861260e+00 8.255334e+00 1.490950e+00 1.238179e+00 1.772569e+01 9.092878e+00
[177] 1.801378e+01 1.653647e+01 1.474654e+01 1.226955e+01 5.612987e+00 1.929817e+01 1.335377e+01 8.336838e+00
[185] 6.094181e+00 3.903093e+00 2.244983e+00 1.739376e+01 1.474960e+01 1.290374e+01 1.282024e+01 9.213338e+00
[193] 6.797173e+00 1.824035e+01 1.822928e+01 1.298602e+01 1.030746e+01 1.002142e+01 9.654547e+00 1.767125e+01
[201] 1.354149e+01 1.353149e+01 1.504538e+01 1.266983e+01 1.198113e+01 1.059494e+01 9.195909e+00 1.098277e+00
[209] 1.504017e+01 1.215568e+01 9.304327e+00 8.225574e+00 7.723202e+00 5.625773e+00 7.175959e+00 5.512713e+00
[217] 1.011981e+01 1.347205e+01 2.239479e+00 1.125008e+01 1.547749e+01 1.454042e+01 9.974072e+00 8.394867e+00
[225] 1.234708e+01 9.028109e+00 6.215947e+00 5.066997e-01 1.247894e+01 1.061965e+01 5.651647e+00 2.162687e+00
[233] 1.375104e+01 6.540455e+00 6.991984e-02 8.433956e+00 3.494307e+00 2.132082e+00 7.614349e+00 1.621075e+00
[241] 1.230268e+01 2.101506e+00 1.371140e+01 1.040325e+01 9.534334e+00 4.822949e+00 4.026501e+00 2.225996e+00
[249] 1.136384e+01 4.043982e+00 1.450721e+01 7.743939e+00 5.725139e+00 1.568344e+00 8.382815e+00 1.338399e+01
[257] 7.313085e+00 4.927316e+00 1.168125e+01 1.090851e+01 3.513151e+00 2.355556e+00 7.996924e+00 6.842188e+00
[265] 6.070825e+00 5.638005e+00 1.529072e+00 1.319953e+00 5.828008e+00 4.378596e+00 1.577428e+00 1.300902e+01
[273] 1.228768e+01 1.033763e-01 7.009943e+00 1.303430e+01 8.982867e+00 1.025895e+01 1.024699e+01 5.996711e+00
[281] 8.157054e+00 6.163701e+00 1.279616e+01 9.660426e+00 6.106585e+00 3.295286e+00 9.758202e+00 7.082044e+00
[289] 5.773507e+00 5.571867e+00 2.954508e+00 3.153293e+00 2.609141e+00 7.552128e+00 8.117276e+00 7.746002e+00
[297] 2.782582e+00 1.152177e+01 5.420313e+00 8.320894e+00 6.217608e+00 5.878226e+00 2.301694e+00 3.233924e-01
[305] 5.532811e+00 6.265652e+00 3.259708e-01 9.681672e+00 8.570594e+00 1.142848e+00 2.286719e+00 8.059742e+00
[313] 1.071315e+01 1.957565e+00 1.041909e+01 1.030116e+01 9.921811e+00 8.156108e+00 4.672502e+00 3.347016e+00
[321] 1.063648e+01 5.797066e+00 5.768458e+00 5.432995e+00 5.585962e-01 1.037047e+01 1.007234e+01 6.090577e+00
[329] 1.504372e+00 1.021373e+01 8.888164e+00 6.218020e+00 3.128215e+00 1.387658e+00 2.947970e+00 7.966004e+00
[337] 4.936477e+00 1.575372e+00 6.245330e+00 8.274772e-01 2.266045e-01 1.028874e+01 9.610079e+00 7.365376e+00
[345] 1.546011e+00 1.525716e-01 9.795030e+00 8.390300e+00 6.687387e+00 6.958428e+00 8.783478e+00 7.963716e+00
[353] 1.334858e+00 7.066371e+00 7.597436e-01 7.354682e+00 1.020387e+01 8.868609e+00 3.176704e+00 6.608576e+00
[361] 5.016724e+00 1.361043e+00 4.824525e+00 2.265444e+00 5.411492e+00 4.325652e+00 5.222843e+00 4.160613e+00
[369] 2.338015e+00 8.301269e-01 9.202867e+00 8.558236e+00 4.758127e+00 3.268975e+00 4.461506e+00 9.612394e+00
[377] 9.008670e+00 3.305671e+00 9.632331e+00 8.970603e+00 4.942635e+00 3.077029e+00 3.003960e-01 8.470442e+00
[385] 4.823292e+00 3.091585e+00 6.178139e+00 7.427898e-01 4.037656e-01 8.691719e+00 6.402491e+00 1.764726e+00
[393] 8.789392e+00 6.344070e+00 4.036840e-01 3.769947e+00 8.279021e+00 4.594016e+00 1.762759e+00 5.417976e+00
[401] 3.510925e+00 7.744679e+00 6.008060e+00 1.839006e+00 8.155356e+00 2.775567e+00 3.428627e+00 8.502125e+00
[409] 7.806300e+00 4.213438e-01 2.599407e+00 1.080638e+00 5.513439e+00 8.171296e+00 2.830344e+00 1.944601e+00
[417] 4.676510e-01 4.951066e+00 3.289922e-02 7.590065e+00 3.734263e+00 1.598743e+00 3.239595e-01 7.631317e+00
[425] 7.465921e+00 5.596974e+00 1.683414e+00 4.951936e+00 5.403279e+00 5.453706e+00 4.531079e+00 3.066948e+00
[433] 3.868262e+00 1.615269e-01 7.789026e+00 2.370384e+00 6.821166e+00 4.645146e+00 4.552913e+00 1.969423e+00
[441] 7.824063e+00 2.843477e+00 2.124201e+00 1.957786e+00 1.533621e+00 7.149696e+00 6.753539e+00 2.547927e+00
[449] 2.481618e+00 5.019174e+00 4.056180e+00 3.074844e+00 4.098517e+00 6.554753e+00 5.541507e+00 4.287932e+00
[457] 5.908092e+00 5.066746e+00 6.348812e-01 4.820260e+00 6.217525e-01 5.658512e+00 1.466203e-01 6.645548e+00
[465] 5.999575e+00 3.547205e+00 4.348706e+00 6.385968e-01 4.805361e+00 5.509753e+00 6.669257e+00 6.101342e+00
[473] 5.570402e+00 4.142287e+00 3.187328e+00 2.402726e+00 4.268001e+00 2.961704e+00 5.732953e+00 2.312688e+00
[481] 5.278969e+00 1.156944e+00 7.029991e-01 3.943409e+00 4.430713e-01 5.614042e+00 5.134048e+00 6.039170e+00
[489] 1.288953e+00 4.266748e-01 4.680013e+00 5.583588e-01 3.567165e-01 6.006885e+00 4.225840e+00 1.459095e+00
[497] 2.995985e+00 4.933116e+00 3.085648e+00 5.932228e+00 4.961845e+00 2.420032e+00 5.475149e+00 4.741142e+00
[505] 5.543918e+00 1.418771e+00 5.122984e+00 5.091412e+00 3.382821e+00 4.031606e+00 1.173164e+00 4.304274e+00
[513] 2.805516e+00 2.478238e-01 4.763510e+00 4.522967e+00 4.275871e+00 1.000344e+00 2.994545e+00 5.056931e+00
[521] 1.266188e+00 2.328735e+00 1.549545e+00 4.887556e-01 4.636404e+00 3.360154e+00 4.101719e+00 2.352288e+00
[529] 9.319675e-01 1.100720e-02 8.911393e-01 3.615985e+00 2.246996e+00 3.723742e+00 2.529022e+00 3.938783e+00
[537] 3.902675e+00 2.520703e+00 1.850344e+00 9.293837e-01 1.624767e+00 1.402594e+00 3.819093e+00 7.854123e-01
[545] 3.855528e+00 2.543638e+00 1.325452e+00 3.447895e+00 1.454079e+00 1.274270e+00 3.592077e+00 2.335403e+00
[553] 5.360407e-01 3.162361e+00 1.917468e+00 7.490568e-01 3.734619e+00 2.277841e+00 3.569009e+00 3.259187e+00
[561] 2.669455e-02 1.997003e+00 2.934030e+00 4.770180e-01 6.494806e-02 1.195683e+00 3.301649e-01 3.425537e-02
[569] 1.732532e+00 8.710787e-03 2.435616e+00 2.812982e+00 2.577059e+00 1.903073e+00 3.353123e+00 9.103485e-01
[577] 6.575922e-01 9.085802e-01 3.038625e+00 1.232666e+00 2.858155e+00 2.443353e-01 2.220692e-01 1.556702e+00
[585] 1.428824e+00 4.790133e-01 2.612840e+00 2.833678e+00 5.600019e-01 5.141237e-01 3.481412e-01 3.334335e-01
[593] 1.468613e+00 2.189602e+00 8.042045e-01 1.232669e+00 7.162026e-01 5.046150e-01 2.184359e+00 1.077530e+00
[601] 1.470414e+00 1.438186e+00 1.428181e+00 1.946267e+00 5.509742e-02 2.070740e+00 9.819015e-01 1.060713e+00
[609] 7.020720e-01 1.602580e+00 1.995628e+00 7.639598e-01 8.803728e-01 1.373573e+00 1.218840e+00 1.621253e-01
[617] 1.425437e+00 6.793619e-01 1.507047e+00 3.552429e-01 4.836777e-01 4.587294e-01 1.088641e+00 2.679818e-02
[625] 9.180357e-01 1.091456e+00 5.416065e-01 2.185077e-01 7.177624e-01 6.166244e-01 7.777368e-01 2.404545e-01
[633] 3.695259e-01 6.911805e-01 4.576306e-01 2.211437e-01

$PAR
  [1]  NA   1   1   3   3   4   4   4   4   4   4   4   4   4   4   5   5   6   6   6   6  16  16  17  17   7   7   7   7
 [30]   7   7   7   7   7  24  25   8  26  37  37  37  37  38  38  38  22  22  22  22  22  22  22  22  36  36  36  36  36
 [59]  36  36  35  27  46  46  23  23  23  23  23  65  65  65  65  65  65  65  43  43  43  43  43  61  61  54  54  41  41
 [88]  41  41  84  84  84  84  84  84  84  84  84  84  82  82  82  82  55  55  55  55  55  55  63  63 100 100 100 100  77
[117]  77  86  56  19  19  19  19  83  83  83  83 112 112 112 112  87  20  20  20  20  20  20  20  20  20 120  90  90  90
[146]  90  90  90  90  90  90 104 104  70  70  70  78  78 128  45  66  66  66  66  66  10  10  10  10 121 121 143 143 143
[175]  11 102 105 105 105 105 105  12  12  12  12 116 124 161 161 161 161 161 161 168 168 168 168 168 168 194 195 195 133
[204] 133 133 133 177 177 175 175 175 200 142 142 130 130  48 119 119 158 152 152 152 152  57  57  57  57  92 107 107 107
[233] 153  94  94 221 221 221 144 144 209 209 189 189 189 189 189 189 179 179 222 222 222 222 251  72  72  80 233 233 233
[262] 126 243 243 243 243 169 218 256 256 256 183 183 183 111 155 155 145 145 145 276 276  74 272 272 272 196 196 196 196
[291] 196 190 191 204 229 229 229 225 225 273 273 273 273 273 180 210 210 259 259 259 122 123 249 220  67  67  67  28  28
[320]  28  14  14  14  14  14 136 260 260 260 313 313 321 321 321 230 206 206 206 137 137 137 244 244 244 244 244 326 326
[349] 326 197 316 316 316 163 163 108 330 357 357 327 327 327  59  59 198 198 223 223 223 223 317 317 347 347 287  60  60
[378]  60 308 308 199 199 199 379 379 379 376 343 343 245 211 211 192 371 371 207 226 226 226 113 113 331 358 358 393 393
[407] 390 309 309 309 408 236 224 348 348 348 348  29  29 300 300 300 300 397 397 397 397 212 281 318 318 405 295 295 312
[436] 312 147 147 147 147  15 263  95  95  95 336 336 402 424 420 420 109 294 425 425 425 344 344 356 257 446  51 288 354
[465] 354 354 275 350 148 264 437 437 471  68  68  68 464 454 234 391 394 394 306 332 227 170 170 387 285 472 185 328 328
[494] 265 265 265 488 403 403 465 465 280 500 171 269 289 323 323 479 253 253 231 181 455 305 305 413 470 324 481 367 487
[523] 487 508 520 520 450 418 418 381 160 363 246 373 491 319 319 438 525 525 398 431  69  69 456 517 517 477 477  64 474
[552] 474 453 247 139 139 186 537 433 433 545  31 396 396 421 534 534 534 532 466 261 401 237 237 407 407 407 509 575 320
[581]  53  53  53 378 579 579 497 478 478 563 581 581 442 572 297 406 151 587 293 573 538 262 552 522 522 480 364 248 599
[610] 232 132 440  89 555 574 574 404 392 399 399 140 427 254 267 496 547 596 566 623 623 625 578 613 355 355 620

$EXTANT
  [1] FALSE FALSE FALSE  TRUE FALSE FALSE  TRUE FALSE FALSE  TRUE FALSE  TRUE FALSE  TRUE  TRUE FALSE FALSE FALSE  TRUE
 [20]  TRUE FALSE  TRUE FALSE FALSE FALSE FALSE FALSE  TRUE  TRUE FALSE  TRUE  TRUE  TRUE  TRUE FALSE FALSE FALSE FALSE
 [39] FALSE FALSE  TRUE FALSE  TRUE  TRUE  TRUE  TRUE FALSE  TRUE  TRUE  TRUE FALSE  TRUE  TRUE FALSE  TRUE  TRUE  TRUE
 [58] FALSE  TRUE  TRUE FALSE FALSE FALSE  TRUE  TRUE  TRUE FALSE  TRUE  TRUE  TRUE FALSE  TRUE FALSE FALSE  TRUE  TRUE
 [77] FALSE FALSE FALSE FALSE FALSE FALSE FALSE  TRUE FALSE  TRUE  TRUE FALSE  TRUE FALSE FALSE  TRUE FALSE  TRUE  TRUE
 [96]  TRUE  TRUE  TRUE  TRUE  TRUE FALSE FALSE  TRUE  TRUE  TRUE FALSE  TRUE FALSE FALSE  TRUE  TRUE  TRUE  TRUE  TRUE
[115]  TRUE  TRUE FALSE  TRUE  TRUE FALSE  TRUE  TRUE FALSE  TRUE FALSE FALSE  TRUE  TRUE FALSE  TRUE FALSE  TRUE  TRUE
[134] FALSE FALSE  TRUE  TRUE  TRUE  TRUE  TRUE  TRUE  TRUE  TRUE  TRUE FALSE  TRUE FALSE  TRUE  TRUE  TRUE  TRUE  TRUE
[153] FALSE  TRUE  TRUE  TRUE  TRUE  TRUE  TRUE  TRUE  TRUE  TRUE  TRUE  TRUE  TRUE FALSE FALSE FALSE  TRUE  TRUE FALSE
[172] FALSE  TRUE  TRUE  TRUE  TRUE  TRUE FALSE  TRUE FALSE  TRUE FALSE  TRUE  TRUE  TRUE  TRUE  TRUE FALSE  TRUE  TRUE
[191]  TRUE  TRUE FALSE FALSE FALSE  TRUE FALSE FALSE  TRUE FALSE FALSE FALSE FALSE  TRUE FALSE  TRUE FALSE  TRUE  TRUE
[210]  TRUE  TRUE  TRUE FALSE  TRUE  TRUE  TRUE  TRUE  TRUE  TRUE  TRUE  TRUE  TRUE  TRUE  TRUE  TRUE  TRUE  TRUE  TRUE
[229]  TRUE  TRUE  TRUE  TRUE  TRUE  TRUE  TRUE  TRUE  TRUE  TRUE FALSE  TRUE  TRUE FALSE  TRUE  TRUE FALSE  TRUE  TRUE
[248]  TRUE FALSE  TRUE  TRUE FALSE  TRUE  TRUE  TRUE  TRUE FALSE  TRUE  TRUE  TRUE  TRUE  TRUE  TRUE FALSE  TRUE  TRUE
[267]  TRUE  TRUE FALSE FALSE  TRUE FALSE  TRUE  TRUE  TRUE  TRUE  TRUE FALSE FALSE  TRUE  TRUE  TRUE FALSE FALSE  TRUE
[286]  TRUE  TRUE  TRUE  TRUE  TRUE  TRUE FALSE  TRUE  TRUE  TRUE  TRUE  TRUE FALSE FALSE  TRUE  TRUE  TRUE  TRUE  TRUE
[305]  TRUE  TRUE  TRUE FALSE  TRUE  TRUE  TRUE  TRUE  TRUE  TRUE FALSE  TRUE  TRUE FALSE  TRUE  TRUE  TRUE  TRUE  TRUE
[324]  TRUE  TRUE  TRUE  TRUE  TRUE  TRUE FALSE FALSE FALSE  TRUE  TRUE  TRUE  TRUE  TRUE  TRUE  TRUE  TRUE  TRUE  TRUE
[343]  TRUE  TRUE  TRUE  TRUE  TRUE  TRUE  TRUE  TRUE  TRUE  TRUE  TRUE  TRUE  TRUE  TRUE  TRUE  TRUE FALSE  TRUE FALSE
[362]  TRUE  TRUE  TRUE  TRUE  TRUE  TRUE FALSE  TRUE  TRUE  TRUE FALSE  TRUE  TRUE  TRUE  TRUE  TRUE  TRUE FALSE FALSE
[381]  TRUE  TRUE  TRUE  TRUE  TRUE  TRUE  TRUE  TRUE  TRUE  TRUE FALSE  TRUE  TRUE  TRUE  TRUE  TRUE  TRUE  TRUE  TRUE
[400]  TRUE FALSE  TRUE  TRUE  TRUE  TRUE  TRUE  TRUE  TRUE FALSE  TRUE  TRUE  TRUE  TRUE  TRUE  TRUE  TRUE  TRUE FALSE
[419]  TRUE  TRUE  TRUE  TRUE  TRUE  TRUE  TRUE FALSE  TRUE  TRUE  TRUE  TRUE  TRUE  TRUE  TRUE  TRUE  TRUE  TRUE  TRUE
[438]  TRUE  TRUE  TRUE  TRUE  TRUE  TRUE  TRUE  TRUE  TRUE  TRUE  TRUE  TRUE  TRUE  TRUE  TRUE  TRUE  TRUE  TRUE  TRUE
[457]  TRUE FALSE  TRUE  TRUE  TRUE  TRUE  TRUE  TRUE  TRUE  TRUE FALSE  TRUE  TRUE  TRUE  TRUE FALSE  TRUE  TRUE  TRUE
[476]  TRUE  TRUE  TRUE  TRUE  TRUE  TRUE  TRUE  TRUE  TRUE  TRUE FALSE  TRUE  TRUE  TRUE  TRUE  TRUE  TRUE  TRUE  TRUE
[495] FALSE  TRUE  TRUE  TRUE  TRUE  TRUE FALSE  TRUE  TRUE  TRUE  TRUE  TRUE  TRUE  TRUE  TRUE FALSE  TRUE FALSE  TRUE
[514]  TRUE  TRUE  TRUE  TRUE  TRUE FALSE  TRUE  TRUE  TRUE  TRUE  TRUE  TRUE  TRUE FALSE  TRUE  TRUE  TRUE  TRUE  TRUE
[533]  TRUE  TRUE  TRUE  TRUE  TRUE  TRUE FALSE  TRUE  TRUE  TRUE  TRUE  TRUE  TRUE  TRUE  TRUE  TRUE  TRUE  TRUE FALSE
[552]  TRUE  TRUE  TRUE  TRUE  TRUE  TRUE  TRUE  TRUE  TRUE  TRUE  TRUE  TRUE  TRUE  TRUE  TRUE  TRUE  TRUE  TRUE  TRUE
[571]  TRUE  TRUE  TRUE  TRUE  TRUE  TRUE  TRUE  TRUE  TRUE  TRUE  TRUE  TRUE  TRUE  TRUE  TRUE  TRUE  TRUE  TRUE  TRUE
[590]  TRUE  TRUE  TRUE  TRUE  TRUE FALSE FALSE  TRUE  TRUE  TRUE  TRUE FALSE  TRUE  TRUE  TRUE  TRUE  TRUE  TRUE  TRUE
[609]  TRUE  TRUE  TRUE  TRUE  TRUE  TRUE  TRUE  TRUE  TRUE  TRUE  TRUE  TRUE  TRUE  TRUE  TRUE  TRUE  TRUE  TRUE  TRUE
[628]  TRUE  TRUE  TRUE  TRUE  TRUE  TRUE  TRUE  TRUE  TRUE

