
Birth-death simulation object with 614 species and 500 extant species

Details for some species:

Extinction times (NA means extant)
[1]       NA 37.48094 45.83636       NA       NA       NA


Speciation times 
[1] 49.99743 49.73533 47.94340 38.22409 20.68335 19.09856


Species parents (NA for initial)
[1] NA  1  1  1  1  1


Species status (extinct or extant)
[1] "extant"  "extinct" "extinct" "extant"  "extant"  "extant" 


For more details on vector y, try sim$y, with y one of
TE TS PAR EXTANT



$TE
  [1]           NA 37.480936507 45.836359452           NA           NA           NA           NA           NA
  [9] 32.916397162  4.648611404 26.611553032           NA           NA 21.178740953           NA 29.614415273
 [17]           NA           NA 26.033034455           NA           NA           NA  8.077131198           NA
 [25]           NA           NA 29.287535128  6.575908818           NA  5.005513514 22.056930418 27.611026284
 [33]           NA  2.763139615  9.033842232           NA           NA           NA 11.662235595           NA
 [41]           NA           NA           NA  7.135350309           NA 12.792003733  8.841521401           NA
 [49]  0.236033700           NA 17.546474220 15.909615308  8.819932405           NA           NA           NA
 [57] 28.167222109 24.509307102           NA           NA 28.810322776           NA           NA  2.203052934
 [65]           NA           NA           NA           NA 11.780044417 23.269974076 18.036153239           NA
 [73] 22.310178042  5.404736900           NA           NA           NA           NA           NA  7.271796519
 [81] 15.443138832  4.443551093           NA  5.598371415 19.361961198           NA 17.064156686  0.766042860
 [89]  6.787189387           NA           NA           NA  9.802893640  4.179870425           NA  0.430706319
 [97] 18.245686028  6.077658242           NA           NA           NA  6.060049375 17.556165641           NA
[105]  8.746277851           NA           NA           NA           NA 24.149133241 13.706686949           NA
[113]           NA           NA 12.048428253           NA  1.449003427           NA           NA           NA
[121]           NA           NA           NA           NA  0.328514078           NA           NA           NA
[129]           NA           NA           NA           NA           NA           NA           NA           NA
[137]           NA           NA  8.335668151           NA           NA           NA           NA 17.652995560
[145]           NA           NA           NA  0.833990641           NA           NA           NA           NA
[153]  2.663023742           NA           NA           NA           NA           NA           NA 14.595938350
[161]           NA  3.223833735           NA           NA  7.555304412  3.453683570  6.524263110  0.912580561
[169]  0.371033499 10.082293014           NA           NA           NA           NA           NA           NA
[177]           NA  5.692493971           NA  3.457254731           NA           NA  5.373909911           NA
[185]  2.608969801           NA           NA           NA  0.105364481           NA           NA  2.465599387
[193]           NA  6.090764784           NA           NA  8.424490478           NA           NA           NA
[201]           NA           NA           NA           NA           NA           NA  0.047020104           NA
[209]           NA  9.087335620 10.252422761           NA           NA           NA           NA           NA
[217]           NA           NA           NA           NA           NA           NA           NA           NA
[225]  8.672508787           NA           NA           NA           NA           NA           NA           NA
[233]           NA  3.001378792           NA           NA           NA           NA           NA           NA
[241]           NA           NA  4.433885772           NA  2.552090418           NA  0.405323577           NA
[249]           NA           NA           NA           NA           NA           NA           NA           NA
[257]           NA           NA  4.507256873           NA           NA           NA           NA           NA
[265]           NA           NA           NA           NA           NA           NA           NA           NA
[273]           NA           NA           NA           NA           NA           NA  7.139093284           NA
[281]           NA           NA           NA           NA           NA           NA           NA           NA
[289]           NA           NA           NA           NA           NA           NA           NA           NA
[297]           NA           NA           NA           NA           NA           NA           NA           NA
[305]           NA           NA           NA           NA           NA           NA           NA           NA
[313]           NA  1.123484633           NA           NA           NA           NA           NA           NA
[321]           NA           NA           NA           NA           NA           NA           NA           NA
[329]           NA           NA           NA           NA           NA  8.255593794           NA           NA
[337]  2.652685599           NA           NA           NA           NA           NA           NA  3.512217644
[345]           NA           NA           NA           NA           NA           NA           NA           NA
[353]           NA           NA           NA           NA           NA           NA           NA           NA
[361]           NA           NA           NA           NA  1.318812001           NA           NA           NA
[369]           NA           NA           NA           NA           NA           NA           NA  0.307484428
[377]           NA  3.145163338           NA           NA           NA           NA           NA           NA
[385]           NA           NA           NA           NA           NA  1.497279030           NA           NA
[393]           NA           NA  2.050469786           NA           NA           NA  2.101932923           NA
[401]  5.709104450           NA           NA           NA           NA           NA           NA           NA
[409]           NA           NA           NA           NA           NA           NA           NA           NA
[417]           NA           NA  3.665722959           NA           NA           NA           NA  4.600849305
[425]           NA           NA           NA           NA           NA           NA           NA           NA
[433]  1.711794673           NA           NA           NA           NA           NA           NA           NA
[441]           NA           NA           NA           NA           NA           NA  1.583000188           NA
[449]           NA  0.985171358           NA           NA           NA           NA  2.078509529           NA
[457]           NA           NA           NA           NA           NA           NA           NA           NA
[465]           NA           NA           NA           NA           NA           NA  1.099598774           NA
[473]           NA           NA           NA           NA           NA           NA  4.233821265           NA
[481]           NA           NA           NA           NA           NA           NA           NA           NA
[489]           NA           NA           NA           NA           NA           NA           NA  2.203667614
[497]           NA           NA  2.304370766           NA           NA           NA           NA           NA
[505]           NA           NA  1.146057115           NA           NA           NA           NA           NA
[513]           NA           NA           NA           NA           NA           NA           NA           NA
[521]           NA  3.098854197           NA           NA  0.491433813           NA           NA           NA
[529]           NA           NA           NA           NA           NA           NA           NA           NA
[537]           NA           NA           NA           NA           NA           NA  3.722620245           NA
[545]           NA           NA  2.815433971           NA           NA           NA           NA           NA
[553]           NA           NA           NA           NA           NA           NA           NA           NA
[561]           NA           NA           NA           NA  1.962798320           NA           NA           NA
[569]           NA           NA           NA           NA           NA           NA           NA           NA
[577]  0.448056370           NA           NA           NA           NA           NA           NA           NA
[585]           NA           NA           NA           NA           NA           NA           NA           NA
[593]           NA           NA           NA           NA           NA           NA           NA           NA
[601]           NA           NA           NA           NA           NA  0.003009906           NA           NA
[609]           NA  0.373198130           NA           NA           NA           NA

$TS
  [1] 4.999743e+01 4.973533e+01 4.794340e+01 3.822409e+01 2.068335e+01 1.909856e+01 5.451538e+00 1.810842e-01
  [9] 4.191195e+01 4.098847e+01 4.048430e+01 3.748640e+01 3.488419e+01 3.394286e+01 3.953444e+01 3.139545e+01
 [17] 2.729399e+01 2.537732e+01 3.171680e+01 3.016731e+01 3.364840e+01 2.951814e+01 2.894050e+01 1.740501e+01
 [25] 8.197956e+00 6.334843e+00 3.091793e+01 1.167066e+01 8.680997e+00 3.369019e+01 3.328737e+01 2.998950e+01
 [33] 2.389387e+01 1.896076e+01 1.750963e+01 6.896728e+00 9.826189e-01 2.897181e+01 1.517349e+01 3.233232e+01
 [41] 9.240597e+00 3.208569e+01 2.600220e+01 1.423197e+01 3.088656e+01 2.687842e+01 2.218661e+01 2.709671e+01
 [49] 2.709340e+01 2.279654e+01 2.274403e+01 2.104003e+01 1.318023e+01 1.121952e+01 9.503652e+00 5.223111e+00
 [57] 2.841218e+01 2.783806e+01 2.279627e+01 1.635123e+01 2.896783e+01 2.191762e+01 2.175617e+01 1.861136e+01
 [65] 1.650609e+01 7.211973e+00 7.185407e+00 2.829660e-01 2.951421e+01 2.846789e+01 2.204965e+01 9.238106e+00
 [73] 2.849768e+01 2.528240e+01 2.124775e+01 1.494187e+01 5.123897e+00 5.090589e+00 2.413919e+01 1.759009e+01
 [81] 2.782811e+01 7.338847e+00 2.200537e+00 1.108895e+01 2.241733e+01 2.002229e+01 1.976708e+01 1.745898e+01
 [89] 1.499361e+01 9.083137e+00 6.014454e+00 3.976643e+00 2.482141e+01 2.108397e+01 1.896368e+01 1.034034e+01
 [97] 2.110114e+01 1.529080e+01 1.059264e+01 9.484955e+00 1.670525e+00 2.583554e+01 2.444527e+01 1.324493e+01
[105] 1.668994e+01 7.999012e+00 4.103903e+00 1.577501e+00 4.454975e-01 2.570788e+01 1.939076e+01 1.458622e+01
[113] 8.911061e+00 2.234756e+01 1.596716e+01 9.008756e+00 8.099116e+00 8.023912e+00 7.862991e+00 7.739934e+00
[121] 2.468294e+01 2.026881e+01 1.361319e+01 3.815740e+00 1.886768e+01 9.155093e+00 7.512120e+00 7.479781e+00
[129] 4.538392e+00 8.582262e+00 1.627173e+01 1.546536e+01 1.272922e+01 1.071825e+01 7.080485e+00 5.824276e+00
[137] 1.611989e+01 1.188859e+01 1.051414e+01 1.046326e+01 7.875694e+00 5.650922e+00 1.484465e+01 2.099313e+01
[145] 1.085258e+01 2.131397e+01 1.929084e+01 4.163336e+00 1.966659e+00 3.768639e-01 6.675198e-02 2.352259e+00
[153] 1.374046e+01 6.967150e-02 1.025150e+01 8.851422e+00 1.936119e+01 8.968869e+00 7.752046e+00 1.971329e+01
[161] 1.828423e+01 1.512478e+01 7.036873e-01 1.670924e+01 1.644526e+01 7.998202e+00 6.835632e+00 3.526498e+00
[169] 1.672527e+01 1.567567e+01 1.323290e+01 7.682145e+00 9.000491e+00 5.142709e+00 7.797832e+00 5.273072e+00
[177] 3.963618e+00 1.871286e+01 9.517501e+00 5.551513e+00 1.560666e+00 8.105522e+00 7.937854e+00 1.181324e+01
[185] 9.605678e+00 8.994982e+00 5.303862e+00 4.925614e+00 9.557975e+00 6.035194e+00 1.721760e+00 5.679729e+00
[193] 7.521820e+00 6.429666e+00 6.157010e+00 9.569338e+00 8.683585e+00 7.888776e-02 8.982571e+00 8.201430e+00
[201] 1.563243e+01 1.243246e+01 7.856210e+00 1.421474e+01 1.325665e+00 1.161720e+01 8.210008e+00 1.983512e+00
[209] 1.471180e+00 1.441372e+01 1.262931e+01 1.144280e+01 7.905314e+00 5.823645e+00 4.396563e+00 4.727518e+00
[217] 1.216779e+01 1.095624e+01 5.941553e+00 2.072278e+00 3.979881e-01 5.257255e+00 1.324055e+01 4.534316e+00
[225] 1.384818e+01 1.116886e+01 1.100787e+01 1.382046e+01 8.770984e+00 1.050400e+01 9.472160e+00 3.564493e+00
[233] 1.317947e+01 3.835969e+00 5.084615e+00 1.290671e+01 1.284861e+01 1.221233e+01 1.188624e+01 7.618863e+00
[241] 1.252984e+01 5.894672e-01 8.145546e+00 7.768846e+00 1.123880e+01 5.362057e+00 6.401315e-01 1.131972e+01
[249] 1.070378e+01 5.985029e+00 2.331477e+00 6.051582e-01 9.975915e+00 4.851836e+00 1.179006e+01 1.100331e+01
[257] 4.697453e+00 1.175665e+01 7.225203e+00 4.828714e+00 9.540004e+00 4.572802e+00 2.326168e+00 1.038776e+01
[265] 7.124200e+00 2.596298e+00 1.005921e+01 6.306306e+00 8.825813e+00 4.829102e+00 2.845230e-01 7.681626e+00
[273] 9.869138e-01 9.067191e+00 9.259903e+00 5.606511e+00 3.171536e+00 2.868472e+00 1.038378e+01 1.020299e+01
[281] 6.718500e+00 4.911179e+00 3.755869e+00 8.496990e-01 2.824083e+00 4.956376e+00 1.051198e+01 1.001443e+01
[289] 9.064161e+00 8.980055e+00 8.242585e+00 6.827219e+00 6.553411e+00 2.982056e+00 2.279669e+00 8.339542e+00
[297] 4.591874e+00 6.302411e+00 8.739796e+00 8.098520e+00 7.260683e+00 6.203970e+00 5.159988e-01 8.866208e+00
[305] 7.806893e+00 2.519178e+00 7.968884e+00 4.580240e+00 8.062222e+00 3.776705e+00 3.762782e+00 2.954540e+00
[313] 2.367906e+00 4.972765e+00 1.423670e+00 4.525151e+00 8.572563e+00 7.994903e+00 6.908595e+00 6.241697e+00
[321] 5.413408e+00 3.076476e+00 1.663203e-01 1.907287e+00 8.566594e+00 6.194873e+00 5.424416e+00 4.604748e+00
[329] 2.304905e+00 7.887609e+00 5.024194e+00 6.988220e+00 1.126434e+00 8.778015e+00 4.002512e+00 1.885939e+00
[337] 6.293963e+00 5.851030e+00 3.753661e+00 1.025071e+00 4.906699e+00 1.788412e-01 4.707488e+00 3.720834e+00
[345] 7.123752e-01 4.798404e+00 8.044038e+00 7.379038e+00 5.968293e+00 5.300926e+00 6.482997e+00 3.531141e+00
[353] 2.878399e+00 2.315659e+00 5.870580e+00 4.646448e+00 6.166144e+00 6.638895e+00 1.570102e+00 5.751079e+00
[361] 4.925375e+00 8.020938e+00 9.423709e-02 3.428438e+00 7.808790e+00 4.636042e+00 3.784145e+00 7.785793e+00
[369] 6.182721e+00 5.604584e+00 5.224477e+00 2.409782e+00 4.825714e+00 1.639692e+00 7.018444e-01 6.688541e+00
[377] 4.553101e+00 7.605015e+00 7.008307e+00 7.571920e+00 2.623464e+00 6.885082e+00 4.798940e+00 6.505108e+00
[385] 5.660686e+00 3.663706e+00 3.530194e-01 2.332915e+00 6.592861e+00 2.017532e+00 7.385866e+00 4.162773e+00
[393] 3.710916e+00 5.834958e+00 5.462821e+00 7.047806e+00 5.730631e+00 4.963667e+00 4.781854e+00 3.184093e+00
[401] 6.905880e+00 6.643742e+00 6.408114e+00 3.958987e+00 7.255275e-02 5.650910e+00 5.707404e+00 6.029078e+00
[409] 1.414910e+00 4.814018e+00 2.838329e+00 2.016048e+00 6.219727e+00 3.079621e+00 4.523709e+00 6.330582e+00
[417] 3.259589e+00 5.515265e-01 3.714255e+00 2.725888e+00 5.708062e+00 5.483486e+00 2.734462e+00 5.001950e+00
[425] 4.850123e+00 4.586931e+00 5.168332e+00 2.984654e+00 9.386037e-01 4.109203e+00 1.886885e+00 5.114752e+00
[433] 4.853937e+00 4.904636e+00 3.575035e+00 3.056998e+00 5.678226e+00 4.194046e+00 2.593702e+00 3.891657e+00
[441] 7.297840e-01 5.746761e+00 4.381467e+00 1.671742e+00 7.947750e-01 3.712377e+00 2.739044e+00 1.208484e+00
[449] 2.308259e+00 5.381659e+00 4.543702e+00 4.224225e+00 2.220730e+00 3.904847e+00 3.860594e+00 5.082457e-01
[457] 5.746452e+00 3.591121e+00 9.754535e-01 2.990990e+00 2.520515e+00 3.131706e-02 2.822097e-01 5.518406e+00
[465] 4.637498e+00 2.060012e+00 3.286636e+00 2.011428e+00 4.829991e-01 8.589898e-02 5.525167e+00 3.832688e+00
[473] 2.505459e+00 2.327243e+00 3.859287e+00 4.395739e+00 5.126026e-01 5.250108e+00 4.250797e+00 5.241883e+00
[481] 2.718640e-01 3.514294e+00 4.272334e+00 2.545012e+00 1.779207e+00 3.049918e+00 1.373718e+00 3.493241e-01
[489] 5.054660e-01 3.840256e+00 3.762244e+00 1.576031e+00 2.362260e+00 2.184876e+00 1.526011e+00 2.582876e+00
[497] 3.781704e+00 1.638944e+00 4.753139e+00 2.378780e+00 3.115760e+00 4.142633e+00 4.193703e+00 2.408579e+00
[505] 2.096429e+00 3.654518e+00 2.573042e+00 4.528862e+00 4.221761e-01 7.018455e-01 3.293596e+00 4.776308e+00
[513] 4.707176e+00 9.156955e-01 8.294024e-01 7.698473e-02 2.138046e+00 7.355876e-03 4.492236e+00 2.105199e+00
[521] 3.987605e+00 3.287565e+00 2.487538e+00 9.122817e-01 3.724319e+00 4.112841e+00 4.759150e-02 3.010398e+00
[529] 3.067887e+00 1.462174e+00 9.299851e-01 3.394136e+00 2.979432e+00 3.957222e-01 2.684671e+00 7.856196e-01
[537] 1.198870e+00 3.576099e+00 9.967771e-01 9.841889e-01 2.066903e+00 2.840744e+00 3.989315e+00 2.321243e+00
[545] 1.187960e+00 4.016442e-01 3.569468e+00 1.402282e+00 4.079364e-01 2.553662e+00 3.885814e+00 3.474412e+00
[553] 2.463179e+00 2.094320e+00 3.711235e+00 1.794600e+00 2.558136e-01 2.392948e+00 2.977584e+00 2.977159e+00
[561] 2.381766e+00 3.317564e+00 1.401154e+00 9.703777e-01 3.544539e+00 2.812334e+00 3.651270e+00 3.250839e+00
[569] 6.453549e-01 3.570158e+00 1.366369e+00 3.054963e+00 2.055616e+00 1.729542e+00 1.410815e-01 1.886576e+00
[577] 1.425123e+00 1.693199e-01 1.341478e+00 1.802345e+00 1.709356e+00 2.266638e+00 5.300192e-01 2.720338e+00
[585] 1.497849e+00 1.199093e+00 1.351376e+00 1.963884e+00 2.280016e-05 6.149846e-01 6.758014e-01 2.361976e+00
[593] 9.648633e-01 1.456931e+00 3.849444e-02 1.615673e+00 1.509027e+00 2.969815e-01 1.783713e+00 2.947747e-01
[601] 1.865678e+00 9.088648e-02 1.052982e+00 1.749249e+00 1.196906e+00 1.951778e+00 9.605965e-01 8.290726e-01
[609] 1.157912e+00 1.463840e+00 1.213734e+00 7.052738e-01 4.225739e-01 1.280505e-01

$PAR
  [1]  NA   1   1   1   1   1   1   1   2   9   9   9   9   9  10  10  10  10  11  11  15  15  15  15  15  15   4   4
 [29]   4  12  12  12  12  12  12  12  12  13  13  30  30  21  21  21  31  31  31  40  40  40  40  40  40  40  40  40
 [57]  42  42  42  42  45  45  45  45  45  45  45  45  20  20  20  20  32  22  22  22  22  22  69  69  38  38  38  23
 [85]  81  81  81  81  17  17  17  17  48  48  48  48  49  49  49  49  49  46  46  46  43  43  43  43  43 102 102 102
[113] 102  18  74  74  74  74  74  74  93  93  93 121  79  79  79  79  79  33  50  50  50  50  50  50  59  59  59  59
[141]  59  59 114  47  47  62  62  62  62  62  62  63 146 146  75  75  94  94  94 144   5   5   5 122 122 122 122 122
[169] 160 157 157 157 147 147  95  95  95  34 125 125 125 178 178  64  64  64  64 161  35  88  88  24 169 169 169 164
[197] 164 164  65  65 165  60  60 131 131 137 137 137 137 115 115 201 201 201 201 132  98  76  76  76  76 143 112 112
[225] 210 210 210 204 225 228 153 153 123 123 104 223 171 171 171 171  53 236 237 237 133 133 133 211 241 241 241 241
[253] 238 238 217 217 138 239 239 239 184 184 184 255 255 255 258 258  28 212 212 248 248 245  54 226 226 226  84  84
[281] 227 227 227 227 256 218 134 134 134 134 134 134 249 230 230 140 264 280 267 267 267 267 253 185 185 189 261  55
[309] 100 100 100 100 100 231 231 275  41  41  41  41  41  41  72 274 289 289 289 289 289 173 173 186 186 199 290 158
[337] 113 304 156 269 229 229 130 317 317 325 296 296 296 296 291 291 207 207  25  25 243 182 182 117 117 300 309 347
[365] 118 118 118 362 362 362 362 362 318 318 318 307 307 183 183 213 213 203 365 305 305 305 305 175 368 368 272 272
[393] 272 240 240 380 380 380 380 193 391 391 391 391 391 348 259  66  67 265 265 265 379 379 332 319 319 319 292 281
[421] 376 376 376 358 293 351  26  26  26 416 416 337 337 320 320 320 413 413 302 357 357 195 195 190 190 408  91  91
[449] 250 338 338 394 394 136 136 136 214 214 214 442 457 457 397 421 407 407 192 437 385 406 276 276 276 276 370 422
[477]   7 321 321 246 246 187 350 350 176 478 478 478 480 427 427 427 174 174  77  78 331 398 341 341 434 433 254 254
[505] 254 425 425 270 270 260 410 383 383 383 383 383 346 346 399 343 513 513 465 465 297 426 426 308 262 377 451 129
[533] 224 508 316 415 519 483 438 502 526 107 335 335 335 335  92 177 177 404 454 454 454 454 475 475 472 367 497 497
[561] 497 310 310 310 283 283 446 555 393 458 538 435 482 552 511 467 568 400 277 436 428 294 559 312 353 411 423 584
[589] 584 381 439 496 523 553 504 493 493 592 449 329 582 541 466 412 412 468 606 601 444 101 205 515 242 488

$EXTANT
  [1]  TRUE FALSE FALSE  TRUE  TRUE  TRUE  TRUE  TRUE FALSE FALSE FALSE  TRUE  TRUE FALSE  TRUE FALSE  TRUE  TRUE FALSE
 [20]  TRUE  TRUE  TRUE FALSE  TRUE  TRUE  TRUE FALSE FALSE  TRUE FALSE FALSE FALSE  TRUE FALSE FALSE  TRUE  TRUE  TRUE
 [39] FALSE  TRUE  TRUE  TRUE  TRUE FALSE  TRUE FALSE FALSE  TRUE FALSE  TRUE FALSE FALSE FALSE  TRUE  TRUE  TRUE FALSE
 [58] FALSE  TRUE  TRUE FALSE  TRUE  TRUE FALSE  TRUE  TRUE  TRUE  TRUE FALSE FALSE FALSE  TRUE FALSE FALSE  TRUE  TRUE
 [77]  TRUE  TRUE  TRUE FALSE FALSE FALSE  TRUE FALSE FALSE  TRUE FALSE FALSE FALSE  TRUE  TRUE  TRUE FALSE FALSE  TRUE
 [96] FALSE FALSE FALSE  TRUE  TRUE  TRUE FALSE FALSE  TRUE FALSE  TRUE  TRUE  TRUE  TRUE FALSE FALSE  TRUE  TRUE  TRUE
[115] FALSE  TRUE FALSE  TRUE  TRUE  TRUE  TRUE  TRUE  TRUE  TRUE FALSE  TRUE  TRUE  TRUE  TRUE  TRUE  TRUE  TRUE  TRUE
[134]  TRUE  TRUE  TRUE  TRUE  TRUE FALSE  TRUE  TRUE  TRUE  TRUE FALSE  TRUE  TRUE  TRUE FALSE  TRUE  TRUE  TRUE  TRUE
[153] FALSE  TRUE  TRUE  TRUE  TRUE  TRUE  TRUE FALSE  TRUE FALSE  TRUE  TRUE FALSE FALSE FALSE FALSE FALSE FALSE  TRUE
[172]  TRUE  TRUE  TRUE  TRUE  TRUE  TRUE FALSE  TRUE FALSE  TRUE  TRUE FALSE  TRUE FALSE  TRUE  TRUE  TRUE FALSE  TRUE
[191]  TRUE FALSE  TRUE FALSE  TRUE  TRUE FALSE  TRUE  TRUE  TRUE  TRUE  TRUE  TRUE  TRUE  TRUE  TRUE FALSE  TRUE  TRUE
[210] FALSE FALSE  TRUE  TRUE  TRUE  TRUE  TRUE  TRUE  TRUE  TRUE  TRUE  TRUE  TRUE  TRUE  TRUE FALSE  TRUE  TRUE  TRUE
[229]  TRUE  TRUE  TRUE  TRUE  TRUE FALSE  TRUE  TRUE  TRUE  TRUE  TRUE  TRUE  TRUE  TRUE FALSE  TRUE FALSE  TRUE FALSE
[248]  TRUE  TRUE  TRUE  TRUE  TRUE  TRUE  TRUE  TRUE  TRUE  TRUE  TRUE FALSE  TRUE  TRUE  TRUE  TRUE  TRUE  TRUE  TRUE
[267]  TRUE  TRUE  TRUE  TRUE  TRUE  TRUE  TRUE  TRUE  TRUE  TRUE  TRUE  TRUE FALSE  TRUE  TRUE  TRUE  TRUE  TRUE  TRUE
[286]  TRUE  TRUE  TRUE  TRUE  TRUE  TRUE  TRUE  TRUE  TRUE  TRUE  TRUE  TRUE  TRUE  TRUE  TRUE  TRUE  TRUE  TRUE  TRUE
[305]  TRUE  TRUE  TRUE  TRUE  TRUE  TRUE  TRUE  TRUE  TRUE FALSE  TRUE  TRUE  TRUE  TRUE  TRUE  TRUE  TRUE  TRUE  TRUE
[324]  TRUE  TRUE  TRUE  TRUE  TRUE  TRUE  TRUE  TRUE  TRUE  TRUE FALSE  TRUE  TRUE FALSE  TRUE  TRUE  TRUE  TRUE  TRUE
[343]  TRUE FALSE  TRUE  TRUE  TRUE  TRUE  TRUE  TRUE  TRUE  TRUE  TRUE  TRUE  TRUE  TRUE  TRUE  TRUE  TRUE  TRUE  TRUE
[362]  TRUE  TRUE  TRUE FALSE  TRUE  TRUE  TRUE  TRUE  TRUE  TRUE  TRUE  TRUE  TRUE  TRUE FALSE  TRUE FALSE  TRUE  TRUE
[381]  TRUE  TRUE  TRUE  TRUE  TRUE  TRUE  TRUE  TRUE  TRUE FALSE  TRUE  TRUE  TRUE  TRUE FALSE  TRUE  TRUE  TRUE FALSE
[400]  TRUE FALSE  TRUE  TRUE  TRUE  TRUE  TRUE  TRUE  TRUE  TRUE  TRUE  TRUE  TRUE  TRUE  TRUE  TRUE  TRUE  TRUE  TRUE
[419] FALSE  TRUE  TRUE  TRUE  TRUE FALSE  TRUE  TRUE  TRUE  TRUE  TRUE  TRUE  TRUE  TRUE FALSE  TRUE  TRUE  TRUE  TRUE
[438]  TRUE  TRUE  TRUE  TRUE  TRUE  TRUE  TRUE  TRUE  TRUE FALSE  TRUE  TRUE FALSE  TRUE  TRUE  TRUE  TRUE FALSE  TRUE
[457]  TRUE  TRUE  TRUE  TRUE  TRUE  TRUE  TRUE  TRUE  TRUE  TRUE  TRUE  TRUE  TRUE  TRUE FALSE  TRUE  TRUE  TRUE  TRUE
[476]  TRUE  TRUE  TRUE FALSE  TRUE  TRUE  TRUE  TRUE  TRUE  TRUE  TRUE  TRUE  TRUE  TRUE  TRUE  TRUE  TRUE  TRUE  TRUE
[495]  TRUE FALSE  TRUE  TRUE FALSE  TRUE  TRUE  TRUE  TRUE  TRUE  TRUE  TRUE FALSE  TRUE  TRUE  TRUE  TRUE  TRUE  TRUE
[514]  TRUE  TRUE  TRUE  TRUE  TRUE  TRUE  TRUE  TRUE FALSE  TRUE  TRUE FALSE  TRUE  TRUE  TRUE  TRUE  TRUE  TRUE  TRUE
[533]  TRUE  TRUE  TRUE  TRUE  TRUE  TRUE  TRUE  TRUE  TRUE  TRUE FALSE  TRUE  TRUE  TRUE FALSE  TRUE  TRUE  TRUE  TRUE
[552]  TRUE  TRUE  TRUE  TRUE  TRUE  TRUE  TRUE  TRUE  TRUE  TRUE  TRUE  TRUE  TRUE FALSE  TRUE  TRUE  TRUE  TRUE  TRUE
[571]  TRUE  TRUE  TRUE  TRUE  TRUE  TRUE FALSE  TRUE  TRUE  TRUE  TRUE  TRUE  TRUE  TRUE  TRUE  TRUE  TRUE  TRUE  TRUE
[590]  TRUE  TRUE  TRUE  TRUE  TRUE  TRUE  TRUE  TRUE  TRUE  TRUE  TRUE  TRUE  TRUE  TRUE  TRUE  TRUE FALSE  TRUE  TRUE
[609]  TRUE FALSE  TRUE  TRUE  TRUE  TRUE

