
Birth-death simulation object with 602 species and 500 extant species

Details for some species:

Extinction times (NA means extant)
[1]        NA 27.391556 20.464167 10.407750  9.888032  9.940438


Speciation times 
[1] 66.43179 61.78738 44.99389 22.45727 17.30982 16.65546


Species parents (NA for initial)
[1] NA  1  1  1  1  1


Species status (extinct or extant)
[1] "extant"  "extinct" "extinct" "extinct" "extinct" "extinct"


For more details on vector y, try sim$y, with y one of
TE TS PAR EXTANT



$TE
  [1]          NA 27.39155586 20.46416730 10.40775022  9.88803242  9.94043815  4.20257750 53.88294157          NA
 [10]  9.61124120 29.63609520  1.13751195 30.74170635          NA 18.79298378 24.87953266  8.77248097          NA
 [19]  6.95001700          NA          NA  3.18096106          NA          NA 27.54109272 11.81617238  0.06889801
 [28] 17.45824529 26.05961536          NA          NA          NA 16.39087203          NA          NA 13.69788472
 [37]  4.48078764          NA          NA          NA          NA          NA          NA          NA          NA
 [46]  7.98726517          NA  5.30479970  3.21094164          NA          NA 10.09800649          NA  3.27195345
 [55]          NA          NA 12.41933282          NA          NA          NA 14.32865935          NA          NA
 [64]  2.81470426          NA          NA          NA  6.24027825  2.90050147          NA          NA          NA
 [73]          NA          NA          NA          NA          NA          NA  0.92904631          NA          NA
 [82]  7.54006045  2.33494895          NA          NA  6.18311371          NA          NA          NA 12.10794824
 [91]          NA          NA          NA          NA          NA          NA          NA          NA          NA
[100]          NA          NA          NA          NA          NA          NA          NA          NA          NA
[109]          NA  3.61920701  1.92272083  1.06308830  4.38286383          NA  9.22435691          NA          NA
[118]          NA  2.18349767  0.81183248          NA          NA  7.37229992          NA          NA          NA
[127]          NA          NA          NA          NA  5.93510507          NA          NA          NA          NA
[136]          NA  5.98516719          NA          NA          NA 12.52168958          NA          NA  1.62347477
[145]  0.65441397  4.21720119  4.31396122          NA          NA          NA  0.46795624          NA          NA
[154]          NA          NA  6.28175507  3.73197339          NA  3.74589912          NA          NA          NA
[163]          NA          NA          NA          NA          NA          NA          NA          NA  0.55500278
[172]          NA          NA          NA  0.40345131          NA          NA          NA          NA          NA
[181]          NA  3.15460069          NA          NA  3.20349480  7.08136236          NA          NA          NA
[190]          NA          NA          NA          NA          NA  7.86815489          NA          NA          NA
[199]          NA          NA          NA          NA          NA          NA          NA          NA          NA
[208]          NA          NA          NA          NA          NA  1.67220259          NA 11.39596320          NA
[217]          NA          NA          NA          NA          NA          NA          NA          NA          NA
[226]          NA          NA          NA          NA  5.06929616          NA          NA          NA          NA
[235]  0.42474004          NA          NA          NA  6.08699914  1.43515286          NA          NA          NA
[244]          NA  8.95520884          NA  5.83039047          NA          NA          NA  8.06550685          NA
[253]          NA          NA          NA          NA          NA  1.27470175          NA          NA          NA
[262]          NA          NA          NA          NA          NA          NA          NA  7.44312660          NA
[271]          NA          NA          NA          NA          NA          NA          NA          NA          NA
[280]          NA          NA          NA  0.43562219          NA          NA          NA          NA  4.84180517
[289]          NA  0.20100782          NA  3.16917537          NA          NA  0.32108857          NA          NA
[298]          NA          NA  2.20599235  0.80624364          NA          NA          NA  6.68680497          NA
[307]          NA          NA  3.86170942          NA          NA          NA          NA          NA          NA
[316]          NA          NA          NA          NA          NA          NA          NA          NA          NA
[325]          NA          NA          NA          NA          NA          NA          NA          NA          NA
[334]          NA          NA          NA          NA          NA          NA  2.02973215          NA          NA
[343]  2.89245471          NA  5.49055255          NA          NA          NA          NA          NA          NA
[352]          NA          NA          NA          NA          NA          NA          NA          NA          NA
[361]          NA          NA          NA          NA          NA          NA  4.38093461  1.66700250  3.61860183
[370]          NA  3.73137868          NA          NA          NA          NA          NA          NA          NA
[379]          NA  2.13143110          NA          NA  0.08263580          NA  5.61973723          NA          NA
[388]          NA          NA          NA          NA          NA          NA          NA          NA          NA
[397]          NA          NA          NA          NA          NA          NA          NA          NA          NA
[406]          NA          NA          NA          NA          NA          NA          NA          NA          NA
[415]          NA          NA          NA          NA          NA          NA          NA          NA          NA
[424]  1.40397553          NA          NA          NA          NA          NA          NA  2.34233350          NA
[433]          NA          NA          NA          NA          NA          NA          NA          NA          NA
[442]          NA          NA          NA          NA          NA          NA          NA          NA  3.88471524
[451]          NA          NA          NA  2.34497658          NA          NA          NA          NA          NA
[460]          NA          NA          NA          NA          NA          NA          NA          NA          NA
[469]          NA          NA          NA          NA          NA          NA          NA          NA          NA
[478]          NA          NA          NA          NA          NA          NA  0.68215970          NA          NA
[487]          NA          NA          NA          NA          NA          NA          NA          NA  1.43587571
[496]          NA          NA          NA          NA          NA          NA          NA          NA          NA
[505]          NA          NA          NA          NA          NA          NA          NA          NA          NA
[514]          NA          NA          NA          NA          NA          NA          NA          NA          NA
[523]          NA          NA          NA          NA          NA          NA          NA          NA          NA
[532]          NA          NA          NA          NA          NA          NA          NA          NA          NA
[541]          NA          NA          NA          NA          NA          NA          NA          NA          NA
[550]  1.44744554  0.54130317          NA          NA          NA          NA          NA          NA          NA
[559]          NA          NA          NA          NA          NA          NA          NA          NA          NA
[568]          NA          NA          NA          NA          NA          NA          NA          NA          NA
[577]          NA          NA          NA          NA          NA          NA          NA          NA          NA
[586]          NA          NA          NA          NA          NA          NA          NA          NA          NA
[595]          NA          NA          NA          NA          NA          NA          NA          NA

$TS
  [1] 6.643179e+01 6.178738e+01 4.499389e+01 2.245727e+01 1.730982e+01 1.665546e+01 1.182427e+01 5.587537e+01
  [9] 4.665094e+01 3.020704e+01 3.512433e+01 3.634486e+01 3.374768e+01 3.170375e+01 2.873567e+01 2.715552e+01
 [17] 3.602345e+01 2.462358e+01 2.170099e+01 1.994041e+01 1.814520e+01 1.009438e+01 2.031515e+01 3.264958e+01
 [25] 3.262121e+01 2.831473e+01 2.693342e+01 1.935744e+01 2.714745e+01 1.478730e+01 6.670414e+00 6.588373e+00
 [33] 2.474838e+01 2.563065e+01 1.402114e+01 2.340985e+01 2.306757e+01 1.860300e+01 1.484762e+01 1.066156e+01
 [41] 1.013498e+01 3.685769e+00 9.119231e+00 2.499519e+00 1.395522e+00 1.750852e+01 1.976245e+01 1.012888e+01
 [49] 4.447526e+00 2.424260e+00 4.242772e-04 1.421992e+01 1.657702e+01 1.435906e+01 1.415141e+01 2.050523e+01
 [57] 1.961501e+01 1.950917e+01 1.788163e+01 1.534294e+01 1.471691e+01 8.760865e+00 1.795855e+01 1.658379e+01
 [65] 9.191004e+00 8.200865e+00 1.699535e+01 1.274002e+01 6.030990e+00 1.864608e+01 1.359450e+01 1.006926e+01
 [73] 1.751881e+01 1.054539e+01 3.264129e+00 1.376223e+01 1.321908e+01 1.553522e+01 1.506596e+01 1.272895e+01
 [81] 1.196278e+01 1.921355e+01 1.863023e+01 1.785776e+01 1.443533e+01 1.032214e+01 1.172610e+00 1.759449e+01
 [89] 4.371114e+00 1.552320e+01 1.538488e+01 1.498605e+01 1.211882e+01 1.193767e+01 1.145349e+01 9.425204e+00
 [97] 9.272218e+00 8.779632e+00 8.377284e+00 7.009605e+00 5.574847e+00 4.775950e+00 6.918146e+00 6.121470e+00
[105] 4.622120e+00 1.939298e-01 1.073839e+01 2.018634e+00 1.487286e+00 1.455956e+01 1.423615e+01 1.293438e+01
[113] 8.563650e+00 7.853663e-01 1.554917e+01 5.968325e+00 1.626185e+01 1.594370e+01 1.518550e+01 1.509828e+01
[121] 1.219860e+01 1.218276e+01 1.004643e+01 6.845996e+00 5.395807e+00 1.618994e+01 1.248184e+01 8.262157e+00
[129] 3.745996e+00 1.499177e+01 9.474986e+00 1.286516e+01 1.233931e+01 1.006766e+01 4.519767e+00 1.593432e+01
[137] 9.014391e+00 3.873499e+00 4.531625e+00 9.675002e+00 1.414503e+01 1.320957e+01 1.339684e+01 4.995270e+00
[145] 3.791263e+00 1.450377e+01 1.243322e+01 9.384218e+00 1.430347e+01 1.132792e+01 2.052221e+00 5.066484e+00
[153] 7.625213e+00 5.111470e+00 3.798327e+00 1.479748e+01 1.173575e+01 1.479430e+01 7.111289e+00 8.887213e+00
[161] 7.139056e+00 3.504795e+00 1.154685e+01 1.009036e+01 6.967029e+00 2.340826e+00 8.560933e+00 7.321744e+00
[169] 5.661438e+00 6.639641e+00 1.321488e+01 1.102116e+01 2.122474e+00 1.153985e+01 5.706392e+00 1.145593e+01
[177] 1.530774e+00 1.240417e+01 1.156925e+01 1.102423e+01 6.902075e+00 8.670749e+00 2.191472e+00 9.719518e-01
[185] 1.289764e+01 1.011675e+01 8.133420e+00 1.767328e+00 1.357985e+00 1.028008e+01 1.014853e+01 7.150050e+00
[193] 1.075827e+01 1.044320e+01 9.379346e+00 7.103613e+00 1.199283e+01 8.678092e+00 6.306956e+00 1.200227e-01
[201] 1.226505e+01 1.260535e+01 3.060892e+00 3.907422e-01 9.025345e-02 5.765624e+00 4.466006e+00 6.962222e+00
[209] 1.181650e+01 1.693019e+00 7.552183e+00 9.770928e+00 4.799935e+00 2.070997e+00 1.150683e+01 8.971063e+00
[217] 5.824734e+00 1.028296e+00 6.940210e-01 5.625982e+00 2.913571e+00 1.630759e+00 1.158173e+01 6.541156e+00
[225] 4.214559e+00 3.865597e+00 3.309293e+00 7.312672e+00 1.069483e+01 1.040570e+01 4.905185e+00 1.053977e+01
[233] 8.878013e+00 7.440529e+00 6.658346e+00 3.327940e+00 3.073183e+00 2.522504e+00 8.483379e+00 4.337421e+00
[241] 1.124478e+01 9.470188e+00 6.684605e+00 2.777295e+00 1.080186e+01 9.583814e+00 8.237184e+00 6.279594e+00
[249] 2.248488e+00 3.055410e-01 1.049531e+01 5.407488e+00 3.631748e+00 6.225043e+00 2.095289e+00 1.939339e+00
[257] 7.592203e-01 7.043216e+00 3.210409e+00 9.652675e+00 2.886580e+00 9.141485e+00 7.181055e+00 5.192942e+00
[265] 1.762312e+00 8.037599e+00 7.269559e+00 4.152503e+00 8.517174e+00 8.553524e+00 5.753702e+00 8.399269e+00
[273] 4.734204e+00 8.082294e+00 3.766082e+00 8.320541e+00 9.449963e+00 8.604083e+00 7.915490e+00 9.039383e+00
[281] 7.477557e+00 4.551568e+00 2.677204e+00 2.160232e+00 2.537496e+00 2.521240e+00 2.137588e+00 7.007325e+00
[289] 8.019146e+00 9.086922e+00 7.461986e+00 6.040270e+00 6.337897e+00 5.341439e+00 8.124047e+00 7.257468e+00
[297] 3.328334e+00 2.699953e+00 4.823424e+00 4.223763e+00 3.360319e+00 2.022945e+00 5.347846e+00 6.741472e+00
[305] 8.468377e+00 5.417522e+00 2.683840e+00 1.550559e+00 5.884516e+00 4.342503e+00 3.324139e+00 1.287105e+00
[313] 4.424850e+00 2.579758e+00 7.088305e+00 4.070418e+00 6.492562e-01 5.428649e+00 2.013265e+00 6.983991e+00
[321] 6.275097e+00 3.068907e+00 1.263097e+00 6.645997e+00 7.352275e-02 5.858953e+00 2.184031e-01 7.092706e+00
[329] 3.708070e+00 5.517275e-02 2.523673e+00 1.569357e+00 8.055081e+00 6.974709e+00 4.269431e+00 1.564739e+00
[337] 1.260673e+00 5.429659e+00 4.640989e+00 2.988005e+00 4.936681e+00 3.958024e+00 7.061788e+00 3.261861e+00
[345] 7.558786e+00 7.168966e+00 5.784756e+00 2.565380e+00 2.026926e+00 4.890114e+00 1.123656e+00 6.965197e+00
[353] 6.724421e+00 4.258023e+00 1.853874e+00 1.834235e+00 7.376915e+00 5.436304e+00 8.018857e-01 1.754006e+00
[361] 1.655217e+00 3.625637e-01 5.140319e+00 3.660227e+00 1.123942e+00 2.233232e+00 7.027921e+00 3.788898e+00
[369] 4.499975e+00 1.652828e+00 5.204629e+00 4.705895e+00 3.805215e+00 7.066486e+00 2.116806e+00 4.121460e+00
[377] 4.060842e+00 2.214926e+00 4.845648e+00 3.671716e+00 5.756144e+00 6.887841e+00 2.098161e-01 1.329693e+00
[385] 5.839294e+00 5.136472e+00 5.922571e+00 2.456637e+00 4.222012e+00 2.112423e+00 2.100877e+00 1.304056e+00
[393] 5.492139e+00 5.033169e+00 3.411405e+00 6.557558e+00 3.780467e+00 3.205271e-01 6.507911e+00 5.803791e+00
[401] 6.090056e+00 6.259995e+00 2.151557e-01 5.457552e+00 1.201946e+00 2.228152e+00 3.304703e-01 1.578915e+00
[409] 6.271618e+00 4.945347e+00 4.980861e+00 4.033467e+00 2.462133e+00 1.879096e-01 4.412074e-01 2.717473e+00
[417] 2.133511e+00 7.591580e-01 3.996850e+00 4.596589e+00 4.536691e+00 4.203227e+00 5.136169e+00 4.019751e+00
[425] 4.583316e+00 1.312583e-01 3.490333e+00 2.513361e+00 1.704897e+00 3.608527e-01 5.099531e+00 4.519809e-01
[433] 4.732727e+00 1.554938e+00 2.584871e+00 4.615243e+00 4.458627e+00 4.736084e+00 3.828900e-01 2.947626e-01
[441] 3.145760e+00 4.817944e+00 3.887826e+00 4.945723e-01 1.778189e+00 1.653601e+00 6.629848e-01 4.856969e+00
[449] 3.219771e+00 5.179258e+00 3.214175e+00 9.120992e-01 2.893537e+00 2.505562e+00 1.350337e+00 2.428037e+00
[457] 1.898249e+00 2.825160e+00 1.839130e+00 4.159321e+00 2.522816e+00 1.453126e+00 3.675733e+00 1.412321e+00
[465] 3.572852e+00 3.282701e+00 2.383119e+00 8.440910e-01 2.392132e-01 3.545096e+00 7.085853e-01 3.480825e+00
[473] 1.659714e+00 4.633173e+00 3.431026e+00 4.629351e+00 1.405960e-01 1.945474e+00 1.106378e+00 1.352554e+00
[481] 2.262521e-01 4.126100e+00 2.948034e+00 3.946453e+00 2.199226e+00 3.238866e+00 1.862276e+00 2.179616e+00
[489] 4.081022e+00 3.587600e+00 1.886793e+00 2.689285e+00 4.125947e+00 1.458576e+00 2.822337e+00 3.582062e-03
[497] 2.333177e+00 3.894555e+00 2.181564e+00 6.945995e-01 4.045988e-01 8.740154e-01 3.053951e-01 4.284090e-01
[505] 4.005274e+00 3.936067e+00 2.428601e-01 3.819234e-01 3.900424e+00 1.319339e+00 3.285909e+00 2.222122e+00
[513] 3.278917e+00 3.072572e+00 3.079493e+00 1.845185e+00 1.462330e+00 3.171461e+00 2.862475e+00 8.505047e-01
[521] 3.253620e+00 1.369428e+00 2.135841e+00 3.032450e+00 2.863358e+00 2.739225e+00 1.703294e+00 3.222851e+00
[529] 2.832389e+00 9.835630e-01 2.505808e+00 1.874713e+00 1.434985e+00 1.943504e-01 2.436241e+00 2.503843e+00
[537] 1.666189e+00 9.922805e-01 2.636173e+00 3.060779e+00 2.235586e+00 1.436140e+00 2.002257e+00 2.957677e+00
[545] 2.889397e+00 2.306894e+00 9.952370e-01 2.545095e+00 6.499185e-02 2.714869e+00 2.158954e+00 2.095518e+00
[553] 1.055430e+00 6.551674e-01 2.072424e+00 2.499539e+00 2.403779e+00 1.739433e+00 2.012946e-01 1.802160e+00
[561] 1.536631e+00 1.944072e+00 6.251892e-01 5.889296e-01 1.701450e-01 4.178348e-01 6.187615e-01 2.067753e+00
[569] 1.472578e+00 1.411345e+00 2.407869e-01 5.012732e-01 1.458821e+00 1.687676e+00 7.443514e-01 3.527551e-01
[577] 1.513104e-01 1.643710e+00 1.661037e+00 2.165897e-01 1.278350e+00 1.676818e+00 3.029019e-01 1.478822e+00
[585] 1.035510e+00 1.530581e+00 1.576455e+00 6.988208e-02 3.527925e-01 1.236608e+00 1.237597e+00 7.996946e-01
[593] 1.140563e+00 1.158104e+00 1.209611e+00 5.479036e-01 3.213034e-01 2.085977e-01 6.475983e-01 1.467642e-02
[601] 2.790907e-01 3.394365e-01

$PAR
  [1]  NA   1   1   1   1   1   1   2   2   2   9   3   3   3   3   3  12  12  12  12  12  12  17  13  13  24  24  24  14
 [30]  14  14  14  10  26  26  27  27  27  27  27  27  27  34  34  34  33  18  18  18  18  18  36  37  37   4  19  19  19
 [59]  19  19  19  19  56  56  56  56  23  23  23  20  20  20  47  47  47  57  57  58  58  58  58  28  70  70  70  70  70
 [88]  83  38  21  63  63  63  63  63  63  63  63  63  63  63  63  59  59  59  59  84  88  88  73  73  73  73  73   5  67
[117]   6   6  64  64  64  64  64  64  64  53  53  53  53 117 117 126 126 126 126 118 118 118 136 115  91  91  60  60  60
[146] 119 119 119 120 120 120 130  92  92  92  39  39 156 156 158 158 158  30  30  30  30 146 146 146  85  54 149 149 111
[175] 111  55  55  35  35  35  35  76  76  76 143 143 143 143 143  77  77  77 142 142 142 112 185 185 132 132  68  80  80
[204] 202 202 127 127 147 201 201 121 122 122 122  93  93  93  93  93 197 197 197  81  81  81  81  81  94   7   7 209 223
[233] 223 223 223 223 179 179 163 163 174 174 174 176 150 241 172 172 172 172 245 193 193 107 107 107 107 229 229  40  40
[262]  74  74  74  74 194 194 194 230 190 190 191 191  41  41  48 186 186 186 164 164 164 164 164  72  72  72 260 246 131
[291] 242 277 148 148 195  97  97  97  65  65  65  65  43 290 280 216 216 216 160  98  98  98  62 198 182 278 278 113 167
[320] 239 272 272 272  99 276 128 128  66 187 187 295 295 274 274 274 274 274 333 333 333 266 266 289 289 279 279 279 279
[349] 279 153 153 211 211 211 211 211 281 281 281 291 234 234 228 267 267 296 192 192 161 161 159 159 196 328 315 374 374
[378] 374 343 343 367 100 334 165 352 181 382 382 124 304 304 304 353 353 353 243 243 243  31 235 324 170 170  32  32 396
[407] 224 399 199 199 248 248 248 409 254 104 401 401 292  69 387 387 309 309 326 326 206 206 206 206 175 175 169 169 220
[436] 101 393 404 404 404 338 306 306 306 252 252 252 125 125 303 303 303 294 294 264 386 386 423 154 410 410 410 231 350
[465] 448 448 448 379 299 442 442 438 273 372 339 474 105 282 421 139 207 437 437  49 313  89  89 310 240 240 240 335 354
[494] 389 422 460 268 482 482 376 376 489 316 377 412 412 505 419 342 484 506 506 509 509 443 443 443 145 368 397 129  42
[523] 475 395 395 301 297 236 236 236 311 311 311 311 513 521 528 528 449 518 515 515 322 203 340 544 544 221 453 458 495
[552] 550 298 298 283 314 348 348 331 238 238 428 428 531 413 388 535 512 378 378 183 287 523 417 173 255 555 214 108 319
[581] 543 478 256 355 558 429 574 587 586 462 542 542 464  45 510  87 585 530 575 471 317 432

$EXTANT
  [1]  TRUE FALSE FALSE FALSE FALSE FALSE FALSE FALSE  TRUE FALSE FALSE FALSE FALSE  TRUE FALSE FALSE FALSE  TRUE FALSE
 [20]  TRUE  TRUE FALSE  TRUE  TRUE FALSE FALSE FALSE FALSE FALSE  TRUE  TRUE  TRUE FALSE  TRUE  TRUE FALSE FALSE  TRUE
 [39]  TRUE  TRUE  TRUE  TRUE  TRUE  TRUE  TRUE FALSE  TRUE FALSE FALSE  TRUE  TRUE FALSE  TRUE FALSE  TRUE  TRUE FALSE
 [58]  TRUE  TRUE  TRUE FALSE  TRUE  TRUE FALSE  TRUE  TRUE  TRUE FALSE FALSE  TRUE  TRUE  TRUE  TRUE  TRUE  TRUE  TRUE
 [77]  TRUE  TRUE FALSE  TRUE  TRUE FALSE FALSE  TRUE  TRUE FALSE  TRUE  TRUE  TRUE FALSE  TRUE  TRUE  TRUE  TRUE  TRUE
 [96]  TRUE  TRUE  TRUE  TRUE  TRUE  TRUE  TRUE  TRUE  TRUE  TRUE  TRUE  TRUE  TRUE  TRUE FALSE FALSE FALSE FALSE  TRUE
[115] FALSE  TRUE  TRUE  TRUE FALSE FALSE  TRUE  TRUE FALSE  TRUE  TRUE  TRUE  TRUE  TRUE  TRUE  TRUE FALSE  TRUE  TRUE
[134]  TRUE  TRUE  TRUE FALSE  TRUE  TRUE  TRUE FALSE  TRUE  TRUE FALSE FALSE FALSE FALSE  TRUE  TRUE  TRUE FALSE  TRUE
[153]  TRUE  TRUE  TRUE FALSE FALSE  TRUE FALSE  TRUE  TRUE  TRUE  TRUE  TRUE  TRUE  TRUE  TRUE  TRUE  TRUE  TRUE FALSE
[172]  TRUE  TRUE  TRUE FALSE  TRUE  TRUE  TRUE  TRUE  TRUE  TRUE FALSE  TRUE  TRUE FALSE FALSE  TRUE  TRUE  TRUE  TRUE
[191]  TRUE  TRUE  TRUE  TRUE FALSE  TRUE  TRUE  TRUE  TRUE  TRUE  TRUE  TRUE  TRUE  TRUE  TRUE  TRUE  TRUE  TRUE  TRUE
[210]  TRUE  TRUE  TRUE FALSE  TRUE FALSE  TRUE  TRUE  TRUE  TRUE  TRUE  TRUE  TRUE  TRUE  TRUE  TRUE  TRUE  TRUE  TRUE
[229]  TRUE FALSE  TRUE  TRUE  TRUE  TRUE FALSE  TRUE  TRUE  TRUE FALSE FALSE  TRUE  TRUE  TRUE  TRUE FALSE  TRUE FALSE
[248]  TRUE  TRUE  TRUE FALSE  TRUE  TRUE  TRUE  TRUE  TRUE  TRUE FALSE  TRUE  TRUE  TRUE  TRUE  TRUE  TRUE  TRUE  TRUE
[267]  TRUE  TRUE FALSE  TRUE  TRUE  TRUE  TRUE  TRUE  TRUE  TRUE  TRUE  TRUE  TRUE  TRUE  TRUE  TRUE FALSE  TRUE  TRUE
[286]  TRUE  TRUE FALSE  TRUE FALSE  TRUE FALSE  TRUE  TRUE FALSE  TRUE  TRUE  TRUE  TRUE FALSE FALSE  TRUE  TRUE  TRUE
[305] FALSE  TRUE  TRUE  TRUE FALSE  TRUE  TRUE  TRUE  TRUE  TRUE  TRUE  TRUE  TRUE  TRUE  TRUE  TRUE  TRUE  TRUE  TRUE
[324]  TRUE  TRUE  TRUE  TRUE  TRUE  TRUE  TRUE  TRUE  TRUE  TRUE  TRUE  TRUE  TRUE  TRUE  TRUE  TRUE FALSE  TRUE  TRUE
[343] FALSE  TRUE FALSE  TRUE  TRUE  TRUE  TRUE  TRUE  TRUE  TRUE  TRUE  TRUE  TRUE  TRUE  TRUE  TRUE  TRUE  TRUE  TRUE
[362]  TRUE  TRUE  TRUE  TRUE  TRUE FALSE FALSE FALSE  TRUE FALSE  TRUE  TRUE  TRUE  TRUE  TRUE  TRUE  TRUE  TRUE FALSE
[381]  TRUE  TRUE FALSE  TRUE FALSE  TRUE  TRUE  TRUE  TRUE  TRUE  TRUE  TRUE  TRUE  TRUE  TRUE  TRUE  TRUE  TRUE  TRUE
[400]  TRUE  TRUE  TRUE  TRUE  TRUE  TRUE  TRUE  TRUE  TRUE  TRUE  TRUE  TRUE  TRUE  TRUE  TRUE  TRUE  TRUE  TRUE  TRUE
[419]  TRUE  TRUE  TRUE  TRUE  TRUE FALSE  TRUE  TRUE  TRUE  TRUE  TRUE  TRUE FALSE  TRUE  TRUE  TRUE  TRUE  TRUE  TRUE
[438]  TRUE  TRUE  TRUE  TRUE  TRUE  TRUE  TRUE  TRUE  TRUE  TRUE  TRUE  TRUE FALSE  TRUE  TRUE  TRUE FALSE  TRUE  TRUE
[457]  TRUE  TRUE  TRUE  TRUE  TRUE  TRUE  TRUE  TRUE  TRUE  TRUE  TRUE  TRUE  TRUE  TRUE  TRUE  TRUE  TRUE  TRUE  TRUE
[476]  TRUE  TRUE  TRUE  TRUE  TRUE  TRUE  TRUE  TRUE FALSE  TRUE  TRUE  TRUE  TRUE  TRUE  TRUE  TRUE  TRUE  TRUE  TRUE
[495] FALSE  TRUE  TRUE  TRUE  TRUE  TRUE  TRUE  TRUE  TRUE  TRUE  TRUE  TRUE  TRUE  TRUE  TRUE  TRUE  TRUE  TRUE  TRUE
[514]  TRUE  TRUE  TRUE  TRUE  TRUE  TRUE  TRUE  TRUE  TRUE  TRUE  TRUE  TRUE  TRUE  TRUE  TRUE  TRUE  TRUE  TRUE  TRUE
[533]  TRUE  TRUE  TRUE  TRUE  TRUE  TRUE  TRUE  TRUE  TRUE  TRUE  TRUE  TRUE  TRUE  TRUE  TRUE  TRUE  TRUE FALSE FALSE
[552]  TRUE  TRUE  TRUE  TRUE  TRUE  TRUE  TRUE  TRUE  TRUE  TRUE  TRUE  TRUE  TRUE  TRUE  TRUE  TRUE  TRUE  TRUE  TRUE
[571]  TRUE  TRUE  TRUE  TRUE  TRUE  TRUE  TRUE  TRUE  TRUE  TRUE  TRUE  TRUE  TRUE  TRUE  TRUE  TRUE  TRUE  TRUE  TRUE
[590]  TRUE  TRUE  TRUE  TRUE  TRUE  TRUE  TRUE  TRUE  TRUE  TRUE  TRUE  TRUE  TRUE

