
Birth-death simulation object with 614 species and 500 extant species

Details for some species:

Extinction times (NA means extant)
[1] 32.05818 48.34957 17.59408 21.53342 26.45145       NA


Speciation times 
[1] 51.02271 49.70523 49.26111 46.46982 39.39443 32.21702


Species parents (NA for initial)
[1] NA  1  1  1  3  3


Species status (extinct or extant)
[1] "extinct" "extinct" "extinct" "extinct" "extinct" "extant" 


For more details on vector y, try sim$y, with y one of
TE TS PAR EXTANT



$TE
  [1] 32.05818259 48.34957427 17.59408221 21.53341700 26.45144983          NA          NA          NA 19.16736652
 [10] 13.21612037 10.50419905          NA          NA          NA  2.30047587          NA          NA          NA
 [19] 27.96245931 35.19484122          NA  1.52110076  7.70356852          NA 27.10820694  4.73151474          NA
 [28] 23.08689385 10.64030458          NA  9.07331923          NA          NA          NA 20.63551643          NA
 [37]          NA  1.83423485 18.84522495          NA          NA          NA 15.30090136          NA  7.00804278
 [46]          NA          NA          NA          NA          NA 15.03719527          NA 11.65982910          NA
 [55]          NA          NA          NA          NA 12.03838102 12.93787786          NA          NA 25.32900489
 [64]  5.10170374  5.49810852          NA          NA          NA          NA          NA          NA          NA
 [73]          NA          NA          NA          NA  9.20110381          NA          NA          NA          NA
 [82]          NA          NA  1.25060688          NA          NA  2.42975441 11.10697761          NA  3.97133061
 [91] 15.23247909          NA 12.65021279 21.86924735 15.86945177          NA          NA          NA          NA
[100]  4.41397824          NA          NA  9.47977523 10.01928474          NA  9.97061434          NA          NA
[109]          NA          NA          NA          NA          NA          NA          NA 11.76076470  2.15497682
[118]          NA 14.91846794          NA  2.11077294          NA          NA          NA 20.22680619          NA
[127]  3.45566756          NA          NA  4.67113472 14.55490468          NA          NA          NA  4.47544618
[136]  0.19354975 10.92045772          NA          NA          NA          NA          NA          NA  1.85845905
[145]          NA          NA          NA  3.16697598          NA          NA 16.69540682          NA          NA
[154]          NA          NA          NA          NA          NA          NA  5.05631134  5.55875047          NA
[163]          NA          NA          NA          NA          NA  1.73377400          NA  7.00325301  4.80703871
[172]  4.44427288          NA          NA 12.85665343  4.40238246          NA          NA          NA          NA
[181]          NA          NA          NA          NA          NA  0.10450549 11.05009729          NA          NA
[190]          NA          NA          NA          NA          NA          NA          NA          NA  5.89346857
[199] 10.80209572          NA          NA          NA          NA          NA          NA          NA          NA
[208]          NA          NA          NA 10.07114567          NA          NA          NA          NA  9.50949125
[217]          NA  4.91456532          NA          NA          NA          NA          NA  5.10014190          NA
[226]          NA          NA          NA          NA          NA          NA          NA  6.40078918          NA
[235]          NA  0.03568926          NA          NA  7.47289010          NA  0.97293678          NA          NA
[244]          NA 10.14952383          NA          NA          NA          NA  2.16172734          NA          NA
[253]          NA          NA          NA          NA          NA          NA          NA          NA          NA
[262]          NA          NA          NA  9.66360822          NA          NA          NA          NA  1.73614811
[271]          NA          NA          NA          NA          NA          NA  4.93833248          NA          NA
[280]          NA          NA  2.67279583          NA          NA          NA  4.67558403  0.61995988          NA
[289]  0.43915983  8.18203689          NA          NA          NA          NA          NA          NA          NA
[298]          NA  2.77599660          NA          NA          NA          NA          NA  5.61468131          NA
[307]          NA          NA          NA          NA          NA  4.81519399          NA          NA          NA
[316]          NA          NA          NA          NA  1.20984504          NA          NA          NA          NA
[325]          NA          NA          NA          NA          NA          NA          NA          NA          NA
[334]          NA          NA          NA          NA          NA          NA  0.24397808          NA          NA
[343]  2.42738326          NA          NA          NA  0.52402040  1.05418539          NA          NA          NA
[352]          NA          NA          NA          NA          NA          NA          NA          NA          NA
[361]          NA          NA          NA  2.03957011          NA          NA          NA          NA          NA
[370]          NA          NA          NA          NA          NA          NA          NA          NA          NA
[379]          NA          NA          NA          NA          NA          NA          NA          NA          NA
[388]          NA          NA  1.73249986  1.30195762          NA          NA          NA          NA          NA
[397]          NA  4.63023317          NA          NA          NA          NA          NA          NA          NA
[406]  1.66815403          NA          NA          NA          NA          NA          NA  0.79293015          NA
[415]          NA  2.65550988          NA          NA          NA  0.66692967          NA          NA          NA
[424]          NA          NA          NA          NA          NA          NA          NA          NA          NA
[433]          NA  1.95630041          NA          NA          NA          NA          NA          NA          NA
[442]          NA          NA          NA          NA          NA          NA          NA          NA          NA
[451]          NA          NA  2.29416566          NA          NA  1.79285470          NA          NA          NA
[460]          NA          NA          NA          NA          NA          NA          NA          NA          NA
[469]          NA          NA          NA          NA          NA  4.25070607          NA          NA          NA
[478]          NA          NA          NA          NA          NA          NA          NA          NA          NA
[487]          NA          NA          NA  2.60234717          NA          NA          NA          NA          NA
[496]          NA          NA          NA          NA          NA          NA          NA          NA          NA
[505]          NA          NA          NA          NA          NA          NA          NA          NA          NA
[514]          NA          NA          NA          NA  0.85184133          NA          NA          NA  1.66729898
[523]          NA          NA          NA          NA          NA          NA          NA          NA          NA
[532]          NA          NA          NA          NA          NA          NA          NA          NA          NA
[541]          NA          NA          NA          NA          NA  1.14121619          NA          NA          NA
[550]          NA  1.54616119          NA          NA  0.54075720          NA          NA          NA          NA
[559]          NA          NA          NA          NA          NA          NA          NA          NA          NA
[568]          NA          NA          NA          NA          NA          NA          NA          NA          NA
[577]          NA          NA  0.89282480          NA          NA          NA          NA          NA          NA
[586]          NA          NA          NA          NA          NA          NA          NA          NA          NA
[595]          NA          NA          NA          NA          NA          NA          NA          NA          NA
[604]          NA          NA          NA          NA          NA          NA          NA          NA          NA
[613]          NA          NA

$TS
  [1] 51.022714983 49.705233748 49.261108897 46.469822069 39.394434156 32.217023094 30.752011610 21.444999956
  [9] 19.739431236 18.070102737 40.465557365 37.848427439 30.726363813 29.832647642 25.177210434 21.800936363
 [17] 21.597967171 13.789720475 29.567982145 37.317020248 28.771326927  2.397207139 13.525004284  2.808559366
 [25] 28.524221388 28.297169226 27.938405594 25.315843309 21.347516946 16.895690275 16.207964576 15.403233373
 [33] 12.591150974  8.671664820 26.792438146 15.910824225  8.470827252  6.494040335 26.482456135  1.501878365
 [41]  0.908473619 27.716118607 23.659671310  9.699379891 27.485283286 24.773175285 16.624993495 14.967565249
 [49] 12.751789760  6.824445045 25.599313910 16.936705684 22.988512923 18.318930563 15.117451203 13.594134294
 [57]  7.765521794 26.453404782 25.340120782 23.649253623 23.601860851 21.439224619 25.378395378 20.493428201
 [65] 24.357715582 18.204943288  7.906602596  1.153384971 21.953996381 19.002207142 24.809553408 23.517935174
 [73] 22.313461206 20.096698620 17.194736952 23.649016528 15.304005829 12.095719579  8.690035470  5.065299095
 [81]  3.244279269  0.681360340  7.096777785 19.629465912 21.064608809 18.628115497 18.422675040 17.528833931
 [89] 22.343501891 21.368079022 18.266803679 13.013257801 17.320274040 22.189756736 17.168376912 16.012612024
 [97] 12.132562721 21.590855878 18.150961376 13.125533107  4.063206424  2.782264257 22.094953665 12.449022376
[105] 11.816679758 14.164374638 10.592749916  1.626790260  8.588468577  7.158828490  4.945028175  1.467447609
[113] 18.781888663  8.781219862 20.014981618 14.288079821 10.404936194  0.121553215 20.853519495 15.116704804
[121] 14.673905293 12.364881678 11.114660546  1.866702538 20.654907374 15.262112626 15.216865860 13.520573018
[129] 11.853892777  9.387311012 19.546501535  5.100313200  4.894850192  3.620768209 16.513799421 15.775662315
[137] 15.420579717 11.886700193 16.642279773 16.636973000 10.720106962 13.565629949  9.896637740  9.664107109
[145]  4.172044408  2.552376580  2.614310545 12.606154240  8.325152702  0.115065703 16.867868702 15.793826762
[153]  6.567665490  6.480642724 15.655175983 13.415647457  9.943297308 13.752077579  4.544463618 11.300535314
[161]  9.443602301  8.788604480  6.644893396  0.377359528  0.960923621 13.147150406  7.260853832  6.858770028
[169] 13.249210905 12.949112269 12.527537464  8.043896234  6.633774493  5.403846403 12.914873791 15.386236973
[177]  3.614875546  2.291577598 10.962270474 13.948076408 12.196281107  3.807530730  3.662022729  1.182546088
[185] 14.156568004  3.642243036 13.725424103 13.116203156 14.945241146 14.756276373 13.643029875  6.412170148
[193] 10.141798876  7.327291383  6.209606131  2.243530941  0.371999837 13.191416886 11.000492317 14.708106938
[201] 13.917998324  6.520568044  2.923230111 10.547737665  7.670964570  0.082112402  6.092427654  5.051430600
[209]  1.823343666  1.424615978 14.451048576 10.750385420  5.577969454  3.396853353  0.821635492 13.104375487
[217]  3.182362144  9.172625571 13.161429336 10.573901089  4.979751126  3.774301620  2.583756629 12.157647746
[225]  7.715503833  7.643384882  1.848696765  0.159174519  6.300309404  4.131391658  3.487906451  0.112259863
[233] 10.443819962  7.955868598  2.975905676 12.710355159 12.092224467 12.036931179  7.980077611  3.953379278
[241] 12.587129066  6.136271868  8.349376211  7.288304885 12.651622058 11.774891459  8.118383673  3.871966116
[249]  0.232680522 12.063010047 10.792587817  4.833007747  1.639534836 10.558567393 10.351120173  1.549551939
[257]  1.149896574  0.539426983  9.011665851  2.243287815  8.493386334  6.466546449  5.115188926  4.720583038
[265] 10.452898688  7.979232127  5.828504085  0.540221630 12.365794104  7.058884144  4.200830727  8.373726095
[273]  7.203611358  5.171819006  1.791144613  6.850609786  9.251550493  4.509806747  8.294226840  3.766744305
[281] 10.655833432  7.074939849 12.094634476  2.430116910 10.979485585  5.200024549 10.292557719  7.789181791
[289]  4.266791454 10.782849397 11.194014902  5.456228055  2.786946617  4.811025069  1.467002479 11.138658004
[297]  7.565103651  2.053666063  5.790310061  0.873319292  9.678808619  4.533071101  0.423009617  0.008809879
[305]  7.841960758  1.175286331  0.544158637  4.729236488  2.192061025  7.253899977  5.444869533  9.933320361
[313]  2.816914540  8.577943135  0.081402321  8.323637709  4.327000186  2.785791329  8.745960906 10.521920634
[321]  4.369366220  3.769058468 10.042232482  9.078747649  7.407539690  6.488067908  5.998460383  3.735961324
[329]  7.958431510  6.442099213  2.562911110  1.699106098  3.411578409  5.649407642  4.394063938  1.839819600
[337]  1.095450993  7.197043996  3.141961023  2.688979974  2.668013649  2.165506532  6.857811139  7.992950646
[345]  7.207093565  6.868210549  6.152835461  3.032711305  7.887262129  5.373149118  5.108796690  3.662588460
[353]  2.399407076  1.044156063  0.729183448  2.880283670  0.115063666  3.462488366  4.161082139  3.790653797
[361]  0.076974999  5.488793168  3.524038295  7.510334704  6.052775515  5.279994455  8.101262975  8.089914010
[369]  0.947209414  7.286111571  3.928835425  2.144632907  7.025875825  6.685769648  4.553189378  3.926612146
[377]  3.461376054  3.140767052  0.758649846  4.728689758  3.796350813  1.914448315  6.835738887  1.356470676
[385]  6.397277826  0.276693278  6.437024671  4.312346188  3.050101149  6.382580000  4.752429758  4.636303580
[393]  2.512687814  7.313574129  5.529286792  1.649492895  6.913086016  7.220613515  6.029499253  6.660621670
[401]  1.790903185  1.345646469  0.663344187  4.876647994  5.387634960  5.766765475  1.824149514  0.554979158
[409]  2.069753907  6.024736026  5.354089232  5.541110793  2.748462673  2.073435805  6.208905357  5.060763752
[417]  0.124774526  6.659118240  2.830552969  3.780762101  3.348938813  6.595608704  5.016390316  4.181648862
[425]  6.293145452  5.314037257  2.068288355  0.748453004  0.699283011  5.007582497  4.462333415  3.447556789
[433]  3.443624835  2.441456426  2.105594239  4.120375698  2.859571006  4.739661855  4.476021635  2.602144180
[441]  5.082008406  3.085470087  1.176835836  3.767328930  1.231354244  4.498013757  5.177646861  5.143735657
[449]  3.948971430  2.209286292  0.426804314  5.887294445  5.734105539  1.723245745  4.523852438  3.219592600
[457]  5.001137749  1.624219409  1.024062339  0.437682795  5.365537464  4.102235559  3.913964693  4.935569025
[465]  1.411415057  0.870388055  0.108958060  4.977076915  3.973986696  0.921012168  0.699480652  1.422021228
[473]  1.002773370  5.427284751  1.835387667  5.397621445  3.762290082  2.068853736  2.796190358  3.780478910
[481]  2.711665116  4.740788199  4.003050264  0.587542106  0.131832533  1.608798906  1.317791737  0.111225902
[489]  4.761005019  4.332066268  4.097077505  3.525222259  4.556878230  3.406324504  4.052697271  0.791381120
[497]  3.435621889  4.522521244  4.489609829  1.561194757  1.651299134  2.139751775  4.732048759  1.988578902
[505]  1.689469752  4.228054745  4.538822884  0.218513718  2.894986770  0.195198141  4.137704340  1.664873356
[513]  1.717956058  3.546177400  1.983398475  2.454277065  1.651808980  1.461401605  2.879918800  0.014514237
[521]  0.508357635  2.929192732  3.014097176  2.618673995  1.788246057  3.129381509  1.937813962  1.004836133
[529]  3.556437263  0.303985672  0.685755352  1.391346176  3.032062262  1.818229194  1.538245018  2.363555780
[537]  0.601972352  1.148933095  0.499627776  2.956922577  2.871147272  2.172770084  1.374893202  2.427493392
[545]  2.046751200  3.040853305  1.908685847  0.396511203  0.995639123  2.859566083  2.124104749  0.856781316
[553]  1.562614963  1.203993695  3.384365426  2.264443023  0.984672360  2.950723741  0.434081059  0.507668068
[561]  1.278124228  2.233702994  1.779180781  2.132358119  2.636929181  0.682927392  1.579368582  2.068440054
[569]  0.415617893  2.795890070  2.644601376  1.821613268  0.534225927  1.245842992  0.878166975  2.027114182
[577]  2.421934514  1.060409169  1.831006787  0.138805125  0.042793569  0.617781402  2.230544126  0.803480648
[585]  0.100923497  1.878966543  0.021409483  1.684891321  0.456973939  0.787069519  1.378819110  0.000890185
[593]  0.523762960  1.274575182  1.217823823  0.086683202  1.758095984  0.250880697  1.294967351  1.270951088
[601]  0.406882661  0.671679391  0.318068022  0.875087796  1.565747321  0.596466439  0.889926287  1.213097373
[609]  0.528375472  0.202016848  0.023355616  0.676956638  0.656660364  0.126588347

$PAR
  [1]  NA   1   1   1   3   3   3   3   3   3   4   4   4   4  11  11  11  11   5  12  12  12   6   6   7   7   7   7
 [29]   7   7   7   7   7   7  14  14  14  14  21  21  21  25  26  26  27  27  27  27  27  27  42  42  45  45  45  45
 [57]  45  35  35  35  35  35  39  39  58  58  58  58  51  51  28  28  15  15  15  71  71  71  71  71  71  71  46  65
 [85]  43  43  43  43  76  76  76  76  61  72  72  72  72  89  89  89  89  89  94 103 103  69  69  69  16  16  16  16
[113]  17  17  98  98  98   8  29  29  29  85  85  85 119  64  64  64  64  64 115 115 115 115 131 131  70  70 113  86
[141]  86  87  87  87  54  54  66  99  99  99  10  75  75  75  52  52  52  30  30 139 139 139 139 139 140  47  47  47
[169] 135 135 135 135 135 135  31  96  96  96  36 152 152 152 152 152 136 136 137 137  32  32 176 176 126 126 126 126
[197] 126 127 127  55  55  55  55 120 120 120  48  48  48  48 189 190 190 190 190 200 200 121 106 106 185 185 185 180
[225] 180 180 180 180 201 201 201 201  18  18 158 191 191 191 191 191 142 142 128 128 156 156 156 156 156 169 169 169
[253] 169 198 219 219 219 219 166 166 100 100 100 100 188 188 188 188 216  92  92 170 236 236 236 148  33 241 269 269
[281] 122 122 181 181 224 224  78  78  78 237 238 238 238 138 138 129 129 129 105 105 246 246 246 246 291 291 296 123
[309] 123 251 251 212 212 141 281 107 220 220 254 204 320 320 117 117 117 117 117 117 255 287 287 287 193 323 157 143
[337] 143 301 144 144 144 144 130 218 218 218 324 324 259 259 259 259 259 162 162 114 114 319  79 109 109 314 314 261
[365] 261 261 272 272 243 316 316 316 247 368 368 368 368 368 368 172 344 344 266 329  67 349 288 288  57 225 225 226
[393] 226 194 194 194 394 244 244 167 167 310 310 398 345 273 273 273 110  83 282 270 373 373 397 346 346 168 168 343
[421] 343 276 276 276 383 383 418 418 418 173 173 173 153 202 202  38  38 326 326 326 262 262 385 390 229 425 195 195
[449] 347 242 207 365 399 399 327 327 267 267 267 267 299 299 334 213 213 213 213 412 412 412 412 395 362 292 292 474
[477] 174 476 405 461 426 366 447 274 274 448 448 448 263 132  80  80 416 416 457 457 221 468 111 464 404 252 294 294
[505] 294 489 391 482 438 503 380 493 159 278 446 439 431 431 335 335 321 490 388 506 506 271 271 424 436 462 483 469
[533] 449 449 222 322 477 352 352 183 183 186 134 514 363 231 358 432 433 497 333 333 494 494 214  81  81 217 378 526
[561] 442 389 546 348 523 235 558 356 356 519 519 437 419 313  24 479 413 481 340 341 331 146 434 284 284 353 353 536
[589] 583 450 309 435 414 478 576 504 527 572 275 275 597 588 588 512 458 553 487 599 600 538 459 428 403 569

$EXTANT
  [1] FALSE FALSE FALSE FALSE FALSE  TRUE  TRUE  TRUE FALSE FALSE FALSE  TRUE  TRUE  TRUE FALSE  TRUE  TRUE  TRUE FALSE
 [20] FALSE  TRUE FALSE FALSE  TRUE FALSE FALSE  TRUE FALSE FALSE  TRUE FALSE  TRUE  TRUE  TRUE FALSE  TRUE  TRUE FALSE
 [39] FALSE  TRUE  TRUE  TRUE FALSE  TRUE FALSE  TRUE  TRUE  TRUE  TRUE  TRUE FALSE  TRUE FALSE  TRUE  TRUE  TRUE  TRUE
 [58]  TRUE FALSE FALSE  TRUE  TRUE FALSE FALSE FALSE  TRUE  TRUE  TRUE  TRUE  TRUE  TRUE  TRUE  TRUE  TRUE  TRUE  TRUE
 [77] FALSE  TRUE  TRUE  TRUE  TRUE  TRUE  TRUE FALSE  TRUE  TRUE FALSE FALSE  TRUE FALSE FALSE  TRUE FALSE FALSE FALSE
 [96]  TRUE  TRUE  TRUE  TRUE FALSE  TRUE  TRUE FALSE FALSE  TRUE FALSE  TRUE  TRUE  TRUE  TRUE  TRUE  TRUE  TRUE  TRUE
[115]  TRUE FALSE FALSE  TRUE FALSE  TRUE FALSE  TRUE  TRUE  TRUE FALSE  TRUE FALSE  TRUE  TRUE FALSE FALSE  TRUE  TRUE
[134]  TRUE FALSE FALSE FALSE  TRUE  TRUE  TRUE  TRUE  TRUE  TRUE FALSE  TRUE  TRUE  TRUE FALSE  TRUE  TRUE FALSE  TRUE
[153]  TRUE  TRUE  TRUE  TRUE  TRUE  TRUE  TRUE FALSE FALSE  TRUE  TRUE  TRUE  TRUE  TRUE  TRUE FALSE  TRUE FALSE FALSE
[172] FALSE  TRUE  TRUE FALSE FALSE  TRUE  TRUE  TRUE  TRUE  TRUE  TRUE  TRUE  TRUE  TRUE FALSE FALSE  TRUE  TRUE  TRUE
[191]  TRUE  TRUE  TRUE  TRUE  TRUE  TRUE  TRUE FALSE FALSE  TRUE  TRUE  TRUE  TRUE  TRUE  TRUE  TRUE  TRUE  TRUE  TRUE
[210]  TRUE FALSE  TRUE  TRUE  TRUE  TRUE FALSE  TRUE FALSE  TRUE  TRUE  TRUE  TRUE  TRUE FALSE  TRUE  TRUE  TRUE  TRUE
[229]  TRUE  TRUE  TRUE  TRUE FALSE  TRUE  TRUE FALSE  TRUE  TRUE FALSE  TRUE FALSE  TRUE  TRUE  TRUE FALSE  TRUE  TRUE
[248]  TRUE  TRUE FALSE  TRUE  TRUE  TRUE  TRUE  TRUE  TRUE  TRUE  TRUE  TRUE  TRUE  TRUE  TRUE  TRUE  TRUE FALSE  TRUE
[267]  TRUE  TRUE  TRUE FALSE  TRUE  TRUE  TRUE  TRUE  TRUE  TRUE FALSE  TRUE  TRUE  TRUE  TRUE FALSE  TRUE  TRUE  TRUE
[286] FALSE FALSE  TRUE FALSE FALSE  TRUE  TRUE  TRUE  TRUE  TRUE  TRUE  TRUE  TRUE FALSE  TRUE  TRUE  TRUE  TRUE  TRUE
[305] FALSE  TRUE  TRUE  TRUE  TRUE  TRUE  TRUE FALSE  TRUE  TRUE  TRUE  TRUE  TRUE  TRUE  TRUE FALSE  TRUE  TRUE  TRUE
[324]  TRUE  TRUE  TRUE  TRUE  TRUE  TRUE  TRUE  TRUE  TRUE  TRUE  TRUE  TRUE  TRUE  TRUE  TRUE  TRUE FALSE  TRUE  TRUE
[343] FALSE  TRUE  TRUE  TRUE FALSE FALSE  TRUE  TRUE  TRUE  TRUE  TRUE  TRUE  TRUE  TRUE  TRUE  TRUE  TRUE  TRUE  TRUE
[362]  TRUE  TRUE FALSE  TRUE  TRUE  TRUE  TRUE  TRUE  TRUE  TRUE  TRUE  TRUE  TRUE  TRUE  TRUE  TRUE  TRUE  TRUE  TRUE
[381]  TRUE  TRUE  TRUE  TRUE  TRUE  TRUE  TRUE  TRUE  TRUE FALSE FALSE  TRUE  TRUE  TRUE  TRUE  TRUE  TRUE FALSE  TRUE
[400]  TRUE  TRUE  TRUE  TRUE  TRUE  TRUE FALSE  TRUE  TRUE  TRUE  TRUE  TRUE  TRUE FALSE  TRUE  TRUE FALSE  TRUE  TRUE
[419]  TRUE FALSE  TRUE  TRUE  TRUE  TRUE  TRUE  TRUE  TRUE  TRUE  TRUE  TRUE  TRUE  TRUE  TRUE FALSE  TRUE  TRUE  TRUE
[438]  TRUE  TRUE  TRUE  TRUE  TRUE  TRUE  TRUE  TRUE  TRUE  TRUE  TRUE  TRUE  TRUE  TRUE  TRUE FALSE  TRUE  TRUE FALSE
[457]  TRUE  TRUE  TRUE  TRUE  TRUE  TRUE  TRUE  TRUE  TRUE  TRUE  TRUE  TRUE  TRUE  TRUE  TRUE  TRUE  TRUE FALSE  TRUE
[476]  TRUE  TRUE  TRUE  TRUE  TRUE  TRUE  TRUE  TRUE  TRUE  TRUE  TRUE  TRUE  TRUE  TRUE FALSE  TRUE  TRUE  TRUE  TRUE
[495]  TRUE  TRUE  TRUE  TRUE  TRUE  TRUE  TRUE  TRUE  TRUE  TRUE  TRUE  TRUE  TRUE  TRUE  TRUE  TRUE  TRUE  TRUE  TRUE
[514]  TRUE  TRUE  TRUE  TRUE FALSE  TRUE  TRUE  TRUE FALSE  TRUE  TRUE  TRUE  TRUE  TRUE  TRUE  TRUE  TRUE  TRUE  TRUE
[533]  TRUE  TRUE  TRUE  TRUE  TRUE  TRUE  TRUE  TRUE  TRUE  TRUE  TRUE  TRUE  TRUE FALSE  TRUE  TRUE  TRUE  TRUE FALSE
[552]  TRUE  TRUE FALSE  TRUE  TRUE  TRUE  TRUE  TRUE  TRUE  TRUE  TRUE  TRUE  TRUE  TRUE  TRUE  TRUE  TRUE  TRUE  TRUE
[571]  TRUE  TRUE  TRUE  TRUE  TRUE  TRUE  TRUE  TRUE FALSE  TRUE  TRUE  TRUE  TRUE  TRUE  TRUE  TRUE  TRUE  TRUE  TRUE
[590]  TRUE  TRUE  TRUE  TRUE  TRUE  TRUE  TRUE  TRUE  TRUE  TRUE  TRUE  TRUE  TRUE  TRUE  TRUE  TRUE  TRUE  TRUE  TRUE
[609]  TRUE  TRUE  TRUE  TRUE  TRUE  TRUE

