
Birth-death simulation object with 646 species and 500 extant species

Details for some species:

Extinction times (NA means extant)
[1]  6.297679 34.488441        NA        NA 24.729665        NA


Speciation times 
[1] 48.55132 46.83159 45.55214 44.18242 41.10410 39.83746


Species parents (NA for initial)
[1] NA  1  1  1  1  1


Species status (extinct or extant)
[1] "extinct" "extinct" "extant"  "extant"  "extinct" "extant" 


For more details on vector y, try sim$y, with y one of
TE TS PAR EXTANT



$TE
  [1]  6.29767942 34.48844062          NA          NA 24.72966495          NA          NA          NA  9.05157423
 [10] 10.09771919          NA          NA 32.34685562 39.65949980 38.83740708 27.28392558 30.96349420  1.29945567
 [19]          NA          NA  9.95566047 22.52581828          NA  3.33040292          NA 17.41373065 38.70006881
 [28]          NA  3.50588861 19.08460117 10.43055993          NA          NA 12.97744168          NA  0.84848796
 [37] 34.83691700          NA 25.77227879  8.13605231          NA          NA  1.90278443 12.52700548          NA
 [46] 10.12671562 23.66444819 20.12278984 19.64047668          NA  7.91726860 28.31676217          NA 32.70457454
 [55] 23.70626655          NA          NA 32.91152420          NA          NA  5.26080287          NA          NA
 [64]          NA 15.48305298  4.45567310  8.91894073 11.78511327  8.08299326          NA          NA          NA
 [73]          NA          NA          NA 23.57442481          NA          NA  0.42900338          NA          NA
 [82]  0.24329131  1.03846364          NA 10.15412845  9.25275593          NA  1.25573869          NA          NA
 [91]          NA          NA          NA          NA 16.52506461          NA          NA          NA 21.69314275
[100]          NA          NA          NA          NA          NA          NA  4.31096585          NA          NA
[109]  3.27011123          NA  3.87547446          NA          NA          NA          NA 23.63906040          NA
[118]          NA          NA  1.65475296  2.83535639          NA  8.96004486  4.00582212          NA          NA
[127]          NA          NA          NA 11.10375499  0.53056669          NA  0.29047129          NA          NA
[136]          NA          NA  3.63489795          NA  1.95676963  9.21401605          NA 13.95403443          NA
[145]          NA  2.23745270          NA          NA          NA          NA          NA 18.43403985  4.51512702
[154]  2.58707365          NA          NA  4.12457572          NA          NA 10.29732030          NA          NA
[163]          NA          NA  3.34202786 13.36252902          NA          NA          NA          NA          NA
[172]          NA          NA  3.22298820  4.41234507          NA          NA          NA  0.91276781          NA
[181]  8.73170223  3.88530426          NA  3.27945917  4.72392106  0.08226533          NA  8.50316591          NA
[190]          NA          NA  4.08065795  7.80617569          NA          NA  3.62848120          NA          NA
[199]  2.82685187          NA          NA          NA  5.09827632          NA          NA          NA          NA
[208]  0.68324301  9.56986755          NA          NA  3.85608524          NA          NA 13.99763534          NA
[217]          NA  0.30445383 10.85431669          NA          NA          NA          NA          NA          NA
[226] 15.77895706          NA          NA          NA 12.28542150  2.77746178  4.77916414          NA          NA
[235] 10.11402196          NA          NA          NA          NA  7.16731959          NA          NA          NA
[244]          NA          NA          NA  4.94464926  2.33948067          NA          NA          NA  2.54796023
[253]          NA          NA  5.38214633          NA          NA          NA          NA          NA          NA
[262]          NA          NA          NA          NA          NA  2.35954791          NA          NA          NA
[271]          NA          NA          NA 11.99505355          NA          NA  0.98214462  0.75965683          NA
[280]          NA  6.49307712          NA  4.32225223 10.13745543          NA          NA          NA          NA
[289]          NA          NA  7.23082782          NA          NA          NA  0.57389287          NA          NA
[298]          NA          NA          NA  1.84877447          NA          NA          NA          NA  6.21260792
[307]          NA          NA          NA          NA          NA          NA          NA          NA          NA
[316]          NA          NA          NA 10.42683159          NA          NA          NA          NA          NA
[325]          NA          NA          NA          NA          NA          NA          NA          NA          NA
[334]          NA  4.38494133          NA          NA          NA  6.65550218          NA          NA          NA
[343]          NA          NA          NA          NA          NA          NA          NA          NA          NA
[352]  4.80802004          NA          NA          NA          NA          NA          NA          NA          NA
[361]          NA  5.94743180          NA          NA          NA  1.19001400          NA          NA          NA
[370]          NA  1.38675710          NA          NA          NA          NA          NA          NA          NA
[379]          NA          NA          NA          NA          NA          NA          NA  5.23711724          NA
[388]          NA          NA          NA          NA  6.43297047          NA          NA          NA          NA
[397]          NA          NA          NA          NA          NA          NA          NA  2.82182953  2.27281648
[406]          NA          NA          NA          NA          NA          NA          NA          NA          NA
[415]          NA          NA          NA          NA          NA          NA          NA  2.02036857          NA
[424]          NA          NA          NA          NA          NA          NA  0.83580352          NA          NA
[433]          NA          NA          NA          NA          NA          NA          NA          NA          NA
[442]          NA          NA          NA          NA          NA  0.50275305          NA          NA          NA
[451]          NA          NA          NA          NA          NA          NA          NA          NA          NA
[460]          NA          NA  0.03795272          NA          NA          NA          NA  1.10761080          NA
[469]          NA          NA          NA          NA  4.84542499          NA          NA          NA          NA
[478]  2.10574425          NA          NA  0.06685279          NA  0.96612696          NA          NA          NA
[487]          NA          NA          NA          NA          NA          NA          NA  0.38154454          NA
[496]          NA          NA          NA  0.25011928          NA          NA          NA  2.00153216          NA
[505]          NA          NA          NA          NA          NA          NA          NA          NA          NA
[514]          NA          NA          NA  1.30345716          NA          NA          NA          NA          NA
[523]          NA          NA          NA  0.44071487          NA          NA  1.83226872          NA          NA
[532]          NA          NA          NA  2.47368138          NA          NA          NA          NA          NA
[541]          NA          NA          NA          NA  1.69583902          NA          NA          NA          NA
[550]          NA          NA          NA          NA          NA          NA          NA          NA          NA
[559]          NA          NA          NA          NA          NA          NA          NA          NA          NA
[568]          NA          NA          NA          NA          NA          NA          NA          NA          NA
[577]          NA          NA          NA          NA          NA          NA          NA          NA          NA
[586]          NA          NA  0.52113039          NA          NA          NA          NA          NA          NA
[595]          NA  1.65914260          NA          NA          NA          NA          NA          NA          NA
[604]          NA          NA          NA          NA          NA          NA          NA          NA          NA
[613]          NA          NA          NA          NA  0.29921648  0.76098437          NA          NA          NA
[622]          NA          NA          NA          NA          NA          NA          NA          NA          NA
[631]          NA          NA          NA          NA          NA          NA          NA          NA          NA
[640]          NA          NA          NA          NA          NA          NA          NA

$TS
  [1] 4.855132e+01 4.683159e+01 4.555214e+01 4.418242e+01 4.110410e+01 3.983746e+01 3.975638e+01 2.638854e+01
  [9] 2.537273e+01 2.141168e+01 1.355820e+01 4.496118e+01 4.445663e+01 4.254684e+01 3.902021e+01 3.835119e+01
 [17] 3.150328e+01 2.516081e+01 1.874694e+01 1.205882e+01 4.245029e+01 2.951925e+01 2.847208e+01 8.666218e+00
 [25] 7.198887e+00 4.303253e+01 4.017210e+01 3.451693e+01 4.267262e+01 2.012642e+01 1.200570e+01 3.052019e+01
 [33] 2.813983e+01 3.732485e+01 1.897655e+01 5.975494e+00 4.095715e+01 3.558351e+01 3.308850e+01 2.182446e+01
 [41] 1.728067e+01 1.461887e+01 1.028807e+01 3.359065e+01 2.514047e+01 1.222646e+01 3.764340e+01 3.886762e+01
 [49] 3.598786e+01 2.998424e+01 2.729660e+01 3.023756e+01 2.498701e+01 3.339820e+01 2.774591e+01 2.227541e+01
 [57] 2.095840e+01 3.313987e+01 2.778275e+01 1.977502e+01 1.867325e+01 1.138441e+01 5.772242e+00 1.921627e+00
 [65] 2.390246e+01 1.176228e+01 1.051870e+01 2.806106e+01 1.913518e+01 2.819703e+01 1.157169e+01 9.145738e+00
 [73] 7.457603e+00 2.999255e+01 2.537384e+01 2.449430e+01 4.802037e+00 1.763905e+00 2.149965e+01 1.546908e+01
 [81] 3.419323e+00 1.969223e+01 9.493793e+00 6.788911e+00 1.742597e+01 1.716633e+01 1.298721e+01 2.645075e+01
 [89] 2.561014e+01 1.064377e+01 3.537347e-01 1.534387e+01 8.342191e+00 2.004828e+01 1.792313e+01 1.567100e+01
 [97] 9.894682e+00 3.682965e+00 2.224659e+01 1.366855e+01 4.963958e+00 1.889702e+01 1.578428e+01 1.075571e+01
[105] 5.301780e+00 1.540871e+01 1.058236e+01 3.202357e+00 1.040920e+01 1.167185e+01 2.447838e+01 2.176583e+01
[113] 1.109197e+01 6.792134e+00 9.167423e-01 2.390823e+01 8.139206e+00 2.327875e+01 1.828367e+01 1.607488e+01
[121] 1.506211e+01 1.322862e+01 1.108015e+01 1.074567e+01 6.682177e+00 5.060675e+00 4.292900e+00 1.852707e+01
[129] 2.087950e+01 2.045602e+01 1.945498e+01 1.435417e+01 1.476433e+01 8.603192e+00 3.565925e-01 6.548496e+00
[137] 1.692867e+01 1.455078e+01 1.340291e+01 9.101733e+00 1.481030e+01 3.248134e+00 2.042980e+01 1.124921e+01
[145] 1.034990e+01 7.336584e+00 2.614612e+00 1.727294e+00 1.658195e+00 2.014689e+01 1.578555e+01 1.916495e+01
[153] 1.853413e+01 3.802009e+00 1.874888e+00 6.389943e-02 2.008971e+01 1.222074e+01 1.104279e+01 1.985163e+01
[161] 7.677135e+00 6.496125e+00 3.441117e+00 3.356917e+00 1.780880e+01 1.684265e+01 1.524123e+01 1.419667e+01
[169] 1.592768e+01 1.533628e+01 1.205401e+00 1.818406e+01 6.846278e+00 5.093361e+00 1.310462e+01 1.552426e+01
[177] 1.188356e+01 6.403928e+00 1.604540e+01 1.536684e+01 1.363104e+01 1.175650e+01 1.439602e+01 9.254194e+00
[185] 1.824818e+01 1.624547e+01 1.246128e+01 1.165770e+01 7.507677e+00 6.904105e+00 6.113041e+00 1.271596e+01
[193] 9.563505e+00 1.507949e+01 1.098374e+01 1.078210e+01 8.375065e+00 7.740017e+00 3.576708e+00 1.451072e+01
[201] 1.204457e+01 1.631694e+01 6.655251e+00 1.485594e+01 8.494104e+00 6.184228e+00 1.633287e+01 1.451577e+01
[209] 1.115488e+01 7.742163e+00 7.146753e+00 7.077177e+00 3.605557e+00 3.378338e+00 1.493761e+01 1.143392e+01
[217] 1.073730e+01 1.130602e+01 1.097684e+01 1.491849e+00 1.394000e+01 5.333146e+00 3.274615e+00 8.478591e+00
[225] 2.112138e+00 1.583807e+01 1.338360e+01 1.096602e+01 7.938494e+00 1.539014e+01 1.278673e+01 1.099765e+01
[233] 2.164280e+00 2.668332e+00 1.106442e+01 1.047887e+01 9.903591e+00 5.466840e+00 5.212223e+00 7.963855e+00
[241] 4.619180e+00 1.481264e+01 1.108463e+01 7.868075e+00 7.024614e+00 1.106651e+01 9.221927e+00 8.996635e+00
[249] 1.344430e+00 7.862092e+00 6.533921e+00 3.673257e+00 1.165280e+01 1.165578e+01 1.372491e+01 2.005574e+00
[257] 2.697886e+00 1.257459e+01 5.093265e+00 3.688795e+00 1.451271e+01 1.416175e+01 1.415514e+01 2.342630e+00
[265] 6.423148e+00 8.127433e+00 2.619329e+00 9.877068e+00 8.654517e+00 3.735399e+00 2.879792e+00 1.522958e+00
[273] 8.134020e+00 1.371091e+01 5.887504e+00 1.049393e+00 1.322840e+01 1.306229e+01 5.565035e+00 1.314617e+01
[281] 8.788685e+00 9.637595e+00 5.539567e+00 1.307209e+01 4.927060e+00 9.608095e+00 1.287178e+00 1.317453e+01
[289] 1.080063e+01 7.682907e+00 1.305336e+01 1.480364e+00 4.634717e+00 8.001299e+00 7.236708e+00 2.439601e+00
[297] 1.189294e+00 1.277231e+01 8.418404e+00 2.577651e+00 1.245409e+01 8.334737e+00 8.297715e+00 7.804873e+00
[305] 1.044293e+01 8.994190e+00 8.070643e+00 1.936830e+00 1.055723e+01 1.270769e+00 1.112510e+01 8.948716e+00
[313] 1.151529e+01 5.449200e+00 4.957740e+00 2.436505e+00 2.329726e+00 1.043285e+01 1.110919e+01 7.158629e+00
[321] 2.247365e+00 5.491515e+00 7.327482e+00 5.389142e+00 4.436855e+00 3.468309e+00 9.663875e+00 9.246642e+00
[329] 2.602563e+00 5.005456e+00 6.156948e+00 2.494023e+00 8.747550e+00 6.447824e+00 4.923154e+00 4.355174e+00
[337] 1.300641e+00 9.731871e+00 8.501984e+00 7.921574e+00 7.656059e+00 1.420191e+00 7.919668e+00 4.744619e+00
[345] 1.002779e+01 9.700096e+00 1.502568e+00 4.396964e+00 2.976645e+00 1.016341e+01 8.250465e+00 8.099893e+00
[353] 5.799680e+00 6.390017e-01 3.876014e+00 4.849397e+00 3.338522e+00 2.001771e+00 4.913186e+00 4.799059e+00
[361] 1.800517e+00 9.031581e+00 5.798775e+00 3.588320e+00 9.883995e+00 4.401271e+00 3.274425e+00 2.865920e+00
[369] 1.597614e+00 8.968619e+00 6.218177e+00 3.492274e+00 4.913090e+00 4.122597e+00 8.205706e+00 4.564854e+00
[377] 9.521726e-01 2.257899e+00 1.961339e+00 8.259300e+00 7.261418e+00 5.824158e+00 9.104853e+00 7.361669e+00
[385] 4.868329e+00 6.408526e+00 6.047832e+00 8.355787e+00 8.075818e+00 7.112373e+00 5.561778e+00 6.693888e+00
[393] 4.052026e+00 7.443153e+00 6.641156e+00 2.846095e+00 2.061727e-01 4.139699e-01 5.452247e+00 4.408034e+00
[401] 5.724493e+00 5.248492e+00 1.337972e+00 6.742252e+00 6.647877e+00 6.811683e+00 2.525320e+00 2.051865e+00
[409] 1.162817e+00 6.165771e+00 3.800016e+00 3.461538e+00 2.474767e+00 9.971393e-02 8.238504e+00 2.477909e+00
[417] 7.004009e+00 5.629249e+00 4.830771e+00 6.082274e-01 2.895785e+00 6.443982e+00 2.204460e+00 3.337862e-01
[425] 4.691745e-02 5.508044e+00 4.549299e+00 2.324951e+00 7.876620e+00 3.750862e+00 3.487244e+00 5.971331e+00
[433] 4.523847e+00 6.822417e+00 5.883793e+00 2.755368e+00 7.296236e+00 2.808412e+00 1.832573e-02 4.200870e+00
[441] 3.478734e+00 6.699768e+00 3.614458e+00 2.737176e+00 1.101342e+00 6.380709e+00 8.169877e-01 4.433833e+00
[449] 3.083231e+00 5.917649e+00 5.257337e+00 3.961403e+00 4.999037e+00 1.457529e+00 5.413275e+00 2.310500e+00
[457] 6.677032e+00 2.700503e+00 6.288429e+00 5.393614e+00 3.058725e+00 4.681000e+00 1.343104e+00 2.167413e+00
[465] 5.316317e+00 2.822603e+00 2.712913e+00 1.574443e+00 4.376145e-01 3.368757e-01 6.162387e+00 6.326531e+00
[473] 5.497966e+00 2.893971e+00 1.035157e+00 5.233096e+00 3.639902e+00 2.847320e+00 2.079742e+00 9.740064e-01
[481] 9.148671e-01 4.312018e+00 5.394909e+00 5.931436e+00 4.705237e+00 4.196750e+00 1.787730e+00 6.046793e-01
[489] 5.110808e+00 1.034429e+00 5.988058e-01 2.062254e+00 2.993830e+00 2.153881e+00 1.793120e+00 1.580425e+00
[497] 4.404001e+00 4.206840e+00 2.708840e+00 2.701705e+00 1.709838e+00 4.582771e+00 2.258542e+00 2.947836e+00
[505] 7.114351e-01 2.092730e+00 4.384546e+00 1.169358e-01 1.721412e+00 3.048048e+00 2.215271e+00 2.040793e+00
[513] 1.729638e+00 1.329543e-01 4.875003e+00 3.908489e+00 3.883060e+00 4.715622e+00 3.737173e+00 3.276442e+00
[521] 4.064217e+00 1.659822e+00 4.332780e+00 3.677590e+00 3.594861e+00 3.216589e+00 6.461311e-01 4.440391e+00
[529] 3.542743e+00 1.395149e+00 3.444469e+00 1.073752e-01 3.913164e+00 1.868594e+00 4.239872e+00 1.564191e+00
[537] 3.862855e-01 2.224892e+00 5.033067e-01 2.397463e-01 1.004432e+00 2.692239e+00 8.070873e-01 3.551252e+00
[545] 3.145351e+00 2.475169e+00 4.113514e+00 3.675365e+00 1.423043e+00 2.722776e+00 3.498939e+00 3.973268e+00
[553] 3.073296e+00 2.626216e+00 1.134043e+00 2.236442e-01 2.835722e+00 1.499379e+00 3.732960e+00 3.689998e+00
[561] 2.897014e+00 1.971497e+00 2.160845e+00 3.596379e+00 1.486439e+00 7.231176e-01 1.088346e+00 1.877572e+00
[569] 1.152251e+00 1.565693e+00 3.609645e-01 2.158466e+00 3.528840e+00 5.135014e-01 2.892559e+00 7.987086e-01
[577] 3.283668e+00 3.412217e+00 4.595672e-01 2.558860e+00 2.833130e+00 1.047589e+00 5.900510e-02 3.210453e+00
[585] 1.516787e+00 4.754146e-01 2.801368e+00 3.268496e+00 2.686394e+00 2.345346e-04 1.770401e-01 1.038722e+00
[593] 4.134984e-01 2.733121e+00 1.697551e+00 2.356634e+00 1.048489e-01 1.127117e+00 3.172621e-01 2.422576e+00
[601] 2.436029e+00 6.098908e-01 1.932194e+00 1.182844e+00 1.830039e+00 1.748257e+00 1.122825e+00 2.082148e+00
[609] 1.997670e+00 1.440935e+00 2.479439e+00 9.141030e-01 9.718304e-01 1.152292e+00 2.064840e+00 3.725202e-01
[617] 1.005847e+00 1.385370e+00 2.312072e-01 1.079936e+00 1.978132e+00 6.201385e-01 7.992846e-01 1.123727e-01
[625] 3.338507e-01 2.758416e-01 1.628863e+00 4.488125e-01 6.946293e-01 1.160121e+00 3.499781e-01 2.517843e-01
[633] 1.353985e+00 1.486777e-01 1.400426e+00 2.451476e-01 3.107191e-01 5.126358e-02 1.123937e+00 9.629735e-01
[641] 1.084496e+00 8.222337e-01 6.838334e-01 1.202562e-01 7.456365e-01 1.316553e-01

$PAR
  [1]  NA   1   1   1   1   1   1   1   1   1   1   2   3   3   3   3   3   3   3   3  12  12  12  12  12  13  13  13
 [29]   4   4   4  26  26  29  29  29  21  21  21  21  21  21  21   6   6   6   7  15  48  48  16  47  47  34  34  34
 [57]  49  38  38  38  38  38  38  38  28  28  28  44  44  39  32  32  32  52  74  74  50  50  23  23  23  33  33  33
 [85]  68  68  68  59  59  59  59  51  51  88  88  88  88  88   8   8   8  89  89  89  89  75  75  75   9  18  45  45
[113]  45  45  45  53  53 111 111 111 111 111 111 111 111 111 111  65 118 118 118 118  56  56  56 112  79  79  79  79
[141]  10  57 129 129 129 129 129 129 129 143 143 150 150 150 150 150  30 157 157  94  94  94  94  94 160 160 160 160
[169]  60  60  60  82  82  82  69  35  35  35 102 102 102 102  19  19  61  61 153 153 153 153 153 128 128 119 119 119
[197] 119 119 119 185 185 172 172 165 165 165  85  85  85  41  41  41  41  41  86  86  86 137 137 137 166 207 207 186
[225] 186 120 120 120 120 169 169 169 169 151  96  96  96 176 106 180 180  92 170 170 170 167 167 167 167 121 121 121
[253] 204 141 133 133  42 138 138 138 208 208 208 208 261 183 183 132 168 168 168 168 263 221 221 221 274 274 100 181
[281] 181  11  11 139 139 227 227 277 277 277 288 288 175 278 278 278 278 291 291  87 231 231 298 298 258 258 187 187
[309]  46 158 177 177 110 110 110 110 110 188 254 253  71 313  62  62 144 144 311 311 311 243 159 159 232 232 195 195
[337] 195 228 289 289 289 289 196 196 217 107 309 236 236 305 305 305 318 318 109 145 145 145  43  43 350 237 237 237
[365]  97  97  97  97 365 268 268 268 338 338 346 346 282 286 286 328 247 247  72  72 140 362 362 248 248 370 370 312
[393] 312 333 333 269 269 134 205 224 299 299 299 197 197 388 388 388 388 303 303 303 303 380 351 415 375 117 117 273
[421] 307 229 229 229 229 340 340 340 343 244 244 250 250 304 304 304 198 198 198 290 290 161 161 161 341 189 189 384
[449] 384 146 146 146 323 323 437 437 295 295  25 390 390 212 245 417 190 190 434 434 434 406  84 404 442 442 125 136
[477] 251 251 251 162 162 265 386 472 472 371 206 206 410 471 191 387 432 484 484 484 275 275 435 382 382 353 353 401
[505] 401 279 391 391 314 324 465 465 451 451 402 476 476 489 489 489 259 259 126 126 126 453 373 515 515 515  77 344
[533] 518 462 241 241 502 433 433 433 528 400 400 348 348 348 336 336 336 482 498 440 486 374 547 547 521 393 452 452
[561] 533 411 519 270 270 270 260  98  98 548 548 477 213 525 544 544 529 573 551 372 441 163 578 164 164 164 357 577
[589] 520 520 367 142 142 526 545 461 461 504 504 561 421 421 474 474 368 368 368 396 581 438 467 458 234 147 600 600
[617] 378 572 225 506 358 358 621 621 379 568 606 513 522 468 570 585 565 565 292 292 454 549 403 337 287 641 641 641
[645] 640 424

$EXTANT
  [1] FALSE FALSE  TRUE  TRUE FALSE  TRUE  TRUE  TRUE FALSE FALSE  TRUE  TRUE FALSE FALSE FALSE FALSE FALSE FALSE  TRUE
 [20]  TRUE FALSE FALSE  TRUE FALSE  TRUE FALSE FALSE  TRUE FALSE FALSE FALSE  TRUE  TRUE FALSE  TRUE FALSE FALSE  TRUE
 [39] FALSE FALSE  TRUE  TRUE FALSE FALSE  TRUE FALSE FALSE FALSE FALSE  TRUE FALSE FALSE  TRUE FALSE FALSE  TRUE  TRUE
 [58] FALSE  TRUE  TRUE FALSE  TRUE  TRUE  TRUE FALSE FALSE FALSE FALSE FALSE  TRUE  TRUE  TRUE  TRUE  TRUE  TRUE FALSE
 [77]  TRUE  TRUE FALSE  TRUE  TRUE FALSE FALSE  TRUE FALSE FALSE  TRUE FALSE  TRUE  TRUE  TRUE  TRUE  TRUE  TRUE FALSE
 [96]  TRUE  TRUE  TRUE FALSE  TRUE  TRUE  TRUE  TRUE  TRUE  TRUE FALSE  TRUE  TRUE FALSE  TRUE FALSE  TRUE  TRUE  TRUE
[115]  TRUE FALSE  TRUE  TRUE  TRUE FALSE FALSE  TRUE FALSE FALSE  TRUE  TRUE  TRUE  TRUE  TRUE FALSE FALSE  TRUE FALSE
[134]  TRUE  TRUE  TRUE  TRUE FALSE  TRUE FALSE FALSE  TRUE FALSE  TRUE  TRUE FALSE  TRUE  TRUE  TRUE  TRUE  TRUE FALSE
[153] FALSE FALSE  TRUE  TRUE FALSE  TRUE  TRUE FALSE  TRUE  TRUE  TRUE  TRUE FALSE FALSE  TRUE  TRUE  TRUE  TRUE  TRUE
[172]  TRUE  TRUE FALSE FALSE  TRUE  TRUE  TRUE FALSE  TRUE FALSE FALSE  TRUE FALSE FALSE FALSE  TRUE FALSE  TRUE  TRUE
[191]  TRUE FALSE FALSE  TRUE  TRUE FALSE  TRUE  TRUE FALSE  TRUE  TRUE  TRUE FALSE  TRUE  TRUE  TRUE  TRUE FALSE FALSE
[210]  TRUE  TRUE FALSE  TRUE  TRUE FALSE  TRUE  TRUE FALSE FALSE  TRUE  TRUE  TRUE  TRUE  TRUE  TRUE FALSE  TRUE  TRUE
[229]  TRUE FALSE FALSE FALSE  TRUE  TRUE FALSE  TRUE  TRUE  TRUE  TRUE FALSE  TRUE  TRUE  TRUE  TRUE  TRUE  TRUE FALSE
[248] FALSE  TRUE  TRUE  TRUE FALSE  TRUE  TRUE FALSE  TRUE  TRUE  TRUE  TRUE  TRUE  TRUE  TRUE  TRUE  TRUE  TRUE  TRUE
[267] FALSE  TRUE  TRUE  TRUE  TRUE  TRUE  TRUE FALSE  TRUE  TRUE FALSE FALSE  TRUE  TRUE FALSE  TRUE FALSE FALSE  TRUE
[286]  TRUE  TRUE  TRUE  TRUE  TRUE FALSE  TRUE  TRUE  TRUE FALSE  TRUE  TRUE  TRUE  TRUE  TRUE FALSE  TRUE  TRUE  TRUE
[305]  TRUE FALSE  TRUE  TRUE  TRUE  TRUE  TRUE  TRUE  TRUE  TRUE  TRUE  TRUE  TRUE  TRUE FALSE  TRUE  TRUE  TRUE  TRUE
[324]  TRUE  TRUE  TRUE  TRUE  TRUE  TRUE  TRUE  TRUE  TRUE  TRUE  TRUE FALSE  TRUE  TRUE  TRUE FALSE  TRUE  TRUE  TRUE
[343]  TRUE  TRUE  TRUE  TRUE  TRUE  TRUE  TRUE  TRUE  TRUE FALSE  TRUE  TRUE  TRUE  TRUE  TRUE  TRUE  TRUE  TRUE  TRUE
[362] FALSE  TRUE  TRUE  TRUE FALSE  TRUE  TRUE  TRUE  TRUE FALSE  TRUE  TRUE  TRUE  TRUE  TRUE  TRUE  TRUE  TRUE  TRUE
[381]  TRUE  TRUE  TRUE  TRUE  TRUE FALSE  TRUE  TRUE  TRUE  TRUE  TRUE FALSE  TRUE  TRUE  TRUE  TRUE  TRUE  TRUE  TRUE
[400]  TRUE  TRUE  TRUE  TRUE FALSE FALSE  TRUE  TRUE  TRUE  TRUE  TRUE  TRUE  TRUE  TRUE  TRUE  TRUE  TRUE  TRUE  TRUE
[419]  TRUE  TRUE  TRUE FALSE  TRUE  TRUE  TRUE  TRUE  TRUE  TRUE  TRUE FALSE  TRUE  TRUE  TRUE  TRUE  TRUE  TRUE  TRUE
[438]  TRUE  TRUE  TRUE  TRUE  TRUE  TRUE  TRUE  TRUE  TRUE FALSE  TRUE  TRUE  TRUE  TRUE  TRUE  TRUE  TRUE  TRUE  TRUE
[457]  TRUE  TRUE  TRUE  TRUE  TRUE FALSE  TRUE  TRUE  TRUE  TRUE FALSE  TRUE  TRUE  TRUE  TRUE  TRUE FALSE  TRUE  TRUE
[476]  TRUE  TRUE FALSE  TRUE  TRUE FALSE  TRUE FALSE  TRUE  TRUE  TRUE  TRUE  TRUE  TRUE  TRUE  TRUE  TRUE  TRUE FALSE
[495]  TRUE  TRUE  TRUE  TRUE FALSE  TRUE  TRUE  TRUE FALSE  TRUE  TRUE  TRUE  TRUE  TRUE  TRUE  TRUE  TRUE  TRUE  TRUE
[514]  TRUE  TRUE  TRUE FALSE  TRUE  TRUE  TRUE  TRUE  TRUE  TRUE  TRUE  TRUE FALSE  TRUE  TRUE FALSE  TRUE  TRUE  TRUE
[533]  TRUE  TRUE FALSE  TRUE  TRUE  TRUE  TRUE  TRUE  TRUE  TRUE  TRUE  TRUE FALSE  TRUE  TRUE  TRUE  TRUE  TRUE  TRUE
[552]  TRUE  TRUE  TRUE  TRUE  TRUE  TRUE  TRUE  TRUE  TRUE  TRUE  TRUE  TRUE  TRUE  TRUE  TRUE  TRUE  TRUE  TRUE  TRUE
[571]  TRUE  TRUE  TRUE  TRUE  TRUE  TRUE  TRUE  TRUE  TRUE  TRUE  TRUE  TRUE  TRUE  TRUE  TRUE  TRUE  TRUE FALSE  TRUE
[590]  TRUE  TRUE  TRUE  TRUE  TRUE  TRUE FALSE  TRUE  TRUE  TRUE  TRUE  TRUE  TRUE  TRUE  TRUE  TRUE  TRUE  TRUE  TRUE
[609]  TRUE  TRUE  TRUE  TRUE  TRUE  TRUE  TRUE  TRUE FALSE FALSE  TRUE  TRUE  TRUE  TRUE  TRUE  TRUE  TRUE  TRUE  TRUE
[628]  TRUE  TRUE  TRUE  TRUE  TRUE  TRUE  TRUE  TRUE  TRUE  TRUE  TRUE  TRUE  TRUE  TRUE  TRUE  TRUE  TRUE  TRUE  TRUE

