
Birth-death simulation object with 826 species and 500 extant species

Details for some species:

Extinction times (NA means extant)
[1] 77.32792 98.49774 50.64429 55.61776 65.16175 82.91889


Speciation times 
[1] 103.34490 100.94685  94.64926  90.67525  83.50430  84.99004


Species parents (NA for initial)
[1] NA  1  1  1  3  4


Species status (extinct or extant)
[1] "extinct" "extinct" "extinct" "extinct" "extinct" "extinct"


For more details on vector y, try sim$y, with y one of
TE TS PAR EXTANT



$TE
  [1] 77.3279248 98.4977396 50.6442895 55.6177636 65.1617484 82.9188856 53.7237897 62.1100873 62.2114111 23.2242092
 [11] 48.3972492  2.3381478 17.1371110 12.1452026 40.9621207 40.4019467 17.0720812 61.9903348         NA 43.1251859
 [21]         NA         NA 10.3881707 16.0137955 10.4301776         NA         NA 19.9332075 42.1562724 40.6453431
 [31] 25.8531300  8.8939225         NA 30.2148345 35.1432839 13.5631041 31.6818078 19.0215724 28.0494359  7.6563868
 [41]         NA  9.5112546 20.5755822  6.4099433  4.3898544         NA         NA 56.2869797 20.1710598 35.0717865
 [51] 32.9916546 20.1370894 14.6243147 49.5710495 29.6052685 20.7171416 56.9531587         NA 28.4300035 31.4002458
 [61] 32.4094252 30.5463079         NA 27.4250930         NA 13.1231264         NA         NA         NA         NA
 [71]         NA  6.5043692         NA         NA         NA 52.5535330 34.2781456  7.5410332 45.1245814 44.6552993
 [81] 32.7820552 46.4512252         NA 24.0553477         NA 36.6406507  4.2742439 31.6371057         NA 15.2902944
 [91]         NA  2.6032729 21.8340187 23.7557429  2.3397688         NA         NA  2.6533071 27.3127886         NA
[101]         NA         NA         NA 20.5103001 15.2382079 40.6334155         NA 10.3471807 11.4118858 28.5082372
[111]         NA 28.3380678         NA 24.1631340 31.2871541 33.2480977 32.1860027 29.3709853 12.3050854         NA
[121] 23.0979298         NA         NA         NA 32.5824330 22.0950863 37.7391864 33.9708597 16.3102315         NA
[131] 18.6198022         NA 17.5137598  9.8603576 17.6229435 26.6999095 31.9889509         NA 37.4939319  5.0037591
[141]  6.5344675 20.8421061  8.2585767         NA         NA         NA         NA 29.8331341 29.4177325 37.0395598
[151] 26.7520412  6.3955506 20.0262147 21.1188634         NA         NA 10.7347873 11.2334324 25.8279171         NA
[161] 19.4245428 27.7692167         NA 28.8498283  0.3336373 32.9684313 15.2084279 28.0905761         NA 15.9074123
[171]         NA 12.6360371         NA         NA 14.8542574 34.3743831         NA         NA 17.7730266 21.1978948
[181]         NA 19.6863670 38.2339984         NA         NA         NA         NA         NA         NA 17.5248885
[191] 20.7537496  3.3070353 17.4473837 17.5366610 19.0476384 20.0662159  5.6179256         NA         NA 18.8007550
[201] 29.6128970 17.8457924  1.1907926 23.2960562         NA 16.8773508 17.1758626         NA         NA  0.4900893
[211]         NA 28.3515357  7.5805600         NA 25.4668123 24.9977083 28.1923723  0.1273768 21.6848786         NA
[221]  4.3897569 14.8224337         NA  7.0367177         NA         NA 12.3684216         NA 11.6035515         NA
[231]         NA  8.0856859 16.9495945         NA 27.0921042         NA         NA         NA 17.1549738         NA
[241]         NA         NA         NA         NA         NA  2.2591965         NA 21.2264967         NA         NA
[251]         NA         NA         NA         NA         NA         NA 12.6655132         NA         NA 19.0357214
[261]         NA  4.9825288         NA 21.3389398         NA         NA         NA         NA         NA         NA
[271]         NA         NA         NA         NA  1.1160819 25.7698591  5.1906666         NA 14.5270383 15.7982937
[281]         NA 19.3947346  5.7932181         NA         NA         NA 13.1487768 21.1083828         NA 20.9724662
[291] 20.7807078         NA         NA         NA         NA         NA  9.5541803 22.3058454  6.7361771 23.5503773
[301] 12.6799258         NA         NA         NA  4.1217904         NA         NA         NA         NA  8.7528410
[311]         NA  7.3706072  8.0924325         NA 14.3756456         NA         NA         NA 18.7301430  6.1370471
[321]         NA         NA  1.6601231 21.3119174  8.0131963         NA         NA         NA         NA 14.7793586
[331]         NA 16.6489949         NA         NA 19.4533968 17.0832728 18.0152509         NA         NA 21.5094326
[341]  9.2807394         NA  2.1184265         NA         NA         NA         NA         NA         NA 18.9995142
[351] 12.7106212         NA 14.0765381 23.2084289         NA 16.2605402         NA         NA         NA         NA
[361] 16.7405670         NA 18.6218625         NA         NA         NA         NA         NA         NA 16.6149979
[371]         NA         NA  5.2117219         NA 15.3567234 10.9790503         NA         NA         NA         NA
[381]         NA         NA         NA  4.5628670  5.0179853 19.9802287         NA         NA         NA         NA
[391] 11.2812371         NA 11.6980617         NA         NA         NA         NA         NA  7.0206432 13.1653124
[401]         NA  7.0578487  6.3738215  1.4704273         NA  7.3009540         NA         NA  8.8640201         NA
[411]  4.4149623         NA         NA 19.8127853 13.8486435         NA 15.9482405         NA  7.5648756         NA
[421]         NA         NA         NA         NA         NA  6.2996987         NA         NA 15.4411803  0.4698442
[431]  5.8069589 11.2319884 17.4450203 19.4154986         NA  6.9390197 14.6537403         NA         NA  0.9060143
[441] 10.3098401         NA         NA  9.4823639         NA         NA         NA         NA  0.8867148         NA
[451] 14.7723897         NA         NA 10.0452020         NA         NA         NA         NA         NA  5.0096070
[461]         NA         NA  3.9525496         NA         NA         NA  1.9078847  7.7168024  1.2407593         NA
[471]         NA 10.2762237  2.5399392  2.1912317         NA         NA  1.0156231         NA         NA         NA
[481]  3.8479059         NA  5.5372264 11.1380131         NA         NA         NA  4.6976801         NA         NA
[491]  4.0836276         NA         NA         NA         NA         NA         NA         NA  5.6602099         NA
[501] 11.9706345         NA         NA  7.1798553         NA 14.2115894         NA  5.5102219         NA  8.4043536
[511]         NA  2.1029695         NA         NA 11.9140431         NA 15.2541218  5.3137318  3.0475470         NA
[521]         NA  6.7536203  5.5332076         NA  1.1428184         NA  2.1359233         NA  4.0335315         NA
[531]  0.4656119         NA         NA  5.6083693         NA         NA  0.7513041         NA         NA         NA
[541]         NA         NA  4.4362249         NA         NA         NA         NA  5.3107843         NA         NA
[551]         NA         NA  1.4865044         NA         NA         NA  8.3160009  1.1897803         NA  8.5947763
[561] 11.6450270         NA  3.0808574         NA         NA         NA         NA         NA         NA         NA
[571]  8.8785650         NA  9.3024514         NA         NA  8.2471099  1.4473378         NA         NA  5.4012508
[581]         NA         NA         NA  5.2496547         NA         NA         NA  8.2651363         NA         NA
[591]         NA         NA 11.4278067  0.2046325         NA         NA         NA         NA         NA         NA
[601]         NA  9.6919937         NA         NA         NA         NA         NA         NA         NA         NA
[611]         NA         NA         NA         NA         NA         NA  0.5214820         NA  0.5215098  4.3886107
[621]  1.1427429         NA         NA         NA         NA         NA  2.2896806         NA         NA         NA
[631]         NA         NA         NA         NA  2.0652171         NA         NA         NA  0.8114534         NA
[641]  3.2206240         NA         NA         NA         NA         NA         NA         NA         NA         NA
[651]         NA         NA         NA         NA  6.3926390         NA         NA  6.4959736         NA         NA
[661]         NA         NA         NA         NA         NA         NA  0.7000689  1.7018837  3.2831178         NA
[671]         NA         NA  2.7946110         NA         NA         NA         NA         NA         NA         NA
[681]         NA         NA         NA         NA         NA         NA         NA         NA         NA         NA
[691]         NA         NA         NA         NA  6.0111581         NA         NA  0.9717023         NA         NA
[701]         NA         NA         NA         NA  3.0600677         NA         NA         NA         NA         NA
[711]         NA         NA  1.9629950         NA         NA         NA         NA         NA         NA         NA
[721]         NA         NA  0.3363883         NA         NA  2.5887569  4.7249451         NA         NA         NA
[731]         NA  0.9873453  3.8000766         NA         NA         NA         NA         NA         NA         NA
[741]         NA         NA         NA         NA         NA         NA         NA  4.7771154         NA         NA
[751]         NA         NA         NA         NA         NA         NA  2.5787023  2.8605748         NA         NA
[761]         NA         NA  1.4458845  5.2079188         NA         NA         NA         NA         NA         NA
[771]         NA         NA         NA         NA         NA         NA         NA         NA         NA         NA
[781]         NA         NA         NA         NA         NA  1.5053825         NA         NA         NA         NA
[791]         NA         NA         NA         NA         NA         NA         NA         NA         NA         NA
[801]         NA         NA         NA         NA         NA         NA         NA         NA         NA         NA
[811]  0.2473794         NA         NA         NA         NA         NA  0.3127520         NA         NA         NA
[821]         NA         NA  1.2206497         NA         NA         NA

$TS
  [1] 1.033449e+02 1.009468e+02 9.464926e+01 9.067525e+01 8.350430e+01 8.499004e+01 8.296900e+01 8.060298e+01
  [9] 6.668748e+01 7.801805e+01 5.455683e+01 7.547902e+01 5.858944e+01 5.457711e+01 4.998782e+01 4.508265e+01
 [17] 7.334723e+01 6.386120e+01 6.360759e+01 5.820685e+01 3.596312e+01 3.238441e+01 2.667425e+01 2.660822e+01
 [25] 2.235935e+01 2.186994e+01 5.305901e+00 6.649113e+01 6.444224e+01 4.287566e+01 4.144484e+01 2.693741e+01
 [33] 2.321421e+01 6.221328e+01 6.127863e+01 5.910460e+01 3.897977e+01 2.893719e+01 6.321845e+01 5.693975e+01
 [41] 5.497365e+01 4.910106e+01 4.866575e+01 4.290950e+01 3.486278e+01 2.234462e+01 7.937147e+00 6.163025e+01
 [49] 5.203420e+01 5.410416e+01 4.117858e+01 4.056887e+01 3.338610e+01 5.857242e+01 4.629770e+01 3.378523e+01
 [57] 5.726762e+01 3.177202e+01 5.240358e+01 4.781481e+01 4.687361e+01 4.592325e+01 4.352930e+01 5.000130e+01
 [65] 1.571470e+01 1.379591e+01 7.908461e+00 5.076636e+01 3.864353e+01 2.656954e+01 2.585830e+01 2.364498e+01
 [73] 1.922342e+01 4.348344e+00 3.490376e+00 5.423844e+01 4.765846e+01 2.165824e+01 5.387273e+01 5.246346e+01
 [81] 4.860473e+01 5.275902e+01 5.032673e+01 4.515991e+01 5.074205e+01 3.881543e+01 4.963612e+01 4.440471e+01
 [89] 3.793307e+01 2.035048e+01 4.044783e+01 4.701020e+01 4.678988e+01 4.575726e+01 2.004774e+01 7.654148e+00
 [97] 2.731927e+00 4.391312e+01 3.852534e+01 2.075646e+01 1.200010e+01 1.089612e+01 4.374109e+00 4.971197e+01
[105] 2.771113e+01 4.477663e+01 2.432347e+01 4.390865e+01 4.182487e+01 3.537873e+01 3.620182e+01 3.072331e+01
[113] 2.471820e+01 4.323068e+01 3.838545e+01 3.626442e+01 3.690849e+01 3.683563e+01 3.326230e+01 4.347296e+01
[121] 3.038872e+01 9.592673e+00 9.101225e+00 7.670334e+00 3.821220e+01 3.553003e+01 4.173143e+01 3.846914e+01
[129] 3.478112e+01 3.692029e+01 3.582083e+01 3.121487e+01 3.269350e+01 2.801547e+01 4.042203e+01 4.085972e+01
[137] 3.222148e+01 4.365870e+01 3.931301e+01 3.818507e+01 3.031670e+01 2.993747e+01 1.910854e+01 1.375951e+01
[145] 2.582140e+01 9.542061e+00 7.107179e+00 3.948976e+01 3.909608e+01 3.834477e+01 3.373268e+01 2.904886e+01
[153] 2.289489e+01 2.205908e+01 1.272955e+01 3.875058e+01 3.040916e+01 1.724680e+01 4.094836e+01 3.233745e+01
[161] 3.978187e+01 3.829712e+01 3.320062e+01 3.219107e+01 2.862758e+01 3.474802e+01 3.021804e+01 3.901471e+01
[169] 2.982006e+01 2.522419e+01 3.210059e+01 1.651119e+01 9.065756e+00 9.050677e+00 3.983215e+01 3.636972e+01
[177] 2.393587e+01 3.188336e+01 3.725442e+01 3.546840e+01 3.128040e+01 3.022863e+01 3.872964e+01 2.707864e+01
[185] 2.134875e+01 1.807595e+01 1.410131e+01 1.181391e+01 7.908686e-01 1.945797e+01 3.707309e+01 3.395392e+01
[193] 3.531192e+01 3.373226e+01 2.697080e+01 2.083157e+01 1.965836e+01 1.693242e+01 1.081483e+01 3.054214e+01
[201] 2.966223e+01 2.622407e+01 1.458692e+01 2.579085e+01 3.078128e+01 2.164020e+01 2.014068e+01 1.928248e+01
[209] 1.110968e+01 7.007875e+00 2.389786e+00 3.595991e+01 2.725854e+01 7.745948e-01 3.390332e+01 3.075118e+01
[217] 2.979486e+01 2.356729e+01 2.275008e+01 3.441247e+01 6.436234e+00 2.247698e+01 3.462820e+01 2.318001e+01
[225] 1.709520e+01 1.351156e+01 2.277692e+01 2.259231e+01 1.910625e+01 1.631562e+01 7.574745e+00 2.095012e+01
[233] 3.335327e+01 1.576360e+01 3.318508e+01 3.149928e+01 2.369024e+01 2.787272e+01 3.049132e+01 1.896859e+01
[241] 1.612056e+01 3.101929e+00 1.918676e+00 7.550162e-02 3.174320e+01 1.816146e+01 2.833367e+01 2.740285e+01
[249] 1.706481e+01 1.387446e+01 1.366822e+01 1.811973e+00 3.032855e+01 7.664904e+00 4.453582e+00 5.506142e-01
[257] 2.794290e+01 2.460442e+01 1.117349e+01 2.649698e+01 1.841189e+01 7.493849e+00 1.192892e+00 2.959246e+01
[265] 2.656852e+01 1.851641e+01 9.523169e+00 7.573106e+00 2.883160e+00 2.610296e+00 2.216499e+01 2.002797e+01
[273] 1.670413e+01 9.072046e+00 7.604961e+00 3.122736e+01 1.622863e+01 3.263462e+00 2.228420e+01 1.611926e+01
[281] 2.514428e+01 2.216609e+01 2.972729e+01 2.888948e+01 2.543066e+01 1.460684e+01 1.770617e+01 2.643204e+01
[289] 2.353418e+01 2.310836e+01 2.857698e+01 2.074757e+01 1.029932e+01 4.837201e+00 2.656571e+01 1.101697e+01
[297] 2.768643e+01 2.270969e+01 1.622546e+01 2.576176e+01 1.375856e+01 1.179596e+01 5.461713e-01 7.140575e+00
[305] 5.463373e+00 3.638555e+00 1.823318e+00 2.116146e+01 2.782238e+01 2.116506e+01 1.791390e+01 2.329736e+01
[313] 1.893845e+01 1.299976e+01 2.362229e+01 1.946841e+01 1.029620e+01 2.910798e+00 2.023351e+01 1.567977e+01
[321] 9.363669e+00 4.845170e+00 2.531177e+01 2.377167e+01 2.127427e+01 2.661132e+01 1.841378e+01 1.694997e+01
[329] 1.379071e+01 2.619088e+01 1.923231e+01 1.908027e+01 7.551823e+00 3.185360e+00 2.235178e+01 2.612605e+01
[337] 1.814329e+01 1.404927e+01 1.297088e+01 2.346333e+01 1.419101e+01 4.319988e+00 9.433759e+00 2.511064e+00
[345] 1.016859e+01 5.287308e+00 9.280672e-01 1.724212e+01 1.522254e+01 2.572824e+01 2.016353e+01 1.538361e+01
[353] 2.283489e+01 2.502314e+01 2.270082e+01 1.657727e+01 1.567368e+01 1.427783e+00 2.370942e+01 1.164330e+01
[361] 2.356258e+01 2.162437e+01 2.135173e+01 1.567524e+01 8.781693e+00 7.164094e+00 4.417204e+00 4.376717e+00
[369] 2.002604e+01 1.950584e+01 1.126512e+01 8.088768e+00 6.040516e+00 1.835085e+00 1.820645e+01 1.127990e+01
[377] 1.064241e+01 1.030643e+01 8.908003e+00 7.268138e-01 2.086701e+01 1.595571e+01 1.382927e+01 5.923993e+00
[385] 5.706268e+00 2.188331e+01 2.350703e+01 1.083593e+01 2.788180e-01 1.642407e+01 1.513445e+01 7.438455e+00
[393] 1.685904e+01 1.171764e+01 1.112967e+01 1.028038e+01 2.145603e+01 1.605927e+01 9.691491e+00 2.327366e+01
[401] 1.145884e+01 2.127438e+01 2.051867e+01 1.803370e+01 1.259978e+01 1.996071e+01 1.363390e+01 1.512806e+01
[409] 1.884082e+01 2.246185e+00 1.604677e+01 7.735981e+00 2.255604e+01 1.991714e+01 1.641107e+01 9.496462e+00
[417] 1.644301e+01 1.834705e+00 2.218100e+01 1.968562e+01 1.839547e+01 9.016655e+00 3.916759e+00 2.012105e+01
[425] 1.516621e+01 8.427910e+00 2.009876e+01 4.821044e+00 1.846340e+01 1.433299e+01 1.306583e+01 1.705225e+01
[433] 2.015297e+01 1.969233e+01 1.623842e+01 1.745178e+01 1.700476e+01 1.546669e+01 4.410951e+00 2.959340e+00
[441] 2.101187e+01 1.178300e+01 1.858420e+01 1.295287e+01 1.043962e+00 1.180753e+01 8.625736e+00 1.833610e+01
[449] 4.089687e+00 3.201996e+00 1.779037e+01 1.172909e+01 1.730218e+01 1.943533e+01 9.071119e+00 1.874762e+01
[457] 1.075444e+01 1.070565e+01 9.448582e+00 1.497946e+01 6.823796e-03 1.286603e+01 1.127667e+01 7.371178e+00
[465] 4.752409e+00 1.426123e+00 6.156127e+00 1.875556e+01 1.871655e+01 1.041799e+01 5.580716e-01 1.657066e+01
[473] 1.475825e+01 1.349665e+01 9.197397e+00 3.707842e+00 6.286545e+00 3.278071e+00 8.076179e+00 6.808876e+00
[481] 4.104830e+00 9.754834e+00 9.349834e+00 1.757586e+01 1.254567e+01 7.948921e+00 1.639632e+00 1.678070e+01
[489] 9.579922e+00 8.493247e+00 1.253809e+01 1.476134e+01 4.732412e+00 8.317276e+00 8.212413e+00 4.950946e+00
[497] 2.364750e-01 1.438957e+01 1.331971e+01 4.319092e+00 1.360972e+01 8.874472e+00 5.080700e+00 1.318095e+01
[505] 7.049158e+00 1.562724e+01 4.237295e+00 1.690725e+01 1.681380e+01 1.523534e+01 9.141197e+00 7.497551e+00
[513] 6.096931e+00 3.428764e+00 1.679365e+01 1.229050e+01 1.577135e+01 1.714593e+01 1.538995e+01 2.390551e+00
[521] 1.060786e+01 1.035008e+01 1.621912e+01 1.054627e+01 3.950210e+00 1.602973e+01 6.663507e+00 7.755116e+00
[529] 6.138769e+00 1.474845e+01 1.508256e+00 5.357364e+00 1.654041e+01 1.452813e+01 9.456158e+00 1.025437e+01
[537] 2.822956e+00 1.394253e+01 8.683153e-01 1.569959e+01 9.710303e+00 5.494484e+00 9.011331e+00 1.598635e+01
[545] 4.501208e+00 3.297171e+00 8.861209e+00 6.361052e+00 6.363006e+00 1.288177e+01 1.367463e+01 2.850318e+00
[553] 1.147196e+01 1.780403e+00 1.108051e+01 1.120209e+01 1.533998e+01 9.505218e+00 7.026362e+00 1.500127e+01
[561] 1.237048e+01 8.182193e-01 3.953738e+00 5.715970e+00 1.311305e+01 1.273500e+01 1.339060e+01 6.506593e+00
[569] 4.231019e+00 2.311590e+00 1.317303e+01 9.856692e+00 1.290210e+01 1.198618e+01 1.034058e+01 9.240637e+00
[577] 8.911667e+00 4.641861e+00 1.151563e+01 9.034791e+00 4.051572e+00 3.762682e-01 2.886292e+00 1.014409e+01
[585] 9.662204e+00 1.364395e+01 1.671241e+00 9.990004e+00 1.395215e+01 1.239999e+01 1.194491e+01 2.341742e+00
[593] 1.284447e+01 1.240132e+00 1.320716e+01 1.072409e+01 4.090188e+00 9.531480e-01 1.007597e+01 9.077341e+00
[601] 1.234528e+00 1.068317e+01 1.592980e+00 1.115268e+01 1.263138e+01 1.175985e+01 1.054279e+01 9.640136e+00
[609] 6.475882e+00 1.412494e+00 1.114049e+01 1.006799e+00 5.815875e+00 1.072505e+01 1.901042e+00 1.054230e+01
[617] 8.007092e+00 8.649216e-01 8.239338e+00 5.999510e+00 7.411067e+00 3.653941e+00 3.441296e+00 8.777555e+00
[625] 5.615854e+00 4.325720e+00 6.083967e+00 3.671642e+00 9.930535e-01 1.089696e+01 9.338134e+00 9.806430e+00
[633] 6.652757e+00 3.600936e+00 7.628502e+00 5.225408e+00 7.918582e+00 5.482986e+00 4.884413e+00 1.055759e+01
[641] 1.098595e+01 7.019326e+00 4.288872e+00 1.009359e+01 4.675335e+00 2.233944e+00 4.671722e+00 8.611876e+00
[649] 4.816228e+00 9.745376e+00 8.002031e+00 4.141445e+00 9.559652e+00 6.146628e+00 7.208006e+00 3.444534e+00
[657] 7.692621e-01 8.048294e+00 1.681959e+00 5.086065e+00 7.713467e+00 8.568533e-01 5.011807e+00 1.036375e+01
[665] 3.651834e+00 3.745098e+00 9.249411e+00 5.485677e+00 7.551688e+00 5.286810e+00 4.719889e-01 4.926947e+00
[673] 8.669529e+00 6.157414e+00 5.357001e+00 2.833793e-01 7.974103e+00 8.835996e+00 8.006550e+00 5.618081e+00
[681] 1.104927e+00 9.055200e+00 3.345549e+00 5.172320e+00 1.817075e+00 1.382611e+00 1.131251e-01 9.141028e+00
[689] 5.109038e+00 8.506441e+00 7.559122e+00 6.404438e+00 1.802029e+00 8.086642e+00 6.501124e+00 5.260357e+00
[697] 4.316587e+00 9.062099e+00 6.489484e+00 6.039163e+00 2.220589e+00 1.140860e+00 1.054068e+00 2.028989e-01
[705] 4.367661e+00 2.859327e+00 5.599995e-01 3.850604e+00 1.193921e+00 8.475542e+00 5.491060e-02 8.127437e+00
[713] 8.430164e+00 2.150687e+00 2.857777e+00 5.954627e+00 2.984663e+00 2.012944e-01 8.754485e+00 4.259246e-01
[721] 4.190658e+00 7.023368e+00 5.582696e+00 4.107919e+00 4.655280e+00 5.211045e+00 5.074554e+00 7.822348e+00
[729] 4.330654e+00 1.396019e+00 2.732592e+00 4.421405e+00 7.767991e+00 7.250437e+00 2.344789e+00 2.278987e+00
[737] 1.891524e+00 5.999097e+00 5.533202e+00 4.936608e-01 2.967630e-01 2.049763e+00 3.007482e+00 5.439152e+00
[745] 2.136928e+00 6.705128e+00 2.385967e+00 4.968875e+00 7.273505e+00 6.361256e+00 2.922165e+00 6.621560e+00
[753] 4.346680e+00 6.247720e-01 2.184876e+00 1.444303e+00 6.260849e+00 4.527240e+00 3.379004e+00 6.028919e+00
[761] 5.952872e+00 2.220190e+00 2.120391e+00 5.361269e+00 5.858073e+00 2.839244e+00 2.424815e+00 4.903320e+00
[769] 5.402246e+00 5.030404e+00 2.204272e+00 1.770318e+00 2.523430e+00 2.138285e+00 3.419154e+00 4.506028e+00
[777] 4.736966e+00 1.804220e-01 4.963369e+00 2.520010e+00 1.242322e+00 3.329979e+00 4.569238e+00 5.134678e+00
[785] 5.065053e+00 3.159304e+00 3.347653e+00 2.463955e-01 2.136007e+00 3.694705e+00 2.135475e+00 3.239635e+00
[793] 7.016156e-01 4.137930e+00 2.994732e+00 3.469319e+00 2.407602e+00 1.752551e+00 1.182941e+00 2.943986e+00
[801] 1.715056e+00 2.572452e+00 2.920370e-01 3.115341e+00 2.616874e+00 3.235834e+00 2.827574e+00 1.562400e+00
[809] 2.367458e+00 3.000392e-01 1.279083e+00 2.808233e+00 1.075180e+00 1.891338e+00 9.774354e-01 1.046898e-01
[817] 2.213459e+00 1.982093e+00 1.774866e+00 8.894512e-01 8.820677e-01 8.010880e-01 1.525834e+00 7.706189e-01
[825] 4.145152e-02 7.686762e-01

$PAR
  [1]  NA   1   1   1   3   4   4   4   4   5   7   8  10  10  10  10  12  12  12  12  12  12  12  12  12  12  12  17
 [29]  17  17  17  17  17  28  28  28  28  28  18  19  19  19  19  19  19  19  19  39  39  34  34  34  34  35  36  36
 [57]  13  13  20  20  20  20  20  40  40  40  40  41  41  41  41  41  41  41  41  14  14  14  11  11  11  50  50  50
 [85]  80  59  49  49  49  49  68  85  85  85  85  85  85  83  83  83  83  83  83  64  64  15 104  87  87  87  42  42
[113]  43  81  81  81  60  60  60  77  92  92  92  92  93  93  55  55  55  62  62  62  94  94  16 106  88  98  98 108
[141] 108 108 108 108  63  63  63 120 120 120 120 120 120 120 120 114 114  44  30 109 127  51 159 159 159 136 136  52
[169]  52  52  91  91  91  91 135 135 135 175 148 148 148 149 156 156 156 156 156 156 156  69 128 162 125 140 140 140
[197] 140 140 140  89  89  89  89 179 191 191 130 130 130 130 130 116  21  21 131 126 180 180 180 193  45 129 166 223
[225] 223 223 220 192 192 192 192  56 194  53 233 233 233 119 163 163 163 163 163 163 235 133  22  22  22  22  22  22
[253] 160 160 160 160 171 171 171 178 178 178 178  58  58  58  58  58  58  58 245 236 236 236 236 181 181 181 205 205
[281] 216 239 157 157 157 157 253 167 142 142 169 169 169 169 283 283 264 152 152 284 284 284 284 165 165 165 165 291
[309] 247 247 247 134 257 257 238 238 238 238 309 309 309 309 105 105 105 297 297 297 297 213 184 184 184 184  32  23
[337]  23  23  23 326 326 326  70  70 265 265 265 295 295 202 202 330 336  71  71  71  71  71 145 145 350 350 350 285
[365] 285 285 285 285 170 281 281 281 281 281 113 113 258 258 258 107 177 177 177 177 177 324 359 359 359 237 237 237
[393]  72  72  72  72 218 218 218 289 289 387 387 387 387 312 312 400  33  33 224 224 153 353 355 355 413 413 222  46
[421]  46  46  46 279 279 271  26  26  78  78  78 206 362 362 362 397 397 397 397 397 185 185 325 325 308 441 381 100
[449] 100 292 403 403  90 351 424 427 272 272 272 369 369 406 406 406 420 420 197 316 316 316 316 454 454 454 208 208
[477] 331 331  73  73  73 143 143 229 240 240 240 313 313 313 468 456 456 469 443 443 443 266 327 327 261 261 421 448
[505] 448 375 246 186 404 311 311 311 311 311 451 484 453 348 348 348 518 518 225 225 225 249 249 328 328 198 198 509
[533] 515 488 273 390 390 415 230 435 435 435 299 241 241 241 398 398 411 544 382 382 234  65 540 320 364 364 357 438
[561] 438 438 519 352 510 510 349 349 349 349 425 425 391 391 492 492 492 473 286 286 286 286 203 534 534 498 498 430
[589] 341 341 341 187 338 589 144 144 251 251 586 586 586 474 567 595 571 571 571 431 431 339 550 550 566 155 155 605
[617] 605 485 516 516 101 101 101 591 591 591 188 188 188 302 302 606 606 606 452 553 401 401 401 371 556 556 556 259
[645] 259 259 209 296 296 630 630 630 388 388 458 458 458 377 377 521 640 640 607 470 575 378 293 317 345 584 644 599
[673] 572 572 572 650 541 585 585 585 585 608 608 122 489 489 489 653 653 146 146 146 267 558 558 459 459 321 321 321
[701] 321 321 321 321 631 631 475 511 123 274 274 698 543 379 678 365 365 365 624 624 719 447 648 490 494 619 619 372
[729] 617 617 679 677  47  47 637 637 637 728 728 728 728 528 412 661 124  96 268 691 262 262 621 749 749 366 505 505
[757] 642 746 746 633 609 609 750 548 477 477 674 529 373 760 613 613 564 564 680 625 723 638 305 744 744 675 346 684
[785] 689 770 779 294 428 465 647 578 578 367 439 103 569 569 597 790 665 634  75 796 787 683 546 478 450 751 269 807
[813] 537 270 773 520 211 817 307 252 819 772 659 601 612 629

$EXTANT
  [1] FALSE FALSE FALSE FALSE FALSE FALSE FALSE FALSE FALSE FALSE FALSE FALSE FALSE FALSE FALSE FALSE FALSE FALSE  TRUE
 [20] FALSE  TRUE  TRUE FALSE FALSE FALSE  TRUE  TRUE FALSE FALSE FALSE FALSE FALSE  TRUE FALSE FALSE FALSE FALSE FALSE
 [39] FALSE FALSE  TRUE FALSE FALSE FALSE FALSE  TRUE  TRUE FALSE FALSE FALSE FALSE FALSE FALSE FALSE FALSE FALSE FALSE
 [58]  TRUE FALSE FALSE FALSE FALSE  TRUE FALSE  TRUE FALSE  TRUE  TRUE  TRUE  TRUE  TRUE FALSE  TRUE  TRUE  TRUE FALSE
 [77] FALSE FALSE FALSE FALSE FALSE FALSE  TRUE FALSE  TRUE FALSE FALSE FALSE  TRUE FALSE  TRUE FALSE FALSE FALSE FALSE
 [96]  TRUE  TRUE FALSE FALSE  TRUE  TRUE  TRUE  TRUE FALSE FALSE FALSE  TRUE FALSE FALSE FALSE  TRUE FALSE  TRUE FALSE
[115] FALSE FALSE FALSE FALSE FALSE  TRUE FALSE  TRUE  TRUE  TRUE FALSE FALSE FALSE FALSE FALSE  TRUE FALSE  TRUE FALSE
[134] FALSE FALSE FALSE FALSE  TRUE FALSE FALSE FALSE FALSE FALSE  TRUE  TRUE  TRUE  TRUE FALSE FALSE FALSE FALSE FALSE
[153] FALSE FALSE  TRUE  TRUE FALSE FALSE FALSE  TRUE FALSE FALSE  TRUE FALSE FALSE FALSE FALSE FALSE  TRUE FALSE  TRUE
[172] FALSE  TRUE  TRUE FALSE FALSE  TRUE  TRUE FALSE FALSE  TRUE FALSE FALSE  TRUE  TRUE  TRUE  TRUE  TRUE  TRUE FALSE
[191] FALSE FALSE FALSE FALSE FALSE FALSE FALSE  TRUE  TRUE FALSE FALSE FALSE FALSE FALSE  TRUE FALSE FALSE  TRUE  TRUE
[210] FALSE  TRUE FALSE FALSE  TRUE FALSE FALSE FALSE FALSE FALSE  TRUE FALSE FALSE  TRUE FALSE  TRUE  TRUE FALSE  TRUE
[229] FALSE  TRUE  TRUE FALSE FALSE  TRUE FALSE  TRUE  TRUE  TRUE FALSE  TRUE  TRUE  TRUE  TRUE  TRUE  TRUE FALSE  TRUE
[248] FALSE  TRUE  TRUE  TRUE  TRUE  TRUE  TRUE  TRUE  TRUE FALSE  TRUE  TRUE FALSE  TRUE FALSE  TRUE FALSE  TRUE  TRUE
[267]  TRUE  TRUE  TRUE  TRUE  TRUE  TRUE  TRUE  TRUE FALSE FALSE FALSE  TRUE FALSE FALSE  TRUE FALSE FALSE  TRUE  TRUE
[286]  TRUE FALSE FALSE  TRUE FALSE FALSE  TRUE  TRUE  TRUE  TRUE  TRUE FALSE FALSE FALSE FALSE FALSE  TRUE  TRUE  TRUE
[305] FALSE  TRUE  TRUE  TRUE  TRUE FALSE  TRUE FALSE FALSE  TRUE FALSE  TRUE  TRUE  TRUE FALSE FALSE  TRUE  TRUE FALSE
[324] FALSE FALSE  TRUE  TRUE  TRUE  TRUE FALSE  TRUE FALSE  TRUE  TRUE FALSE FALSE FALSE  TRUE  TRUE FALSE FALSE  TRUE
[343] FALSE  TRUE  TRUE  TRUE  TRUE  TRUE  TRUE FALSE FALSE  TRUE FALSE FALSE  TRUE FALSE  TRUE  TRUE  TRUE  TRUE FALSE
[362]  TRUE FALSE  TRUE  TRUE  TRUE  TRUE  TRUE  TRUE FALSE  TRUE  TRUE FALSE  TRUE FALSE FALSE  TRUE  TRUE  TRUE  TRUE
[381]  TRUE  TRUE  TRUE FALSE FALSE FALSE  TRUE  TRUE  TRUE  TRUE FALSE  TRUE FALSE  TRUE  TRUE  TRUE  TRUE  TRUE FALSE
[400] FALSE  TRUE FALSE FALSE FALSE  TRUE FALSE  TRUE  TRUE FALSE  TRUE FALSE  TRUE  TRUE FALSE FALSE  TRUE FALSE  TRUE
[419] FALSE  TRUE  TRUE  TRUE  TRUE  TRUE  TRUE FALSE  TRUE  TRUE FALSE FALSE FALSE FALSE FALSE FALSE  TRUE FALSE FALSE
[438]  TRUE  TRUE FALSE FALSE  TRUE  TRUE FALSE  TRUE  TRUE  TRUE  TRUE FALSE  TRUE FALSE  TRUE  TRUE FALSE  TRUE  TRUE
[457]  TRUE  TRUE  TRUE FALSE  TRUE  TRUE FALSE  TRUE  TRUE  TRUE FALSE FALSE FALSE  TRUE  TRUE FALSE FALSE FALSE  TRUE
[476]  TRUE FALSE  TRUE  TRUE  TRUE FALSE  TRUE FALSE FALSE  TRUE  TRUE  TRUE FALSE  TRUE  TRUE FALSE  TRUE  TRUE  TRUE
[495]  TRUE  TRUE  TRUE  TRUE FALSE  TRUE FALSE  TRUE  TRUE FALSE  TRUE FALSE  TRUE FALSE  TRUE FALSE  TRUE FALSE  TRUE
[514]  TRUE FALSE  TRUE FALSE FALSE FALSE  TRUE  TRUE FALSE FALSE  TRUE FALSE  TRUE FALSE  TRUE FALSE  TRUE FALSE  TRUE
[533]  TRUE FALSE  TRUE  TRUE FALSE  TRUE  TRUE  TRUE  TRUE  TRUE FALSE  TRUE  TRUE  TRUE  TRUE FALSE  TRUE  TRUE  TRUE
[552]  TRUE FALSE  TRUE  TRUE  TRUE FALSE FALSE  TRUE FALSE FALSE  TRUE FALSE  TRUE  TRUE  TRUE  TRUE  TRUE  TRUE  TRUE
[571] FALSE  TRUE FALSE  TRUE  TRUE FALSE FALSE  TRUE  TRUE FALSE  TRUE  TRUE  TRUE FALSE  TRUE  TRUE  TRUE FALSE  TRUE
[590]  TRUE  TRUE  TRUE FALSE FALSE  TRUE  TRUE  TRUE  TRUE  TRUE  TRUE  TRUE FALSE  TRUE  TRUE  TRUE  TRUE  TRUE  TRUE
[609]  TRUE  TRUE  TRUE  TRUE  TRUE  TRUE  TRUE  TRUE FALSE  TRUE FALSE FALSE FALSE  TRUE  TRUE  TRUE  TRUE  TRUE FALSE
[628]  TRUE  TRUE  TRUE  TRUE  TRUE  TRUE  TRUE FALSE  TRUE  TRUE  TRUE FALSE  TRUE FALSE  TRUE  TRUE  TRUE  TRUE  TRUE
[647]  TRUE  TRUE  TRUE  TRUE  TRUE  TRUE  TRUE  TRUE FALSE  TRUE  TRUE FALSE  TRUE  TRUE  TRUE  TRUE  TRUE  TRUE  TRUE
[666]  TRUE FALSE FALSE FALSE  TRUE  TRUE  TRUE FALSE  TRUE  TRUE  TRUE  TRUE  TRUE  TRUE  TRUE  TRUE  TRUE  TRUE  TRUE
[685]  TRUE  TRUE  TRUE  TRUE  TRUE  TRUE  TRUE  TRUE  TRUE  TRUE FALSE  TRUE  TRUE FALSE  TRUE  TRUE  TRUE  TRUE  TRUE
[704]  TRUE FALSE  TRUE  TRUE  TRUE  TRUE  TRUE  TRUE  TRUE FALSE  TRUE  TRUE  TRUE  TRUE  TRUE  TRUE  TRUE  TRUE  TRUE
[723] FALSE  TRUE  TRUE FALSE FALSE  TRUE  TRUE  TRUE  TRUE FALSE FALSE  TRUE  TRUE  TRUE  TRUE  TRUE  TRUE  TRUE  TRUE
[742]  TRUE  TRUE  TRUE  TRUE  TRUE  TRUE FALSE  TRUE  TRUE  TRUE  TRUE  TRUE  TRUE  TRUE  TRUE FALSE FALSE  TRUE  TRUE
[761]  TRUE  TRUE FALSE FALSE  TRUE  TRUE  TRUE  TRUE  TRUE  TRUE  TRUE  TRUE  TRUE  TRUE  TRUE  TRUE  TRUE  TRUE  TRUE
[780]  TRUE  TRUE  TRUE  TRUE  TRUE  TRUE FALSE  TRUE  TRUE  TRUE  TRUE  TRUE  TRUE  TRUE  TRUE  TRUE  TRUE  TRUE  TRUE
[799]  TRUE  TRUE  TRUE  TRUE  TRUE  TRUE  TRUE  TRUE  TRUE  TRUE  TRUE  TRUE FALSE  TRUE  TRUE  TRUE  TRUE  TRUE FALSE
[818]  TRUE  TRUE  TRUE  TRUE  TRUE FALSE  TRUE  TRUE  TRUE

