
Birth-death simulation object with 896 species and 500 extant species

Details for some species:

Extinction times (NA means extant)
[1] 33.31854 80.60705 46.17584 67.25112 15.26757 71.94323


Speciation times 
[1] 85.24709 83.70763 74.65620 72.77165 50.69684 82.00078


Species parents (NA for initial)
[1] NA  1  1  1  1  2


Species status (extinct or extant)
[1] "extinct" "extinct" "extinct" "extinct" "extinct" "extinct"


For more details on vector y, try sim$y, with y one of
TE TS PAR EXTANT



$TE
  [1] 33.31853549 80.60705448 46.17583837 67.25112095 15.26757143 71.94323145 37.45355586 26.41372858 36.29607795
 [10] 38.33272600 11.79917021 47.11157582 53.18905601 52.90521052 48.91638126 27.95233229 31.82012220          NA
 [19] 33.83225056 51.02450081 58.17680463 46.83218127 33.93932810 51.60746292 22.69891639          NA 33.57340783
 [28]          NA 35.94492534 55.21883465 62.38257756 50.43931552 49.08936501          NA          NA          NA
 [37]          NA  7.10446449 33.30928335  4.62647048 50.04996505 60.30647854 48.23289905 42.07679758 32.48457601
 [46] 51.14018444 43.82652929 15.69049818 37.98652335 60.11940232 36.74326110 30.73504860 49.10196818 33.93373856
 [55] 27.61448147  3.88268131  7.04975254 15.96059350 11.22502165 56.41677956 54.80936959 39.78242472 20.39342007
 [64] 44.83401649 13.81028000 25.12163316 34.16370524 48.92262860 43.37658898 39.65370211 14.85438533 34.82191778
 [73] 42.75548619 45.08163241 44.56614866 26.28618098 39.13806342 28.04824288 29.63143993          NA          NA
 [82]  9.32801138 34.12972879 29.84247081 23.22078049 19.01173664 44.55341643  9.78879193 43.95444726 15.98868866
 [91] 29.10904042 38.64087052          NA 12.48070487          NA 47.35096901  1.16963290 20.91432177 26.08832291
[100] 28.28469135 12.63803092 21.17151059 41.12424064          NA          NA 35.43738607 33.26060546 35.57681430
[109]          NA 21.12807293 12.36132456 33.18217404 44.24666203 41.04755025 36.24333058          NA  6.02798369
[118] 33.56135296  9.67326005          NA          NA  8.34058795 40.51601943 33.58792510 34.31461065 11.11981502
[127] 31.35209422  5.04053249  9.25175353 34.24488579 32.42756476 27.39704794 27.00322537 28.74984439  5.92574734
[136] 30.41754090 26.41224894 39.20562478 26.68055917  9.27275775 22.48559663 20.11060980          NA 37.83975184
[145] 11.74496581 13.97392404          NA 30.81638194  4.12401242          NA 17.04123903          NA 16.41595687
[154]  2.85590974 11.99869396          NA          NA  4.74099898          NA  0.30944197 39.44899685  5.85634154
[163] 18.86316421 23.67538579 30.12698626 14.21873600 17.24154342          NA  2.77268123 34.61955545 37.97873702
[172] 21.72153056  7.98851372 33.10693675 16.72575498 32.87264241 20.71812650          NA          NA 11.44499464
[181] 14.65892639          NA  0.18044832 31.40155677 39.34318191  9.32473282          NA 21.14593785          NA
[190]          NA  8.92362242 15.09320714  2.27228832          NA  8.22561967 30.15874983 29.03999592          NA
[199] 22.45248604 18.72421697 32.68673097          NA          NA          NA  8.60442747 23.89297238 28.43785639
[208] 33.30459701 38.35417247 21.30618088 27.57150172          NA          NA          NA          NA          NA
[217] 16.75980930          NA  8.39328156          NA          NA          NA          NA 25.68951420          NA
[226] 18.32329191  6.79170412          NA 36.50002003 28.98002210          NA          NA          NA          NA
[235]          NA          NA          NA          NA  8.08118470  2.22523002 30.90061391 24.64603998 21.42745893
[244] 24.19308573 24.50481266  6.71779248 17.48885930 28.53264269 10.44124742          NA  0.76216205          NA
[253] 19.12388770 19.75490188  2.84646416          NA 27.62735539 24.33555279 27.83353639          NA  6.77777809
[262]          NA  9.96054265 13.50150247          NA          NA 23.75918429          NA  6.02001983  2.64371591
[271] 26.93432037 10.51020989 28.99170506  6.08071965          NA  6.66975359          NA 29.30131560 16.19250754
[280] 22.46522544 19.77751301  2.74701915 27.39370165  2.19928908 12.61752593  1.19566731          NA  8.13876889
[289]          NA 23.29376888  3.97177076 27.27473319          NA 25.95962069 27.73136892 10.76858742          NA
[298] 21.73705723          NA          NA          NA 21.25225925          NA          NA  7.42249411          NA
[307]          NA          NA 28.56780866 19.46357463          NA  3.75401230 22.91544798          NA          NA
[316] 11.48435660          NA 10.26956122 13.19374120 12.17084593  9.61014340 20.53369257          NA 26.88846436
[325]  3.17359951          NA          NA 18.34238943 25.55217868  2.73689706          NA          NA  3.94930952
[334]          NA          NA  7.39167038  6.67843679          NA 12.42879332          NA          NA  2.63925949
[343] 15.41549555  6.65047964          NA          NA          NA          NA  2.55645324  5.77125616          NA
[352]          NA          NA          NA          NA          NA          NA          NA 18.33567866 14.89861995
[361] 25.89559477  1.39973657 19.50430650 21.96940429 20.41060446 10.36659752          NA          NA  7.15012772
[370]  4.09200651  3.55418559          NA 21.87049516          NA          NA 19.80682910 19.37320768 11.56596379
[379]          NA          NA          NA 18.90910637          NA  7.91420554          NA          NA          NA
[388]          NA          NA          NA          NA  2.84045595  6.46414496          NA          NA          NA
[397]          NA          NA          NA          NA          NA          NA          NA          NA          NA
[406]          NA 12.20351690          NA  1.65387714 22.72236455 10.03204411          NA          NA          NA
[415]          NA          NA 14.23809234  9.51112891 12.52737977          NA  3.10755058          NA          NA
[424]          NA          NA          NA  5.58619314 14.61761970          NA          NA          NA          NA
[433]  9.40818313          NA          NA  1.16702178  3.87549408  9.59481982          NA          NA 21.29558216
[442] 11.09087992          NA          NA 13.48149993          NA          NA          NA          NA          NA
[451] 10.28863757  4.36500313          NA  7.53573815          NA 12.67534880          NA          NA          NA
[460]          NA          NA          NA 14.34883089  1.99292269 13.95313725 11.18517388          NA          NA
[469] 18.06348112          NA          NA          NA          NA          NA  6.20511805          NA 11.17589814
[478]  8.13023352 16.94713637          NA          NA          NA          NA 15.15845982          NA  8.21359938
[487] 15.67457809 15.59465813          NA          NA          NA          NA          NA          NA 13.20977077
[496]  7.06352975  0.14533519          NA          NA          NA  1.95175446 18.91602804          NA          NA
[505]          NA          NA          NA  0.76640010          NA          NA          NA 10.81958783  0.02449353
[514]          NA          NA  5.32293166  1.43661154 11.17738603          NA          NA          NA          NA
[523]          NA          NA          NA          NA  8.95496601          NA          NA          NA  9.31910395
[532]          NA          NA          NA  6.46971784 14.87531589          NA          NA  6.27698130 15.34762312
[541]          NA  7.68342389  5.10896530  4.72438385          NA  4.92929113          NA          NA          NA
[550]  7.13451044          NA          NA          NA          NA          NA          NA          NA 11.98619959
[559]          NA          NA          NA          NA          NA          NA  4.67595131          NA          NA
[568]          NA          NA          NA          NA          NA          NA  6.10409120  5.37685366          NA
[577]  7.41848397  2.72515006  8.10729827  1.55841730          NA          NA          NA          NA          NA
[586]          NA          NA          NA          NA          NA          NA          NA          NA          NA
[595]          NA          NA          NA  1.74114449  3.66513327  6.94551191          NA          NA          NA
[604]          NA  3.78686583  3.08152385          NA          NA          NA          NA          NA  0.19763512
[613]          NA  9.18661444  0.21893388          NA          NA          NA 12.42155383          NA  4.56028972
[622]          NA  2.61914347          NA 10.45241893  6.45428749          NA          NA          NA 10.37052855
[631]          NA          NA  1.94940007          NA  9.36066698          NA  5.44350232          NA          NA
[640]          NA          NA          NA          NA 10.86736442          NA          NA          NA  1.41264169
[649]          NA  5.89369501  1.26669975  8.62693385          NA          NA          NA          NA          NA
[658]          NA          NA          NA  8.55645247          NA  2.75605756 10.72235510          NA          NA
[667]          NA          NA          NA          NA          NA          NA          NA 11.96151173          NA
[676]          NA  7.87962181          NA          NA          NA          NA  2.98197437          NA  8.76369572
[685]          NA          NA          NA          NA          NA          NA          NA          NA  7.86851938
[694]          NA          NA          NA          NA          NA          NA          NA          NA          NA
[703]          NA          NA  1.54547476          NA          NA          NA          NA          NA          NA
[712]  1.59044557          NA  6.66701404          NA  1.07871841          NA          NA          NA          NA
[721]          NA          NA  3.80802672          NA          NA          NA          NA          NA          NA
[730]  4.23651182          NA          NA          NA  4.91724453          NA          NA          NA  1.59458401
[739]          NA  4.05250902          NA  1.07617282  5.97298857  5.64279159          NA          NA          NA
[748]          NA          NA          NA          NA          NA          NA          NA          NA          NA
[757]  4.73157305          NA          NA          NA          NA          NA  1.34934536          NA          NA
[766]          NA          NA          NA          NA          NA          NA          NA          NA  6.65447178
[775]          NA  2.56418479  0.38408280          NA          NA          NA          NA  1.89258017          NA
[784]          NA          NA          NA          NA          NA  3.68805281          NA          NA          NA
[793]          NA  2.88654748          NA          NA          NA          NA          NA  1.46539325          NA
[802]          NA          NA  3.09817071  4.32655683  2.25833001          NA          NA          NA          NA
[811]          NA          NA          NA          NA          NA          NA          NA          NA          NA
[820]          NA          NA          NA          NA          NA          NA  0.05238296          NA          NA
[829]          NA  4.17387742          NA          NA          NA          NA          NA          NA          NA
[838]          NA          NA          NA          NA          NA          NA          NA          NA          NA
[847]          NA          NA  0.03108907          NA          NA          NA  3.69887910          NA          NA
[856]          NA          NA          NA          NA          NA          NA          NA          NA          NA
[865]          NA          NA          NA          NA          NA          NA          NA          NA          NA
[874]          NA          NA          NA          NA          NA          NA          NA          NA  1.84965185
[883]          NA          NA          NA          NA          NA          NA          NA          NA          NA
[892]          NA          NA          NA          NA          NA

$TS
  [1] 85.24708954 83.70762721 74.65619806 72.77165410 50.69683737 82.00077746 77.71360422 62.17365429 47.27504913
 [10] 41.91622501 73.46377051 72.91951262 69.24237455 66.25952975 60.25078109 52.81532017 50.11937085 69.79154880
 [19] 66.87024806 66.51939410 64.70241141 62.64819966 62.11503769 52.55117494 45.40387007 44.47782150 40.15266524
 [28] 24.81926607 59.16245102 69.78278476 65.82134339 58.60563957 56.83321782 17.98908355 16.52583058 16.37608568
 [37] 13.14314235 10.69517959 62.18908043 61.82337121 63.14195112 66.53720406 63.63086700 60.81171217 55.88818868
 [46] 62.66490528 57.66133698 55.97201241 54.86923980 61.43000142 49.59167897 32.57945090 52.10798442 36.39551937
 [55] 36.26783479 28.20201814 18.35278032 17.46591638 15.09418726 60.62886295 57.91282124 53.73664939 48.74315908
 [64] 46.38304405 45.88788655 55.15106057 54.14693572 51.69175718 49.24075157 41.59852545 53.52130935 53.18842845
 [73] 50.52754360 54.94602119 50.43559288 47.09267139 45.01246855 30.65176146 30.23550239 29.46174703 18.07980896
 [82] 16.78874518 46.51971333 30.48176083 28.22208256 26.43189260 46.28290451 35.46096270 50.71524445 41.65856496
 [91] 47.32435832 46.15845998 23.91751106 18.28990982 14.99361551 51.56892237 48.12571649 37.22443180 34.78807065
[100] 28.65242159 52.37095039 45.55680878 45.38909732 34.41540014 26.28839091 49.70827266 46.73532413 44.26002288
[109] 38.91049800 23.49465761 15.28843438 47.64662594 45.96174531 44.62393232 41.68154611 38.71974955 21.70586013
[118] 37.82314841 37.36533804 17.92837480 42.99224068 42.68310422 42.45365898 34.82115384 47.26082982 40.55454681
[127] 36.35892094 32.83155051 30.47010361 37.74248899 43.55217950 36.67191780 40.80323996 36.99400215 32.37617476
[136] 44.80810376 46.06713170 44.05341430 43.84459931 42.40535040 34.76814215 20.91025686 42.75764312 43.75250780
[145] 42.36343845 23.35784079 44.97916635 44.86942954 40.18069098 38.27722603 33.55149731 33.25413346 24.99133818
[154] 23.76436493 19.47920878 19.20193610 15.03540005 14.67160769 14.60960919  7.20223620 41.13605518 40.92941031
[163] 38.26083481 41.09057547 35.71367519 23.98856191 18.60194635 18.51675335  2.78003769 42.92760496 38.50739115
[172] 42.51234627 35.52064807 37.85932325 37.22296246 42.76352886 20.87037557 15.74719339  6.29523187 42.05553457
[181] 15.20530497  7.34226520  7.29192946 40.88045987 41.25597977 33.02420128 25.20709116 36.28351823 26.33881899
[190] 16.50362798 19.61082556 16.53587604 32.89604759 29.10471334 27.90565971 40.76136105 40.60777260 33.13509940
[199] 30.17958573 23.91217948 39.24715775 37.11216938 36.27905465 12.13639218 36.28278354 33.60353717 38.04738789
[208] 35.90054139 39.29171382 35.41077022 32.03741274 29.12207852 14.69464366 13.34063666 12.54465320 11.43815198
[217] 39.29432504 29.71081103 23.16839276  9.10402149 38.32849353 32.92400653 29.59850664 25.74135383 37.42773104
[226] 31.98189395  9.72905373  2.91008466 37.34264573 36.42413229 19.49741543 30.03345106 26.44111717 23.24311908
[235] 13.02732994 21.88253939 16.93382716 16.39101988 12.23507052  6.59493466 35.04121310 26.49803249 23.77381510
[244] 34.89235976 37.49140740 32.98386737 31.92903268 28.89714292 27.65218742 15.05577048  7.38250951  0.03188219
[253] 34.08750418 32.08033838 29.74099775 23.67130288 34.30329936 31.28805018 27.89990238 20.17089240 20.03241063
[262]  8.68065296 31.22349951 28.18089878 31.75694918 33.31754976 24.50801167 19.37922158 15.57816934  7.31157857
[271] 35.53690073 29.61536129 29.94823657 26.47256261 18.21192911 14.05856623 34.47155385 32.13044102 30.34851038
[280] 29.25251890 28.94379655 16.30796778 31.02333646 26.28862970 27.69586846 22.38732749  6.69574093 26.30421415
[289] 16.71654860 28.18816282 25.84058622 28.90008993 31.91200687 28.14272161 28.35360213 24.37846611 10.75425123
[298] 26.17963236 24.09402779 11.12438490 28.60062336 28.01215037  4.31596341  0.81248720 17.37281945 29.15144545
[307] 10.77184743 26.61534971 30.76959486 28.87336326 27.55861598 26.69862726 28.76385280 28.24193786 31.26650580
[316] 24.30999578 11.56707015 15.56571399 13.70371258 28.46222601 28.09385135 23.23727244 16.34833347 28.48682707
[325] 26.19026117 17.01650429 29.86219318 28.93292225 28.01286786 27.50183307 12.67982802 11.76366213  8.52025971
[334]  1.14863891 24.66865267 15.29685601 15.23201001  1.56453694 19.56298568  9.46065459  3.20570031 27.86708012
[343] 20.27761080  7.27870477 27.28400354 23.13812498 28.82424394  6.81856525  6.53344359 12.82251976  4.80402910
[352]  3.44300784  1.80174872  1.05709486 25.20616237 14.46553890 13.51370476  4.98627557 25.76592419 20.18015778
[361] 26.64755539 26.61163728 24.58050559 28.30971916 22.60002820 21.57520915  7.42261793 25.15088868 23.27386886
[370] 20.34331799 16.99420390 13.13399492 23.95927609 21.72359535 23.76891320 25.96043456 24.58080407 22.94097943
[379] 13.91959920 27.80572387 21.62151940 22.24425148 19.90292624 14.40516121 12.45645064 15.56252522 14.22593837
[388] 22.06289639 21.93292809 21.40062677 14.11475771  3.54979955 24.76935008 21.31371764  4.89452338 17.38207408
[397]  6.47888427 26.50164593  7.86854995  5.87451934 11.53856669  8.60460083  2.40015752 16.77190442  4.89675112
[406]  2.60509787 21.30203032  0.32101940 10.95518799 23.26606960 18.23440526 16.28795631 11.05042135  4.51939409
[415]  4.02358927  3.20268988 22.55517446 15.22521422 14.58368804 12.23531690  8.83934296  4.65511536  1.38855557
[424] 22.94865449 25.07134183 17.92276344 24.37195603 23.87085432 15.04346299  5.73561677  4.58086180 24.33808351
[433] 23.32207282 21.02602715 20.84667074  5.80977556 16.44223249 13.61865689  1.61925721  0.49205288 21.36367207
[442] 15.71486814  5.50316334 22.75454220 13.95000439 12.51140036 12.01784136  8.82400088 22.12580462  1.77082997
[451] 22.76561132 15.78430393 11.30193959 10.76205018 23.88164954 21.28904453 18.46764824 13.06571375  9.07483545
[460]  6.18685627 21.59442525 19.54898254 22.46857010 15.54589278 18.28443597 11.34932763  1.73883923 12.52496825
[469] 21.56652103 14.48750564  8.29478162  5.09118316 22.32810759 20.13862066 20.57279921 20.47311060 20.46078597
[478] 15.77208134 19.00351054  8.63197494  2.22787090  0.68159574  5.98196703 22.86559382  0.98998766 18.39081057
[487] 21.04153097 22.68660889 14.61299633  0.70566941 17.19757603  4.82845925  4.41868716 13.98508013 21.32256533
[496] 19.26280103  9.30009009  5.13140214  2.63129160 20.42077643 19.43742870 20.58813235 20.85139270  4.77046103
[505]  7.81933056  2.90864830  6.17209128 13.97692759  8.59675986  3.33208525  2.72830885 16.94121693  1.85133701
[514] 11.05808526 16.18704722 12.09337261 10.57720132 14.40552892  7.74596069  7.49601550 10.97671155 12.60069999
[523] 11.39493734  8.38485665  7.07985851  2.93350441 13.32820011 16.53887277 11.89633549 17.78471698 13.10512884
[532]  3.15189145  9.64324763  9.40417406 17.83731757 17.17682001 16.59349132  7.18034041 20.30312362 18.28931625
[541] 11.41928313 13.36893604  7.78263818  6.90288756  3.99479838  8.12684354 17.48433791 15.89892922  9.64349541
[550]  9.64920361 11.19520686 10.95253828 16.11177328 10.09386720  6.51201875  3.27073989 16.86301375 17.55143466
[559] 11.89946217 16.19675135 15.93881287 13.87873296 13.05196361  0.22237603 11.47661859 13.18927293 10.97956096
[568]  1.88328109  6.10168948  2.89879649  0.17274339  7.95805613  0.96346529 12.22456346 10.42843633 17.48712075
[577] 15.50540326 14.45054457 13.05108655  9.45417171  3.74569261  1.82813507 11.59287972  4.65375895  0.35005499
[586] 16.20265297  6.61311821 12.09708747  8.56057374 14.33198641 12.56072340 10.57335022  3.22837361  7.30047107
[595]  5.14608025 12.15643361  0.83273430 13.62764766 12.07061447 10.84136959  7.15970873  7.65202997  6.10383717
[604]  4.68114738  8.32149398  4.66283205  9.08103559  7.87599625  2.59381620  9.73717133  5.08985216  5.45452017
[613] 15.21940034 11.43465020  9.49059670  8.72035630 11.08942327 10.22743471 13.57546658  7.85077193  7.07729183
[622] 12.77490407 10.95478171 14.64572537 12.90700080 12.59071225 10.83786799 12.45198955  0.75522719 11.59640462
[631]  9.17076383  2.11118589  3.05591305  2.61290184  9.36212466  9.17106552 10.61765462  3.09111021  0.15747030
[640] 14.40432262  8.38984156  5.07330597 13.36368720 13.41371344  9.26479691  5.71810616  9.35969162  8.93553973
[649]  9.78386399  6.74565436  4.01751062 11.49134383  8.00510367  7.61178992  0.95399296 13.60824249 10.75081229
[658]  5.87741042  4.10412917  0.38810302 10.89046135  6.12281309 12.83449699 11.59970156 13.31853039 13.28662485
[667] 11.99505864  6.70043495  3.46154628  0.86338301  3.73464467  0.82506900  5.09456010 12.60975134  0.96295392
[676]  3.12105688 11.62885382  8.55254928  7.55376942  6.54284115 11.17380663  8.14480681 11.36335465 10.60680015
[685]  1.90318071  8.91127713 12.38804810  4.49490344  4.23368296  1.98593557 12.25843686  3.05647445  9.20135415
[694]  4.57991490 10.07901103  7.08144500  0.48076168  8.97696885  7.92187341  1.98640101  1.40373532  6.80950445
[703]  2.16612684  8.62496887 11.13933109  7.43942207  1.52870453  9.35480143  2.63805277  8.51253379  2.89464847
[712] 10.63903474  0.81897918 10.08343881  5.98297781  9.47832003  0.80944681  1.23552187  7.73173907  5.11719379
[721]  4.61334516  2.30437191 10.87519375  8.74463259  8.82459651  7.31843171  5.50801388  0.38834351  8.65295533
[730]  8.80955942  5.57678347  3.17700747  0.09470352  9.53512747  3.53814509 10.06311680  2.15722012  3.62334489
[739]  5.89466330  8.22316321  4.01442542  7.28330680  7.05166576  9.89433272  5.77147046  3.55868672  3.15650734
[748]  5.67627016  3.45615495  1.93794408  4.56203214  0.56923156  4.62641847  0.98992236  8.42397823  2.78027964
[757]  8.98317049  6.29485470  6.59963410  5.17398777  1.36221201  0.18906579  7.61807886  5.25199485  7.14888183
[766]  6.06016034  7.20078132  7.64209664  2.44943809  5.96112964  3.96149178  4.56917011  4.38381784  7.54345408
[775]  4.14639820  7.78352142  6.41124457  3.73172620  5.04306257  2.03619273  7.01643389  3.17895349  5.61693172
[784]  6.89522855  6.49487857  3.36160342  5.16159221  0.23158308  7.11842965  1.23353256  5.95896021  4.78327320
[793]  4.97226558  5.52145516  2.96365710  4.06480127  3.12835782  4.15595572  1.55064259  3.64030426  1.84306985
[802]  6.79542811  5.71329723  3.89861793  5.26432328  2.54468227  4.96428669  1.66119570  6.72812267  5.20285414
[811]  5.22699200  1.70970101  0.36042969  5.42401651  2.98030385  3.06256018  2.27355272  3.78260070  1.99662892
[820]  6.22646134  2.06939708  1.06709337  2.39741376  0.73734650  1.87184749  1.76275574  3.44848978  3.83673154
[829]  1.38052142  4.31266127  0.73280974  2.29881117  5.60350067  5.42894054  5.14801963  1.83217412  4.35795624
[838]  4.00685863  2.36580952  2.78869117  2.09024364  4.77286840  0.75396436  4.52956462  0.77808280  2.59475211
[847]  2.92735895  0.87772193  4.13451168  1.68304335  4.27665256  1.51855504  4.68072546  1.99659083  0.40265307
[856]  1.65407352  1.18949839  4.61442138  3.08624508  3.69288101  1.49402903  3.11976557  1.21905450  4.11518503
[865]  2.71860949  4.15076873  1.66117602  1.38719030  1.27226284  2.77959056  2.03354325  1.29801564  2.99024083
[874]  0.11754219  1.80780358  1.07462470  1.33554872  2.59221965  0.84179553  0.08622701  0.99304765  1.95373578
[883]  1.79611832  1.02766379  0.37377799  1.68691040  1.46128832  0.65794605  0.43182682  1.93460434  1.92427801
[892]  0.99265830  1.23899150  0.10896945  0.37382232  0.38605940

$PAR
  [1]  NA   1   1   1   1   2   6   7   7   7   3   3   3   3   3   3   3  11  11  11  11  11  11  11  11  11  11  11
 [29]  12   4  18  18  18  18  18  18  18  18  30  30  13  19  42  14  43  41  46  46  46  39   8   8  40  40  40  40
 [57]  40  40  40  44  44  44  44  44  44  15  15  15  29  29  32  32  32  47  33  48  48  48  48  48  48  48  45  66
 [85]  66  66  49  67  62  62  71  71  71  71  71  72  72  16  16  16  24 101 101 101 101   5   5   5   5   5   5  17
[113] 106 106  51  63  63  97  97  97 112 112 112 112  91  91  91  91  91   9 125 125  76  76  76  83  92  92 137 137
[141]  65  65 102  25  25  25 103 147 147 147 147 147 147 147 147 147 147 147 147 147 148 148 148  26  26  26  26  26
[169]  26 108 108 139 139 131 131 121 121 121 121 170 143 143 143 123 140 140 140 145 145 145 180 180  90  90  90 185
[197] 161 164 164 164 162 162 162 162 196 196 197 197 126 126 126 126 126 126 126 126 149 149 149 149 217 217 217 217
[225] 201 109 109 109 116 116 116 221 221 221 221 150 150 150 150 150 163 163 163 118 130 245 245 225 225 225 225 225
[253] 119 119 119 119 175 202 202 202 202 202 132 132 127 205 203 203 203 203  55  55 271 173 173 173  88  88  88  88
[281]  88  88 210 210 277 277 277 104 104 257 206 151 266 266 152 152 152 198 198 186 246 246 222 222 193 128 128 135
[309] 254 226 226 226 247 247 293 293 293 265 265 315 315 315 263 283 129 279 199 199 232 232 232 232 232 232 327 327
[337] 327 327 255 255 255 218 218 218 272 223  80  80  80 306 212 212 212 212 194 194 194 194 328 310 347 347 347 313
[365] 301 301 301 320 320 320 314 314  85  56 290 264 264 321 321 329 302 195 195 195 195 342 342 380 380 380 380 380
[393] 285 249 311 330 330 345 345 345 308 308 308 362 362 362 398 398 274 233 233 233 233 233 233 233 189 189 189 189
[421] 189 189 189 284 325 325 291 291 291 291 291 359 359 187 187 187 355 355 355 355 368 368 368 425 425 425 425 425
[449] 153  28 393 393 393 393 335 335 335 335 335 335 377 377 296 427 432 432 432 316 299 299 299 299 166  93 455 455
[477] 428 428 375 375 375 375 154 256 256 146 433 234 234 234 346 424 424 378 451 451 444 444 444 417 417 463 286 286
[505] 449 449 388 389 389 389 389 236 374 117 381 381 381 461 461 461 366 390 390 390 390 390 495 394 394 487 434 434
[533] 503 503 435 475 475 475 476 477 477 500 500 500 500 539 360 260 260 474 261 261 191 462 462 462 155 501 501 268
[561] 268 156 457 457 411 275 275 275  34  34  34 426 426 535 530 558 558 576 547 547 547 547 396 396 396 536 371 512
[589] 557 289 289 289 289 537 537 190 190 437 437 437 437  36  36 323 282 282 412 586 586 560 553 561 452 478 478 478
[617] 269 269 464 464 464 577 337 418 613 250 250 429 429  95  95  95 213 213 158 158 624 159 159 470 356 356 578 384
[645] 384 640 387 387 391 391 391 494 494 494 494 508 508 379 379 379 656 656 619 357 542 643 643 643 643 643 214 214
[673] 665 666 566  37 372 372 458 458 579 579 625 350 331 626 591 468 468 468 446 385 687 420 596 204 204 588 588 588
[701] 588 447 667 559 529 529 529 332 583 317 317 401 401 565 541 523 683 453 551 705 300 300 617 413 623 623 552 552
[729] 661 723 627 627 627 307 297 657 657 712 592 554 554 714 714 736 736 736 736 744 533 533 615 615 716 340 647 647
[757] 708 708 645 636 631 631 459 421 725 725 448 724 262 480 480 704 704 402 402 509 678 755 641 641 682 682 546 653
[785] 572 572 699 399 776 602 768 763 520 367 367 182 270 183 183 742 767 538 789 789 696 525 781 781 348 348 802 802
[813] 802 809 668 287 240 555 397 179 820 820 460 603 766 715 483 770 770 745 430 803 748 748 731 731 811 811 811 760
[841] 787 673 673 472 642 779 358 358 793 807 395 395 492 792 792 842 842 753 772 751 751 414 688 837 837 303 303 689
[869] 796 545 828 828 746 735 669 510 556 341 859 873 228 711 840 870 865 709 609 823 823 821 854 568 836 761 670 752

$EXTANT
  [1] FALSE FALSE FALSE FALSE FALSE FALSE FALSE FALSE FALSE FALSE FALSE FALSE FALSE FALSE FALSE FALSE FALSE  TRUE FALSE
 [20] FALSE FALSE FALSE FALSE FALSE FALSE  TRUE FALSE  TRUE FALSE FALSE FALSE FALSE FALSE  TRUE  TRUE  TRUE  TRUE FALSE
 [39] FALSE FALSE FALSE FALSE FALSE FALSE FALSE FALSE FALSE FALSE FALSE FALSE FALSE FALSE FALSE FALSE FALSE FALSE FALSE
 [58] FALSE FALSE FALSE FALSE FALSE FALSE FALSE FALSE FALSE FALSE FALSE FALSE FALSE FALSE FALSE FALSE FALSE FALSE FALSE
 [77] FALSE FALSE FALSE  TRUE  TRUE FALSE FALSE FALSE FALSE FALSE FALSE FALSE FALSE FALSE FALSE FALSE  TRUE FALSE  TRUE
 [96] FALSE FALSE FALSE FALSE FALSE FALSE FALSE FALSE  TRUE  TRUE FALSE FALSE FALSE  TRUE FALSE FALSE FALSE FALSE FALSE
[115] FALSE  TRUE FALSE FALSE FALSE  TRUE  TRUE FALSE FALSE FALSE FALSE FALSE FALSE FALSE FALSE FALSE FALSE FALSE FALSE
[134] FALSE FALSE FALSE FALSE FALSE FALSE FALSE FALSE FALSE  TRUE FALSE FALSE FALSE  TRUE FALSE FALSE  TRUE FALSE  TRUE
[153] FALSE FALSE FALSE  TRUE  TRUE FALSE  TRUE FALSE FALSE FALSE FALSE FALSE FALSE FALSE FALSE  TRUE FALSE FALSE FALSE
[172] FALSE FALSE FALSE FALSE FALSE FALSE  TRUE  TRUE FALSE FALSE  TRUE FALSE FALSE FALSE FALSE  TRUE FALSE  TRUE  TRUE
[191] FALSE FALSE FALSE  TRUE FALSE FALSE FALSE  TRUE FALSE FALSE FALSE  TRUE  TRUE  TRUE FALSE FALSE FALSE FALSE FALSE
[210] FALSE FALSE  TRUE  TRUE  TRUE  TRUE  TRUE FALSE  TRUE FALSE  TRUE  TRUE  TRUE  TRUE FALSE  TRUE FALSE FALSE  TRUE
[229] FALSE FALSE  TRUE  TRUE  TRUE  TRUE  TRUE  TRUE  TRUE  TRUE FALSE FALSE FALSE FALSE FALSE FALSE FALSE FALSE FALSE
[248] FALSE FALSE  TRUE FALSE  TRUE FALSE FALSE FALSE  TRUE FALSE FALSE FALSE  TRUE FALSE  TRUE FALSE FALSE  TRUE  TRUE
[267] FALSE  TRUE FALSE FALSE FALSE FALSE FALSE FALSE  TRUE FALSE  TRUE FALSE FALSE FALSE FALSE FALSE FALSE FALSE FALSE
[286] FALSE  TRUE FALSE  TRUE FALSE FALSE FALSE  TRUE FALSE FALSE FALSE  TRUE FALSE  TRUE  TRUE  TRUE FALSE  TRUE  TRUE
[305] FALSE  TRUE  TRUE  TRUE FALSE FALSE  TRUE FALSE FALSE  TRUE  TRUE FALSE  TRUE FALSE FALSE FALSE FALSE FALSE  TRUE
[324] FALSE FALSE  TRUE  TRUE FALSE FALSE FALSE  TRUE  TRUE FALSE  TRUE  TRUE FALSE FALSE  TRUE FALSE  TRUE  TRUE FALSE
[343] FALSE FALSE  TRUE  TRUE  TRUE  TRUE FALSE FALSE  TRUE  TRUE  TRUE  TRUE  TRUE  TRUE  TRUE  TRUE FALSE FALSE FALSE
[362] FALSE FALSE FALSE FALSE FALSE  TRUE  TRUE FALSE FALSE FALSE  TRUE FALSE  TRUE  TRUE FALSE FALSE FALSE  TRUE  TRUE
[381]  TRUE FALSE  TRUE FALSE  TRUE  TRUE  TRUE  TRUE  TRUE  TRUE  TRUE FALSE FALSE  TRUE  TRUE  TRUE  TRUE  TRUE  TRUE
[400]  TRUE  TRUE  TRUE  TRUE  TRUE  TRUE  TRUE FALSE  TRUE FALSE FALSE FALSE  TRUE  TRUE  TRUE  TRUE  TRUE FALSE FALSE
[419] FALSE  TRUE FALSE  TRUE  TRUE  TRUE  TRUE  TRUE FALSE FALSE  TRUE  TRUE  TRUE  TRUE FALSE  TRUE  TRUE FALSE FALSE
[438] FALSE  TRUE  TRUE FALSE FALSE  TRUE  TRUE FALSE  TRUE  TRUE  TRUE  TRUE  TRUE FALSE FALSE  TRUE FALSE  TRUE FALSE
[457]  TRUE  TRUE  TRUE  TRUE  TRUE  TRUE FALSE FALSE FALSE FALSE  TRUE  TRUE FALSE  TRUE  TRUE  TRUE  TRUE  TRUE FALSE
[476]  TRUE FALSE FALSE FALSE  TRUE  TRUE  TRUE  TRUE FALSE  TRUE FALSE FALSE FALSE  TRUE  TRUE  TRUE  TRUE  TRUE  TRUE
[495] FALSE FALSE FALSE  TRUE  TRUE  TRUE FALSE FALSE  TRUE  TRUE  TRUE  TRUE  TRUE FALSE  TRUE  TRUE  TRUE FALSE FALSE
[514]  TRUE  TRUE FALSE FALSE FALSE  TRUE  TRUE  TRUE  TRUE  TRUE  TRUE  TRUE  TRUE FALSE  TRUE  TRUE  TRUE FALSE  TRUE
[533]  TRUE  TRUE FALSE FALSE  TRUE  TRUE FALSE FALSE  TRUE FALSE FALSE FALSE  TRUE FALSE  TRUE  TRUE  TRUE FALSE  TRUE
[552]  TRUE  TRUE  TRUE  TRUE  TRUE  TRUE FALSE  TRUE  TRUE  TRUE  TRUE  TRUE  TRUE FALSE  TRUE  TRUE  TRUE  TRUE  TRUE
[571]  TRUE  TRUE  TRUE FALSE FALSE  TRUE FALSE FALSE FALSE FALSE  TRUE  TRUE  TRUE  TRUE  TRUE  TRUE  TRUE  TRUE  TRUE
[590]  TRUE  TRUE  TRUE  TRUE  TRUE  TRUE  TRUE  TRUE FALSE FALSE FALSE  TRUE  TRUE  TRUE  TRUE FALSE FALSE  TRUE  TRUE
[609]  TRUE  TRUE  TRUE FALSE  TRUE FALSE FALSE  TRUE  TRUE  TRUE FALSE  TRUE FALSE  TRUE FALSE  TRUE FALSE FALSE  TRUE
[628]  TRUE  TRUE FALSE  TRUE  TRUE FALSE  TRUE FALSE  TRUE FALSE  TRUE  TRUE  TRUE  TRUE  TRUE  TRUE FALSE  TRUE  TRUE
[647]  TRUE FALSE  TRUE FALSE FALSE FALSE  TRUE  TRUE  TRUE  TRUE  TRUE  TRUE  TRUE  TRUE FALSE  TRUE FALSE FALSE  TRUE
[666]  TRUE  TRUE  TRUE  TRUE  TRUE  TRUE  TRUE  TRUE FALSE  TRUE  TRUE FALSE  TRUE  TRUE  TRUE  TRUE FALSE  TRUE FALSE
[685]  TRUE  TRUE  TRUE  TRUE  TRUE  TRUE  TRUE  TRUE FALSE  TRUE  TRUE  TRUE  TRUE  TRUE  TRUE  TRUE  TRUE  TRUE  TRUE
[704]  TRUE FALSE  TRUE  TRUE  TRUE  TRUE  TRUE  TRUE FALSE  TRUE FALSE  TRUE FALSE  TRUE  TRUE  TRUE  TRUE  TRUE  TRUE
[723] FALSE  TRUE  TRUE  TRUE  TRUE  TRUE  TRUE FALSE  TRUE  TRUE  TRUE FALSE  TRUE  TRUE  TRUE FALSE  TRUE FALSE  TRUE
[742] FALSE FALSE FALSE  TRUE  TRUE  TRUE  TRUE  TRUE  TRUE  TRUE  TRUE  TRUE  TRUE  TRUE  TRUE FALSE  TRUE  TRUE  TRUE
[761]  TRUE  TRUE FALSE  TRUE  TRUE  TRUE  TRUE  TRUE  TRUE  TRUE  TRUE  TRUE  TRUE FALSE  TRUE FALSE FALSE  TRUE  TRUE
[780]  TRUE  TRUE FALSE  TRUE  TRUE  TRUE  TRUE  TRUE  TRUE FALSE  TRUE  TRUE  TRUE  TRUE FALSE  TRUE  TRUE  TRUE  TRUE
[799]  TRUE FALSE  TRUE  TRUE  TRUE FALSE FALSE FALSE  TRUE  TRUE  TRUE  TRUE  TRUE  TRUE  TRUE  TRUE  TRUE  TRUE  TRUE
[818]  TRUE  TRUE  TRUE  TRUE  TRUE  TRUE  TRUE  TRUE FALSE  TRUE  TRUE  TRUE FALSE  TRUE  TRUE  TRUE  TRUE  TRUE  TRUE
[837]  TRUE  TRUE  TRUE  TRUE  TRUE  TRUE  TRUE  TRUE  TRUE  TRUE  TRUE  TRUE FALSE  TRUE  TRUE  TRUE FALSE  TRUE  TRUE
[856]  TRUE  TRUE  TRUE  TRUE  TRUE  TRUE  TRUE  TRUE  TRUE  TRUE  TRUE  TRUE  TRUE  TRUE  TRUE  TRUE  TRUE  TRUE  TRUE
[875]  TRUE  TRUE  TRUE  TRUE  TRUE  TRUE  TRUE FALSE  TRUE  TRUE  TRUE  TRUE  TRUE  TRUE  TRUE  TRUE  TRUE  TRUE  TRUE
[894]  TRUE  TRUE  TRUE

