
Birth-death simulation object with 920 species and 500 extant species

Details for some species:

Extinction times (NA means extant)
[1]  76.63298 109.04344  96.74592  75.36592  90.48548  92.23012


Speciation times 
[1] 127.11298 121.37245 113.00198  99.79170  96.73834  95.45482


Species parents (NA for initial)
[1] NA  1  1  1  1  1


Species status (extinct or extant)
[1] "extinct" "extinct" "extinct" "extinct" "extinct" "extinct"


For more details on vector y, try sim$y, with y one of
TE TS PAR EXTANT



$TE
  [1]  76.6329803 109.0434402  96.7459197  75.3659218  90.4854764  92.2301167  68.6974804  97.7149608  83.9582727  80.0935262  38.0684266
 [12]  71.0943699  91.0636416  90.5920595  80.6771508  81.4137729  75.0578818  65.3893021  88.4674964  85.4179589  70.4319386  82.1314892
 [23]  81.6290608  69.8200408  23.1499300  38.1423644  68.4096300  65.9768487  73.4977600  70.8642319  50.8173022  84.3743999  68.0986460
 [34]  69.3994688   6.8820255  29.9388244  70.2429024  55.3040753  69.7958553  55.1459715  64.9937571  49.5860367  57.1500753          NA
 [45]          NA  29.6210536  80.6993631  76.6102236  31.3733854  76.5106777  55.8271623  47.4808916  44.2983528  28.3053697  57.4840310
 [56]  40.4775198  40.9973841  23.3811244  43.8239562  26.6890853  10.8921020  42.1712880  70.0121242  71.4330902  70.5105339  51.8320859
 [67]  41.2044985  19.1371859  60.7486216  58.0614093  58.6594448  46.2491212  43.7813923  53.8499608  25.4638081   9.1928547          NA
 [78]  20.1681344  20.0388628  22.6912617  45.1367524  59.0408448  62.4491547  59.8218748  50.1020946  18.1481528  57.4409909  29.8361015
 [89]  17.9789163  40.4557671  13.0045004  57.2704662  64.8939550  47.3363271  51.1844138  56.4492119  36.3893108  30.1769940          NA
[100]  40.3104148  16.2743982  49.3940265  26.4881228  48.7792802  51.2785177  30.4550174  48.4001181  32.5487367  52.5091742  24.4325394
[111]          NA          NA  13.3730592  50.7232133  23.0405507  15.4321119  46.6817020  30.4657757  31.4344579  44.4555610          NA
[122]          NA          NA          NA          NA          NA  49.5686384  45.2169367  51.4469753  24.6721746  39.5306665  46.2205272
[133]          NA  37.2666789  18.5118657  29.5770473  21.3018437          NA          NA          NA  35.7139379   1.9768693  31.7118752
[144]  51.0088140  37.5958169  42.8213857  12.8465940  33.2115593  25.9538011  34.8717926  28.3747975          NA          NA          NA
[155]  41.9096791          NA  34.0423561          NA  24.3469787  17.1519011          NA   4.9408511          NA          NA  40.0690560
[166]  18.5127183  26.7458837  21.8254821          NA  47.2027265  44.9400268  37.6415973          NA  24.5730543  41.5842585          NA
[177]  38.2632224  34.1575533  28.5499831  21.2571632          NA   4.8865705          NA   3.9093884  36.8837869  14.1120747          NA
[188]  37.1222205          NA          NA  22.1457579  35.9252491          NA  37.7259608  19.5453340          NA  39.3248370  33.0544135
[199]          NA  23.2095810   6.0199463          NA          NA          NA   2.7246998          NA  35.2263617          NA  18.7298677
[210]  16.2095474          NA          NA  23.8626929          NA   3.3437965  14.9074419   8.5609753          NA          NA          NA
[221]   1.4294538  19.4539035  17.7031424  22.2495574          NA  12.9876347          NA  27.1470372          NA          NA   2.1384931
[232]  30.3287697  29.6180021  20.2832252   4.6114278  38.7709533   9.4724895  28.2797404  21.6175478  13.5022484  17.1165658   2.2845832
[243]          NA   3.7133296  14.2668361          NA          NA  35.4593905          NA          NA  34.9432041  31.2276102  25.6961519
[254]          NA  17.5700935  20.6044715          NA  34.0736763  24.7775044          NA  21.6441162          NA          NA          NA
[265]          NA  17.2878898  10.9887695          NA   9.0468544          NA  37.0041722   4.5610808          NA          NA  16.4469452
[276]          NA          NA   6.9362247  13.3484007  11.9720167  33.5407760          NA          NA          NA   7.3233321          NA
[287]          NA          NA          NA          NA  20.1778270  13.2609999  16.3936338  34.5303294  25.1628700          NA  19.7633657
[298]          NA          NA          NA          NA          NA  25.3730176   9.0359273  12.8200609  16.0610003   1.0492006  31.3775737
[309]  13.5388857  25.4002863  25.2642281          NA          NA   3.2693895          NA          NA          NA          NA          NA
[320]  11.6424573  12.6112634  11.1097346  13.4601634          NA   2.2653346  16.7940538          NA   7.5299003   1.8765469          NA
[331]  17.8382196          NA          NA  20.4510014   5.4842585   7.6599158          NA          NA          NA  13.6357164          NA
[342]          NA          NA  16.9097867          NA          NA          NA  17.0996636  27.3433696          NA          NA          NA
[353]          NA  21.8500977  11.0446623  14.4232471   7.3405829          NA  11.6368960          NA   2.2276851          NA  24.1637705
[364]          NA  12.4314029  10.9753822  15.5937452          NA          NA   8.6120931   2.0761837          NA          NA  10.9461515
[375]          NA  11.1156090   0.9606575          NA  13.3031663   1.9367503          NA          NA          NA  11.5024383   6.8354674
[386]          NA          NA   2.9808325          NA   2.4591957          NA          NA  22.5269548   2.3869149   0.9975090   9.6234834
[397]          NA          NA          NA          NA          NA          NA  17.6122422  13.7906616   3.4772859   5.7555440          NA
[408]   2.7892545   3.1358088   9.8914919          NA          NA          NA          NA          NA          NA          NA  19.8944544
[419]          NA          NA          NA          NA          NA   6.6073410  17.5303624   6.6361136  16.7300482          NA          NA
[430]          NA          NA          NA   4.0399758   8.6969146  16.1320754   6.0902779  12.7378050  16.3643722   5.2712886  14.9725861
[441]   0.7123200   6.0882947          NA          NA          NA          NA          NA          NA   9.3765426   5.2316055   0.1245601
[452]   0.5509523          NA  12.8346255          NA          NA          NA   6.0110194          NA          NA   7.1163883          NA
[463]   5.0755162          NA   1.1947496          NA          NA   5.6959297          NA          NA   2.0196911          NA          NA
[474]  17.1754895  10.1858910          NA          NA          NA  17.2855304   9.4928367  12.0705567          NA          NA  18.1018734
[485]   6.6346612  18.5243130  19.6293366   9.9355108          NA   3.4554268          NA  20.6038675   2.5685632          NA          NA
[496]          NA          NA   7.1819564          NA  11.7008867          NA   6.8206044          NA          NA  15.3955610          NA
[507]  17.1890688          NA          NA          NA          NA  21.0753098          NA   9.5409909          NA          NA  12.7834149
[518]          NA  18.2805550   0.1273165          NA          NA          NA          NA          NA          NA          NA  11.4149200
[529]          NA          NA          NA          NA  13.3614262          NA          NA          NA          NA          NA          NA
[540]          NA   2.2459536   0.5287663   3.5356809  12.3800650          NA   7.7089570          NA  12.5710070          NA   3.7035507
[551]  10.5033620          NA   4.9748630          NA          NA   3.5547990          NA          NA          NA   5.7987812          NA
[562]   3.7382410          NA   9.4510178          NA          NA          NA          NA          NA          NA   1.7040333          NA
[573]   7.8072402   0.9296141   7.9554270          NA          NA          NA   6.1216602          NA          NA          NA  11.0203901
[584]          NA          NA   2.0410299          NA          NA          NA   4.7657226          NA   4.8535442          NA   6.0050710
[595]   1.9139560          NA          NA   7.0758305   6.4087097          NA   5.2051414          NA          NA   0.8949712          NA
[606]   2.8851014   7.7631399          NA   8.2593432          NA          NA          NA          NA          NA          NA  13.5892436
[617]          NA          NA          NA          NA  12.8843418          NA  11.2333985          NA          NA          NA          NA
[628]  10.5200955   8.0340184   6.8778228          NA          NA   9.3072614   4.7007131   6.2996765          NA          NA          NA
[639]          NA          NA  11.9420969          NA   0.2877796          NA          NA          NA          NA          NA   6.3759533
[650]   8.8903224  11.0359116          NA          NA          NA  10.8627798          NA          NA          NA          NA          NA
[661]          NA          NA   4.9208168          NA          NA          NA          NA          NA          NA   5.2767015   1.5350652
[672]   7.8426692   7.4388360          NA          NA          NA          NA          NA   2.2192105          NA          NA          NA
[683]   3.8056072   0.9169636          NA          NA          NA          NA          NA          NA   7.9590502   2.6746099          NA
[694]          NA          NA  10.1497107  12.9799812   0.9923819          NA   1.0235089          NA          NA          NA          NA
[705]          NA          NA          NA          NA   0.5189025   4.6824565  10.0101744          NA          NA          NA          NA
[716]          NA          NA          NA          NA   5.1524809          NA          NA          NA          NA   2.3972825          NA
[727]          NA          NA          NA          NA   6.1790264          NA          NA          NA          NA          NA          NA
[738]          NA   1.1665342          NA          NA          NA   0.9551979          NA          NA          NA          NA          NA
[749]   6.2252914          NA          NA          NA          NA   5.9918530          NA          NA  11.0607326   1.1119569          NA
[760]   3.0825746   5.2168308          NA          NA   1.1542241          NA          NA          NA          NA          NA   0.4288193
[771]          NA          NA          NA          NA          NA          NA   1.2939449          NA          NA          NA   2.1986948
[782]          NA          NA          NA   0.8957485          NA          NA   6.3817966          NA          NA          NA          NA
[793]          NA          NA          NA          NA          NA          NA          NA          NA          NA          NA          NA
[804]   1.8293959   2.7250240          NA   4.8758864          NA   2.4878432          NA          NA   0.2944612          NA   4.5366942
[815]          NA          NA   3.1856313          NA          NA          NA          NA          NA          NA          NA          NA
[826]          NA          NA          NA          NA          NA          NA          NA          NA          NA          NA          NA
[837]          NA          NA          NA          NA          NA          NA          NA   1.0744506          NA          NA          NA
[848]          NA          NA          NA   5.2519686          NA          NA          NA          NA          NA          NA          NA
[859]          NA          NA          NA          NA          NA          NA          NA          NA          NA          NA          NA
[870]          NA          NA          NA          NA          NA          NA          NA          NA          NA          NA          NA
[881]          NA          NA          NA          NA          NA          NA          NA          NA          NA          NA   0.9012705
[892]          NA          NA          NA          NA          NA          NA          NA   1.4912633          NA          NA          NA
[903]          NA          NA          NA          NA          NA          NA          NA          NA          NA          NA          NA
[914]          NA          NA          NA          NA          NA          NA          NA

$TS
  [1] 1.271130e+02 1.213725e+02 1.130020e+02 9.979170e+01 9.673834e+01 9.545482e+01 7.909279e+01 1.027377e+02 1.023277e+02 9.146754e+01
 [11] 8.723274e+01 8.432271e+01 9.455032e+01 9.361532e+01 8.454235e+01 8.171188e+01 7.684905e+01 7.594431e+01 9.153930e+01 9.050950e+01
 [21] 9.110792e+01 8.934586e+01 8.521583e+01 8.196630e+01 7.735392e+01 7.567921e+01 7.271940e+01 8.928836e+01 8.797964e+01 8.429025e+01
 [31] 7.834829e+01 8.554033e+01 7.767927e+01 8.384165e+01 5.334696e+01 8.337131e+01 7.527136e+01 7.011658e+01 7.681457e+01 7.532996e+01
 [41] 6.895065e+01 6.324909e+01 6.272411e+01 3.398734e+01 3.133302e+01 3.025699e+01 8.072111e+01 7.842135e+01 7.783756e+01 7.690705e+01
 [51] 7.842382e+01 7.560147e+01 6.108479e+01 5.559447e+01 6.782863e+01 4.410627e+01 7.458835e+01 5.985082e+01 5.722248e+01 5.433209e+01
 [61] 2.706892e+01 7.549577e+01 7.130998e+01 7.471375e+01 7.225210e+01 5.745222e+01 4.627206e+01 4.351734e+01 6.579713e+01 5.871767e+01
 [71] 6.436426e+01 4.879855e+01 4.383525e+01 6.001905e+01 7.519259e+01 5.678199e+01 5.525627e+01 4.110994e+01 2.568916e+01 4.558389e+01
 [81] 7.078768e+01 6.921921e+01 6.597943e+01 6.467782e+01 6.341467e+01 6.864667e+01 5.874510e+01 3.182650e+01 2.380167e+01 6.657745e+01
 [91] 6.277753e+01 6.596523e+01 6.593300e+01 6.220488e+01 6.121829e+01 5.831370e+01 5.241061e+01 5.500018e+01 5.190907e+01 4.723830e+01
[101] 2.696859e+01 6.109546e+01 5.946367e+01 5.596509e+01 6.023458e+01 5.602666e+01 5.315032e+01 4.658107e+01 5.682771e+01 5.656914e+01
[111] 3.262503e+01 3.245710e+01 2.620553e+01 5.507980e+01 4.766419e+01 5.685928e+01 5.671229e+01 3.115955e+01 5.157903e+01 4.773424e+01
[121] 4.126552e+01 3.354018e+01 2.523674e+01 2.325952e+01 1.558201e+01 1.091625e+01 5.502724e+01 5.490111e+01 5.315947e+01 4.694913e+01
[131] 4.270480e+01 5.147188e+01 4.317584e+01 5.464246e+01 5.056836e+01 4.571088e+01 3.937822e+01 2.230146e+01 1.890516e+01 1.180504e+01
[141] 5.030699e+01 3.698498e+01 3.178215e+01 5.134369e+01 4.135533e+01 4.984890e+01 4.235344e+01 4.018284e+01 2.993948e+01 5.232065e+01
[151] 4.939152e+01 3.636902e+01 1.351702e+01 1.301125e+01 5.052521e+01 4.976799e+01 3.677251e+01 3.383992e+01 2.810079e+01 2.802285e+01
[161] 2.528468e+01 1.593017e+01 1.490186e+01 4.500125e-01 4.388752e+01 3.458702e+01 3.264543e+01 2.578270e+01 2.430791e+01 4.790308e+01
[171] 4.648440e+01 4.984274e+01 4.452154e+01 3.976021e+01 4.719320e+01 4.368187e+01 4.573965e+01 4.235707e+01 2.935481e+01 2.934156e+01
[181] 2.630857e+01 2.255663e+01 2.204232e+01 1.414153e+01 4.222419e+01 2.969231e+01 4.533701e+01 4.039984e+01 3.361589e+01 2.760104e+01
[191] 4.307989e+01 4.520512e+01 4.300229e+01 4.318301e+01 3.814183e+01 3.107099e+01 4.060951e+01 4.035182e+01 3.300263e+01 3.182352e+01
[201] 3.117197e+01 2.221733e+01 1.929137e+01 9.259366e+00 6.288354e+00 2.343519e+00 3.893243e+01 4.375600e+01 2.421419e+01 1.691861e+01
[211] 1.581018e+01 3.231601e+00 4.170682e+01 2.533212e+01 3.530150e+01 1.547681e+01 1.446563e+01 1.133019e+01 1.074475e+01 2.778477e+00
[221] 2.114228e+00 4.075646e+01 3.247537e+01 3.898510e+01 2.104186e+01 1.461212e+01 2.486058e+01 3.547353e+01 2.038096e+01 9.430446e+00
[231] 4.836003e+00 4.140549e+01 4.090521e+01 3.129897e+01 1.643015e+01 3.957252e+01 3.886806e+01 3.394022e+01 2.433281e+01 4.135599e+01
[241] 2.058903e+01 3.953488e+01 3.774939e+01 2.491657e+01 2.449554e+01 2.908171e+01 2.455707e+01 4.015023e+01 3.588691e+01 3.419169e+01
[251] 3.910296e+01 3.698807e+01 3.678190e+01 3.770740e+01 3.336085e+01 2.173053e+01 5.332787e+00 3.569550e+01 3.428366e+01 3.393724e+01
[261] 2.303784e+01 3.700275e+01 2.960573e+01 2.791399e+01 2.506918e+01 2.387996e+01 2.078767e+01 1.261140e+01 1.048715e+01 9.986628e+00
[271] 3.736828e+01 3.720793e+01 2.608424e+01 1.793796e+01 1.786127e+01 1.178358e+01 3.505878e+01 2.884537e+01 2.097122e+01 1.414543e+01
[281] 3.660815e+01 3.160516e+01 1.629282e+01 1.219417e+01 1.178423e+01 1.130055e+01 2.225119e+00 1.646911e+00 6.672040e+00 4.151361e+00
[291] 3.140870e+01 2.974053e+01 2.650426e+01 3.630557e+01 2.566061e+01 8.418225e+00 2.345704e+01 1.622250e+01 7.589099e+00 7.141698e+00
[301] 1.818805e+01 4.960205e+00 3.489366e+01 3.060322e+01 2.636302e+01 1.613378e+01 1.946583e+00 3.418578e+01 3.198120e+01 2.559435e+01
[311] 2.838258e+01 1.473224e+01 1.209668e+01 8.844441e+00 4.568605e+00 2.068793e+01 1.557259e+01 7.652805e+00 2.561739e+01 2.140433e+01
[321] 1.527567e+01 1.369048e+01 1.346261e+01 9.917723e+00 7.134821e+00 1.855220e+01 1.677601e+01 7.545996e+00 6.844038e+00 3.320320e+01
[331] 3.106184e+01 3.047242e+01 2.691129e+01 2.079280e+01 1.904344e+01 1.544783e+01 1.301817e+01 6.934466e+00 5.401658e+00 2.898694e+01
[341] 1.703157e+01 1.545753e+01 8.656134e+00 2.112503e+01 1.078157e+01 8.395382e+00 4.089647e+00 2.117170e+01 3.220545e+01 2.965520e+01
[351] 2.851591e+01 3.240815e+00 2.156276e+00 3.122937e+01 1.510177e+01 2.758776e+01 8.672135e+00 2.980312e+01 2.740241e+01 1.859075e+01
[361] 1.457577e+01 1.408733e+00 2.952383e+01 3.030254e+01 2.920261e+01 2.558373e+01 2.554324e+01 9.566817e+00 2.686052e+01 1.866623e+01
[371] 3.700828e+00 1.872121e+01 1.658281e+01 1.121509e+01 2.784215e+00 2.635433e+01 2.283353e+01 2.044039e+01 1.383199e+01 1.210583e+01
[381] 4.387380e+00 1.947472e+00 2.292408e+01 1.716182e+01 1.379840e+01 2.959751e+01 2.515004e+01 5.796490e+00 3.004201e+00 8.904337e+00
[391] 3.403537e+00 2.624420e+00 2.294390e+01 2.824584e+01 2.712690e+01 2.479706e+01 2.584326e+01 9.734672e+00 1.738639e+01 2.383508e+01
[401] 1.169802e+01 7.015325e+00 2.435226e+01 2.415689e+01 1.642094e+01 6.837325e+00 2.132422e+01 9.717958e+00 2.398845e+01 2.694504e+01
[411] 1.824151e+01 5.349034e+00 2.383111e+01 1.630293e+01 1.386000e+01 1.672605e+01 4.976198e+00 2.126248e+01 1.639047e+01 1.447187e+01
[421] 2.686576e+01 2.008168e+01 1.421667e+01 1.114136e+01 2.494961e+01 9.218245e+00 1.688428e+01 9.084582e+00 8.137336e+00 4.927429e+00
[431] 2.688265e+00 1.780854e+01 1.101103e+01 2.340738e+01 2.245562e+01 2.100542e+01 1.418891e+01 2.353719e+01 1.891008e+01 2.245380e+01
[441] 1.981007e+01 8.946786e+00 3.478071e-01 2.513988e+01 1.771086e+01 3.006784e+00 2.242339e+01 2.082070e+01 1.327865e+01 9.281946e+00
[451] 5.738620e+00 2.804169e+00 2.353277e+01 2.377190e+01 2.413908e+01 1.207164e+01 1.093789e+01 1.037571e+01 1.275696e+00 9.606680e-01
[461] 2.165324e+01 1.505012e+01 7.033737e+00 3.761879e+00 3.523484e+00 1.688767e+01 1.674865e+01 1.991628e+01 1.455433e+01 1.067616e+01
[471] 1.537273e+01 1.350336e+01 1.328362e+00 2.343010e+01 1.850906e+01 1.702811e+01 1.365523e+01 1.944565e+01 2.431313e+01 1.641644e+01
[481] 1.425021e+01 9.932812e+00 2.219485e+01 2.205242e+01 1.695971e+01 2.290372e+01 2.283725e+01 1.791554e+01 1.597318e+01 9.227660e+00
[491] 2.155054e+01 2.364549e+01 2.281413e+01 1.877350e+01 1.617074e+01 1.392348e+01 1.076896e+01 1.013065e+01 8.296387e-01 2.132585e+01
[501] 1.629096e+01 1.264814e+01 1.064296e+01 9.056662e-01 2.218080e+01 2.231639e+01 1.848965e+01 1.072271e+01 8.149899e+00 5.831401e+00
[511] 1.036323e+00 2.143235e+01 4.779607e+00 2.008214e+01 2.121518e+01 1.317340e+01 2.124954e+01 7.191168e+00 1.930556e+01 1.252272e+01
[521] 1.743206e+01 1.759128e+01 6.254112e+00 2.090798e+00 1.336112e+01 9.736226e+00 9.429570e+00 1.179868e+01 9.190724e+00 1.463405e+01
[531] 8.870495e+00 1.691291e+00 1.790420e+01 2.056728e+01 1.698024e+01 1.624624e+01 1.267711e+01 1.461918e+00 1.572701e+01 1.325590e+01
[541] 1.045781e+01 6.872688e+00 1.890907e+01 1.978184e+01 1.155260e+01 1.107380e+01 2.112546e+01 1.703882e+01 1.091938e+00 1.912378e+01
[551] 1.530451e+01 1.136578e+01 1.276193e+01 1.126655e+01 8.113166e+00 5.345481e+00 3.753454e+00 2.982276e+00 1.907751e+01 9.509403e+00
[561] 3.415320e+00 1.931392e+01 4.512615e+00 1.769960e+01 3.553418e+00 1.834782e+00 1.382940e+01 1.138605e+01 3.801684e+00 9.024090e-01
[571] 1.724480e+01 7.527147e+00 1.074964e+01 1.269859e+01 1.682421e+01 1.483823e+01 1.381193e+01 8.989344e+00 1.541462e+01 7.277772e+00
[581] 1.107922e+01 1.861493e+00 1.587132e+01 1.303930e+01 8.621900e+00 2.731190e+00 3.830785e-02 1.213415e+01 7.042288e+00 1.468306e+01
[591] 1.643973e+01 9.010740e+00 1.084548e+01 1.019395e+01 1.004895e+01 1.411746e+01 7.732501e+00 7.299959e+00 1.369022e+01 1.700289e+01
[601] 1.407312e+01 1.274606e+01 1.186159e+01 1.190055e+01 8.685036e+00 1.332708e+01 8.418626e+00 8.152322e+00 1.246313e+01 7.458809e+00
[611] 3.118726e+00 1.684032e+00 2.129819e-01 6.401827e+00 1.497815e+01 1.484730e+01 5.487668e+00 1.607126e+01 8.590709e+00 3.651763e+00
[621] 1.652485e+01 1.006663e+01 1.467783e+01 1.080098e+01 1.437579e+01 2.175092e+00 1.569170e+01 1.105426e+01 1.352280e+01 9.323303e+00
[631] 9.018407e+00 8.222652e+00 1.262222e+01 9.112486e+00 6.439824e+00 1.407507e+01 4.653416e+00 3.642381e+00 1.144575e+01 1.409629e+01
[641] 1.229172e+01 1.009714e+01 7.670326e+00 1.613477e+00 6.856118e-01 1.378483e+01 1.186503e+01 2.047332e+00 1.586538e+01 1.198627e+01
[651] 1.205865e+01 1.456439e+01 1.339656e+01 1.552394e+01 1.333566e+01 1.206790e+01 1.156538e+00 8.584755e+00 5.394214e+00 5.215031e+00
[661] 3.675281e+00 7.887873e+00 8.219581e+00 4.097888e+00 1.458588e+01 1.442617e+01 9.826862e+00 7.725975e+00 5.019417e+00 1.468389e+01
[671] 1.445961e+01 8.129562e+00 1.275818e+01 1.107842e+01 5.932307e+00 3.765149e-01 1.317905e+01 5.825326e+00 1.452541e+01 1.168095e+01
[681] 8.326327e+00 7.399610e-01 8.163780e+00 2.629314e+00 9.691054e+00 3.217985e+00 2.784603e+00 1.282407e+01 8.265662e+00 3.521747e+00
[691] 1.261980e+01 4.359862e+00 4.001591e+00 2.184857e+00 8.604804e+00 1.238031e+01 1.380340e+01 1.186039e+01 7.194991e+00 3.015078e+00
[701] 4.166338e+00 1.208480e+01 9.215170e+00 7.105466e+00 1.198510e+01 6.315659e+00 8.517567e+00 6.098233e+00 6.488085e+00 1.270622e+01
[711] 1.006704e+01 5.104984e-01 6.898702e+00 3.996027e+00 8.040292e+00 6.899750e-01 9.402024e+00 6.974401e+00 9.003662e+00 8.404440e+00
[721] 7.465703e+00 1.187233e+01 1.164388e+01 9.638711e+00 9.651279e+00 8.255724e-01 2.338529e+00 5.633721e+00 1.180194e+01 9.627388e+00
[731] 8.446757e+00 7.476522e+00 4.853299e+00 1.203713e+01 1.202109e+01 5.734248e+00 1.511006e+00 5.534670e+00 4.088365e+00 3.220922e+00
[741] 1.349409e+00 7.903201e+00 1.430396e+00 6.431300e-01 2.293993e-01 1.111910e+01 8.757833e+00 3.029195e+00 8.215669e+00 6.069562e+00
[751] 1.440101e+00 7.106369e+00 6.859919e+00 9.040482e+00 3.772798e+00 8.834219e-01 1.139028e+01 2.933439e+00 3.487476e+00 3.698664e+00
[761] 5.495579e+00 8.468574e+00 9.586410e+00 7.598692e+00 1.720080e+00 1.465052e+00 2.589476e+00 9.126610e+00 4.332165e-01 7.222562e+00
[771] 1.035423e+01 2.688161e+00 2.308875e+00 4.080785e+00 3.765431e+00 3.085047e+00 5.390914e+00 5.675464e+00 9.926756e-01 1.288866e-01
[781] 3.322369e+00 9.942303e-01 8.101997e+00 5.285399e+00 8.130818e+00 2.503065e+00 2.421348e+00 7.965865e+00 7.513889e+00 6.408001e+00
[791] 1.524152e+00 1.046079e+00 8.213801e+00 2.833314e+00 5.239804e+00 8.772132e+00 5.917301e+00 5.762075e+00 3.416238e+00 8.569867e+00
[801] 4.139787e+00 5.982559e+00 4.178958e+00 7.781808e+00 7.232520e+00 4.900103e+00 7.693489e+00 6.231050e+00 8.401691e+00 9.923919e-01
[811] 7.409116e+00 8.460553e+00 3.412422e+00 6.361906e+00 1.762199e+00 4.334141e+00 7.434872e+00 2.742161e+00 5.221412e+00 3.053983e+00
[821] 4.138335e+00 6.706217e+00 3.557979e+00 1.893334e+00 7.203623e+00 6.325337e+00 1.934426e+00 5.306981e+00 1.841484e+00 2.465186e+00
[831] 1.458783e+00 4.970077e+00 1.741625e+00 7.224928e+00 5.877305e-02 3.173352e+00 3.013331e-01 4.983999e+00 3.215556e-01 2.274218e+00
[841] 9.958480e-01 3.540507e+00 1.442824e+00 6.191440e+00 2.716924e+00 1.186339e+00 3.778082e+00 6.381746e-01 1.990182e+00 1.749299e+00
[851] 6.310238e+00 5.403164e+00 3.398144e+00 5.853587e+00 6.139681e+00 2.647675e-01 3.105721e+00 2.147951e+00 3.103461e-01 4.692008e+00
[861] 2.355045e+00 1.827641e+00 1.011767e+00 4.322769e+00 3.873308e+00 3.964966e+00 5.530501e-01 7.433517e-03 4.621571e+00 6.598770e-01
[871] 1.370441e+00 4.020548e+00 4.816338e+00 2.388089e+00 2.568898e+00 1.203444e+00 3.065454e+00 9.747632e-01 3.864358e+00 2.435088e+00
[881] 1.203566e+00 1.156935e+00 1.454325e-01 3.817717e-01 3.207774e-01 2.500869e+00 9.086086e-01 6.543592e-01 1.543574e+00 2.920540e+00
[891] 2.698103e+00 1.808078e+00 1.049016e+00 1.259258e+00 1.058907e+00 2.859208e+00 2.182404e+00 2.848498e+00 2.071740e+00 5.852596e-01
[901] 5.560019e-01 3.361076e-01 2.130971e+00 1.451741e-01 2.194315e+00 2.105041e-01 1.001175e+00 9.879809e-01 5.489246e-01 1.249861e+00
[911] 5.401653e-01 3.080402e-01 1.181004e+00 7.104133e-01 1.956603e-01 7.476741e-01 7.148445e-01 3.261920e-02 4.036585e-01 2.628482e-01

$PAR
  [1]  NA   1   1   1   1   1   1   3   3   9   9   9   4   4   4   4   4   4  14  19  10  10  10  10  21  21  21  20  22  28  28  29  29
 [34]  11  11  15  34  34  36  36  36  36  36  36  36  36  24  24  24  24   7   7  51  31  49  49  33  25  25  25  25  17  39  18  18  26
 [67]  26  26  52  52  62  62  62  40  37  75  75  75  75  57  65  38  38  38  82  41  86  86  86  55  90  83  92  92  92  92  85  42  42
[100]  91  91  94  94  94  95  53  53  53 105 105  58  58  58 103 103  66  66 116  76  76  76  76  76  76  76  76 117 117 117 117 110 106
[133] 106  77  77  77  77  77  77  77  98  98  98 134 134  60  60  60  60  35  35  35  35  35  97  97 150  99  99  99  99  99  99  99 119
[166] 119 135 135 135 155 155 141 141 141 146 146 172 172 156 156 156 156 156 156 151 151 120 115 115 115 175 130 130  67 136  80 187 187
[199] 187 187 187 187 187 187 187 187 192 173 173 173 173 173 208 208 176 176 176 176 176 176 176  68  68 194 133 133 191 193 193 193 193
[232] 147 147 147 147 213 213 213 213 232 240 145 145 121 121  78  78 233 222 222 248 248 248 174 174 242 242 137 137 137 137 237 237 237
[265] 237 195 195 243 243 243 254 254 254 254 254 254 272 272 272 272 262 262 262 262 262 262 262 262 142 142 253 253 253 157 152 152 249
[298] 249 249 249 215 215 277 277 277 277 277 166 166 166 259 250 250 250 250  44 260 260 158 158 158 158 158 158 158 189 189 189 189 122
[331] 255 330 330 330 330 330 330 330 330 199 199 199 199 111 111 111 111 223 112 112 112 112 112 309 309 200 282 291  45  45  45  45 234
[364] 354 201 201 201 201 196 196 196 331 332 332 364 358 358 358 358 358 358 358 292 292 292 186 186 350 350 263 263 263 386 363 180 180
[397] 246 246 340 278 278 278 351 351 351 351 394 394 160 264 264 264 190 190 190 395 395  61  61  61 101 410 410 410 333 333 421 421 421
[430] 421 421 369 369 293 293 293 305 376 376 181 181 181 181 113 113 273 397 397 397 397 397 397 168 366 367 214 214 214 214 214 161 161
[463] 161 161 161 123 387 444 444 444 265 265 265 425 244 244 244 227 396 396 247 247 245 403 169 209 455 455 455 455 266 400 400 400 413
[496] 413 413 413 413  89 454 453 453 453 297 474 474 434 124 124 124 383 383 487 377 377 493 493 182 182 435 440 506 506 138 138 138 202
[529] 202 483 483 483 505 484 183 183 183 183 461 491 491 491 320 500 407 407 517 515 515 348 547 547 225 448 448 448 448 316 534 534 534
[562] 378 378 229 229 229 422 422 422 422 468 468 441 544 478 478 478 478 562 562 203 203 559 559 559 559 559 335 335 543 372 372 370 370
[595] 370 360 360 360 475 301 488 488 488 432 432 445 522 522 521 399 399 399 399 571 384 476 476 600 600 535 485 485 575 575 327 327 467
[628] 467 373 373 373 591 405 419 419 414 414 414 283 495 495 495 495 495 618 489 489 489 583 583 649 211 211 539 539 539 539 627 627 125
[661] 125 317 654 654 342 342 579 471 471 551 462 462 163 163 576 576 670 530 361 652 652 469 679 679 420 420 420 217 423 423 596 596 596
[694] 596 636 415 577 385 385 646 477 153 472 472 653 653 525 606 540 677 677 677 516 516 584 337 154 688 553 553 673 602 602 574 537 537
[727] 268 520 696 380 313 702 702 656 734 734 735 705 705 705 722 647 647 603 603 698 140 729 276 401 401 680 680 545 545 545 639 639 552
[760] 554 746 581 546 433 457 126 593 624 624 497 219 219 219 508 470 503 771 642 622 324 667 685 725 725 724 724 368 560 560 527 527 527
[793] 717 204 490 703 703 703 703 529 529 768 768 428 754 592 796 343 585 695 619 658 800 707 762 812 809 809 793 793 683 608 509 785 555
[826] 783 783 715 715 597 597 668 668 807 789 732 721 610 300 325 752 704 704 463 402 402 542 542 289 709 814 814 826 706 205 808 708 750
[859] 802 854 510 510 510 388 388 451 778 778 659 659 257 828 669 838 417 513 860 637 864 864 864 290 664 347 774 755 755 565 842 813 813
[892] 853 853 686 686 700 389 896 687 818 767 767 880 874 861 905 694 897 903 612 612 538 843 843 473 876 882 893 570 839

$EXTANT
  [1] FALSE FALSE FALSE FALSE FALSE FALSE FALSE FALSE FALSE FALSE FALSE FALSE FALSE FALSE FALSE FALSE FALSE FALSE FALSE FALSE FALSE FALSE
 [23] FALSE FALSE FALSE FALSE FALSE FALSE FALSE FALSE FALSE FALSE FALSE FALSE FALSE FALSE FALSE FALSE FALSE FALSE FALSE FALSE FALSE  TRUE
 [45]  TRUE FALSE FALSE FALSE FALSE FALSE FALSE FALSE FALSE FALSE FALSE FALSE FALSE FALSE FALSE FALSE FALSE FALSE FALSE FALSE FALSE FALSE
 [67] FALSE FALSE FALSE FALSE FALSE FALSE FALSE FALSE FALSE FALSE  TRUE FALSE FALSE FALSE FALSE FALSE FALSE FALSE FALSE FALSE FALSE FALSE
 [89] FALSE FALSE FALSE FALSE FALSE FALSE FALSE FALSE FALSE FALSE  TRUE FALSE FALSE FALSE FALSE FALSE FALSE FALSE FALSE FALSE FALSE FALSE
[111]  TRUE  TRUE FALSE FALSE FALSE FALSE FALSE FALSE FALSE FALSE  TRUE  TRUE  TRUE  TRUE  TRUE  TRUE FALSE FALSE FALSE FALSE FALSE FALSE
[133]  TRUE FALSE FALSE FALSE FALSE  TRUE  TRUE  TRUE FALSE FALSE FALSE FALSE FALSE FALSE FALSE FALSE FALSE FALSE FALSE  TRUE  TRUE  TRUE
[155] FALSE  TRUE FALSE  TRUE FALSE FALSE  TRUE FALSE  TRUE  TRUE FALSE FALSE FALSE FALSE  TRUE FALSE FALSE FALSE  TRUE FALSE FALSE  TRUE
[177] FALSE FALSE FALSE FALSE  TRUE FALSE  TRUE FALSE FALSE FALSE  TRUE FALSE  TRUE  TRUE FALSE FALSE  TRUE FALSE FALSE  TRUE FALSE FALSE
[199]  TRUE FALSE FALSE  TRUE  TRUE  TRUE FALSE  TRUE FALSE  TRUE FALSE FALSE  TRUE  TRUE FALSE  TRUE FALSE FALSE FALSE  TRUE  TRUE  TRUE
[221] FALSE FALSE FALSE FALSE  TRUE FALSE  TRUE FALSE  TRUE  TRUE FALSE FALSE FALSE FALSE FALSE FALSE FALSE FALSE FALSE FALSE FALSE FALSE
[243]  TRUE FALSE FALSE  TRUE  TRUE FALSE  TRUE  TRUE FALSE FALSE FALSE  TRUE FALSE FALSE  TRUE FALSE FALSE  TRUE FALSE  TRUE  TRUE  TRUE
[265]  TRUE FALSE FALSE  TRUE FALSE  TRUE FALSE FALSE  TRUE  TRUE FALSE  TRUE  TRUE FALSE FALSE FALSE FALSE  TRUE  TRUE  TRUE FALSE  TRUE
[287]  TRUE  TRUE  TRUE  TRUE FALSE FALSE FALSE FALSE FALSE  TRUE FALSE  TRUE  TRUE  TRUE  TRUE  TRUE FALSE FALSE FALSE FALSE FALSE FALSE
[309] FALSE FALSE FALSE  TRUE  TRUE FALSE  TRUE  TRUE  TRUE  TRUE  TRUE FALSE FALSE FALSE FALSE  TRUE FALSE FALSE  TRUE FALSE FALSE  TRUE
[331] FALSE  TRUE  TRUE FALSE FALSE FALSE  TRUE  TRUE  TRUE FALSE  TRUE  TRUE  TRUE FALSE  TRUE  TRUE  TRUE FALSE FALSE  TRUE  TRUE  TRUE
[353]  TRUE FALSE FALSE FALSE FALSE  TRUE FALSE  TRUE FALSE  TRUE FALSE  TRUE FALSE FALSE FALSE  TRUE  TRUE FALSE FALSE  TRUE  TRUE FALSE
[375]  TRUE FALSE FALSE  TRUE FALSE FALSE  TRUE  TRUE  TRUE FALSE FALSE  TRUE  TRUE FALSE  TRUE FALSE  TRUE  TRUE FALSE FALSE FALSE FALSE
[397]  TRUE  TRUE  TRUE  TRUE  TRUE  TRUE FALSE FALSE FALSE FALSE  TRUE FALSE FALSE FALSE  TRUE  TRUE  TRUE  TRUE  TRUE  TRUE  TRUE FALSE
[419]  TRUE  TRUE  TRUE  TRUE  TRUE FALSE FALSE FALSE FALSE  TRUE  TRUE  TRUE  TRUE  TRUE FALSE FALSE FALSE FALSE FALSE FALSE FALSE FALSE
[441] FALSE FALSE  TRUE  TRUE  TRUE  TRUE  TRUE  TRUE FALSE FALSE FALSE FALSE  TRUE FALSE  TRUE  TRUE  TRUE FALSE  TRUE  TRUE FALSE  TRUE
[463] FALSE  TRUE FALSE  TRUE  TRUE FALSE  TRUE  TRUE FALSE  TRUE  TRUE FALSE FALSE  TRUE  TRUE  TRUE FALSE FALSE FALSE  TRUE  TRUE FALSE
[485] FALSE FALSE FALSE FALSE  TRUE FALSE  TRUE FALSE FALSE  TRUE  TRUE  TRUE  TRUE FALSE  TRUE FALSE  TRUE FALSE  TRUE  TRUE FALSE  TRUE
[507] FALSE  TRUE  TRUE  TRUE  TRUE FALSE  TRUE FALSE  TRUE  TRUE FALSE  TRUE FALSE FALSE  TRUE  TRUE  TRUE  TRUE  TRUE  TRUE  TRUE FALSE
[529]  TRUE  TRUE  TRUE  TRUE FALSE  TRUE  TRUE  TRUE  TRUE  TRUE  TRUE  TRUE FALSE FALSE FALSE FALSE  TRUE FALSE  TRUE FALSE  TRUE FALSE
[551] FALSE  TRUE FALSE  TRUE  TRUE FALSE  TRUE  TRUE  TRUE FALSE  TRUE FALSE  TRUE FALSE  TRUE  TRUE  TRUE  TRUE  TRUE  TRUE FALSE  TRUE
[573] FALSE FALSE FALSE  TRUE  TRUE  TRUE FALSE  TRUE  TRUE  TRUE FALSE  TRUE  TRUE FALSE  TRUE  TRUE  TRUE FALSE  TRUE FALSE  TRUE FALSE
[595] FALSE  TRUE  TRUE FALSE FALSE  TRUE FALSE  TRUE  TRUE FALSE  TRUE FALSE FALSE  TRUE FALSE  TRUE  TRUE  TRUE  TRUE  TRUE  TRUE FALSE
[617]  TRUE  TRUE  TRUE  TRUE FALSE  TRUE FALSE  TRUE  TRUE  TRUE  TRUE FALSE FALSE FALSE  TRUE  TRUE FALSE FALSE FALSE  TRUE  TRUE  TRUE
[639]  TRUE  TRUE FALSE  TRUE FALSE  TRUE  TRUE  TRUE  TRUE  TRUE FALSE FALSE FALSE  TRUE  TRUE  TRUE FALSE  TRUE  TRUE  TRUE  TRUE  TRUE
[661]  TRUE  TRUE FALSE  TRUE  TRUE  TRUE  TRUE  TRUE  TRUE FALSE FALSE FALSE FALSE  TRUE  TRUE  TRUE  TRUE  TRUE FALSE  TRUE  TRUE  TRUE
[683] FALSE FALSE  TRUE  TRUE  TRUE  TRUE  TRUE  TRUE FALSE FALSE  TRUE  TRUE  TRUE FALSE FALSE FALSE  TRUE FALSE  TRUE  TRUE  TRUE  TRUE
[705]  TRUE  TRUE  TRUE  TRUE FALSE FALSE FALSE  TRUE  TRUE  TRUE  TRUE  TRUE  TRUE  TRUE  TRUE FALSE  TRUE  TRUE  TRUE  TRUE FALSE  TRUE
[727]  TRUE  TRUE  TRUE  TRUE FALSE  TRUE  TRUE  TRUE  TRUE  TRUE  TRUE  TRUE FALSE  TRUE  TRUE  TRUE FALSE  TRUE  TRUE  TRUE  TRUE  TRUE
[749] FALSE  TRUE  TRUE  TRUE  TRUE FALSE  TRUE  TRUE FALSE FALSE  TRUE FALSE FALSE  TRUE  TRUE FALSE  TRUE  TRUE  TRUE  TRUE  TRUE FALSE
[771]  TRUE  TRUE  TRUE  TRUE  TRUE  TRUE FALSE  TRUE  TRUE  TRUE FALSE  TRUE  TRUE  TRUE FALSE  TRUE  TRUE FALSE  TRUE  TRUE  TRUE  TRUE
[793]  TRUE  TRUE  TRUE  TRUE  TRUE  TRUE  TRUE  TRUE  TRUE  TRUE  TRUE FALSE FALSE  TRUE FALSE  TRUE FALSE  TRUE  TRUE FALSE  TRUE FALSE
[815]  TRUE  TRUE FALSE  TRUE  TRUE  TRUE  TRUE  TRUE  TRUE  TRUE  TRUE  TRUE  TRUE  TRUE  TRUE  TRUE  TRUE  TRUE  TRUE  TRUE  TRUE  TRUE
[837]  TRUE  TRUE  TRUE  TRUE  TRUE  TRUE  TRUE FALSE  TRUE  TRUE  TRUE  TRUE  TRUE  TRUE FALSE  TRUE  TRUE  TRUE  TRUE  TRUE  TRUE  TRUE
[859]  TRUE  TRUE  TRUE  TRUE  TRUE  TRUE  TRUE  TRUE  TRUE  TRUE  TRUE  TRUE  TRUE  TRUE  TRUE  TRUE  TRUE  TRUE  TRUE  TRUE  TRUE  TRUE
[881]  TRUE  TRUE  TRUE  TRUE  TRUE  TRUE  TRUE  TRUE  TRUE  TRUE FALSE  TRUE  TRUE  TRUE  TRUE  TRUE  TRUE  TRUE FALSE  TRUE  TRUE  TRUE
[903]  TRUE  TRUE  TRUE  TRUE  TRUE  TRUE  TRUE  TRUE  TRUE  TRUE  TRUE  TRUE  TRUE  TRUE  TRUE  TRUE  TRUE  TRUE

