
Birth-death simulation object with 861 species and 500 extant species

Details for some species:

Extinction times (NA means extant)
[1]  5.792377 76.909493 17.108599 65.035744        NA        NA


Speciation times 
[1] 93.79494 82.21048 81.11772 66.12341 64.41439 64.36509


Species parents (NA for initial)
[1] NA  1  1  1  1  1


Species status (extinct or extant)
[1] "extinct" "extinct" "extinct" "extinct" "extant"  "extant" 


For more details on vector y, try sim$y, with y one of
TE TS PAR EXTANT



$TE
  [1]  5.79237722 76.90949291 17.10859876 65.03574423          NA          NA 45.01236017 29.08261016 31.18009801
 [10]  6.02478584 18.77135867  8.47235272 15.80023073 80.56605097 77.28570413 46.75024016 39.76462317 59.63820346
 [19] 49.23872394 50.48368268 21.44136883 33.81252434          NA 27.65137354          NA  4.78163586          NA
 [28] 62.02537554 56.85090871 21.79569282 47.20338040 52.91341619 50.17851428          NA          NA 40.18160757
 [37] 27.59732283          NA 20.32803848  0.26025900  5.77561517 15.65121344  7.45090041 17.72431444  0.13469891
 [46] 54.05156804 20.06866320 41.90328445  1.57934515          NA 19.16097644          NA 27.06169048 42.70708230
 [55] 42.53798532 40.57395043 51.22394552 57.87170864 34.56089023 29.53513904 52.70619297 30.49118645 30.23657024
 [64] 54.57396334 45.98535183 35.20239364 42.48252616 12.41443931 17.55916444 41.71301273 19.52609504  6.12560248
 [73] 11.52031898 29.24111701 45.78309896          NA 23.28815024          NA 27.95503770          NA 32.99702012
 [82] 19.59094265          NA          NA 18.28317752          NA 16.02600192 10.27899530  5.10172183          NA
 [91] 44.87980683  1.29824557 34.09469165 31.81501383 24.74705940 19.27072111          NA 29.21624499 13.72880246
[100]          NA          NA 40.25702084 37.80395751          NA          NA 17.71366485 45.43187964 39.04521790
[109] 37.86489228  8.03261501 16.07454472 41.30240008 28.89529390          NA 16.92416084          NA 18.67626794
[118]          NA          NA 30.30465626 23.25189291  2.12902773          NA 21.78200926 39.41589008 32.73314079
[127]          NA 18.25421377          NA  3.88968868 44.68603407          NA  5.32686814          NA          NA
[136]          NA 34.37808807 18.44368922  9.78213402 13.60839644          NA  8.53893466          NA 25.08242907
[145]  5.36036058          NA          NA 38.10104982 23.90847725 38.36625444 20.76814445 29.02065835          NA
[154]          NA 42.60570868 41.60710525 37.96242412          NA 37.76107414 28.92062872 23.35525197 38.59664078
[163]  5.32861629          NA          NA          NA          NA  3.60179040 23.27770551  4.31703717 29.29399788
[172] 14.56466513          NA          NA 28.76154235 33.76037614          NA 20.55869063 29.21951092 36.68202917
[181] 27.74738150  6.08836080          NA          NA          NA 16.49447108  0.24628368 18.40601531 33.71900814
[190] 21.92928554 21.09778053          NA  2.63657365  8.59823178          NA          NA 24.36826997 29.80973238
[199] 17.74569537  1.75017547 25.45916158          NA          NA          NA          NA          NA  7.10299627
[208] 26.41371525  7.15165267  9.53351517 34.12583810 22.27704589 23.97043713          NA          NA  4.24087512
[217]          NA          NA          NA          NA          NA  6.51733787 34.12157166 20.84690138 13.93749470
[226]          NA          NA          NA          NA  0.59645269          NA 17.25839858          NA 29.76052269
[235]          NA          NA          NA 12.22652742 28.44520160 32.85837275 10.14029008 13.67786390 14.74087395
[244]          NA 11.89004358          NA  1.70796437  6.92212905 11.23147635          NA 15.30800112 20.32550688
[253] 10.03710937          NA          NA 15.77335450 16.61283733  8.78650756  2.71307830  6.58532691          NA
[262] 17.35995756 13.35867111          NA  4.47694299          NA 28.55931896 22.22842134          NA          NA
[271]          NA          NA          NA          NA 17.76987552          NA          NA          NA          NA
[280]          NA 20.96136671  7.97161493  3.18132981          NA  9.93456367          NA          NA 24.47254489
[289] 21.42957222          NA          NA          NA          NA 24.98487189 15.13178963          NA          NA
[298] 20.39503137 10.84572011          NA  6.10173297          NA 22.59121648 15.19603814          NA          NA
[307]  5.23409374  0.14584390          NA          NA          NA 14.07840293          NA          NA          NA
[316]          NA          NA          NA          NA 17.64990754 17.08788347          NA 19.69984102          NA
[325] 20.15693054 16.84270235          NA 13.84702360  3.50606644 18.36675695 16.82114692          NA          NA
[334]          NA          NA  1.28606192          NA          NA          NA          NA          NA          NA
[343]          NA          NA  0.35861786          NA 15.53341180 18.89050597  6.64261357  5.38085884          NA
[352]          NA          NA          NA 21.53786493  9.33370457  9.14416263 10.83976464  0.70342299          NA
[361]  2.93243657 24.26208143 10.36368365          NA          NA  9.54395550  1.53659693 20.46810392          NA
[370] 12.18962534          NA  2.64693753          NA          NA 13.61321176  2.15219840  2.70818080          NA
[379] 12.58503895  4.74396148          NA          NA  0.37696898          NA          NA          NA  5.65559824
[388]  5.33962617  8.09612808          NA          NA          NA          NA 19.96640419          NA          NA
[397]          NA          NA 13.53705994          NA          NA          NA          NA          NA          NA
[406] 23.31802263 14.19587544          NA  0.26030723          NA          NA          NA          NA  4.78395185
[415]          NA          NA          NA          NA  8.74289989  7.50907707          NA 14.91430768          NA
[424]          NA          NA  4.57671559          NA          NA          NA          NA          NA  1.92318036
[433]  7.80826549          NA 16.81885985          NA 17.07007744          NA  6.89576975          NA          NA
[442]          NA 16.17466126          NA          NA 19.32229013          NA          NA          NA 13.55114892
[451]          NA          NA          NA          NA          NA  7.43906157          NA  6.60092098          NA
[460]  3.23883534 15.25082956  5.70088931          NA  4.36278458  3.48454657 16.48018749          NA 14.19897361
[469]          NA          NA          NA  2.55957423          NA          NA          NA          NA          NA
[478]  0.27481877 17.28761607          NA          NA          NA 12.00157981          NA          NA  7.87434633
[487]          NA          NA 13.04036149 14.07632202  6.56759158          NA          NA          NA          NA
[496]          NA          NA          NA  2.01887592          NA          NA  3.73998589  2.49464268          NA
[505]          NA  2.50440182          NA          NA          NA          NA          NA  1.64851257          NA
[514]  0.65547477          NA          NA          NA          NA          NA          NA          NA          NA
[523]          NA          NA          NA          NA          NA          NA          NA          NA          NA
[532]          NA  8.79943366          NA 14.41137592          NA  7.97065663  2.76394966          NA  4.28298195
[541]          NA          NA 10.36396620          NA          NA 13.37425911  6.56880747 12.62761630  4.91760731
[550]          NA  7.47168299          NA          NA          NA          NA          NA          NA  4.54983140
[559]          NA  4.63281380  5.65941723          NA          NA          NA          NA          NA          NA
[568]          NA  6.21037015          NA 10.59208845  9.58501835  6.65679755  1.85204841  0.46547676          NA
[577]  8.12511198 12.34668859          NA          NA          NA          NA          NA          NA          NA
[586]  7.79873766          NA          NA  2.57367372          NA          NA          NA          NA          NA
[595]          NA 11.99370037          NA          NA          NA          NA  5.30883965          NA          NA
[604]  3.36011474          NA  6.30688723          NA 12.21098683  7.49799689          NA          NA          NA
[613]          NA 10.18023260          NA          NA          NA  8.51261548          NA          NA  3.76992029
[622]          NA  8.75224308  3.31242616          NA          NA          NA          NA          NA 11.51383531
[631]          NA  0.84160748  5.06894985  8.74863114          NA          NA          NA          NA          NA
[640]          NA          NA  4.29392974  2.38562384  5.49087017  8.44707498          NA          NA          NA
[649] 11.08092940  3.63363494          NA          NA          NA          NA          NA          NA          NA
[658]  4.63766834  2.41040229          NA          NA  4.25184763  3.44756690  0.76391822          NA          NA
[667]          NA          NA  0.76344742  1.72170320          NA  5.34090050  4.54768352          NA          NA
[676]          NA          NA          NA  0.74276771          NA  4.60152037          NA  2.23751477          NA
[685]          NA          NA          NA          NA          NA          NA          NA  3.91141776          NA
[694]          NA  3.70093464          NA          NA          NA          NA  0.53691110  1.14007183          NA
[703]          NA          NA  7.25111972          NA          NA  2.95457060  5.60899959          NA          NA
[712]          NA          NA          NA          NA          NA          NA          NA          NA  6.62216884
[721]  0.10435337          NA          NA          NA          NA  0.09955845          NA          NA  2.63104993
[730]          NA          NA          NA          NA          NA  3.69417863          NA          NA          NA
[739]          NA          NA          NA          NA          NA  2.23422084          NA          NA          NA
[748]          NA  2.22742316          NA          NA          NA          NA  5.94623892  0.32007923          NA
[757]  2.28925817          NA  3.15209363          NA  3.78254629          NA          NA          NA          NA
[766]          NA  3.15989885          NA          NA          NA  1.97224190          NA          NA          NA
[775]          NA          NA          NA          NA          NA          NA          NA          NA          NA
[784]          NA          NA          NA          NA          NA          NA          NA          NA          NA
[793]          NA          NA          NA          NA          NA          NA          NA          NA          NA
[802]          NA          NA          NA          NA          NA          NA          NA          NA          NA
[811]          NA          NA  2.09623104          NA          NA          NA          NA          NA          NA
[820]          NA          NA          NA          NA          NA          NA          NA          NA          NA
[829]          NA          NA          NA          NA          NA          NA          NA          NA  1.02490284
[838]          NA          NA          NA          NA          NA          NA          NA          NA          NA
[847]          NA          NA          NA          NA          NA          NA          NA          NA          NA
[856]          NA          NA          NA          NA          NA          NA

$TS
  [1] 9.379494e+01 8.221048e+01 8.111772e+01 6.612341e+01 6.441439e+01 6.436509e+01 5.631016e+01 3.677816e+01
  [9] 3.466126e+01 2.570837e+01 2.037116e+01 1.925616e+01 1.820533e+01 8.104266e+01 8.008032e+01 6.696067e+01
 [17] 6.685269e+01 5.984360e+01 5.924450e+01 5.896608e+01 4.863338e+01 4.801438e+01 3.144728e+01 2.841882e+01
 [25] 2.499545e+01 1.894245e+01 1.886023e+01 6.318647e+01 5.937445e+01 6.188181e+01 5.095836e+01 6.124242e+01
 [33] 5.463778e+01 5.103891e+01 4.974193e+01 4.072031e+01 3.632779e+01 3.273796e+01 3.253811e+01 3.201875e+01
 [41] 3.118723e+01 2.830762e+01 2.336610e+01 2.164673e+01 1.499914e+00 5.683027e+01 4.957587e+01 4.954791e+01
 [49] 4.159206e+01 2.884922e+01 2.102303e+01 3.544858e+00 5.156923e+01 5.034173e+01 4.938780e+01 4.428830e+01
 [57] 5.989273e+01 5.886097e+01 5.036141e+01 5.656150e+01 5.507846e+01 5.186532e+01 3.210177e+01 5.539832e+01
 [65] 5.356661e+01 4.892740e+01 5.395350e+01 5.313308e+01 4.768944e+01 5.240260e+01 5.214972e+01 3.830003e+01
 [73] 1.715334e+01 4.970092e+01 4.599357e+01 4.638387e+01 4.372889e+01 3.647530e+01 3.617280e+01 2.173145e+01
 [81] 3.344311e+01 5.000338e+01 4.767829e+01 4.465046e+01 4.367374e+01 2.458231e+01 2.449951e+01 1.543443e+01
 [89] 6.609961e+00 5.508844e+00 4.741750e+01 4.549149e+01 3.885070e+01 4.134885e+01 3.647943e+01 3.188882e+01
 [97] 2.469535e+01 3.739255e+01 2.327822e+01 1.491014e+01 3.925112e+00 4.271069e+01 4.319525e+01 3.122578e+01
[105] 2.392313e+01 2.202514e+01 4.933388e+01 4.768607e+01 4.784940e+01 4.548660e+01 4.821359e+01 4.614027e+01
[113] 4.657850e+01 4.425001e+01 2.586858e+01 4.259545e+01 4.036587e+01 3.791779e+01 2.680313e+01 3.700731e+01
[121] 3.387016e+01 4.036152e+01 4.003672e+01 2.891970e+01 4.072618e+01 3.443287e+01 2.649263e+01 1.901366e+01
[129] 6.909523e+00 5.925493e+00 4.541857e+01 3.084419e+01 3.049154e+01 9.618710e+00 3.625028e+00 2.687720e+00
[137] 3.699966e+01 3.596111e+01 2.625262e+01 2.305824e+01 2.003988e+01 1.507511e+01 1.977274e+00 3.766353e+01
[145] 2.438971e+01 1.868132e+01 1.493648e+01 3.919650e+01 3.295910e+01 4.331498e+01 4.239444e+01 4.126402e+01
[153] 2.863207e+01 1.910589e+01 4.273531e+01 4.199951e+01 4.059618e+01 3.112301e+01 4.074300e+01 3.185449e+01
[161] 2.729378e+01 4.003261e+01 4.253171e+01 2.278588e+01 1.050758e+01 3.005087e+00 2.976682e+01 1.465778e+01
[169] 3.512270e+01 2.911988e+01 3.564118e+01 1.952978e+01 4.860633e+00 2.018739e+00 4.124476e+01 4.049901e+01
[177] 4.079056e+01 3.952231e+01 3.073203e+01 3.738988e+01 3.155233e+01 2.893509e+01 2.257810e+01 1.979378e+01
[185] 1.120968e+01 4.008777e+01 4.052556e+01 3.852566e+01 3.676391e+01 3.015385e+01 2.919227e+01 2.016213e+01
[193] 6.121601e+00 2.886778e+01 1.181931e+01 5.559479e+00 3.383346e+01 3.036274e+01 2.775036e+01 1.965948e+01
[201] 3.288088e+01 2.536077e+01 2.529435e+01 2.449604e+01 2.416649e+01 6.067430e+00 3.929661e+01 3.864992e+01
[209] 2.442076e+01 3.155027e+01 3.452320e+01 3.449065e+01 2.583324e+01 2.896121e+01 2.113804e+01 1.926425e+01
[217] 1.632084e+01 1.158146e+01 1.028089e+01 8.703508e+00 9.829238e-01 3.193118e+01 3.469462e+01 3.635871e+01
[225] 3.278051e+01 2.682655e+01 2.536896e+01 2.466601e+01 2.320737e+01 6.465318e+00 3.551634e-02 3.629707e+01
[233] 2.179415e+01 3.468991e+01 3.347939e+01 2.717105e+01 1.940309e+01 2.447495e+01 2.846204e+01 3.409663e+01
[241] 3.272722e+01 2.601864e+01 2.314531e+01 1.955785e-02 2.313176e+01 1.946204e+01 2.568295e+01 2.213447e+01
[249] 1.581299e+01 5.826634e+00 2.665875e+01 2.342936e+01 2.086846e+01 2.679322e+01 2.454119e+01 2.410109e+01
[257] 1.954268e+01 1.699260e+01 1.589057e+01 2.738395e+01 2.716223e+01 2.226272e+01 1.430527e+01 9.463398e+00
[265] 1.862313e+01 1.331834e+01 2.863925e+01 2.487763e+01 2.387760e+01 1.703188e+01 1.400880e+01 1.315313e+01
[273] 6.495033e+00 3.032999e+01 2.582712e+01 2.390645e+01 1.225509e+01 1.579416e+00 1.551194e+00 2.828264e+01
[281] 2.701957e+01 2.963904e+01 2.106434e+01 1.971933e+01 1.459451e+01 1.120814e+01 2.275198e+00 2.916105e+01
[289] 2.191453e+01 1.787111e+01 1.348594e+01 1.292795e+01 1.150934e+01 2.758417e+01 2.180691e+01 2.752671e+01
[297] 2.597675e+01 2.189139e+01 1.492354e+01 1.387035e+01 7.088262e+00 2.416844e+01 2.294700e+01 2.026161e+01
[305] 1.439289e+01 9.228505e+00 2.799723e+01 2.252789e+01 1.902925e+01 1.717968e+01 1.716208e+01 1.587970e+01
[313] 1.385435e+01 5.123787e+00 2.829520e+01 1.980320e+01 1.372986e+01 1.056772e+01 4.726437e+00 2.803216e+01
[321] 2.629498e+01 1.998661e+01 2.191155e+01 4.899491e+00 2.823813e+01 1.939236e+01 1.837397e+01 2.606416e+01
[329] 2.314371e+01 2.023525e+01 1.995809e+01 1.886622e+01 8.070860e+00 4.264223e+00 1.641556e+00 2.639952e+01
[337] 1.815844e+01 1.479020e+00 2.316095e+01 2.161240e+01 1.291815e+01 8.740916e+00 4.393598e+00 2.100246e+01
[345] 6.912990e+00 4.489804e+00 2.320779e+01 2.417241e+01 1.722989e+01 7.882150e+00 2.481566e+01 2.371045e+01
[353] 2.106157e+01 1.644098e+01 2.337186e+01 1.968956e+01 1.909688e+01 1.790467e+01 1.006168e+01 2.054989e+01
[361] 1.611271e+01 2.491641e+01 2.091568e+01 5.645453e+00 7.715413e-01 2.094730e+01 2.468028e+01 2.465460e+01
[369] 1.251559e+01 2.177853e+01 1.437807e+01 1.287868e+01 7.515330e+00 7.261624e+00 2.451538e+01 2.326127e+01
[377] 2.313573e+01 1.939208e+01 1.696812e+01 6.099176e+00 9.881464e+00 2.594690e+00 4.993606e+00 1.423012e+01
[385] 1.284875e+01 2.013009e+01 1.383649e+01 1.329182e+01 1.316474e+01 1.727642e+01 9.460408e+00 2.564813e+00
[393] 2.021952e+01 2.135959e+01 8.255396e+00 2.198286e+01 1.413700e+01 2.140160e+01 2.030976e+01 4.666746e+00
[401] 2.978719e+00 2.355906e+01 1.706440e+01 5.648052e+00 4.123746e-01 2.339990e+01 1.965483e+01 1.863485e+01
[409] 7.947712e+00 7.202465e+00 6.795278e+00 1.363728e+00 5.141132e+00 1.062698e+01 7.136787e+00 3.301241e+00
[417] 1.103247e+00 1.556604e+01 1.748460e+01 8.844230e+00 9.860377e+00 1.826472e+01 2.968639e+00 1.970433e+01
[425] 1.348353e+01 1.568840e+01 1.389298e+01 1.600619e+01 8.746693e+00 2.009657e+01 1.295671e+01 7.527181e+00
[433] 2.234278e+01 2.141173e+01 1.996630e+01 9.257616e+00 2.108957e+01 1.461167e+01 1.595868e+01 2.055333e+01
[441] 1.337902e+01 1.660053e+01 1.619200e+01 1.537649e+01 6.147666e+00 2.048935e+01 1.684722e+01 1.106903e+01
[449] 1.714294e+00 1.906782e+01 1.654690e+01 8.506043e+00 6.792371e+00 1.240804e+01 6.282747e+00 1.644372e+01
[457] 1.696160e+01 1.153956e+01 1.046103e+01 1.125944e+01 1.689003e+01 1.135939e+01 8.924009e+00 5.912145e+00
[465] 1.825140e+01 1.744866e+01 1.730946e+01 1.541256e+01 1.466255e+01 8.033304e+00 1.939477e+01 1.046167e+01
[473] 5.358578e+00 5.217322e+00 1.629549e+01 5.408995e+00 1.298526e+00 3.497540e+00 1.834098e+01 1.159625e+01
[481] 3.942601e+00 4.122066e-01 1.834888e+01 1.810357e+01 9.224333e+00 9.204693e+00 9.000048e+00 1.792984e+01
[489] 1.412527e+01 1.838313e+01 1.571816e+01 1.260234e+01 1.603724e+01 6.939006e+00 1.115408e+01 8.745938e+00
[497] 6.815930e+00 1.902130e+01 8.618222e+00 2.352036e+00 1.996104e+00 1.853311e+01 1.641585e+01 9.909188e+00
[505] 1.858627e+01 1.118441e+01 1.590925e+01 2.958249e+00 8.008646e+00 1.801551e+01 1.075149e+01 6.877263e+00
[513] 7.316704e+00 1.792637e+01 6.063179e+00 5.600261e+00 1.326580e+01 1.189177e+01 1.949451e+00 2.017591e+00
[521] 1.434936e+01 9.254327e+00 3.302328e-01 7.736093e+00 1.767048e+01 1.188486e+01 9.854531e+00 4.046445e+00
[529] 3.642729e+00 1.405972e+01 5.144814e+00 1.646121e+01 1.094685e+01 1.480755e+01 1.674050e+01 1.139018e+01
[537] 8.650662e+00 6.795521e+00 9.765222e+00 8.883658e+00 8.822370e+00 5.495671e+00 1.690151e+01 1.419498e+01
[545] 4.096529e+00 1.682495e+01 1.244232e+01 1.668807e+01 1.277613e+01 1.543174e+01 9.298484e+00 1.410863e+01
[553] 5.935392e+00 2.856521e+00 1.623477e+00 1.310614e+01 6.849140e+00 4.935669e+00 5.761092e-01 1.220201e+01
[561] 1.000758e+01 6.056967e+00 4.833245e+00 5.049935e+00 2.491541e+00 1.278058e+01 9.950069e+00 9.800186e+00
[569] 9.279038e+00 4.533093e+00 1.061254e+01 9.859382e+00 1.537281e+01 1.469777e+01 1.379093e+01 1.457092e+01
[577] 1.295045e+01 1.388794e+01 2.810400e+00 8.021110e-01 7.560823e-01 7.774512e+00 1.393451e+01 9.821072e+00
[585] 7.914835e-01 1.115985e+01 1.082496e+01 9.515752e+00 1.070184e+01 5.914968e+00 1.571831e+00 2.947618e+00
[593] 7.073608e-01 1.266371e+01 5.289235e+00 1.207141e+01 8.221708e+00 9.929583e+00 7.710586e+00 8.238867e-01
[601] 1.289574e+01 1.386410e+01 1.330952e+01 5.903394e+00 1.140545e+01 1.009081e+01 4.066022e-01 1.233513e+01
[609] 1.080369e+01 5.261816e+00 1.453294e+00 2.629784e+00 6.686226e+00 1.096582e+01 1.057628e+01 6.574426e+00
[617] 8.585867e-02 1.124998e+01 5.027986e+00 3.391798e+00 1.282933e+01 7.597956e-01 1.142888e+01 1.139437e+01
[625] 2.306001e+00 1.024969e+01 3.111415e+00 4.316778e-01 1.171680e+01 1.162358e+01 1.108551e+01 6.360515e+00
[633] 1.162910e+01 9.938314e+00 8.580689e+00 6.600643e+00 9.199272e+00 1.029169e+01 1.002025e+01 8.351648e+00
[641] 7.866087e+00 1.188731e+01 1.084885e+01 6.498678e+00 9.936192e+00 8.570185e+00 7.702489e+00 9.613946e-01
[649] 1.116407e+01 1.103755e+01 8.406483e+00 3.062997e+00 6.906041e+00 3.099856e+00 8.786429e+00 4.429067e+00
[657] 3.752007e+00 5.797814e+00 3.636379e+00 2.986222e+00 3.553060e+00 1.109237e+01 9.445662e+00 5.673487e+00
[665] 4.290697e+00 1.015762e+00 7.422711e+00 5.357007e+00 6.896955e+00 5.366053e+00 3.838364e+00 9.576025e+00
[673] 9.026932e+00 6.071454e+00 1.216233e+00 1.027438e+01 5.212545e+00 1.042407e+01 4.807780e+00 2.540888e+00
[681] 1.012877e+01 4.316568e+00 7.939258e+00 6.987001e+00 7.386543e+00 7.334780e+00 9.210032e+00 6.868660e+00
[689] 4.272570e+00 2.791107e+00 1.996374e+00 5.701475e+00 5.999805e+00 2.010654e+00 5.511677e+00 2.200772e+00
[697] 8.052350e-01 2.178087e-01 4.152179e+00 2.502814e+00 2.255590e+00 2.389421e+00 8.922524e+00 1.978474e-01
[705] 8.418045e+00 7.009405e-01 5.016591e+00 8.301213e+00 6.690826e+00 6.492187e+00 7.049226e-01 2.787752e+00
[713] 6.962141e+00 5.492706e+00 5.094063e+00 1.141138e+00 8.348966e+00 7.115897e+00 2.432467e-01 7.368704e+00
[721] 4.878379e+00 2.949517e+00 4.952482e+00 3.277846e+00 3.087336e+00 8.112821e+00 6.501894e+00 5.277605e+00
[729] 4.694170e+00 4.135047e-01 8.111205e+00 4.649647e+00 1.727512e+00 5.925820e+00 3.819998e+00 2.609008e+00
[737] 7.431757e+00 6.899502e+00 5.725992e-01 7.344006e+00 3.995934e+00 6.263803e+00 8.870426e-01 3.010156e+00
[745] 7.626513e+00 6.493439e+00 3.458273e+00 3.193969e+00 3.651884e+00 7.438638e+00 6.240688e+00 4.684300e+00
[753] 5.787094e+00 6.661038e+00 4.517105e+00 6.396744e+00 6.549775e+00 2.729747e-01 5.822669e+00 3.262745e+00
[761] 4.621851e+00 4.096634e+00 4.835734e+00 3.700924e+00 5.243055e+00 6.559222e+00 5.976673e+00 6.227485e+00
[769] 3.306007e+00 9.733206e-01 3.271246e+00 6.014228e+00 5.689129e+00 2.390059e+00 2.825071e+00 6.480798e+00
[777] 3.665706e+00 3.362785e+00 2.987789e+00 3.445217e+00 5.474341e+00 3.812722e+00 2.338095e+00 2.618860e+00
[785] 4.055904e+00 3.987932e+00 5.396015e+00 1.063485e+00 3.172982e+00 5.250630e+00 3.801228e+00 4.778997e-01
[793] 3.933778e+00 7.739281e-01 5.262661e-01 2.039287e+00 4.076525e+00 1.521697e+00 4.366563e+00 2.597845e+00
[801] 1.204673e+00 5.104334e+00 4.623507e-01 1.645716e-01 2.209687e+00 2.683631e+00 4.444774e+00 4.039958e+00
[809] 4.806447e+00 2.237721e+00 2.355557e+00 2.848607e-01 3.571656e+00 1.065921e+00 1.658197e+00 3.595647e+00
[817] 4.592394e-01 2.589451e+00 1.015753e+00 3.856248e+00 3.827330e+00 3.502360e+00 7.522900e-01 1.442358e+00
[825] 2.112050e+00 2.938589e-01 2.699842e-01 3.351197e+00 1.289590e-01 2.614077e+00 5.591558e-01 1.675831e+00
[833] 1.457244e+00 6.049614e-01 2.845442e+00 1.628025e+00 1.543574e+00 4.195606e-02 1.811412e+00 8.536860e-01
[841] 3.535127e-01 1.713804e+00 3.392617e-01 2.042566e+00 2.527291e+00 1.424650e+00 1.884476e+00 1.812211e+00
[849] 9.598396e-04 1.888585e+00 2.386114e+00 2.283226e+00 1.306628e+00 1.907910e+00 2.984500e-01 6.762849e-01
[857] 1.202418e+00 9.043035e-01 5.315914e-01 3.800853e-01 2.923675e-01

$PAR
  [1]  NA   1   1   1   1   1   1   1   1   1   1   1   1   3   3   3   3   3   3   3   3   3   3   3   3   3   3  16
 [29]  16  17  17   5   5   5   5   5   5   5   5   5   5   5   5   5   5   6   6   6   6   6   6   6  30  30  30  30
 [57]  32  19  19  20  20  20  60   7   7   7  61  33  67  68  68  68  68  70  70  71  71  71  71  71  53  34  34  34
 [85]  34  34  34  34  34  34  59  59  59  82  82  82  82  35  35  35  35  74  47  47  47  47  48  48  55  55 107 107
[113]  66  66  21 111 111 111 111  22  22 109 109  69 108  83  83  83  83  83  91 113 113  76  76  76  92  92  92  92
[141]  92  92  92 110 110 110 110  84  84 114 114 114 114 114  77  77  77  77  85  85  85 150 116 116 116 116 163 163
[169] 151 151  49  49  49  49  94 152 175 175 175 177 177 177 177 177 177 159  36 187 187 187 187 187 187 122 122 122
[197] 186 186 186 186 123 123 123 123 123 123 162 162 178 207  93  93 188 118 118 118 118 118 118 118 118 144  98 137
[225]   8  95  78  78  78  78  78 224 224  37 232 232 232 138 169 234 121 197 235 235 225 225  38  38  38  38 241 241
[253]  39  40  40  40  40  40  40 210  23  23 104  41 158 158 132 132 132 132 132 132 132 133 133 274 274 274 274 190
[281] 190 167 167 167 167 167 167 282 282 282 282 282 282 191 191 288 170 170 170 170 170 214 214 182 182 182 124 124
[309] 194 194  50  50  50  50 153 153 153 153 153  42  42  42 315 315 280 280 280 325 320 320 320 307 296 296 296 260
[337] 260 236 261 261 261 261 261 281 119 254 251 127 127 127 336 336 336 336 321 139 139 139 139 328 328 242 297 297
[365] 297 115 247 247 202 203 203 203 203  25 362 268 268  97  97  97 367 367 228  86  86 255 255 255 255  87 204 204
[393] 238 209 209 145 145 348 302 302 302 205 205 205 205 256 105 105 105 105 105 105 269 352 352 352 352 402  43  43
[421] 376 347 229 339 339 329 329 377 377 140 164 164 183 183 183 183 308 308 433 262 248 295 295 233  80  44 340 340
[449] 340 434 434 434 398 283 353 366 363 363 363 253 440 440 360 360 399 304 304 304 393 393 192 192 192 192 430 430
[477] 430 141 322 322 316 316 184 184 184 284 284 356 356 407 172 246 471 471 378 216 216 309 309 309 309 498 332 332
[505]  27  27 146 146 408 265 265 505 502 465 465 465 337 484 484 510 488 488 488 514 290 290 290 290 290 525 525 419
[533] 467 390 349 349 349 349 311 403 403 403 270 270 270 457 457 543 543 548 442 532 532 532 532 503 503 503 217 493
[561] 493 493 493 428 428 439 507 507 507 507 259 259 312 312 249 491 491 418 550 550 550 147 299 100 100 438 438 576
[589] 371 371 371 521 521 384 384 544 544 397 397 397 552 530 530 530 271 271 427 300 300 300 300 602 313 317 441 441
[617] 441 266 266 266 388 517 577 577 292 341 341 341 601 601 372 385 566 566 566 566 549 594 369 369 369 547 547 560
[645] 518 518 642 526 629 629 480 480 218 218 605 605 605 536 536 536 460 618 618 185 185 185 286 286 495 495 495 662
[673] 662 662 631 448 448 643 511 511 589 589 165 165 472 459 678 219 219 676 676 626 681 359 639 598 598 598 504 504
[701] 504 381 421 421 584 584 568 539 672 391 522 306 637 487 487 487 540 655 655 429 496 496 342 220 220 537 452 452
[729] 452 452 708 395 395 597 597 726 470 509 409 683 683 350 641 582 524 524 524 524 599 745 745 737 667 685 740 686
[757] 374 374 410 684 345 345 738 738 669 512 512 688 688 688 538  89 636 766 727 273 746 746 710 230 756 632 632 455
[785] 768 768 445 674 772 604 250 753 692 364 364  90 728 790 474 474 677 531 531 531 802 564 619 707 558 721 809 809
[813] 752 400 732 570 343 682 665 689 699 545 545 528 786 793 782 657  52 822 822 780 780 780 828 828 828 769 724 724
[841] 627 652 652 592 835 775 784 830 818 845 700 851 696 501 733 836 798 788 600 482 523

$EXTANT
  [1] FALSE FALSE FALSE FALSE  TRUE  TRUE FALSE FALSE FALSE FALSE FALSE FALSE FALSE FALSE FALSE FALSE FALSE FALSE FALSE
 [20] FALSE FALSE FALSE  TRUE FALSE  TRUE FALSE  TRUE FALSE FALSE FALSE FALSE FALSE FALSE  TRUE  TRUE FALSE FALSE  TRUE
 [39] FALSE FALSE FALSE FALSE FALSE FALSE FALSE FALSE FALSE FALSE FALSE  TRUE FALSE  TRUE FALSE FALSE FALSE FALSE FALSE
 [58] FALSE FALSE FALSE FALSE FALSE FALSE FALSE FALSE FALSE FALSE FALSE FALSE FALSE FALSE FALSE FALSE FALSE FALSE  TRUE
 [77] FALSE  TRUE FALSE  TRUE FALSE FALSE  TRUE  TRUE FALSE  TRUE FALSE FALSE FALSE  TRUE FALSE FALSE FALSE FALSE FALSE
 [96] FALSE  TRUE FALSE FALSE  TRUE  TRUE FALSE FALSE  TRUE  TRUE FALSE FALSE FALSE FALSE FALSE FALSE FALSE FALSE  TRUE
[115] FALSE  TRUE FALSE  TRUE  TRUE FALSE FALSE FALSE  TRUE FALSE FALSE FALSE  TRUE FALSE  TRUE FALSE FALSE  TRUE FALSE
[134]  TRUE  TRUE  TRUE FALSE FALSE FALSE FALSE  TRUE FALSE  TRUE FALSE FALSE  TRUE  TRUE FALSE FALSE FALSE FALSE FALSE
[153]  TRUE  TRUE FALSE FALSE FALSE  TRUE FALSE FALSE FALSE FALSE FALSE  TRUE  TRUE  TRUE  TRUE FALSE FALSE FALSE FALSE
[172] FALSE  TRUE  TRUE FALSE FALSE  TRUE FALSE FALSE FALSE FALSE FALSE  TRUE  TRUE  TRUE FALSE FALSE FALSE FALSE FALSE
[191] FALSE  TRUE FALSE FALSE  TRUE  TRUE FALSE FALSE FALSE FALSE FALSE  TRUE  TRUE  TRUE  TRUE  TRUE FALSE FALSE FALSE
[210] FALSE FALSE FALSE FALSE  TRUE  TRUE FALSE  TRUE  TRUE  TRUE  TRUE  TRUE FALSE FALSE FALSE FALSE  TRUE  TRUE  TRUE
[229]  TRUE FALSE  TRUE FALSE  TRUE FALSE  TRUE  TRUE  TRUE FALSE FALSE FALSE FALSE FALSE FALSE  TRUE FALSE  TRUE FALSE
[248] FALSE FALSE  TRUE FALSE FALSE FALSE  TRUE  TRUE FALSE FALSE FALSE FALSE FALSE  TRUE FALSE FALSE  TRUE FALSE  TRUE
[267] FALSE FALSE  TRUE  TRUE  TRUE  TRUE  TRUE  TRUE FALSE  TRUE  TRUE  TRUE  TRUE  TRUE FALSE FALSE FALSE  TRUE FALSE
[286]  TRUE  TRUE FALSE FALSE  TRUE  TRUE  TRUE  TRUE FALSE FALSE  TRUE  TRUE FALSE FALSE  TRUE FALSE  TRUE FALSE FALSE
[305]  TRUE  TRUE FALSE FALSE  TRUE  TRUE  TRUE FALSE  TRUE  TRUE  TRUE  TRUE  TRUE  TRUE  TRUE FALSE FALSE  TRUE FALSE
[324]  TRUE FALSE FALSE  TRUE FALSE FALSE FALSE FALSE  TRUE  TRUE  TRUE  TRUE FALSE  TRUE  TRUE  TRUE  TRUE  TRUE  TRUE
[343]  TRUE  TRUE FALSE  TRUE FALSE FALSE FALSE FALSE  TRUE  TRUE  TRUE  TRUE FALSE FALSE FALSE FALSE FALSE  TRUE FALSE
[362] FALSE FALSE  TRUE  TRUE FALSE FALSE FALSE  TRUE FALSE  TRUE FALSE  TRUE  TRUE FALSE FALSE FALSE  TRUE FALSE FALSE
[381]  TRUE  TRUE FALSE  TRUE  TRUE  TRUE FALSE FALSE FALSE  TRUE  TRUE  TRUE  TRUE FALSE  TRUE  TRUE  TRUE  TRUE FALSE
[400]  TRUE  TRUE  TRUE  TRUE  TRUE  TRUE FALSE FALSE  TRUE FALSE  TRUE  TRUE  TRUE  TRUE FALSE  TRUE  TRUE  TRUE  TRUE
[419] FALSE FALSE  TRUE FALSE  TRUE  TRUE  TRUE FALSE  TRUE  TRUE  TRUE  TRUE  TRUE FALSE FALSE  TRUE FALSE  TRUE FALSE
[438]  TRUE FALSE  TRUE  TRUE  TRUE FALSE  TRUE  TRUE FALSE  TRUE  TRUE  TRUE FALSE  TRUE  TRUE  TRUE  TRUE  TRUE FALSE
[457]  TRUE FALSE  TRUE FALSE FALSE FALSE  TRUE FALSE FALSE FALSE  TRUE FALSE  TRUE  TRUE  TRUE FALSE  TRUE  TRUE  TRUE
[476]  TRUE  TRUE FALSE FALSE  TRUE  TRUE  TRUE FALSE  TRUE  TRUE FALSE  TRUE  TRUE FALSE FALSE FALSE  TRUE  TRUE  TRUE
[495]  TRUE  TRUE  TRUE  TRUE FALSE  TRUE  TRUE FALSE FALSE  TRUE  TRUE FALSE  TRUE  TRUE  TRUE  TRUE  TRUE FALSE  TRUE
[514] FALSE  TRUE  TRUE  TRUE  TRUE  TRUE  TRUE  TRUE  TRUE  TRUE  TRUE  TRUE  TRUE  TRUE  TRUE  TRUE  TRUE  TRUE  TRUE
[533] FALSE  TRUE FALSE  TRUE FALSE FALSE  TRUE FALSE  TRUE  TRUE FALSE  TRUE  TRUE FALSE FALSE FALSE FALSE  TRUE FALSE
[552]  TRUE  TRUE  TRUE  TRUE  TRUE  TRUE FALSE  TRUE FALSE FALSE  TRUE  TRUE  TRUE  TRUE  TRUE  TRUE  TRUE FALSE  TRUE
[571] FALSE FALSE FALSE FALSE FALSE  TRUE FALSE FALSE  TRUE  TRUE  TRUE  TRUE  TRUE  TRUE  TRUE FALSE  TRUE  TRUE FALSE
[590]  TRUE  TRUE  TRUE  TRUE  TRUE  TRUE FALSE  TRUE  TRUE  TRUE  TRUE FALSE  TRUE  TRUE FALSE  TRUE FALSE  TRUE FALSE
[609] FALSE  TRUE  TRUE  TRUE  TRUE FALSE  TRUE  TRUE  TRUE FALSE  TRUE  TRUE FALSE  TRUE FALSE FALSE  TRUE  TRUE  TRUE
[628]  TRUE  TRUE FALSE  TRUE FALSE FALSE FALSE  TRUE  TRUE  TRUE  TRUE  TRUE  TRUE  TRUE FALSE FALSE FALSE FALSE  TRUE
[647]  TRUE  TRUE FALSE FALSE  TRUE  TRUE  TRUE  TRUE  TRUE  TRUE  TRUE FALSE FALSE  TRUE  TRUE FALSE FALSE FALSE  TRUE
[666]  TRUE  TRUE  TRUE FALSE FALSE  TRUE FALSE FALSE  TRUE  TRUE  TRUE  TRUE  TRUE FALSE  TRUE FALSE  TRUE FALSE  TRUE
[685]  TRUE  TRUE  TRUE  TRUE  TRUE  TRUE  TRUE FALSE  TRUE  TRUE FALSE  TRUE  TRUE  TRUE  TRUE FALSE FALSE  TRUE  TRUE
[704]  TRUE FALSE  TRUE  TRUE FALSE FALSE  TRUE  TRUE  TRUE  TRUE  TRUE  TRUE  TRUE  TRUE  TRUE  TRUE FALSE FALSE  TRUE
[723]  TRUE  TRUE  TRUE FALSE  TRUE  TRUE FALSE  TRUE  TRUE  TRUE  TRUE  TRUE FALSE  TRUE  TRUE  TRUE  TRUE  TRUE  TRUE
[742]  TRUE  TRUE FALSE  TRUE  TRUE  TRUE  TRUE FALSE  TRUE  TRUE  TRUE  TRUE FALSE FALSE  TRUE FALSE  TRUE FALSE  TRUE
[761] FALSE  TRUE  TRUE  TRUE  TRUE  TRUE FALSE  TRUE  TRUE  TRUE FALSE  TRUE  TRUE  TRUE  TRUE  TRUE  TRUE  TRUE  TRUE
[780]  TRUE  TRUE  TRUE  TRUE  TRUE  TRUE  TRUE  TRUE  TRUE  TRUE  TRUE  TRUE  TRUE  TRUE  TRUE  TRUE  TRUE  TRUE  TRUE
[799]  TRUE  TRUE  TRUE  TRUE  TRUE  TRUE  TRUE  TRUE  TRUE  TRUE  TRUE  TRUE  TRUE  TRUE FALSE  TRUE  TRUE  TRUE  TRUE
[818]  TRUE  TRUE  TRUE  TRUE  TRUE  TRUE  TRUE  TRUE  TRUE  TRUE  TRUE  TRUE  TRUE  TRUE  TRUE  TRUE  TRUE  TRUE  TRUE
[837] FALSE  TRUE  TRUE  TRUE  TRUE  TRUE  TRUE  TRUE  TRUE  TRUE  TRUE  TRUE  TRUE  TRUE  TRUE  TRUE  TRUE  TRUE  TRUE
[856]  TRUE  TRUE  TRUE  TRUE  TRUE  TRUE

