
Birth-death simulation object with 891 species and 500 extant species

Details for some species:

Extinction times (NA means extant)
[1] 78.26646 71.04180 72.15236 64.15469 68.86420 76.59001


Speciation times 
[1] 95.78892 87.37041 86.31716 84.65884 81.38527 76.76807


Species parents (NA for initial)
[1] NA  1  1  1  1  2


Species status (extinct or extant)
[1] "extinct" "extinct" "extinct" "extinct" "extinct" "extinct"


For more details on vector y, try sim$y, with y one of
TE TS PAR EXTANT



$TE
  [1] 78.26645565 71.04179940 72.15235904 64.15468834 68.86420421 76.59000643 57.10018822 64.50596060 36.91742569
 [10] 43.24688740 62.11717864          NA 67.66017063 65.63690241 43.62335594 54.59593683 15.88423051          NA
 [19] 71.15321135 68.19037984 40.87528657 65.75296730 57.32796791 18.40875736 37.96033170 35.13302764 63.03293615
 [28] 43.52560000 49.00085338 72.28710116 57.19048964 17.39504572 31.82643516 13.10293583 68.45134310 53.14090124
 [37] 40.48774289 52.45719007 20.97234963 67.28958045          NA 11.02701037 40.40262606 58.20299257 39.97459369
 [46] 22.46134508 19.84660379 51.99426871 47.43416220 17.65425048  8.76988097 30.43794483 50.48761814 41.03976464
 [55] 47.45811418 52.46664569 41.60569448 58.72799213 27.87506819 38.59784902 21.00228120 21.74996860 18.24550844
 [64] 50.55544668 46.51367196 17.65407136 22.81101215 57.38587913 37.85860582 42.86440954          NA 27.66032186
 [73] 20.47016748 19.03027300          NA  4.60774169 39.86358332 52.95863724 48.19680610 18.90648390 57.90880829
 [82]          NA  1.41584608 15.07213156 21.12996192 47.93634112  6.61025377 52.83212613 44.01747429 43.62715992
 [91]          NA 30.96856758 26.14845428          NA  8.29138354 46.84004486 55.82604866  3.12488876 14.88819485
[100]          NA 28.26613325          NA 16.75171647 20.44854888  4.98208441 38.73447838 25.90600737 47.79511641
[109] 30.25109754 20.51035413 29.00640387          NA          NA 11.44033069 38.08987002 46.56964774 38.95746696
[118] 25.13252474          NA 11.07057757          NA 48.28167553 49.09557501 44.66237193          NA 13.95299990
[127] 22.40257755          NA 22.10028862 53.19367973 25.08431084 21.25029239          NA          NA 33.76924628
[136] 10.58159428 53.05670252 48.43153361 42.30167228 20.66486902 17.73848361 35.33081640 41.29436758 36.49643180
[145]  3.66111983  5.97007290          NA 43.53767469 39.11014127 35.68827111 31.12507495 40.70935071          NA
[154] 29.85698756          NA          NA 48.22578925          NA          NA 32.33602381 16.46419324 26.26615745
[163] 34.29637183 21.62009852          NA          NA          NA          NA 29.31030619          NA 44.24236022
[172] 28.34726224 31.28139322          NA 13.34983202          NA          NA          NA 31.75598683 18.80484190
[181] 25.95638300 12.65163320 14.19027625  8.36239801          NA          NA 29.94229988 10.08317610          NA
[190]          NA 39.52911523 32.91160466 14.03596307          NA 17.37564091 29.00048626 27.11850875          NA
[199] 22.54820521          NA  0.19039870          NA  6.04712554          NA 36.34902294          NA          NA
[208]  5.98139193 37.90418960 20.53586435 27.00096907          NA          NA  5.73339167          NA  0.23628287
[217]          NA 23.71015902 21.13673768          NA 28.26775892          NA 30.87521787 23.30637448 27.65882647
[226]  9.30744770 30.30944728          NA 17.69889050 19.04717066 13.53840915          NA  6.74124491  8.54480366
[235]          NA          NA          NA 34.10532717          NA 21.01025739  3.96153219          NA 29.12181821
[244] 23.04154749 26.99624053 11.89441503  5.42591788  3.70459838 14.05882732 12.42839922 29.21813883 30.53022350
[253] 11.48024883          NA          NA 14.83069161  5.16249671  7.24726110  9.86875722          NA          NA
[262]          NA          NA          NA  3.62552527 24.66911879 15.00191454          NA          NA          NA
[271]  9.22788660  7.16727584          NA          NA          NA 25.48755626 15.56757250          NA  5.52204168
[280]          NA 16.78731004 18.98358534          NA          NA  1.93311770          NA          NA  0.20585661
[289]          NA          NA  5.63551171 16.76912191 31.45633116 30.58657915          NA  8.59679042 12.44408995
[298]          NA 25.10677575          NA          NA  0.19841861  4.49829560 27.46221025 24.87294756          NA
[307] 13.32847538 13.97958385          NA 12.15954874          NA 28.77034604  4.61094255          NA 15.05768675
[316]          NA          NA          NA 18.51883256          NA          NA 12.63010857 28.27159101          NA
[325]          NA  5.31266168          NA  2.67285393  8.07962720  8.19585018          NA          NA  0.93060850
[334]  3.51107552  5.33090085 18.20028817 24.58360205  8.65288644  7.02351424  0.63545143          NA  9.35145248
[343] 24.04671023          NA          NA          NA 12.42702133          NA          NA          NA          NA
[352]          NA  2.33716829          NA          NA  0.30235364 12.56990060          NA          NA          NA
[361]          NA          NA          NA 25.09874083          NA          NA          NA          NA 24.53541814
[370]          NA          NA          NA          NA 14.68676047 19.01950999 16.05926747 22.54711981          NA
[379]  3.49909580          NA          NA 18.77049103          NA          NA          NA          NA          NA
[388] 18.65392950          NA 18.51610357  9.98957707  4.83455167          NA  6.05830291 10.78709631          NA
[397]          NA          NA 10.17921683          NA          NA  3.19767041          NA  6.21275668  8.56977178
[406]          NA          NA  9.38649074          NA          NA  3.90397579          NA          NA          NA
[415]          NA          NA          NA          NA          NA  9.42367502  3.88223164  8.18188464  1.90293332
[424] 20.80025606          NA          NA  9.50458874          NA          NA          NA 11.94933826          NA
[433]          NA          NA          NA 13.86642145  7.94900965          NA          NA 21.08968109          NA
[442]          NA          NA          NA          NA 13.48964246          NA          NA 10.35291863 17.15928307
[451]  4.77407798  7.77823849          NA          NA          NA          NA          NA 11.45697633  5.79524720
[460]          NA          NA  4.46716266          NA  6.61182625  0.70200058          NA          NA          NA
[469] 11.50147328 15.18964889          NA          NA  7.92252920          NA 11.45592400 13.47611541          NA
[478]          NA          NA  0.05717536 13.55583230          NA  2.69934186          NA 15.12791535 11.11821422
[487]          NA          NA 15.74744335          NA          NA          NA          NA          NA          NA
[496]          NA  4.10155703          NA          NA          NA          NA          NA          NA 13.88234239
[505]  3.06882521          NA          NA          NA          NA  3.92023875          NA          NA 11.67600319
[514]  8.26619381          NA          NA          NA          NA 14.90700483          NA          NA          NA
[523]  5.03542498  6.49003715  4.63496498  6.71883016  3.69524754          NA          NA  4.24516960  1.96594367
[532]          NA          NA 11.54855334          NA          NA  3.30911429          NA 15.02261426 11.53142730
[541]          NA  4.13117919          NA          NA          NA          NA 13.74481770  0.43567644          NA
[550]          NA          NA          NA          NA          NA  5.33828638          NA 11.83641414          NA
[559]          NA          NA 13.25878286  6.17117803          NA  1.46863700          NA 12.41493011  3.93388369
[568]          NA          NA          NA          NA          NA  4.76535897          NA  8.29796429 10.06766885
[577]  3.89632166          NA  5.21543498 10.29991349          NA  8.63309636          NA          NA          NA
[586]          NA          NA          NA          NA          NA          NA          NA          NA  1.06688736
[595]          NA          NA  4.86151657          NA          NA          NA          NA  7.68473398          NA
[604]          NA          NA          NA          NA          NA          NA          NA          NA          NA
[613]          NA          NA          NA  5.82269913 14.18509134          NA          NA          NA  4.88318829
[622]          NA          NA          NA          NA          NA          NA          NA 11.36411808          NA
[631]          NA          NA  0.29969467  5.47132571  3.42038678  1.93642188          NA          NA          NA
[640]          NA  0.85434866          NA          NA  2.58555355          NA 12.73730574  0.09763341          NA
[649]          NA          NA  9.82383556          NA          NA  1.86810993          NA          NA          NA
[658]          NA          NA          NA          NA          NA          NA          NA          NA          NA
[667]          NA          NA          NA  9.13876233  8.93326183  9.47496892          NA  4.32361282          NA
[676]          NA          NA          NA  4.44517151          NA  9.03526979          NA          NA          NA
[685]          NA          NA          NA          NA          NA          NA          NA          NA  1.50638799
[694]          NA          NA          NA          NA          NA          NA          NA          NA  7.23095038
[703]          NA          NA          NA          NA  6.70626913          NA          NA          NA  3.43523764
[712]          NA          NA          NA          NA          NA          NA  0.16154934  2.09532746  7.89907709
[721]          NA  6.84720537  1.80309381          NA          NA          NA          NA  2.57872562          NA
[730]          NA          NA          NA          NA          NA          NA          NA          NA          NA
[739]          NA          NA          NA          NA          NA          NA          NA          NA          NA
[748]          NA          NA          NA          NA          NA          NA  4.72381163  8.00131807  7.12194651
[757]          NA          NA  5.83483233  7.03225257          NA  4.04934604          NA          NA          NA
[766]          NA          NA          NA          NA          NA          NA  7.47187190          NA          NA
[775]          NA          NA          NA          NA          NA          NA          NA          NA  0.99987191
[784]          NA          NA          NA          NA          NA          NA          NA          NA          NA
[793]          NA          NA          NA          NA          NA          NA          NA  2.71405066          NA
[802]          NA  0.88381239          NA          NA          NA  2.04836926  0.03654333          NA  6.22603125
[811]          NA          NA          NA          NA          NA          NA          NA  5.38996394          NA
[820]          NA          NA          NA  2.91565660          NA          NA  3.86466793  2.43575222          NA
[829]          NA          NA          NA          NA          NA          NA          NA          NA          NA
[838]          NA          NA          NA          NA          NA          NA          NA          NA          NA
[847]          NA          NA  2.84629104          NA          NA          NA          NA          NA          NA
[856]          NA          NA          NA          NA          NA  4.44424785          NA          NA  3.55342560
[865]          NA          NA          NA          NA          NA          NA          NA          NA          NA
[874]          NA  2.11889115          NA          NA          NA          NA          NA          NA          NA
[883]          NA  0.27837889          NA          NA          NA          NA          NA          NA          NA

$TS
  [1] 95.788916142 87.370413381 86.317164640 84.658842637 81.385267679 76.768066773 73.292627900 81.464457596
  [9] 79.777449993 75.651787920 74.775818921 80.146804047 69.992092014 70.371569047 67.119991346 56.909917235
 [17] 26.006861271 14.897200081 77.131100296 72.325673606 67.708884607 67.419289797 62.219727285 60.460406168
 [25] 41.919714603 74.630117664 74.174051365 73.333613978 59.762622382 74.131975406 67.028759541 44.361988108
 [33] 39.886425801 66.892462425 72.720599668 57.261896051 56.019511007 62.455870628 68.654413615 70.164964810
 [41] 62.572180541 61.753619019 61.004653577 58.265917589 43.739323216 31.086049416 30.526076128 64.394935866
 [49] 49.225415116 45.083831166 49.334717706 65.811220579 60.469599138 61.879140219 53.032994668 64.203244508
 [57] 63.008505066 62.527105784 50.011413734 46.775739950 39.697812678 55.816349064 55.124593673 53.394994850
 [65] 51.558871461 50.260847886 49.568280725 61.318810114 56.391024271 52.681395707 34.997529591 32.800362984
 [73] 30.762928961 21.948687717 14.035383008 11.244916850 57.416439213 53.891015065 61.791449025 60.123439137
 [81] 58.718085331 56.645801474 51.537282412 42.229611810 51.509621473 50.460269734 49.329785117 55.684429383
 [89] 46.972713303 46.189578276 45.637479842 39.682595965 36.531081905 34.375242328 24.703809301 60.065423267
 [97] 57.982520282 46.920754008 56.585149210 43.271229439 39.765664957 30.048254933 24.784818813 28.318752429
[105] 23.287874694 55.937437568 49.484211732 50.315667727 39.720129056 37.208758562 33.629544307 31.933155201
[113] 18.060978812 56.032379226 53.838920103 53.247734526 46.311593826 40.198784538 33.994050908 18.959143411
[121] 16.830050832 53.516885772 51.084850890 44.944893088 41.127243083 41.123237802 28.949835968 27.561438575
[129] 27.021391178 55.124410010 38.776430331 34.877648621 28.689575682 27.824047527 41.444518509 37.938593946
[137] 53.631148751 53.130777397 46.107313897 40.127446474 38.771017281 52.719239796 44.498809447 41.669223908
[145] 16.828878694  9.992696545  6.661546314 46.137173775 41.066435980 36.598522737 47.834891835 43.752007885
[153] 42.280966411 36.182907815 24.687972288 37.870455398 48.817580877 27.755340139 44.774121800 39.886914912
[161] 29.481218543 28.492944599 42.229675804 29.152525954 21.627756406 21.056421830 20.312109406 10.043563305
[169] 41.149411350 10.605987311 46.988305370 36.451159767 40.814501795 34.340118503 27.327313627 18.781943637
[177] 18.465163407 15.189452573 43.119228225 28.659357921 27.065554763 22.403124700 21.801755292 10.446417705
[185]  7.434820324  6.395197992 31.083213975 44.589022639 11.487066691  1.646297883 41.646214863 37.828272604
[193] 29.575799911 26.786204249 22.236708404 34.784055489 27.197760244 26.775573274 25.824644475  6.139044225
[201]  1.568497232 20.982436217 20.663821668 12.612436999 41.801433341 32.033564832 29.172577814 29.098498549
[209] 40.352294309 38.041342058 28.077804911 15.706601031 12.837615679  9.923135202  7.411228452  7.196081009
[217]  7.011215126 25.113743718 22.003243615 14.651854749 29.902331171 34.692527479 33.005734933 23.510581692
[225] 33.435915961 33.708637832 32.446093093 39.259315644 39.135763285 37.312215103 37.477728969 19.955706103
[233] 17.339183503 13.269667929  8.730973956  3.531582943 38.308196779 36.978971403 29.032727642 27.248659166
[241] 23.893642588  4.780835328 33.117857821 25.619310751 30.660932719 16.914006233 22.349930066 16.514484175
[249] 14.259197163 14.100323624 37.083280505 36.149793953 31.230350740 28.401009745 36.828426646 35.704461659
[257] 28.556443511 24.959304311 34.434127879 30.608959358 25.542268331 33.070820856  5.487783335  1.299972635
[265] 36.328866350 29.672050508 28.996240584 18.750782311 16.882760357 13.770044261 34.138720861 32.304257459
[273] 10.409862176 20.884694461 18.162847491 33.396191208 19.594551659 13.548472923 11.598769166  9.909854499
[281] 26.093249841 25.970498606 10.593771053  0.299795274 10.345415163 14.681331746  5.609574242  1.044430307
[289] 29.649446616 26.370375226 19.925860601 32.090111861 31.624947159 31.297392468 28.676202791 28.346457356
[297] 33.307111353 30.461891356 31.107385548  9.498919099  1.008445118 31.012628646 32.047020857 27.951518904
[305] 27.142194439 25.252444667 22.100009482 21.913284733 29.513050902 23.649189353 10.933867248 29.121511305
[313] 12.499656368 29.310245205 26.122254346 21.375029999  9.734487208 28.884190278 28.356525821 24.604762012
[321] 24.574701203 20.741808432 30.243612121 29.336646888 28.830742121 30.238918446 27.229378767 25.458900153
[329] 13.246152371  9.116302300  6.406644972  5.433807565  3.354024897 21.493413906 20.457238528 20.303440516
[337] 29.219863379 24.499844985  7.863599512  5.247070452 17.248364155 12.998498463 26.528204921 21.106673688
[345]  6.308138134  4.432922719 24.652355784 21.523597570 21.180731858  5.642980139  0.928853589 26.716877984
[353] 13.854566807  8.032641489  7.864921022  5.228459336 16.918925591 11.245989371  4.924950125  1.593920519
[361]  1.209561771 25.700102799 19.553347264 28.330842243 17.012884884 12.434347795  4.912266246  4.501881282
[369] 26.666900753 24.856941362 12.325335460  8.707090712  8.277930750 23.808798561 25.263095933 24.105343645
[377] 23.391720677 11.731960572  4.563698354  4.326361580 23.257782345 22.025361874  0.537715381 15.818003500
[385]  5.761866878  1.608928069  0.126765757 21.593390490 11.061230648 22.011820257 16.366338196 15.051883396
[393]  4.769576967 14.290046157 27.737719056  2.169144679 26.807986021 18.317116199 17.936085527 10.262928203
[401]  6.878304545 23.015933436  2.758778301 24.676044821 15.358105849 10.675624942  5.778530438 12.821479863
[409] 16.234657966  4.261855975  4.803046019  4.235602843 14.052845887  8.074550359  7.015424906  3.848628727
[417]  0.055765942 22.579337710 21.804401551 23.790398289 24.146239608 24.011008227 23.775580346 21.599703451
[425]  1.588393695 13.841354174  9.849727999 20.563842014 12.668177819  3.335087316 20.961611678 17.729442722
[433] 13.504968004  6.541755104 18.792385001 18.406648940  8.552216902 19.608988091 13.980124113 23.191830879
[441]  8.977269684  0.141591621 15.501451431  4.748829859 22.263190790 23.711242913 19.918519938 10.099418284
[449] 23.644933678 21.730846120 19.917015228 15.143725513  8.923157575  8.494124762 18.121127610 18.048114425
[457] 20.831334480 18.185910127  9.219644639  1.015472598 13.454363420 15.522091872 12.992785092  7.848371159
[465]  4.190429568  0.404478901 19.988331793 17.316882773 14.271338340 22.142127931  9.538866125 15.561602378
[473] 21.607214051 18.377814784 15.255366698 19.270521043 19.061492258 11.062698881  8.314907733 20.377639540
[481] 18.961961849 16.188146116  9.083973484 20.322299583 20.329347221 17.588637551  9.784014196  4.634945527
[489] 16.609321447  4.356914397 11.916748959  9.471258009  7.714230441  3.986815707 20.102243061  3.558433104
[497]  9.377805389  5.719344828  4.654881177  3.974196790 18.487249655  5.670740452  0.878757612 17.618801355
[505]  6.223114258 19.094811522 10.953293691  3.164588741  0.006785497 14.487729549 19.651971398 18.280205738
[513] 17.547039774 15.922382462  7.956764240  5.064806708 15.888348452  5.287132677 19.878217589 16.347748406
[521]  5.024285225  7.416291629  7.022382393 15.742279894 15.424192092 14.171359894  5.801731536 15.755532197
[529] 14.859861773  8.814664636 19.621159203 15.495751883  2.100110980 17.053097580  8.134095027  6.085284432
[537] 12.000036116  9.591768907 18.381167513 12.902078873  2.712765013  4.502979262  3.780563619  0.970564532
[545] 18.406867860 16.012999966 13.962003023 10.095707510  5.597262355 18.406333061  8.698572587  8.618665869
[553]  6.457140786  1.660118625 16.435779134  3.035049380 12.605117565  6.300881053  3.992108558 14.055141669
[561] 14.630044632  7.033204090  4.131834682  2.471653305 16.950688425 13.786021799 12.527002903  1.704103842
[569] 14.941343551  4.205529459  5.985023522  2.040593729 13.613698508 12.208905859 17.552106793 16.955465657
[577] 14.864404056 13.059393988 13.024435859 11.643426247  9.182509800 16.150225103  4.399173493  4.222325723
[585]  2.534831095  6.193967619  2.056912982 16.527507410 14.217197283  8.566354818  2.940546323 16.006721617
[593]  9.292873503  6.608319599  1.680720886 15.034628173 11.956453649 10.318684764  4.505147976  3.960490120
[601]  5.702464689 14.473213043  4.726666820  9.960250501 16.021114650 10.641504691  4.580384364  2.410220967
[609]  1.102794145  5.696246062  1.748422997  9.557564999 12.692899603  6.865358689  2.495637216 14.384014690
[617] 14.269206051  9.689635581  9.036288126  4.118648692  8.732858606 11.431494377  7.387962228  0.713519183
[625]  5.589705763  9.500805500  8.032333679  3.303888664 14.392853588 12.363115894  8.095600166  3.558088111
[633] 14.294764108 12.289235285  7.917907434  7.577370699  5.367772539 10.800805564  5.014655191  6.667734821
[641]  8.772950647  5.400399072  9.657870261  9.578798912 11.955726071 13.183664365 10.379727680  1.419554239
[649]  7.904579966 13.994278587 13.496110122 13.353365200  7.399000052  7.166101492  1.157470648  6.177148386
[657] 11.061140978  2.402011460 12.003657359  2.504391224  2.095575220 11.425029475  5.411861131  7.343397321
[665]  6.050702290  4.248543147 13.352731829  7.160192406 13.191134953  9.551164317 12.283117313  9.995621643
[673]  2.599375610 10.256896419  9.752479996  3.225263879  2.011840115  0.909846043 10.518572236 10.099680206
[681] 10.497553549  5.052874863  4.843038917  1.253152112  7.997764340  7.286676548  4.612772136  0.593656634
[689]  9.609243010  5.183925988  3.747304933  5.972770846  3.137826056  2.824591843  2.318652422  9.425589120
[697]  8.870892351  0.013938690  7.314276675  6.426913261  4.908434816  9.775700246  7.834010002  3.599981340
[705]  7.131901677  7.015989684 10.725565250  9.434517374  8.443929291  7.947385303  6.756152964  9.046740830
[713]  8.483032975  9.104915671  4.016565128  8.333616688  7.575891831  7.215093585  4.359308431  9.256576177
[721]  9.947933745  7.878810369  5.110780279  6.507996905  7.345185511  9.647159146  5.418251359  6.693735273
[729]  8.027734784  6.996503016  2.356282052  1.125911458  7.831224468  1.011808906  0.287958139  6.006245039
[737]  7.641880034  0.935806736  4.831732739  7.248249726  8.464038579  2.832647453  2.372767178  0.743010166
[745]  7.830333358  9.530841477  2.933084994  0.533560209  8.154254601  7.043068865  6.539146746  7.246951211
[753]  3.245189872  7.711744857  8.218450457  7.502351161  2.824456361  1.869218641  8.756024602  8.114227542
[761]  6.666720276  7.933605865  5.941351171  1.907699768  4.725300817  2.681341957  0.302982884  7.782263421
[769]  8.212635364  1.928437629  0.019938250  8.603406358  2.656215886  1.807206711  6.643460434  5.048974226
[777]  6.537056601  2.665192641  2.641432385  1.828705321  1.224708069  3.566905519  2.754045060  4.460231336
[785]  2.997320523  1.541186020  1.652250578  6.757864421  2.361873975  7.370818571  0.125747684  6.934825383
[793]  2.053508832  1.346802012  1.810143984  1.842820318  5.561519850  4.199154864  7.233791270  3.709454717
[801]  6.573793826  5.499310459  4.450344757  1.304065131  0.052823859  1.239149884  7.031464865  2.891482183
[809]  1.008414141  6.348807750  4.439070373  2.558853059  7.101012497  4.180005885  4.934094671  3.019022196
[817]  6.245911302  5.781382076  3.448808024  1.203948533  6.015375917  2.759589039  4.955645165  1.289824680
[825]  2.908730772  5.786187455  5.664050750  2.075724703  6.286203023  5.895885755  2.593456588  0.780011395
[833]  0.254201934  6.266413947  5.995840022  0.936831231  0.126469598  3.216266976  3.027603016  3.402866675
[841]  2.922861789  0.844651277  0.202859978  4.732462746  5.715668777  0.256846533  2.916100608  1.011394344
[849]  3.641300419  2.936487118  1.269558372  3.611070321  1.919456837  2.062117488  1.819203764  5.371145059
[857]  5.217876291  2.398995811  2.496309862  2.906357105  4.960147801  4.791965263  3.495396081  3.870484680
[865]  3.459980951  3.090742909  1.866867733  2.427823698  1.382728795  2.900046325  1.762622965  3.058946359
[873]  0.026395262  2.713864632  3.318193730  0.551322879  0.952357917  2.109597752  1.181370275  2.470956347
[881]  0.002479931  0.435939684  1.978684397  2.337006032  1.429374675  0.122636029  0.619701148  1.118816690
[889]  0.748871230  0.655780836  0.299339610

$PAR
  [1]  NA   1   1   1   1   2   2   4   4   4   4   8   5  12  12  12  12  12   9   9   9   9   9   9   9  10  10  10  10
 [30]  11  11  26  26  27  28  28  28   7  35  20  39  39  39  39  39  39  39  21  21  21  15  31  31  34  34  52  52  52
 [59]  52  52  52  48  57  57  57  57  57  41  41  41  41  41  41  41  41  41  38  38  23  23  23  54  54  54  79  79  79
 [88]  42  42  42  42  42  42  42  42  68  68  43  24  24  24  24  24  80  80  77  77  82  82  82  82  82  82  99  99  99
[117]  99  99  99  99  99  69  69  69  69 114 114 114 114 106 106  62  62  62  63  63  78  78 115 115 115 122  83  83  83
[146]  83  83  85  85  85  66  66  66  66  66  59  67  67 107 107 107 107  51  51  51  51  51  51  87  87 151 151  98  98
[175]  98  98  98  98 139  91  91  91  91  91  91  91  50 159 159 159 188 188 188  32  32 100 100 100 100 100 100 153 153
[204] 153 163  84  84  84 125 125 125 125 125 125 125 125 125 126 126 126 118 140 140 140 160  33  33 101 101 109  61 228
[233] 228 228 228 228 229 229 229 141 141 237 210 210 136 136 156 156 156 156 192 192 231 231 230 230 230 230 110 110 110
[262] 255 255 255  93  93  93 265 265 265 252 256  71 222 222 259  94  94  94  94 174 174 174 174 271 119 119 119 226 226
[291] 226 225 225 225 225 225 276 276 262 262 262 223  72 272 272 272 292 303 206 206 206 112 253 299 299 302 302  73  73
[320]  73  73  73 245 245 245 260 260 260 260 260 260 260 260  47  47  47 298 298 298 298 326 326 102 102 102 102 289 289
[349] 289 289 289 193 309 309 309 309 161 324 324 324 324 314 314 337 207 207 207 207 164 208 208 208 208 239 127 318 318
[378] 318 318 325 133 133 133 295 295 295 295 257 257 254 254 254 254 296 104 134 395 395 395 128 128 175 327 129 397 397
[407] 397 194 198 198 352 352 290 290 290 290 290 281 281 199 362 244 244 261 261 328 328 375 306 306 370 370 370 370  95
[436]  95 155 404 404 347 320 320 321 321 338 421 421 421 422 422 422 422 241 241 420 310 449 105 105 381 402 418 418 418
[465] 418 418 182 247 247 445 445 470 307 307 307 308 419 419 419 183 165 165 473 388 348 348 348 348 334 334 316 349 349
[494] 349 344 344 166 166 274 274 457 457 457 203 203 428 428 428 428 335 480 484 484 484 484 484 167 167 495 495 495 232
[523] 232 291 291 291 291 447 451 451 519 519 511 438 438 438 363 363 506 506 506 477 477 477 120 435 435 435 435 176 176
[552] 268 268 268 177 177 545 550 550 474 398 398 398 398 512 512 512 512 455 455 113 113 432 432 504 486 513 513 233 233
[581] 233 468 468 468 468 341 365 565 565 565 565 269 269 269 269 121 121 121 121 121 145 588 588 248 555 391 520 520 520
[610] 409 482 582 605 546 546 592 517 517 528 528 212 462 462 443 532 178 178 178 452 452 596 596 569 569 569 569 569  18
[639]  18 577 529 529 286 286 629 616 616 633 394 526 526 526 526 560 413  75 353 353 426 270 270 573 573 278 278 278 461
[668] 652 667 667 234 669 669 213 213 613 613 204 313 313 366 366 366 366 630 371 371 371 574 574 574 659 659 659 659 645
[697] 491 378 622 662 662 358 358 358 478 478 389 657 657 507 507 707 707 606 606 283 283 283 283 679 273 647 647 285 400
[726] 674 674 680 448 448 168 168 146 604 604 721 214 487 675 317 618 618 618 643 726 689 689 538 644 612 612 626 626 708
[755] 696 696 696 593 459 459 714 712 712 712 697 697 697 621 235 372 372 551 552 454 713 709 716 716 716 716 479 373 769
[784] 535 535 631 354 627 627 729 515 635 355 355 703 733 745 745 768 493 754 717 185 185 185 653 623 725 664 699 699 740
[813] 718 216 654 750 523 706 706 706 415 415 401 401 614 711 640 640 761 761 434 434 434 724 345 558 558 829 817 536 665
[842] 736 692 826 407 407 385 845 827 827 350 287 625 797 797 727 663 856 518 723 682 521 521 815 815 701 739 844 765 499
[871] 798 814 715 494 852 852 496 863 808 783 874 585 564 880 695 795 781 820 888 877 284

$EXTANT
  [1] FALSE FALSE FALSE FALSE FALSE FALSE FALSE FALSE FALSE FALSE FALSE  TRUE FALSE FALSE FALSE FALSE FALSE  TRUE FALSE
 [20] FALSE FALSE FALSE FALSE FALSE FALSE FALSE FALSE FALSE FALSE FALSE FALSE FALSE FALSE FALSE FALSE FALSE FALSE FALSE
 [39] FALSE FALSE  TRUE FALSE FALSE FALSE FALSE FALSE FALSE FALSE FALSE FALSE FALSE FALSE FALSE FALSE FALSE FALSE FALSE
 [58] FALSE FALSE FALSE FALSE FALSE FALSE FALSE FALSE FALSE FALSE FALSE FALSE FALSE  TRUE FALSE FALSE FALSE  TRUE FALSE
 [77] FALSE FALSE FALSE FALSE FALSE  TRUE FALSE FALSE FALSE FALSE FALSE FALSE FALSE FALSE  TRUE FALSE FALSE  TRUE FALSE
 [96] FALSE FALSE FALSE FALSE  TRUE FALSE  TRUE FALSE FALSE FALSE FALSE FALSE FALSE FALSE FALSE FALSE  TRUE  TRUE FALSE
[115] FALSE FALSE FALSE FALSE  TRUE FALSE  TRUE FALSE FALSE FALSE  TRUE FALSE FALSE  TRUE FALSE FALSE FALSE FALSE  TRUE
[134]  TRUE FALSE FALSE FALSE FALSE FALSE FALSE FALSE FALSE FALSE FALSE FALSE FALSE  TRUE FALSE FALSE FALSE FALSE FALSE
[153]  TRUE FALSE  TRUE  TRUE FALSE  TRUE  TRUE FALSE FALSE FALSE FALSE FALSE  TRUE  TRUE  TRUE  TRUE FALSE  TRUE FALSE
[172] FALSE FALSE  TRUE FALSE  TRUE  TRUE  TRUE FALSE FALSE FALSE FALSE FALSE FALSE  TRUE  TRUE FALSE FALSE  TRUE  TRUE
[191] FALSE FALSE FALSE  TRUE FALSE FALSE FALSE  TRUE FALSE  TRUE FALSE  TRUE FALSE  TRUE FALSE  TRUE  TRUE FALSE FALSE
[210] FALSE FALSE  TRUE  TRUE FALSE  TRUE FALSE  TRUE FALSE FALSE  TRUE FALSE  TRUE FALSE FALSE FALSE FALSE FALSE  TRUE
[229] FALSE FALSE FALSE  TRUE FALSE FALSE  TRUE  TRUE  TRUE FALSE  TRUE FALSE FALSE  TRUE FALSE FALSE FALSE FALSE FALSE
[248] FALSE FALSE FALSE FALSE FALSE FALSE  TRUE  TRUE FALSE FALSE FALSE FALSE  TRUE  TRUE  TRUE  TRUE  TRUE FALSE FALSE
[267] FALSE  TRUE  TRUE  TRUE FALSE FALSE  TRUE  TRUE  TRUE FALSE FALSE  TRUE FALSE  TRUE FALSE FALSE  TRUE  TRUE FALSE
[286]  TRUE  TRUE FALSE  TRUE  TRUE FALSE FALSE FALSE FALSE  TRUE FALSE FALSE  TRUE FALSE  TRUE  TRUE FALSE FALSE FALSE
[305] FALSE  TRUE FALSE FALSE  TRUE FALSE  TRUE FALSE FALSE  TRUE FALSE  TRUE  TRUE  TRUE FALSE  TRUE  TRUE FALSE FALSE
[324]  TRUE  TRUE FALSE  TRUE FALSE FALSE FALSE  TRUE  TRUE FALSE FALSE FALSE FALSE FALSE FALSE FALSE FALSE  TRUE FALSE
[343] FALSE  TRUE  TRUE  TRUE FALSE  TRUE  TRUE  TRUE  TRUE  TRUE FALSE  TRUE  TRUE FALSE FALSE  TRUE  TRUE  TRUE  TRUE
[362]  TRUE  TRUE FALSE  TRUE  TRUE  TRUE  TRUE FALSE  TRUE  TRUE  TRUE  TRUE FALSE FALSE FALSE FALSE  TRUE FALSE  TRUE
[381]  TRUE FALSE  TRUE  TRUE  TRUE  TRUE  TRUE FALSE  TRUE FALSE FALSE FALSE  TRUE FALSE FALSE  TRUE  TRUE  TRUE FALSE
[400]  TRUE  TRUE FALSE  TRUE FALSE FALSE  TRUE  TRUE FALSE  TRUE  TRUE FALSE  TRUE  TRUE  TRUE  TRUE  TRUE  TRUE  TRUE
[419]  TRUE FALSE FALSE FALSE FALSE FALSE  TRUE  TRUE FALSE  TRUE  TRUE  TRUE FALSE  TRUE  TRUE  TRUE  TRUE FALSE FALSE
[438]  TRUE  TRUE FALSE  TRUE  TRUE  TRUE  TRUE  TRUE FALSE  TRUE  TRUE FALSE FALSE FALSE FALSE  TRUE  TRUE  TRUE  TRUE
[457]  TRUE FALSE FALSE  TRUE  TRUE FALSE  TRUE FALSE FALSE  TRUE  TRUE  TRUE FALSE FALSE  TRUE  TRUE FALSE  TRUE FALSE
[476] FALSE  TRUE  TRUE  TRUE FALSE FALSE  TRUE FALSE  TRUE FALSE FALSE  TRUE  TRUE FALSE  TRUE  TRUE  TRUE  TRUE  TRUE
[495]  TRUE  TRUE FALSE  TRUE  TRUE  TRUE  TRUE  TRUE  TRUE FALSE FALSE  TRUE  TRUE  TRUE  TRUE FALSE  TRUE  TRUE FALSE
[514] FALSE  TRUE  TRUE  TRUE  TRUE FALSE  TRUE  TRUE  TRUE FALSE FALSE FALSE FALSE FALSE  TRUE  TRUE FALSE FALSE  TRUE
[533]  TRUE FALSE  TRUE  TRUE FALSE  TRUE FALSE FALSE  TRUE FALSE  TRUE  TRUE  TRUE  TRUE FALSE FALSE  TRUE  TRUE  TRUE
[552]  TRUE  TRUE  TRUE FALSE  TRUE FALSE  TRUE  TRUE  TRUE FALSE FALSE  TRUE FALSE  TRUE FALSE FALSE  TRUE  TRUE  TRUE
[571]  TRUE  TRUE FALSE  TRUE FALSE FALSE FALSE  TRUE FALSE FALSE  TRUE FALSE  TRUE  TRUE  TRUE  TRUE  TRUE  TRUE  TRUE
[590]  TRUE  TRUE  TRUE  TRUE FALSE  TRUE  TRUE FALSE  TRUE  TRUE  TRUE  TRUE FALSE  TRUE  TRUE  TRUE  TRUE  TRUE  TRUE
[609]  TRUE  TRUE  TRUE  TRUE  TRUE  TRUE  TRUE FALSE FALSE  TRUE  TRUE  TRUE FALSE  TRUE  TRUE  TRUE  TRUE  TRUE  TRUE
[628]  TRUE FALSE  TRUE  TRUE  TRUE FALSE FALSE FALSE FALSE  TRUE  TRUE  TRUE  TRUE FALSE  TRUE  TRUE FALSE  TRUE FALSE
[647] FALSE  TRUE  TRUE  TRUE FALSE  TRUE  TRUE FALSE  TRUE  TRUE  TRUE  TRUE  TRUE  TRUE  TRUE  TRUE  TRUE  TRUE  TRUE
[666]  TRUE  TRUE  TRUE  TRUE FALSE FALSE FALSE  TRUE FALSE  TRUE  TRUE  TRUE  TRUE FALSE  TRUE FALSE  TRUE  TRUE  TRUE
[685]  TRUE  TRUE  TRUE  TRUE  TRUE  TRUE  TRUE  TRUE FALSE  TRUE  TRUE  TRUE  TRUE  TRUE  TRUE  TRUE  TRUE FALSE  TRUE
[704]  TRUE  TRUE  TRUE FALSE  TRUE  TRUE  TRUE FALSE  TRUE  TRUE  TRUE  TRUE  TRUE  TRUE FALSE FALSE FALSE  TRUE FALSE
[723] FALSE  TRUE  TRUE  TRUE  TRUE FALSE  TRUE  TRUE  TRUE  TRUE  TRUE  TRUE  TRUE  TRUE  TRUE  TRUE  TRUE  TRUE  TRUE
[742]  TRUE  TRUE  TRUE  TRUE  TRUE  TRUE  TRUE  TRUE  TRUE  TRUE  TRUE  TRUE FALSE FALSE FALSE  TRUE  TRUE FALSE FALSE
[761]  TRUE FALSE  TRUE  TRUE  TRUE  TRUE  TRUE  TRUE  TRUE  TRUE  TRUE FALSE  TRUE  TRUE  TRUE  TRUE  TRUE  TRUE  TRUE
[780]  TRUE  TRUE  TRUE FALSE  TRUE  TRUE  TRUE  TRUE  TRUE  TRUE  TRUE  TRUE  TRUE  TRUE  TRUE  TRUE  TRUE  TRUE  TRUE
[799]  TRUE FALSE  TRUE  TRUE FALSE  TRUE  TRUE  TRUE FALSE FALSE  TRUE FALSE  TRUE  TRUE  TRUE  TRUE  TRUE  TRUE  TRUE
[818] FALSE  TRUE  TRUE  TRUE  TRUE FALSE  TRUE  TRUE FALSE FALSE  TRUE  TRUE  TRUE  TRUE  TRUE  TRUE  TRUE  TRUE  TRUE
[837]  TRUE  TRUE  TRUE  TRUE  TRUE  TRUE  TRUE  TRUE  TRUE  TRUE  TRUE  TRUE FALSE  TRUE  TRUE  TRUE  TRUE  TRUE  TRUE
[856]  TRUE  TRUE  TRUE  TRUE  TRUE FALSE  TRUE  TRUE FALSE  TRUE  TRUE  TRUE  TRUE  TRUE  TRUE  TRUE  TRUE  TRUE  TRUE
[875] FALSE  TRUE  TRUE  TRUE  TRUE  TRUE  TRUE  TRUE  TRUE FALSE  TRUE  TRUE  TRUE  TRUE  TRUE  TRUE  TRUE

