
Birth-death simulation object with 875 species and 500 extant species

Details for some species:

Extinction times (NA means extant)
[1] 87.65933 60.17530 85.36204 64.91552 63.74781 53.90765


Speciation times 
[1] 106.24734  96.90740  87.93626  96.76000  79.62853  70.34320


Species parents (NA for initial)
[1] NA  1  1  2  2  2


Species status (extinct or extant)
[1] "extinct" "extinct" "extinct" "extinct" "extinct" "extinct"


For more details on vector y, try sim$y, with y one of
TE TS PAR EXTANT



$TE
  [1] 87.65932680 60.17530037 85.36204339 64.91551953 63.74780724 53.90765271 68.93361545 48.75343156 78.75346519
 [10] 59.45625377 74.72601467 55.43172693 83.22101863 44.88443293 67.66945185 44.69181386 75.02919422 40.43182720
 [19] 16.82177401 70.16135519 30.47680373 63.47533304 56.56890096 51.74595847 34.28872452 11.94740407 55.44099566
 [28] 48.76814623  8.33038269 51.42299883 19.31424298 24.08636903 20.53626184 19.03801097  6.54121468 60.38606481
 [37]          NA 34.57268603 52.00539404 55.58608152 50.02676602 49.39467705 24.18443467 52.58693097 62.65178137
 [46]  7.20113581 46.00957421 26.42500970 34.28101718 29.89591564 49.67546124 29.12351748 25.75292051          NA
 [55] 19.58434179 37.87123576 48.23128854 25.14626699          NA 23.76015119          NA 22.32904011 57.91523398
 [64] 38.89237661 26.81888595 37.27592161 25.09478447 42.06583706 48.15164842 24.51936004  1.47842982 40.56885291
 [73] 29.67033796          NA  5.30698156          NA 35.39387924 15.87840962 31.24904984          NA 11.13097806
 [82] 30.62099704          NA          NA 54.06185080 30.02530521  4.00367894 26.16743919 31.86399679 38.22322272
 [91] 27.04488293 37.19561733 23.85106138  1.40581372 48.01326536 34.25039439 36.80573289 38.47399451 31.08297830
[100] 13.18750319 19.93432458          NA 31.95744778 13.73219674 16.18235746  9.75502863          NA          NA
[109]          NA 42.26394427 28.03483177 24.63604313  3.18908505 21.28995798 17.64563372 17.42930522 15.95587037
[118]  3.42685937  6.27363887 12.74108088 10.98340006 19.68664838  4.19101772 10.13857654          NA          NA
[127] 13.62875929          NA 37.05772625 32.49207054 41.12479424 19.44280976 12.48931149          NA          NA
[136]          NA 10.49557826          NA 29.09597491 19.76195144 18.22193906 11.23993996          NA 35.92672818
[145] 29.17955677 20.27615839 22.76244052 27.07131896 34.37729261 24.06305469          NA  3.50196523          NA
[154] 35.44330149  7.24796322 41.98213802 12.08309869 24.19315747 23.25433409          NA 35.03662080 29.84137629
[163]  1.30066882 16.18159462 15.96699808 29.94368052          NA  0.73362333  3.33180932 31.47611336          NA
[172]  4.01274027          NA          NA 33.09891365  8.17685894 31.28936986 26.47942558  7.90750255 19.14188900
[181]          NA          NA  4.64535971          NA          NA          NA 12.92726570  4.86384261  9.96173679
[190]  0.68967995  4.58782420          NA          NA 34.39955201 18.41844967  9.05845635  3.21882429          NA
[199]  5.03148807          NA          NA 17.78527843          NA 18.95740277 32.54660437 12.58319983          NA
[208]          NA          NA 19.72404319 31.96434569  0.01026020          NA 13.72171254          NA 10.67510569
[217]          NA 17.27239045  0.13631113 30.93439454          NA 24.30073008  2.10379687  6.93584770          NA
[226]          NA          NA 23.71638703 27.99434280          NA  5.96539681          NA 12.50990828 17.34549486
[235]          NA          NA          NA          NA          NA          NA 17.71779542 12.23792037          NA
[244]  8.78749865 30.37147671          NA 26.06936350 17.75661896          NA          NA 21.90880706          NA
[253]  7.19357424          NA          NA          NA  9.83414680          NA 32.66569682 14.96708163 18.64754965
[262]          NA          NA          NA 28.79803309  7.48929021          NA 19.65745700          NA 14.28380454
[271] 12.45650514          NA  4.43534261  3.10276710 22.46440818          NA          NA 14.88172360  2.96290170
[280]          NA 22.92841164          NA 12.00134382          NA  0.06351542          NA  0.73885144  8.19115128
[289]          NA  0.25062142          NA          NA 20.95120919          NA          NA          NA          NA
[298]  9.19018678          NA 19.07632204 13.09996316          NA  5.84949179  2.53302014  2.59514179  1.94290511
[307]          NA          NA  6.58353791          NA          NA 17.29332206          NA 11.79453808 10.46094937
[316] 18.10609501          NA 19.29662345          NA          NA 12.32192846          NA          NA 21.56184741
[325]          NA          NA          NA          NA          NA          NA          NA          NA          NA
[334]  9.66927689          NA          NA          NA 14.72449971          NA          NA          NA 11.54317086
[343]          NA  9.90079909          NA  1.10587200          NA 16.90803182          NA          NA 26.58171864
[352]  6.70484170  1.26988337          NA  3.85241503          NA 23.14237680 13.56582617  1.35123908          NA
[361]          NA 19.19360283  8.32762706          NA 12.40731683  6.78804644  5.64559215  3.67304595  8.07935734
[370]          NA          NA          NA          NA          NA          NA          NA          NA 21.81206211
[379]          NA          NA          NA          NA          NA          NA 10.34291309          NA 19.31421669
[388]          NA          NA          NA 22.19801988          NA          NA          NA  6.54490517          NA
[397]          NA 18.64955332          NA          NA  2.90960536          NA          NA          NA          NA
[406] 21.70569263 13.40245996          NA          NA          NA  3.94867147          NA 17.58700793  7.02001772
[415]  4.78981014          NA  8.47658818  3.64913414          NA          NA          NA 17.06895051          NA
[424]          NA          NA 17.03474451  0.40278404          NA          NA          NA          NA          NA
[433]          NA  9.44952302          NA          NA          NA          NA          NA          NA  7.65760770
[442]  6.12421639  2.35729359          NA  1.96288994          NA          NA          NA  6.52394089 17.87506836
[451] 17.72533439 14.20659708          NA  1.07650424  9.03012694  7.61937857  6.20144702 10.48255790          NA
[460]  5.83418578  5.97010534  5.81849237          NA          NA          NA          NA          NA          NA
[469]          NA          NA          NA          NA  4.34415707          NA          NA          NA          NA
[478]          NA          NA          NA          NA          NA          NA          NA  1.69406929          NA
[487]          NA 11.27036694 18.99205021          NA 14.86334423  7.90445083 16.35940125 11.22026367          NA
[496]          NA 10.22495751  5.81478225          NA          NA          NA 17.47148279  3.36788753          NA
[505]          NA          NA 16.64741693          NA          NA          NA  1.30382707  1.01049399          NA
[514]          NA          NA          NA          NA          NA  3.07026152 12.11452209  6.02221266          NA
[523]          NA  4.56548873 10.33198707          NA          NA 10.29302243  2.03224934          NA          NA
[532]          NA          NA          NA          NA          NA          NA  7.44916900          NA  8.86722450
[541]          NA          NA          NA  3.40807869          NA  3.23144462          NA          NA          NA
[550]          NA          NA          NA          NA          NA  2.81860507  3.63810022          NA          NA
[559]  7.16010055          NA          NA          NA          NA          NA 14.74618206          NA 16.46412969
[568]          NA          NA          NA          NA          NA  4.03621221          NA          NA  8.27945697
[577]          NA  1.69305619  5.65159010          NA          NA          NA  8.74096993          NA          NA
[586]  4.55464226          NA  8.18085976          NA          NA          NA  2.16519485  6.50927949          NA
[595]          NA  8.34307939          NA  6.69356627  2.16183844          NA          NA          NA          NA
[604] 14.66919883          NA 11.44631269          NA          NA          NA          NA          NA          NA
[613]          NA          NA  1.76788789          NA          NA  4.49911685          NA          NA          NA
[622]          NA          NA  8.15160734          NA          NA          NA  9.71540614 11.60456877          NA
[631]          NA          NA          NA          NA          NA          NA          NA          NA          NA
[640]  3.79873967          NA  0.31692181          NA  0.11350643          NA          NA          NA  6.43116537
[649]          NA          NA  3.70389820          NA          NA          NA  2.99309916          NA  2.51810240
[658]          NA  2.05568215          NA  4.62170322          NA          NA          NA  6.47098263          NA
[667]          NA          NA          NA          NA  7.78118595          NA          NA  0.85765490          NA
[676]  2.07416675          NA  5.19193756          NA          NA  7.92054797          NA          NA  5.36527945
[685]          NA          NA          NA  0.27947608          NA          NA          NA          NA  8.11463358
[694]          NA          NA          NA          NA  9.26264018          NA  8.77059632          NA  2.51616133
[703]  3.48528974          NA          NA          NA  0.81779319  5.98040552          NA          NA          NA
[712]          NA          NA          NA  3.32801359          NA          NA          NA  4.57322161          NA
[721]          NA  2.21182905          NA          NA          NA          NA          NA          NA          NA
[730]          NA          NA          NA          NA          NA  0.64358797          NA          NA          NA
[739]  0.82606263          NA          NA          NA  2.41152568          NA          NA          NA          NA
[748]          NA  2.61306250          NA  4.93665642  0.39030024          NA          NA          NA          NA
[757]          NA          NA          NA          NA          NA  1.92627131          NA          NA          NA
[766]          NA          NA          NA          NA          NA          NA          NA  1.59372900          NA
[775]          NA          NA          NA          NA          NA          NA          NA          NA          NA
[784]          NA  2.12961022          NA  6.27543425          NA          NA          NA          NA          NA
[793]          NA          NA          NA          NA          NA          NA          NA          NA  6.43644290
[802]          NA          NA          NA          NA          NA          NA          NA          NA  4.29558228
[811]          NA          NA          NA          NA          NA          NA          NA          NA          NA
[820]          NA          NA          NA          NA          NA  3.48177295          NA          NA          NA
[829]  0.52339164          NA          NA          NA          NA          NA          NA  0.35667498          NA
[838]          NA          NA          NA          NA          NA          NA          NA          NA          NA
[847]          NA          NA  3.66445806          NA          NA          NA          NA          NA          NA
[856]          NA          NA          NA          NA          NA          NA          NA          NA          NA
[865]          NA          NA          NA          NA          NA          NA          NA          NA          NA
[874]          NA          NA

$TS
  [1] 1.062473e+02 9.690740e+01 8.793626e+01 9.676000e+01 7.962853e+01 7.034320e+01 6.990643e+01 6.651091e+01
  [9] 9.062073e+01 8.773268e+01 8.393671e+01 8.287365e+01 8.410315e+01 6.723271e+01 7.964485e+01 7.743678e+01
 [17] 7.532353e+01 6.112824e+01 7.137070e+01 7.019964e+01 7.395269e+01 6.582233e+01 6.418260e+01 7.659695e+01
 [25] 6.622073e+01 5.895809e+01 7.138873e+01 6.150151e+01 6.121870e+01 5.977793e+01 5.887199e+01 5.728500e+01
 [33] 4.865971e+01 4.779537e+01 4.216799e+01 6.139549e+01 4.521068e+01 6.053686e+01 5.878136e+01 5.779191e+01
 [41] 5.915590e+01 4.953494e+01 6.527470e+01 5.817187e+01 6.289510e+01 5.223239e+01 4.952271e+01 4.766773e+01
 [49] 4.033048e+01 3.899748e+01 5.469110e+01 3.928045e+01 2.616435e+01 5.856655e+01 5.496717e+01 5.515154e+01
 [57] 5.412356e+01 3.899354e+01 3.742420e+01 2.571144e+01 2.483594e+01 2.430512e+01 5.980664e+01 5.536514e+01
 [65] 5.021909e+01 4.247267e+01 5.884335e+01 5.185905e+01 4.857753e+01 3.969451e+01 2.244611e+01 4.570120e+01
 [73] 3.288429e+01 3.093549e+01 2.932543e+01 5.814453e+01 5.248851e+01 4.619686e+01 3.692658e+01 8.488528e+00
 [81] 5.129723e+01 4.612231e+01 2.186747e+01 1.205142e+01 5.661471e+01 4.372874e+01 3.255263e+01 5.437338e+01
 [89] 4.331528e+01 4.310013e+01 4.171878e+01 4.006892e+01 5.274030e+01 4.422357e+01 4.831802e+01 4.603128e+01
 [97] 4.521942e+01 4.443026e+01 4.409375e+01 3.292921e+01 3.120258e+01 2.804018e+01 5.050266e+01 4.425873e+01
[105] 1.913931e+01 4.434993e+01 2.438085e+01 1.476943e+01 5.035775e+01 4.947770e+01 3.794202e+01 4.271758e+01
[113] 3.665738e+01 4.722945e+01 4.511471e+01 4.382253e+01 3.000685e+01 2.296205e+01 4.365137e+01 4.213182e+01
[121] 2.946667e+01 2.704572e+01 2.554796e+01 2.375070e+01 1.912844e+01 1.904614e+01 4.648144e+01 4.168113e+01
[129] 4.101745e+01 3.953065e+01 4.574190e+01 3.515003e+01 2.557327e+01 3.541862e+01 3.461006e+01 2.247708e+01
[137] 1.990554e+01 3.152076e+01 2.963894e+01 2.420572e+01 2.401810e+01 2.188849e+01 2.036161e+01 4.224961e+01
[145] 4.117343e+01 3.082120e+01 4.084133e+01 4.437239e+01 3.709241e+01 2.796685e+01 7.213375e+00 4.820409e+00
[153] 3.923621e+00 3.805594e+01 3.464063e+01 4.349803e+01 3.796903e+01 3.476741e+01 2.898450e+01 1.923767e+01
[161] 3.870297e+01 3.135541e+01 2.380717e+01 1.856531e+01 3.904371e+01 3.641798e+01 2.981428e+01 1.790968e+01
[169] 4.647903e+00 3.839987e+01 3.757419e+01 3.309277e+01 3.063294e+01 1.815920e+01 3.571479e+01 3.419134e+01
[177] 3.687097e+01 2.910887e+01 2.683323e+01 2.190590e+01 1.961788e+01 1.228353e+01 9.831481e+00 8.701237e+00
[185] 7.834277e+00 4.000369e+01 1.462946e+01 3.434976e+01 3.305516e+01 3.213340e+01 2.521419e+01 1.480921e+01
[193] 1.314384e+01 3.623392e+01 3.111925e+01 3.245700e+01 2.762015e+01 3.911851e+01 3.730130e+01 3.581670e+01
[201] 2.898857e+01 3.535514e+01 3.878454e+01 3.843775e+01 3.971473e+01 3.576544e+01 1.181406e+01 1.057028e+01
[209] 1.041306e+01 3.080955e+01 3.257445e+01 3.670353e+01 2.708629e+01 2.253741e+01 1.752736e+01 2.529376e+01
[217] 2.513286e+01 2.412327e+01 3.840022e+00 3.761066e+01 3.044306e+01 2.650145e+01 2.314605e+01 2.299262e+01
[225] 2.043373e+01 2.043006e+01 3.285287e+01 3.051396e+01 2.990177e+01 2.248137e+01 2.139552e+01 3.600797e+01
[233] 3.562736e+01 1.964471e+01 1.782734e+01 1.524268e+01 5.199551e+00 1.183976e+00 6.674089e-01 3.255083e+01
[241] 2.749448e+01 2.211441e+01 2.776555e+01 2.216709e+01 3.621479e+01 2.978018e+01 2.661340e+01 1.916603e+01
[249] 5.507662e+00 3.077659e+00 2.864624e+01 2.753103e+01 2.590846e+01 1.313015e+01 1.180169e+01 3.483222e+01
[257] 2.194293e+01 6.414144e+00 3.410742e+01 3.371268e+01 2.127149e+01 2.727743e+01 2.664908e+01 1.651450e+01
[265] 3.449294e+01 2.631158e+01 2.291169e+01 2.593684e+01 9.098091e+00 2.108501e+01 1.971027e+01 1.994422e+01
[273] 5.904585e+00 3.230332e+01 2.742007e+01 2.661347e+01 2.465767e+01 2.223803e+01 2.114065e+01 1.931238e+01
[281] 2.412529e+01 2.217304e+01 1.695552e+01 1.646400e+01 3.249844e+00 5.219991e-02 3.078746e+01 2.037064e+01
[289] 9.859809e+00 5.952726e+00 2.405778e+01 1.240191e+01 3.270635e+01 1.953177e+01 1.453355e+01 1.145850e+01
[297] 1.464672e+01 1.013476e+01 1.885177e+01 3.188540e+01 1.390215e+01 1.483099e+01 1.461363e+01 9.169364e+00
[305] 4.664637e+00 1.040381e+01 2.590179e+00 1.916258e+01 2.922513e+01 1.022690e+01 6.222516e+00 2.544586e+01
[313] 1.964737e+01 2.402496e+01 2.240237e+01 1.890153e+01 1.373798e+01 2.704421e+01 2.046964e+01 2.570426e+01
[321] 1.925924e+01 1.470765e+01 2.608413e+01 2.560085e+01 2.243949e+01 4.667262e+00 3.285911e+00 2.129454e+01
[329] 1.815171e+01 9.686538e+00 2.870021e+00 2.803754e+01 2.392248e+01 1.977528e+01 1.916630e+01 7.616306e+00
[337] 1.554745e+00 2.970868e+01 2.657426e+01 9.002844e+00 2.198369e+01 2.163126e+01 1.618106e+01 1.692213e+01
[345] 1.648616e+01 1.225627e+01 1.233332e+01 2.353102e+01 1.421906e+01 1.085544e+01 2.783248e+01 1.088522e+01
[353] 5.308406e+00 1.736067e+01 6.216984e+00 1.972949e-01 2.415225e+01 1.770079e+01 1.208670e+01 1.196216e+01
[361] 1.145562e+01 2.254669e+01 1.919094e+01 5.786787e-01 1.910495e+01 2.222920e+01 7.077855e+00 6.082041e+00
[369] 1.468079e+01 1.219721e+01 2.717559e+00 1.232027e+00 2.516938e+01 1.823785e+01 1.393583e+01 2.716561e-01
[377] 1.356142e+01 2.424976e+01 1.983976e+01 1.188342e+01 2.281460e+01 1.560679e+01 2.379264e+01 1.632114e+01
[385] 1.096318e+01 9.258047e+00 2.304373e+01 2.027053e+01 1.117007e+01 1.002418e+01 2.407077e+01 2.032237e+01
[393] 1.758303e+01 1.224841e+01 1.484534e+01 4.319398e+00 1.642583e-01 2.302748e+01 1.644103e+00 1.205642e+01
[401] 1.055220e+01 9.620651e+00 2.428070e+01 2.359942e+01 1.128236e+01 2.233529e+01 2.263040e+01 2.152877e+01
[409] 2.119764e+01 1.218392e+01 9.380171e+00 1.248290e+01 1.857926e+01 8.767827e+00 5.506396e+00 2.632186e+00
[417] 1.888266e+01 4.402994e+00 7.933984e-02 1.887188e+01 1.448058e+01 2.092936e+01 1.514937e+01 2.147448e+01
[425] 8.115268e+00 2.025125e+01 1.926927e+01 1.661606e+01 1.707121e+01 1.627276e+01 7.007297e+00 1.915665e+00
[433] 1.775054e+00 1.291236e+01 2.755257e+00 1.942035e+01 1.815902e+01 1.990993e+01 1.207902e+01 1.064246e+01
[441] 8.793863e+00 7.200984e+00 6.882058e+00 1.778372e+01 1.203609e+01 4.611538e+00 2.837346e+00 1.373219e+00
[449] 2.145506e+01 1.960379e+01 1.807188e+01 1.604089e+01 1.195695e+01 2.077237e+01 1.979882e+01 1.937512e+01
[457] 2.189927e+01 1.461167e+01 1.698714e+01 1.261921e+01 7.621438e+00 2.144107e+01 8.782483e-01 3.164017e-01
[465] 2.119208e+01 9.567092e+00 1.856630e+01 9.227456e+00 2.191251e+01 1.576687e+01 1.172336e+01 1.750442e+01
[473] 1.378264e+01 1.193213e+01 8.876606e+00 1.918195e+00 1.602205e+01 1.226430e+01 7.812450e+00 2.141459e+01
[481] 1.183568e+01 1.108216e+01 1.038681e+01 1.823877e+01 1.559857e+01 1.411653e+01 2.444646e-01 2.041521e+01
[489] 1.970383e+01 1.782723e+01 1.527977e+01 1.182624e+01 1.943886e+01 1.690174e+01 1.087115e+01 1.068046e+01
[497] 1.787428e+01 1.023724e+01 6.647376e+00 1.154995e+01 1.925722e+01 1.988984e+01 1.333469e+01 1.482010e+01
[505] 1.473952e+01 9.769946e+00 1.851799e+01 1.441730e+01 1.336769e+01 3.418658e+00 1.865595e+01 1.195568e+01
[513] 1.456566e+01 3.282680e+00 1.184524e+00 1.196437e+01 7.963961e+00 1.147368e+01 1.262987e+01 1.960098e+01
[521] 7.331070e+00 1.133568e+01 9.492276e+00 1.884499e+01 1.179921e+01 7.210762e+00 9.377587e+00 1.827098e+01
[529] 2.364195e+00 1.559592e+01 6.259851e+00 6.056995e+00 5.628292e+00 2.233030e-01 1.089992e+01 1.402279e+01
[537] 1.375377e+01 8.990329e+00 4.455508e+00 1.852861e+01 1.487920e+01 1.251342e+01 1.089710e+01 8.430271e+00
[545] 7.178364e+00 5.182226e+00 4.997775e+00 1.397808e+01 8.581445e+00 7.240393e+00 5.680972e+00 1.790022e+01
[553] 8.750763e+00 1.764819e+01 6.973626e+00 1.650397e+01 8.159861e+00 1.565101e+01 1.408807e+01 1.230419e+01
[561] 1.158990e+01 6.600819e+00 2.681629e+00 1.539089e+01 1.750371e+01 1.540591e+01 1.654872e+01 1.245727e+01
[569] 5.148878e+00 1.418447e+01 1.200007e+00 1.422029e+01 8.261131e+00 7.909644e+00 6.597635e+00 1.490280e+01
[577] 4.770226e-01 1.524901e+01 1.055805e+01 4.035904e+00 1.682780e+00 1.657324e+01 1.025284e+01 1.249656e+01
[585] 1.134518e+01 1.373883e+01 5.405242e+00 1.394578e+01 4.741183e+00 3.984218e+00 9.877915e-01 8.809390e+00
[593] 1.648278e+01 6.219994e+00 5.113629e+00 1.123682e+01 1.066310e+01 8.785367e+00 5.676919e+00 2.328994e+00
[601] 1.050756e+01 1.850765e+00 4.348896e+00 1.478690e+01 4.091808e+00 1.178891e+01 3.818075e-01 7.866939e+00
[609] 6.578780e+00 6.097649e+00 1.854850e+00 1.327205e+01 7.326189e+00 3.031999e+00 2.891911e+00 4.403537e+00
[617] 1.426623e+01 1.181435e+01 9.172248e+00 8.784336e+00 1.081577e+01 1.226240e+01 4.998820e+00 1.471157e+01
[625] 1.321998e+01 6.061122e+00 1.334763e+01 1.104208e+01 1.311226e+01 5.161180e+00 3.551141e+00 6.060772e+00
[633] 1.080958e+01 2.263363e+00 9.762678e+00 1.275320e+01 1.532329e+00 1.326875e+01 3.898193e+00 1.001217e+01
[641] 1.642065e+00 7.695393e+00 6.335901e+00 9.427577e+00 9.427610e+00 5.124224e+00 1.284153e+01 1.270446e+01
[649] 1.254932e+01 1.187291e+01 8.503325e+00 8.125033e+00 2.023601e+00 4.402279e+00 5.780011e+00 4.239107e+00
[657] 3.570184e+00 1.159337e+01 3.491375e+00 1.153041e+01 7.685441e+00 6.152638e+00 5.380885e+00 4.857134e+00
[665] 8.085707e+00 4.999871e+00 1.605660e-01 3.460613e+00 5.382113e+00 5.079727e+00 1.185608e+01 1.205347e+01
[673] 3.529226e+00 9.994243e+00 7.177179e-01 7.630900e+00 1.188840e+01 6.227814e+00 1.043518e-01 6.518109e-01
[681] 9.613308e+00 4.189869e+00 3.708781e+00 1.170226e+01 5.524560e+00 3.882836e+00 8.551926e+00 1.087144e+01
[689] 8.928514e+00 4.613685e+00 4.665583e+00 1.012029e+01 9.502721e+00 7.945373e+00 2.253071e+00 7.727567e+00
[697] 7.943204e+00 1.180763e+01 6.051506e+00 1.184398e+01 1.828570e+00 6.190351e+00 7.892002e+00 2.539145e+00
[705] 3.504223e+00 8.669858e+00 8.413192e+00 7.841890e+00 9.189241e-01 6.222500e+00 8.031876e+00 4.950058e-01
[713] 6.305829e+00 4.102880e+00 9.421644e+00 1.230351e+00 7.869911e+00 6.431632e+00 6.166416e+00 2.800051e+00
[721] 5.315626e-01 1.013439e+01 4.478519e+00 8.731998e+00 7.749433e+00 5.622669e+00 1.067643e+01 8.533780e+00
[729] 2.495783e+00 3.416436e-01 5.647356e+00 1.032632e+01 4.085289e+00 7.623275e+00 1.195313e+00 2.774805e-01
[737] 8.277114e+00 8.642129e-01 8.153320e+00 3.261514e+00 1.325058e+00 1.670992e+00 7.418804e+00 3.527787e-01
[745] 1.893569e-01 1.006548e+01 7.928622e+00 4.178568e+00 9.641884e+00 9.022233e+00 8.520118e+00 1.490814e+00
[753] 2.787684e+00 4.001261e+00 3.350437e+00 1.523588e+00 6.392838e+00 4.215021e+00 6.684085e+00 9.645861e-02
[761] 8.858318e+00 3.520612e+00 4.443572e+00 7.508152e+00 4.423363e+00 1.776306e+00 1.415661e+00 1.226917e+00
[769] 3.815525e+00 2.006597e+00 3.827421e+00 8.890533e+00 8.411585e+00 7.588138e+00 2.634722e-01 1.022915e+00
[777] 5.650983e+00 8.106805e+00 2.764816e+00 1.533676e-01 2.881700e+00 8.377301e+00 7.727465e+00 3.948785e+00
[785] 2.844657e+00 4.393726e+00 7.145740e+00 7.407042e+00 1.286431e+00 8.095337e-01 2.496748e+00 1.461169e-01
[793] 6.628269e+00 3.469782e+00 3.483353e+00 2.879415e+00 2.611266e+00 1.966029e+00 1.387345e-01 7.431343e+00
[801] 7.596872e+00 6.412776e+00 9.795230e-01 4.922799e+00 2.930074e+00 1.148825e+00 3.651225e+00 3.287101e+00
[809] 2.544856e+00 6.820180e+00 3.672194e+00 9.017186e-01 3.787076e-01 6.590656e+00 5.147940e+00 6.277249e+00
[817] 8.194976e-01 2.084743e+00 3.797413e+00 2.104441e+00 1.582636e+00 3.451185e+00 1.120894e+00 1.307259e+00
[825] 5.079026e+00 3.799760e-02 5.214673e+00 4.836513e+00 3.204354e+00 3.154217e+00 4.904350e+00 1.690373e+00
[833] 6.439238e-01 3.174304e+00 5.253772e-03 4.180968e+00 2.351378e-01 9.093128e-01 5.164258e-01 3.268157e+00
[841] 4.715300e+00 4.597282e+00 3.439431e+00 2.312794e+00 3.500304e+00 1.432857e+00 1.511091e+00 2.001289e+00
[849] 4.082532e+00 1.325411e+00 1.847238e+00 3.413747e+00 4.362903e-02 1.697484e-01 2.668252e+00 2.213131e+00
[857] 6.367871e-01 8.619060e-01 2.241581e+00 1.033874e+00 2.393515e+00 2.242028e+00 1.643995e+00 1.074139e+00
[865] 9.650060e-01 9.522841e-01 2.835889e-01 9.377695e-01 1.279631e+00 1.031604e+00 6.536522e-02 3.296558e-01
[873] 5.021761e-01 3.267112e-01 2.457070e-01

$PAR
  [1]  NA   1   1   2   2   2   2   2   4   4   4   9  10  10  11  12  12  12  15  15   5   5   5  16  16  16  24  24  24
 [30]  24  24  24  21  21  21  19  19   6   6   6  14  14   8   8  25  25  25  25  25  25  43  43  43  28  28  29  29  29
 [59]  29  29  29  29  18  18  18  18  63  41  26  26  26  31  67  67  67  39  54  54  54  54  76  76  76  76  32  32  32
 [88]  64  64  64  64  64  56  88  57  93  93  93  93  93  93  93  77  77  46  68  81  81 103 103 103 109 109  47 110 110
[117]  33  33  34  34  34  34  34  34  34  34  48  48  48  48 114 114 114 127 127 127 127  78  78  78  78  78  78  82  82
[146]  82  96  72  97  37  37  37  37 115 148 106 106 106 106 106 104 104 104 104  94  94  94  94  94  99 116 116 116 116
[175]  86  86 119 119 119 119 119 119 119 119 119  66  35 120 120 120 120 120 120  91  91 128 128 145 129 147 147  49  92
[204]  92 186 186 186 186 186  70  52 198 198 198 198 165 165 203 203 204 204 204 204 204 204 204 170 157 157 157 157 220
[233] 171 171 171 171 171 171 171  59  59  59 199 199  79 212 212 212 212 212 113 113 113 113 113 166 232 232 200 200 200
[262] 206 206 206 233 233 233 134 134 132 132 256 256 158 158 158 158 155 155 155 135 135 135 135 135 135 188 188 188 188
[291] 176 176 172 172 172 172 189 189 100  73 227  87  87  87  87 240 240 196 274 190 190 300 300 138 138 138 138 101 101
[320] 195  74  74 146 210 287 287 287 173 173 173 173 221 117 117 117 167 167 246 246 246 338 121 121 309 309 309 201 159
[349] 102 102 332 332 332 243 243 243 197 197 197 252 252 262 262 262 213 318 263 263 276 276 276 276 339 339 339 339 266
[378] 323 323 323 253 253 320 320 320 320 324 123 123 123 312 312 216 191 373 373 373 217 217  61 277 277 107 107 107  62
[407] 140 218 218 291 291 314 141 333 333 163 383 383 383 124 124 404 404 348 223 118 118 118 267 267 267 267 267 381 381
[436] 407 407 214 230 230 230 230 230 136 136 136 136 136  71  71  71  71  71 325 325 325 315 315 278 366 366 282 282 282
[465] 244 244 341 341 257 257 257 469 469 469 469 469 457 457 457  83  83  83  83 408 408 408 424 449 449 449 449 449 462
[494] 462 462 462 231 231 328 465 279 319 319 225 488 288 143 143 143 143 392 392 388 388 388 272 438 379 271 313 313 294
[523] 294 436 436 436 456 280 280 501 501 501 501 501 363 335 335 335 335 248 308 308 308 308 308 308 308 125 125 125 125
[552] 365 126 299 299 524 524 511 511 484 374 374 374 174 437 437 329 329 329 168 168 497 235 235 235 490 444 554 554 554
[581] 215 472 472 459 494 428 428 582 582 582 582 264 556 556 345 593 284 284 284 284 384 384 343 452 382 530 530 566 566
[610] 564 564 578 578 578 578 423 576 576 395 302 504 108 108 505 505 505 624 369 458 513 295 421 508 508 617 572 572 349
[639] 349 570 570 486 486 536 548 548 537 317 317 317 317 317 317 377 509 509 509 627 503 612 638 638 638 638 625 193 193
[668] 254 647 647 636 460 649 542 542 584 568 568 568 347 560 560 560 182 182 182 622 346 346 394 359 439 439 439 439 400
[697] 672 516 453 512 474 677 380 380 650 481 481 481 481 618 658 561 500 660 518 518 361 361 361 361 361 522 405 389 389
[726] 389 385 535 535 535 543 688 688 495 495 495 350 350 633 496 496 727 440 440 440 208 601 601 209 306 306 483 732 390
[755] 390 289 330 330 402 402 681 466 645 644 644 644 644 527 386 386 468 304 304 750 772 761 592 598 620 553 706 549 751
[784] 651  80 544 707 737 737 652 425 425 778 778 711 517 517 697 697 608 185 185 783 734 336 764 743 788 788 613 550 545
[813] 545 810 810 562 814 802 816 710 662 626 632 532 699 699 655 777 777 731 587 587 669 663 663 353 237 630 569 646 831
[842] 664 664 723 539 765 786 396 656 682 748 580 590 639 771 819 705 668 510 755 327 514 834 435 371 307 862 820 863 238
[871] 738 857 721 721 775

$EXTANT
  [1] FALSE FALSE FALSE FALSE FALSE FALSE FALSE FALSE FALSE FALSE FALSE FALSE FALSE FALSE FALSE FALSE FALSE FALSE FALSE
 [20] FALSE FALSE FALSE FALSE FALSE FALSE FALSE FALSE FALSE FALSE FALSE FALSE FALSE FALSE FALSE FALSE FALSE  TRUE FALSE
 [39] FALSE FALSE FALSE FALSE FALSE FALSE FALSE FALSE FALSE FALSE FALSE FALSE FALSE FALSE FALSE  TRUE FALSE FALSE FALSE
 [58] FALSE  TRUE FALSE  TRUE FALSE FALSE FALSE FALSE FALSE FALSE FALSE FALSE FALSE FALSE FALSE FALSE  TRUE FALSE  TRUE
 [77] FALSE FALSE FALSE  TRUE FALSE FALSE  TRUE  TRUE FALSE FALSE FALSE FALSE FALSE FALSE FALSE FALSE FALSE FALSE FALSE
 [96] FALSE FALSE FALSE FALSE FALSE FALSE  TRUE FALSE FALSE FALSE FALSE  TRUE  TRUE  TRUE FALSE FALSE FALSE FALSE FALSE
[115] FALSE FALSE FALSE FALSE FALSE FALSE FALSE FALSE FALSE FALSE  TRUE  TRUE FALSE  TRUE FALSE FALSE FALSE FALSE FALSE
[134]  TRUE  TRUE  TRUE FALSE  TRUE FALSE FALSE FALSE FALSE  TRUE FALSE FALSE FALSE FALSE FALSE FALSE FALSE  TRUE FALSE
[153]  TRUE FALSE FALSE FALSE FALSE FALSE FALSE  TRUE FALSE FALSE FALSE FALSE FALSE FALSE  TRUE FALSE FALSE FALSE  TRUE
[172] FALSE  TRUE  TRUE FALSE FALSE FALSE FALSE FALSE FALSE  TRUE  TRUE FALSE  TRUE  TRUE  TRUE FALSE FALSE FALSE FALSE
[191] FALSE  TRUE  TRUE FALSE FALSE FALSE FALSE  TRUE FALSE  TRUE  TRUE FALSE  TRUE FALSE FALSE FALSE  TRUE  TRUE  TRUE
[210] FALSE FALSE FALSE  TRUE FALSE  TRUE FALSE  TRUE FALSE FALSE FALSE  TRUE FALSE FALSE FALSE  TRUE  TRUE  TRUE FALSE
[229] FALSE  TRUE FALSE  TRUE FALSE FALSE  TRUE  TRUE  TRUE  TRUE  TRUE  TRUE FALSE FALSE  TRUE FALSE FALSE  TRUE FALSE
[248] FALSE  TRUE  TRUE FALSE  TRUE FALSE  TRUE  TRUE  TRUE FALSE  TRUE FALSE FALSE FALSE  TRUE  TRUE  TRUE FALSE FALSE
[267]  TRUE FALSE  TRUE FALSE FALSE  TRUE FALSE FALSE FALSE  TRUE  TRUE FALSE FALSE  TRUE FALSE  TRUE FALSE  TRUE FALSE
[286]  TRUE FALSE FALSE  TRUE FALSE  TRUE  TRUE FALSE  TRUE  TRUE  TRUE  TRUE FALSE  TRUE FALSE FALSE  TRUE FALSE FALSE
[305] FALSE FALSE  TRUE  TRUE FALSE  TRUE  TRUE FALSE  TRUE FALSE FALSE FALSE  TRUE FALSE  TRUE  TRUE FALSE  TRUE  TRUE
[324] FALSE  TRUE  TRUE  TRUE  TRUE  TRUE  TRUE  TRUE  TRUE  TRUE FALSE  TRUE  TRUE  TRUE FALSE  TRUE  TRUE  TRUE FALSE
[343]  TRUE FALSE  TRUE FALSE  TRUE FALSE  TRUE  TRUE FALSE FALSE FALSE  TRUE FALSE  TRUE FALSE FALSE FALSE  TRUE  TRUE
[362] FALSE FALSE  TRUE FALSE FALSE FALSE FALSE FALSE  TRUE  TRUE  TRUE  TRUE  TRUE  TRUE  TRUE  TRUE FALSE  TRUE  TRUE
[381]  TRUE  TRUE  TRUE  TRUE FALSE  TRUE FALSE  TRUE  TRUE  TRUE FALSE  TRUE  TRUE  TRUE FALSE  TRUE  TRUE FALSE  TRUE
[400]  TRUE FALSE  TRUE  TRUE  TRUE  TRUE FALSE FALSE  TRUE  TRUE  TRUE FALSE  TRUE FALSE FALSE FALSE  TRUE FALSE FALSE
[419]  TRUE  TRUE  TRUE FALSE  TRUE  TRUE  TRUE FALSE FALSE  TRUE  TRUE  TRUE  TRUE  TRUE  TRUE FALSE  TRUE  TRUE  TRUE
[438]  TRUE  TRUE  TRUE FALSE FALSE FALSE  TRUE FALSE  TRUE  TRUE  TRUE FALSE FALSE FALSE FALSE  TRUE FALSE FALSE FALSE
[457] FALSE FALSE  TRUE FALSE FALSE FALSE  TRUE  TRUE  TRUE  TRUE  TRUE  TRUE  TRUE  TRUE  TRUE  TRUE FALSE  TRUE  TRUE
[476]  TRUE  TRUE  TRUE  TRUE  TRUE  TRUE  TRUE  TRUE  TRUE FALSE  TRUE  TRUE FALSE FALSE  TRUE FALSE FALSE FALSE FALSE
[495]  TRUE  TRUE FALSE FALSE  TRUE  TRUE  TRUE FALSE FALSE  TRUE  TRUE  TRUE FALSE  TRUE  TRUE  TRUE FALSE FALSE  TRUE
[514]  TRUE  TRUE  TRUE  TRUE  TRUE FALSE FALSE FALSE  TRUE  TRUE FALSE FALSE  TRUE  TRUE FALSE FALSE  TRUE  TRUE  TRUE
[533]  TRUE  TRUE  TRUE  TRUE  TRUE FALSE  TRUE FALSE  TRUE  TRUE  TRUE FALSE  TRUE FALSE  TRUE  TRUE  TRUE  TRUE  TRUE
[552]  TRUE  TRUE  TRUE FALSE FALSE  TRUE  TRUE FALSE  TRUE  TRUE  TRUE  TRUE  TRUE FALSE  TRUE FALSE  TRUE  TRUE  TRUE
[571]  TRUE  TRUE FALSE  TRUE  TRUE FALSE  TRUE FALSE FALSE  TRUE  TRUE  TRUE FALSE  TRUE  TRUE FALSE  TRUE FALSE  TRUE
[590]  TRUE  TRUE FALSE FALSE  TRUE  TRUE FALSE  TRUE FALSE FALSE  TRUE  TRUE  TRUE  TRUE FALSE  TRUE FALSE  TRUE  TRUE
[609]  TRUE  TRUE  TRUE  TRUE  TRUE  TRUE FALSE  TRUE  TRUE FALSE  TRUE  TRUE  TRUE  TRUE  TRUE FALSE  TRUE  TRUE  TRUE
[628] FALSE FALSE  TRUE  TRUE  TRUE  TRUE  TRUE  TRUE  TRUE  TRUE  TRUE  TRUE FALSE  TRUE FALSE  TRUE FALSE  TRUE  TRUE
[647]  TRUE FALSE  TRUE  TRUE FALSE  TRUE  TRUE  TRUE FALSE  TRUE FALSE  TRUE FALSE  TRUE FALSE  TRUE  TRUE  TRUE FALSE
[666]  TRUE  TRUE  TRUE  TRUE  TRUE FALSE  TRUE  TRUE FALSE  TRUE FALSE  TRUE FALSE  TRUE  TRUE FALSE  TRUE  TRUE FALSE
[685]  TRUE  TRUE  TRUE FALSE  TRUE  TRUE  TRUE  TRUE FALSE  TRUE  TRUE  TRUE  TRUE FALSE  TRUE FALSE  TRUE FALSE FALSE
[704]  TRUE  TRUE  TRUE FALSE FALSE  TRUE  TRUE  TRUE  TRUE  TRUE  TRUE FALSE  TRUE  TRUE  TRUE FALSE  TRUE  TRUE FALSE
[723]  TRUE  TRUE  TRUE  TRUE  TRUE  TRUE  TRUE  TRUE  TRUE  TRUE  TRUE  TRUE FALSE  TRUE  TRUE  TRUE FALSE  TRUE  TRUE
[742]  TRUE FALSE  TRUE  TRUE  TRUE  TRUE  TRUE FALSE  TRUE FALSE FALSE  TRUE  TRUE  TRUE  TRUE  TRUE  TRUE  TRUE  TRUE
[761]  TRUE FALSE  TRUE  TRUE  TRUE  TRUE  TRUE  TRUE  TRUE  TRUE  TRUE  TRUE FALSE  TRUE  TRUE  TRUE  TRUE  TRUE  TRUE
[780]  TRUE  TRUE  TRUE  TRUE  TRUE FALSE  TRUE FALSE  TRUE  TRUE  TRUE  TRUE  TRUE  TRUE  TRUE  TRUE  TRUE  TRUE  TRUE
[799]  TRUE  TRUE FALSE  TRUE  TRUE  TRUE  TRUE  TRUE  TRUE  TRUE  TRUE FALSE  TRUE  TRUE  TRUE  TRUE  TRUE  TRUE  TRUE
[818]  TRUE  TRUE  TRUE  TRUE  TRUE  TRUE  TRUE FALSE  TRUE  TRUE  TRUE FALSE  TRUE  TRUE  TRUE  TRUE  TRUE  TRUE FALSE
[837]  TRUE  TRUE  TRUE  TRUE  TRUE  TRUE  TRUE  TRUE  TRUE  TRUE  TRUE  TRUE FALSE  TRUE  TRUE  TRUE  TRUE  TRUE  TRUE
[856]  TRUE  TRUE  TRUE  TRUE  TRUE  TRUE  TRUE  TRUE  TRUE  TRUE  TRUE  TRUE  TRUE  TRUE  TRUE  TRUE  TRUE  TRUE  TRUE
[875]  TRUE

