
Birth-death simulation object with 933 species and 500 extant species

Details for some species:

Extinction times (NA means extant)
[1] 66.71935 76.59497 18.66968 71.27516 75.89210 78.91324


Speciation times 
[1] 90.51426 89.56490 88.13222 71.95819 87.72484 87.16985


Species parents (NA for initial)
[1] NA  1  1  1  2  2


Species status (extinct or extant)
[1] "extinct" "extinct" "extinct" "extinct" "extinct" "extinct"


For more details on vector y, try sim$y, with y one of
TE TS PAR EXTANT



$TE
  [1] 66.719346912 76.594968741 18.669681190 71.275163473 75.892097959 78.913241005 21.254411112 58.120315510
  [9] 74.571074176 38.326364393 27.288534063 75.043672224 63.986530792 55.457918394 23.300272568 17.973368310
 [17] 45.276764504           NA 18.976085233 23.154807513 15.444701040  1.454927999 74.842250148 75.700346609
 [25] 67.867753670 74.244001093 55.510924967 48.338636173 36.397736705 46.153042196  0.814309469 40.608299054
 [33] 27.858072120 31.980235961 12.699359120 65.983794209 73.536153982 78.426267315 40.364974060 18.113692812
 [41] 22.144248645 61.665507148 58.562989905 61.523435575 62.252202821 60.674105094 46.504482702 55.821676862
 [49] 50.976869044 20.387680137  1.104397884           NA  4.647719756 57.285340991 21.002009953 30.957863942
 [57] 21.360738336 23.376042574  2.602737338 18.522122170 71.053750402 57.543333736 21.807228798 53.452801306
 [65] 26.853147057           NA 58.469874563  7.535501823 38.810228488           NA           NA 16.379343258
 [73]           NA           NA           NA 29.426175047  8.071331624 55.651203107 18.225890049  9.471453176
 [81]  6.114224766 16.699791756 25.411592764 53.231039551 45.274189160  9.409919080 24.777866554           NA
 [89]  0.556023402 19.649199667 32.276545983 46.108801502 41.548364648 43.111008641 19.663127265 34.038839352
 [97] 50.199610736 45.081247754           NA 15.258701838           NA 11.426966477 21.096861799 15.018207249
[105] 54.484549275 16.520829116  9.867828177 14.869127075           NA           NA 22.627581156 19.009880406
[113]           NA  7.671560382           NA 47.882363516 32.556229240 18.068344030           NA  9.588115659
[121]  3.321256189  0.777168552           NA 38.607318744           NA 19.365247238 39.506268024 43.590308778
[129] 36.097027430 34.840620384 22.161617223 11.506478787 17.024598582 38.304399035           NA 20.564773108
[137] 11.946358459 26.005611735 18.711103997  1.190429028 40.988196826 43.660998168 37.689315616 39.119654853
[145]           NA 23.607778302 32.888145037 36.150088442           NA  4.428806100 18.826339641           NA
[153]           NA           NA 36.743411934 21.358803838 25.755149967 22.415729423 32.391384268 41.473803264
[161]  5.014082565 27.047208921 14.018405516           NA 33.866371245 35.710371033           NA 30.053268086
[169] 16.400103413  3.776770470 15.755785399 18.648597376 32.694913211           NA 12.119955684 16.317075892
[177] 26.573357488 41.074696341 20.155546128           NA  0.102485615  0.443330279           NA           NA
[185] 28.015519488 16.674983999           NA           NA  6.857599678  1.657346681  2.574782191  9.452434981
[193]           NA 38.633201444           NA           NA           NA           NA 36.110117945 23.057855146
[201] 29.178918412           NA  7.621659765 39.725794639  5.933971479  2.393306580 25.522949472 26.271557835
[209] 13.073705926 29.764397516 21.983573089 13.866889290 26.146937480 26.746482750 19.194129426 16.067956259
[217] 15.762110740 14.034737045 38.877399783 37.600808286 14.749224410 27.713187565 33.145293208 22.543520962
[225]  0.550469690           NA           NA 12.668877931  1.835482809 17.068268769           NA  7.280253319
[233] 19.616006207 17.684935780 25.364782415  4.653836390           NA           NA           NA           NA
[241] 27.383880266 11.630630799           NA 30.717152809 31.356529664 10.664965759 27.036741284           NA
[249]           NA 27.120785829  0.841848188           NA 30.733689262  1.421425510           NA  7.936260656
[257]  6.666704072  5.323195990 24.444089387 12.847798955           NA 19.858896276           NA           NA
[265]           NA           NA           NA           NA           NA           NA           NA 23.314950566
[273]  8.411360538           NA           NA           NA           NA 25.928464347 27.340290632  3.723156067
[281]           NA           NA           NA  7.860865009           NA           NA           NA 23.184203331
[289]           NA 23.543382526           NA           NA 19.501730821           NA  6.882966198 10.484160513
[297]           NA 11.785983506  9.444493264  8.229900236           NA 18.309884933 21.010110940  0.565251121
[305]  9.396969338           NA           NA 17.412214856           NA           NA  6.034038166           NA
[313]           NA           NA           NA           NA 19.166560017           NA  2.108617141           NA
[321] 10.833142655  8.649697832  5.474444883 15.220152917           NA           NA           NA           NA
[329] 11.718125463 15.759020644 10.442834856  7.592022556           NA           NA           NA           NA
[337]           NA  6.297740108           NA  3.178157759  0.005683458 20.147546281  3.334371244  8.822675156
[345] 12.610924152 12.342720668  9.434991178 16.924036755 16.441912470           NA           NA           NA
[353]           NA  7.461477086           NA  3.220981016 17.422972840  8.304045825           NA           NA
[361] 10.729287203           NA 19.471742844           NA 24.659685122  3.677715307 10.554422974  0.664052958
[369]  7.585625871           NA           NA           NA           NA           NA           NA  6.387584472
[377]           NA 22.345986717           NA           NA           NA  8.922508874 16.833186330           NA
[385]  0.812683128           NA  9.977693113           NA           NA  8.284030164  4.786010096  1.741497899
[393]           NA           NA  8.153757581           NA  2.295948771 10.168317486           NA           NA
[401] 14.440696563           NA           NA           NA           NA  5.518650603           NA           NA
[409] 11.155133270           NA  4.597910372           NA  6.285059791  5.955218288           NA           NA
[417]  9.399421410  8.532887645           NA 21.739175235           NA           NA           NA           NA
[425]           NA 21.727498545 12.935340491           NA           NA           NA 13.716065044 23.123218748
[433]  3.849617091  4.197755962 19.603996530  6.315945770           NA           NA           NA  3.446602819
[441]           NA  5.389093001           NA 15.062115916           NA  3.667205281           NA 22.121410817
[449]           NA           NA 11.204107246           NA 11.714423464           NA  7.084307838           NA
[457] 14.866154617           NA 12.489701027 15.109542656           NA           NA  2.175295645  8.871932358
[465]  7.907699185           NA 12.481261011           NA           NA           NA  7.544919042           NA
[473]           NA           NA  3.534258049           NA           NA           NA           NA           NA
[481]           NA           NA 14.578318449 10.751025045 13.671029529  7.013662894           NA 13.790573753
[489] 10.831881821           NA           NA           NA           NA           NA           NA           NA
[497]  9.583212230           NA  9.850776906  2.371239562           NA           NA           NA           NA
[505]           NA  1.317310804           NA           NA           NA 13.783228916           NA 11.384397066
[513]           NA           NA  5.211268760 15.386463202 12.006934588           NA 13.783682233  7.185488428
[521]           NA           NA  2.648367347  1.555520703           NA           NA           NA           NA
[529]  7.980669151  1.556436272           NA           NA           NA  1.000747696           NA           NA
[537]           NA           NA           NA           NA  7.213523525           NA 12.567388337 13.672579588
[545] 16.404853188  7.980235805           NA           NA           NA           NA           NA  2.421770875
[553]           NA           NA  5.652769704           NA           NA  8.673417516           NA  2.485105202
[561]           NA           NA           NA           NA           NA           NA           NA           NA
[569]  6.566658809  1.736498613           NA           NA  0.374366585  0.754568938           NA  5.351183352
[577]           NA           NA           NA           NA           NA           NA  1.298564704           NA
[585]           NA  2.933361330           NA           NA           NA  8.289036956  7.688497894           NA
[593]           NA           NA 13.509421539  4.450487301 10.733218882  0.528313444  8.314490952           NA
[601]           NA           NA           NA 10.869658215  1.087304611           NA  1.769636670  7.929569490
[609]           NA           NA           NA           NA           NA           NA           NA 14.706157137
[617]           NA           NA           NA           NA           NA  1.222953475 11.813660438           NA
[625]           NA           NA           NA  9.007923121           NA           NA  5.736866163  2.352995474
[633]           NA           NA           NA           NA           NA           NA           NA           NA
[641]           NA  6.873053155           NA           NA           NA 10.176842792 12.354789808  6.668100748
[649]           NA           NA  1.405259560           NA           NA  7.612443171           NA           NA
[657]           NA           NA  8.757505120  0.296168940           NA           NA           NA  9.317037098
[665]           NA           NA           NA           NA  0.720266313  6.900850762           NA           NA
[673]           NA  4.386763901           NA           NA           NA  5.078205614           NA           NA
[681]           NA           NA           NA           NA           NA           NA  2.318562031           NA
[689]  5.573138596  1.369312061  2.520706603           NA           NA           NA  6.822596151           NA
[697]           NA  1.544212457  9.100343606           NA           NA           NA           NA  5.104874105
[705]           NA           NA  5.887094417           NA           NA           NA  6.825956340           NA
[713]           NA           NA  7.084107580           NA  5.011674958  1.663447028  8.525749819           NA
[721]           NA           NA           NA           NA  4.016395388           NA           NA  0.717256047
[729]  4.998411472  0.220208293           NA           NA           NA  9.660951113           NA  3.796448530
[737]           NA           NA           NA           NA           NA  9.065378659           NA           NA
[745]           NA           NA  4.649116425  2.540840656           NA  6.911233763           NA           NA
[753]           NA           NA           NA  8.373463689           NA           NA           NA  2.318753829
[761]           NA           NA           NA  2.691125922           NA           NA  3.595349493  6.461494750
[769]  3.507475313           NA           NA           NA           NA           NA           NA           NA
[777]  0.237550742           NA           NA           NA           NA           NA           NA           NA
[785]  4.181921023  6.254601271  5.291385123           NA           NA           NA  1.288590510           NA
[793]           NA  0.894918124           NA  1.767402107  3.391881826           NA  1.410332670           NA
[801]           NA           NA           NA           NA           NA           NA  0.330697107           NA
[809]  4.170273876  2.887162089           NA  5.969539069           NA  3.335077003           NA           NA
[817]           NA           NA           NA  0.296152939           NA  1.950196031           NA           NA
[825]           NA           NA           NA           NA           NA           NA           NA           NA
[833]           NA           NA           NA           NA           NA           NA           NA           NA
[841]           NA           NA           NA  4.990466477           NA           NA  2.472657041           NA
[849]  0.776518342           NA           NA           NA           NA           NA           NA           NA
[857]           NA           NA           NA           NA  1.955584588           NA           NA           NA
[865]  1.618330170           NA           NA           NA           NA  1.129071031           NA           NA
[873]           NA           NA           NA           NA           NA           NA           NA           NA
[881]           NA           NA           NA           NA  0.407944702           NA  3.814847028           NA
[889]           NA           NA  1.617895406           NA  1.400271184           NA           NA           NA
[897]           NA           NA           NA           NA           NA           NA           NA           NA
[905]           NA           NA           NA           NA           NA           NA           NA           NA
[913]           NA           NA           NA           NA           NA           NA           NA           NA
[921]           NA           NA           NA           NA           NA           NA           NA           NA
[929]           NA           NA           NA           NA           NA

$TS
  [1] 90.514264307 89.564898233 88.132219422 71.958185543 87.724839895 87.169848609 85.379944787 78.836324097
  [9] 87.798442035 82.675787663 78.527338985 78.453197359 75.903127040 59.501657911 51.897778657 51.508702209
 [17] 50.887961529 34.831439807 33.056746599 24.708330378 23.539888549 21.925756361 80.566668053 77.596327975
 [25] 83.135388078 79.280795091 61.074171579 53.708480443 52.382551967 49.623638042 43.375251596 40.957670179
 [33] 39.087762099 36.089078423 76.001372676 66.045916683 75.857855390 78.814824250 78.471156595 73.062009908
 [41] 62.738499830 72.359870698 72.075254566 72.816867585 65.996673004 62.118391398 59.874210737 58.063175145
 [49] 76.595887998 60.809643321 33.133844395 26.626515977 15.332032966 63.711072359 47.126132180 46.413829323
 [57] 28.992478640 27.614311507 26.219829781 23.062769117 71.643839695 66.859544993 65.473311681 63.806619768
 [65] 63.215509834 65.863492333 62.533268908 56.253228623 45.850175800 19.212525613 17.970558983 17.791298568
 [73] 15.877962989 11.935541584  4.866661878 33.888407265 27.718417970 57.617473456 41.044966258 37.189350042
 [81] 29.192858915 29.130707706 61.838986976 60.632143636 57.334069163 55.106921667 48.071992262 35.092775249
 [89] 27.387883380 26.327449946 50.472329976 50.404883241 47.899165861 44.529250199 44.103302951 34.936185009
 [97] 55.365587550 53.920744413 52.554073527 51.398349132 33.882445961 28.306294180 22.834896174 20.495494356
[105] 54.632204042 46.906147672 35.058980386 30.759219850 12.718367527  8.779930896 43.079635451 25.984186332
[113] 17.029642563 15.324981988 13.825348269 51.740838962 40.832028354 28.276282440 20.803507784 17.739031779
[121]  9.267118526  5.137512092 47.636640274 42.060124447 29.930864826 25.315505348 46.172149905 45.063693120
[129] 43.378182357 40.459357370 29.612533779 22.079683620 50.626164891 49.210129094 28.941560195 22.137880100
[137] 46.533951011 37.801644814 32.724905990 22.051943036 41.921622008 48.843194405 46.786470945 45.738934289
[145] 43.820603030 44.248785089 40.342374896 36.184945214 26.057099041 24.017756468 19.299530860 12.837750151
[153]  8.446172437  8.043884577 37.674207440 23.338179751 45.855533563 43.887121273 41.532153862 41.514099202
[161] 40.079382301 42.885538676 14.879225717 12.606967875 40.407006989 43.265130278 35.671975586 32.497133145
[169] 31.314210704 29.330255916 44.460750339 26.513653534 41.043889910 26.629715876 29.781573993 28.820615509
[177] 27.808432552 41.258555950 23.145970164 43.700866295 34.808406752 19.577445683  5.813914563  2.847362538
[185] 41.498274627 24.361561194 15.528238064 40.328872463 14.713084753 37.030698621 27.714725813 41.558025552
[193] 31.583705617 40.488299347 32.519123618 31.724850233 21.209710404 19.283252084 36.338954911 35.780176621
[201] 34.466617315 41.167439845 40.251399972 41.173495125  7.936416446  5.950623609 33.779366450 26.882567774
[209] 40.797587899 35.487570191 33.466784447 32.570028028 34.172093771 27.505190904 26.555709300 18.833813324
[217] 16.339782208 14.601763558 39.113489810 39.029190638 39.242245570 39.236560051 36.866892288 30.251137343
[225] 21.489359642 13.157762949 40.059917275 19.624289074 18.641590710 18.407637158 14.549763093  8.929806559
[233] 29.095074109 29.059476438 28.341715937 24.330457104 14.552899508  8.572460876  7.733033740  6.184679441
[241] 33.099315144 30.620058507 28.550147775 37.475652769 36.320002008 32.758503658 31.144901021 33.449436945
[249] 18.987329936 27.653344350  5.223755560 31.492913830 35.501320513 22.843861516 19.639360492 17.560866425
[257] 10.504330385  6.113343855 32.170865017 25.688615472 22.107751646 21.051103136 14.436874780 12.935419044
[265] 11.825263978  6.997052173  6.478283902  6.011625731  3.074824669  0.838730338 29.879853494 25.727229278
[273] 24.498822127  5.272044723  4.718423879 30.907370752 31.471771852 31.776618879 31.700155116 30.517261844
[281] 26.194772521 26.581111981 12.237741013 10.384964754  6.073948841  0.403850565 32.402870798 27.820650517
[289] 28.540616146 27.014335993 19.875112734 17.907882034 22.403530348 31.215518003 29.072266736 24.838846147
[297] 17.584631926 16.295741939 29.238999252 23.283767239 17.615868547 29.794124295 26.586342542 30.999390879
[305] 25.350917017 12.070623002  4.782355345 29.203190277 17.478076820 16.894682780  6.406142698 10.241098007
[313]  6.389585495  0.448688645 22.802317805 28.951618106 21.364970238 12.778312363  7.976580722  5.379825135
[321] 29.955392288  9.271617655  8.546341306 18.370014892 17.967267805 16.101722499  1.260870682  0.917531458
[329] 23.546357833 19.714351887 22.738883376 30.337815593  8.079857968 14.954999491 20.107932337 19.913375427
[337] 14.994943711 25.647831118  9.281743287  8.777448342  1.133591266 26.922344180 21.979658102 15.593857394
[345] 13.956029035 24.569268469 13.764695760 26.184252583 23.759296032 13.755433106 25.937100201 23.768499675
[353] 16.938474993 11.033930341 28.673237552 27.948334947 27.912790039 20.733166911 18.574830118 15.270639599
[361] 17.475130220 25.853161065 24.629359728 10.265640839 27.191642849 17.856933075 24.977073043 26.388383473
[369] 18.660844596 18.607534937 18.495442761  6.047244976  3.942738506  1.934091403 14.459858116 12.181091123
[377]  1.586972858 22.430769799  6.168374456  1.510640481  1.292440378 26.601841066 27.667918551 20.627206485
[385] 20.556655112 23.116400753 15.076558096 14.216095870 12.710705581 16.065694826  7.128587178 25.906907429
[393] 19.284786728 19.708739856 15.052442357 26.006222638 16.459108396 13.954942330  7.886039504  0.005105928
[401] 16.355491046 11.184328094 13.895753317  2.746615301  0.347661556 26.065677624 19.350100558 16.200480273
[409] 14.369063256 11.914664879 25.439536307 23.614800530 10.782393436  9.280040338  5.073997499  4.822302020
[417] 11.270736780  8.624570745  8.514354501 23.079924900 19.289210899 11.314968741 21.250669802 20.165799832
[425] 19.787522377 23.890224260 13.184541269 11.497560091 16.585945325  6.988940031 19.527874782 24.414771443
[433] 18.768169507 18.697462836 20.020314723 16.349276149 14.722928971 14.274139223 13.478839365 17.994558462
[441] 17.610478057 18.562684811 22.521340799 16.833210233 11.608882685  4.939329907 23.518406840 22.930456575
[449] 13.665400210  2.700943878 15.953688373 14.697820156 12.980421557 18.391062589 16.415155618 18.892162496
[457] 16.309416036  8.979632000 22.228959733 19.709913139 16.638801601 15.265080704 11.343026775 15.235269628
[465] 13.354008001 18.584114907 16.734688935 11.544186055 10.508473284  5.969998810 17.551415289 14.201786831
[473] 11.237265144  0.883852372 21.526421048 15.824406990 19.948310936  6.434640223  2.514314065 10.399587757
[481]  6.336607586  2.692310295 21.793617291 19.918505420 14.718910792 11.934369699  7.595809608 19.766978408
[489] 12.577047778 17.700207400 17.971538999 17.573540011  8.798283456  4.413218762  0.259403888 13.443978563
[497] 10.356604130  2.658333638 20.522081103 18.908538739 13.835137360 18.156075757 11.668069654 16.638917201
[505]  7.515512146 19.087280570 15.507540597  6.752318947  0.676040389 14.330749353 11.773632117 14.125987434
[513] 12.911998540  9.889070092  8.500360632 17.429479899 16.477062633 18.761523650 17.699017425 10.189491518
[521]  8.419329610  4.059969026  3.114485091  2.251237903 14.818700690 14.621908858 10.514490467  3.797854833
[529] 17.116880495  4.020261787  0.710836721  4.660104295  0.639053802  7.937377836 17.813205797  8.792385873
[537]  4.814849225  4.650660225  3.983422412 13.959149995 11.557331525 15.540210566 14.088181656 18.157249183
[545] 17.511178778  8.593336364  1.200077446 12.959010857  5.735428496 13.720561213 10.179049872  9.303585029
[553] 10.517575939  6.873889076  6.674177450 10.736904342 15.224338292 15.898109866 10.430557389  3.924522918
[561]  3.801102457  3.680556692  3.412499568  1.769930531 15.126242268  9.592098620  8.656829105  6.641817571
[569]  7.632647086  5.185342950  4.015852495 12.260485348  7.230540021 16.509709260 14.226985410 10.502802105
[577]  9.481420921  3.813855498  1.256696731 12.473311285 10.096432276  9.517126988  5.021647919  3.865098554
[585]  2.880484466  7.975691831  2.743735159  1.526875654  2.235556790 17.251654265  9.177766650 14.651538014
[593]  5.554627642 12.539798236 13.962972156  9.568217826 16.411157112 16.256762645 14.611197501 12.956700090
[601]  1.197879406 17.149212732 11.336466017 16.053822522 13.770496824  0.974527809 13.920160224 13.297407677
[609] 11.217181761 10.877189645 13.316193072  0.242660104 16.644721921 15.011588449  3.681036416 15.404127535
[617] 11.364648371  4.522968513  3.275212031 10.581202032 10.339880660  2.780502784 12.797650392  4.731867225
[625] 13.445636843 12.600293066  5.556158117 15.214490889 13.005026895  8.275282628 13.093882602 11.344193762
[633] 11.093259594  3.649538691  2.708524504  1.144413783  9.709588501  9.101247827  2.321075176 13.679564891
[641] 11.383761724  7.922452808  5.454180114 12.972913833  7.153263254 10.947278140 14.511781658 10.523033229
[649]  6.550496475  2.293694520  7.412067296 14.258046885 11.236222177  7.740970580  0.620797659  8.063908198
[657]  0.078255616 13.343476330  9.525321623  6.156228128 12.061406468  9.365065109  7.085132204 14.183022057
[665]  8.974197795  3.509893496 13.596602134  9.538732694  3.425135316 12.054938905  3.451032524  9.604461512
[673]  6.505606607  9.909673780  2.635858229  6.809681416  5.229571659 13.540578424  9.001493931  3.599130006
[681] 13.060498009 12.623015369  3.470393287  6.826823731 11.563179287  2.370932381  8.439280790 13.325811066
[689] 12.629946454 10.593818899  9.936015815  6.448957156  1.604094868  7.062209868  6.935324087  6.620511259
[697]  5.409879105  6.831481614 10.204381700  2.983221542  7.939840296  5.290985305 12.735391086  7.806007343
[705]  6.924569279  5.665098464 12.772625884  9.924427979  5.050232345  0.012392359  8.304742615  8.795579930
[713]  1.000360258  2.226584242 11.828590946  2.302837865 11.514482453  8.753743229 11.938050612  4.526292533
[721]  4.782645088  4.736538044  3.351308369  1.200647848  7.969040030 11.351997196  2.688773459  9.940232282
[729]  7.818520894  4.696965880 10.027245677  6.569068123  9.775639294 10.168375993  9.745712449  4.034306101
[737]  1.860549071  8.671028434  3.792020620  4.527369408  7.522793610 10.574569859  6.806060748  4.557415906
[745]  1.586198302  0.845811461  8.807576710  7.198434789  5.707162405  9.283738922  7.011670603  1.084935579
[753]  6.669927896  5.999545254  2.346438282 10.220986646 10.286976712  9.149884751  8.880443547  3.321127260
[761]  8.157593423  7.258406651  4.418602025  4.025192509  2.405766110  4.679280366  8.129209479  7.226406038
[769]  4.201222465 10.390016961  7.330193088  5.868059931 10.297148869  9.134195033  3.171893792  1.626340887
[777]  2.116961518  9.267959442  0.285666284  1.074972038  8.864532756  7.146746810  0.068059597  3.217968077
[785]  4.626460229  6.357096182  9.093590805  4.524168621  0.175781168  4.516427010  3.233646099  8.796713377
[793]  2.738853472  6.662561514  8.820235249  7.579028835  4.455668785  3.804244552  1.833616670  1.004308168
[801]  4.271502134  8.870441527  8.616390094  6.099850749  3.798911334  8.563018953  8.690026512  7.559666644
[809]  7.543303646  6.185034609  0.882976505  7.739828674  4.017175132  6.109694234  7.455579074  7.028264791
[817]  1.468107745  0.391822805  0.708213349  8.053342934  4.192605143  5.090973187  1.878488613  3.813706634
[825]  3.308323480  0.696811315  3.531254408  6.063855609  5.085103556  1.216770827  7.604771197  4.650854770
[833]  4.460639651  5.956287159  2.165130578  5.479208397  6.752749403  6.806317232  6.990006203  5.860200457
[841]  1.968926254  4.908430061  0.131630596  6.662597374  2.660413206  4.428769629  6.479901830  6.303012413
[849]  3.415765543  0.267231022  2.578971540  2.336065542  1.813589174  1.689926143  2.269294489  0.092835902
[857]  5.262367188  6.141615111  3.501098555  1.315085546  5.955473467  4.572223533  5.711554329  3.354804211
[865]  6.366332280  2.284478242  2.257932788  5.766467527  2.173595628  4.267397092  2.507843207  0.363719465
[873]  4.083374961  0.771406585  2.821858377  1.857074290  4.054700996  2.748479273  4.434796647  4.669988306
[881]  3.749398875  1.475410626  0.177353385  3.892514695  1.713529372  2.341776965  4.478668396  0.498332721
[889]  2.579722815  1.493301873  2.210112309  4.417050542  3.202476273  1.541816311  2.464867647  0.911469719
[897]  0.397636754  2.944037019  0.522830213  1.681906274  0.791762542  3.236616429  0.046031583  1.574306579
[905]  2.810741110  3.460470885  2.620814371  1.544578453  2.754729674  0.185098807  0.538854512  1.893186134
[913]  0.007003831  1.260892391  2.326170002  1.369100899  0.103727843  2.784655707  2.241687579  2.136812426
[921]  0.475379143  0.361074080  2.369406446  0.675749279  0.998271090  0.940451673  0.654179657  1.017106041
[929]  0.170318649  1.140739182  0.541484969  0.670983830  0.638752749

$PAR
  [1]  NA   1   1   1   2   2   2   2   3   3   3   3   3   3   3   3   3   3   3   3   3   3   5   5   6   6   7   7
 [29]   7   7   7   7   7   7  25  10  23  26  26   8   8  11  11  39  39  39  39  39  24  35  35  35  35  40  40  40
 [57]  40  40  40  40  44  44  42  42  43  62  66  66  66  66  66  66  66  66  66  63  63  64  65  65  65  65  41  41
 [85]  41  41  41  41  41  41  83  83  83  83  83  83  50  50  50  50  50  50  50  50  47  47  68  68  68  68  86  86
[113]  86  86  86  99  99  99  99  99  99  99  15  15  15  15  16  16  16  16  16  16 100 100 100 100  17 133 133 133
[141]  91 134 134 134 134 142  87  87 123 123 123 123 123 123  55  55 106 143 143 143 143 137 137 137  56 157 157 157
[169] 157 157 144 171 146 146  95  95  95 158 158 145 145 145 145 145 180 180 180  31  31 111 111 162 162 124 192 192
[197] 192 192 159 159 159 185 185 178 202 202  79  79 173 173 173 117 209 209 209 209 209 209 194 194 130 165 147 188
[225] 188 188 203 203 203 203 203 203 161 227 227 227 227 227 227 227 222 222 222  33  33 138 138  80  80 190 190 245
[253]  34 167 167 167 167 167  88  88 107 107 107  18  18  18  18  18  18  18 181 181 181 181 181  76 101 207 207 207
[281] 211 248 248 248 248 248  51 241  19  19 246 246 212 195 195 195 195 195 287 287 287 278 278 196 193 193 193 252
[309] 252 252 252 277 277 277 169 294 294 294 294 294 247 304 304 276 276 276 276 276 108 108 242 280 280 332 321 321
[337] 321 125 125 125 125 271 271 271 271 175 175 131 131 170 299 299 299 299 308 308  81  81  81  81  82 295 295 295
[365] 234 234  57 316 316 316 176 355 355 355 243 243 243 289 289 289 289 235 118 118 356 357  77  77  77 191 191 383
[393] 383 174 174  52  52  52  52  52 382 382 282 282 282 215 368 368 368 368  90  59  59  59  59  59 406 406 406 149
[421] 351 351 362 362 362 260 260 338 411 411 126 367 367 367 296 296 296 296 296 346 346 186 236 236 236 236 150 426
[449] 352 352 412 412 412  21  21 447 447 447 156 300 300 300 300 386 386  60 254 254 254 254 315 315 331 443 459 459
[477] 261 261 261 140 140 140 343 483 483 475 475 225 225 423 197 197 197 197 197 119 119 119 358 358 358 384 384 385
[505] 385 424 424 424 424 335 335 484 336 336 336 291 291 425 425 425 425 425 394 394 255 255 255 182 421 421 393 198
[533] 198  70 506 506 506 506 506 249 249 500 500 433 433 433 518 434 434 369 369 369 229 370 466 359 442 371 371 371
[561] 371 371 454 454 502 502 502 502 440 440 440 491 491  71  71  71  71  71  71 325 325 325 325 325 325 292 292 292
[589] 535 120 490 519 301 492 471 471 545 309 309 309 309 590 590 602 602 602 529 529 529 529 113 113 353 353 310 467
[617] 613 613 613 504 504 504 461 461 574 574 574 517 517 436 298 604 558  73  73 476 344 542 542 187 187  53 360 557
[645] 565 337 334 525 525 525 437 189 452 452 452 592 592 526 526 526 237 237 237 231 231 575 388 472 472 512 540 403
[673] 501 605 605 350 350 550 640 449 667 667 667 439 625 625 496 465 658 658 658 658 658 688 688 688 611 226 631 629
[701] 644 644 548 600 600 600 264 264 513 318 707 109 109 389 689 682 164 164 594 594 580 580 572 572 283 376 306 661
[729] 661 661 670  74 486 715 715 511 503 445 445 685 468 428 641 641 641 617 632 632 632 603 473 473 653 609 633 354
[757] 646 610 610 610 556 556 556 556 556 620 648 648 553 527 469 469 576 559 559 559 480 770 770 757 364 364 364 581
[785] 708 674 514 514 514 735 735 637 672 596 668 582 582 582 582 577 662 339 339 339 339 414 322 778 774 787 679 458
[813] 665 781 795 792 536 536 807 738 567 803 806 419 419 419 153 761 333 656 319 586 586 205 831 487 796 808 741 505
[841] 505 771 771 748 645 782 694 694 266 266 839 430 705 554 698 837 508 844 568 568 732 673 847 267 692 692 692 478
[869] 313 848 848 858 834 772 840 868 749 706 627 593 593 593 702 251 251 570 829 709 583 842 416 307 624 624 730 532
[897] 532 538 862 720 790 833 892 522 539 560 561 528 615 634 683 864 723 619 791 791 784 893 404 404 727 845 675 737
[925] 853 776 894 380 916 327 601 901 927

$EXTANT
  [1] FALSE FALSE FALSE FALSE FALSE FALSE FALSE FALSE FALSE FALSE FALSE FALSE FALSE FALSE FALSE FALSE FALSE  TRUE FALSE
 [20] FALSE FALSE FALSE FALSE FALSE FALSE FALSE FALSE FALSE FALSE FALSE FALSE FALSE FALSE FALSE FALSE FALSE FALSE FALSE
 [39] FALSE FALSE FALSE FALSE FALSE FALSE FALSE FALSE FALSE FALSE FALSE FALSE FALSE  TRUE FALSE FALSE FALSE FALSE FALSE
 [58] FALSE FALSE FALSE FALSE FALSE FALSE FALSE FALSE  TRUE FALSE FALSE FALSE  TRUE  TRUE FALSE  TRUE  TRUE  TRUE FALSE
 [77] FALSE FALSE FALSE FALSE FALSE FALSE FALSE FALSE FALSE FALSE FALSE  TRUE FALSE FALSE FALSE FALSE FALSE FALSE FALSE
 [96] FALSE FALSE FALSE  TRUE FALSE  TRUE FALSE FALSE FALSE FALSE FALSE FALSE FALSE  TRUE  TRUE FALSE FALSE  TRUE FALSE
[115]  TRUE FALSE FALSE FALSE  TRUE FALSE FALSE FALSE  TRUE FALSE  TRUE FALSE FALSE FALSE FALSE FALSE FALSE FALSE FALSE
[134] FALSE  TRUE FALSE FALSE FALSE FALSE FALSE FALSE FALSE FALSE FALSE  TRUE FALSE FALSE FALSE  TRUE FALSE FALSE  TRUE
[153]  TRUE  TRUE FALSE FALSE FALSE FALSE FALSE FALSE FALSE FALSE FALSE  TRUE FALSE FALSE  TRUE FALSE FALSE FALSE FALSE
[172] FALSE FALSE  TRUE FALSE FALSE FALSE FALSE FALSE  TRUE FALSE FALSE  TRUE  TRUE FALSE FALSE  TRUE  TRUE FALSE FALSE
[191] FALSE FALSE  TRUE FALSE  TRUE  TRUE  TRUE  TRUE FALSE FALSE FALSE  TRUE FALSE FALSE FALSE FALSE FALSE FALSE FALSE
[210] FALSE FALSE FALSE FALSE FALSE FALSE FALSE FALSE FALSE FALSE FALSE FALSE FALSE FALSE FALSE FALSE  TRUE  TRUE FALSE
[229] FALSE FALSE  TRUE FALSE FALSE FALSE FALSE FALSE  TRUE  TRUE  TRUE  TRUE FALSE FALSE  TRUE FALSE FALSE FALSE FALSE
[248]  TRUE  TRUE FALSE FALSE  TRUE FALSE FALSE  TRUE FALSE FALSE FALSE FALSE FALSE  TRUE FALSE  TRUE  TRUE  TRUE  TRUE
[267]  TRUE  TRUE  TRUE  TRUE  TRUE FALSE FALSE  TRUE  TRUE  TRUE  TRUE FALSE FALSE FALSE  TRUE  TRUE  TRUE FALSE  TRUE
[286]  TRUE  TRUE FALSE  TRUE FALSE  TRUE  TRUE FALSE  TRUE FALSE FALSE  TRUE FALSE FALSE FALSE  TRUE FALSE FALSE FALSE
[305] FALSE  TRUE  TRUE FALSE  TRUE  TRUE FALSE  TRUE  TRUE  TRUE  TRUE  TRUE FALSE  TRUE FALSE  TRUE FALSE FALSE FALSE
[324] FALSE  TRUE  TRUE  TRUE  TRUE FALSE FALSE FALSE FALSE  TRUE  TRUE  TRUE  TRUE  TRUE FALSE  TRUE FALSE FALSE FALSE
[343] FALSE FALSE FALSE FALSE FALSE FALSE FALSE  TRUE  TRUE  TRUE  TRUE FALSE  TRUE FALSE FALSE FALSE  TRUE  TRUE FALSE
[362]  TRUE FALSE  TRUE FALSE FALSE FALSE FALSE FALSE  TRUE  TRUE  TRUE  TRUE  TRUE  TRUE FALSE  TRUE FALSE  TRUE  TRUE
[381]  TRUE FALSE FALSE  TRUE FALSE  TRUE FALSE  TRUE  TRUE FALSE FALSE FALSE  TRUE  TRUE FALSE  TRUE FALSE FALSE  TRUE
[400]  TRUE FALSE  TRUE  TRUE  TRUE  TRUE FALSE  TRUE  TRUE FALSE  TRUE FALSE  TRUE FALSE FALSE  TRUE  TRUE FALSE FALSE
[419]  TRUE FALSE  TRUE  TRUE  TRUE  TRUE  TRUE FALSE FALSE  TRUE  TRUE  TRUE FALSE FALSE FALSE FALSE FALSE FALSE  TRUE
[438]  TRUE  TRUE FALSE  TRUE FALSE  TRUE FALSE  TRUE FALSE  TRUE FALSE  TRUE  TRUE FALSE  TRUE FALSE  TRUE FALSE  TRUE
[457] FALSE  TRUE FALSE FALSE  TRUE  TRUE FALSE FALSE FALSE  TRUE FALSE  TRUE  TRUE  TRUE FALSE  TRUE  TRUE  TRUE FALSE
[476]  TRUE  TRUE  TRUE  TRUE  TRUE  TRUE  TRUE FALSE FALSE FALSE FALSE  TRUE FALSE FALSE  TRUE  TRUE  TRUE  TRUE  TRUE
[495]  TRUE  TRUE FALSE  TRUE FALSE FALSE  TRUE  TRUE  TRUE  TRUE  TRUE FALSE  TRUE  TRUE  TRUE FALSE  TRUE FALSE  TRUE
[514]  TRUE FALSE FALSE FALSE  TRUE FALSE FALSE  TRUE  TRUE FALSE FALSE  TRUE  TRUE  TRUE  TRUE FALSE FALSE  TRUE  TRUE
[533]  TRUE FALSE  TRUE  TRUE  TRUE  TRUE  TRUE  TRUE FALSE  TRUE FALSE FALSE FALSE FALSE  TRUE  TRUE  TRUE  TRUE  TRUE
[552] FALSE  TRUE  TRUE FALSE  TRUE  TRUE FALSE  TRUE FALSE  TRUE  TRUE  TRUE  TRUE  TRUE  TRUE  TRUE  TRUE FALSE FALSE
[571]  TRUE  TRUE FALSE FALSE  TRUE FALSE  TRUE  TRUE  TRUE  TRUE  TRUE  TRUE FALSE  TRUE  TRUE FALSE  TRUE  TRUE  TRUE
[590] FALSE FALSE  TRUE  TRUE  TRUE FALSE FALSE FALSE FALSE FALSE  TRUE  TRUE  TRUE  TRUE FALSE FALSE  TRUE FALSE FALSE
[609]  TRUE  TRUE  TRUE  TRUE  TRUE  TRUE  TRUE FALSE  TRUE  TRUE  TRUE  TRUE  TRUE FALSE FALSE  TRUE  TRUE  TRUE  TRUE
[628] FALSE  TRUE  TRUE FALSE FALSE  TRUE  TRUE  TRUE  TRUE  TRUE  TRUE  TRUE  TRUE  TRUE FALSE  TRUE  TRUE  TRUE FALSE
[647] FALSE FALSE  TRUE  TRUE FALSE  TRUE  TRUE FALSE  TRUE  TRUE  TRUE  TRUE FALSE FALSE  TRUE  TRUE  TRUE FALSE  TRUE
[666]  TRUE  TRUE  TRUE FALSE FALSE  TRUE  TRUE  TRUE FALSE  TRUE  TRUE  TRUE FALSE  TRUE  TRUE  TRUE  TRUE  TRUE  TRUE
[685]  TRUE  TRUE FALSE  TRUE FALSE FALSE FALSE  TRUE  TRUE  TRUE FALSE  TRUE  TRUE FALSE FALSE  TRUE  TRUE  TRUE  TRUE
[704] FALSE  TRUE  TRUE FALSE  TRUE  TRUE  TRUE FALSE  TRUE  TRUE  TRUE FALSE  TRUE FALSE FALSE FALSE  TRUE  TRUE  TRUE
[723]  TRUE  TRUE FALSE  TRUE  TRUE FALSE FALSE FALSE  TRUE  TRUE  TRUE FALSE  TRUE FALSE  TRUE  TRUE  TRUE  TRUE  TRUE
[742] FALSE  TRUE  TRUE  TRUE  TRUE FALSE FALSE  TRUE FALSE  TRUE  TRUE  TRUE  TRUE  TRUE FALSE  TRUE  TRUE  TRUE FALSE
[761]  TRUE  TRUE  TRUE FALSE  TRUE  TRUE FALSE FALSE FALSE  TRUE  TRUE  TRUE  TRUE  TRUE  TRUE  TRUE FALSE  TRUE  TRUE
[780]  TRUE  TRUE  TRUE  TRUE  TRUE FALSE FALSE FALSE  TRUE  TRUE  TRUE FALSE  TRUE  TRUE FALSE  TRUE FALSE FALSE  TRUE
[799] FALSE  TRUE  TRUE  TRUE  TRUE  TRUE  TRUE  TRUE FALSE  TRUE FALSE FALSE  TRUE FALSE  TRUE FALSE  TRUE  TRUE  TRUE
[818]  TRUE  TRUE FALSE  TRUE FALSE  TRUE  TRUE  TRUE  TRUE  TRUE  TRUE  TRUE  TRUE  TRUE  TRUE  TRUE  TRUE  TRUE  TRUE
[837]  TRUE  TRUE  TRUE  TRUE  TRUE  TRUE  TRUE FALSE  TRUE  TRUE FALSE  TRUE FALSE  TRUE  TRUE  TRUE  TRUE  TRUE  TRUE
[856]  TRUE  TRUE  TRUE  TRUE  TRUE FALSE  TRUE  TRUE  TRUE FALSE  TRUE  TRUE  TRUE  TRUE FALSE  TRUE  TRUE  TRUE  TRUE
[875]  TRUE  TRUE  TRUE  TRUE  TRUE  TRUE  TRUE  TRUE  TRUE  TRUE FALSE  TRUE FALSE  TRUE  TRUE  TRUE FALSE  TRUE FALSE
[894]  TRUE  TRUE  TRUE  TRUE  TRUE  TRUE  TRUE  TRUE  TRUE  TRUE  TRUE  TRUE  TRUE  TRUE  TRUE  TRUE  TRUE  TRUE  TRUE
[913]  TRUE  TRUE  TRUE  TRUE  TRUE  TRUE  TRUE  TRUE  TRUE  TRUE  TRUE  TRUE  TRUE  TRUE  TRUE  TRUE  TRUE  TRUE  TRUE
[932]  TRUE  TRUE

