
Birth-death simulation object with 716 species and 500 extant species

Details for some species:

Extinction times (NA means extant)
[1] 89.08312 63.04486 22.94339 38.70049 45.88203 55.17023


Speciation times 
[1] 106.53754  92.70524  89.92942  78.27354  78.16379  85.11785


Species parents (NA for initial)
[1] NA  1  1  2  2  3


Species status (extinct or extant)
[1] "extinct" "extinct" "extinct" "extinct" "extinct" "extinct"


For more details on vector y, try sim$y, with y one of
TE TS PAR EXTANT



$TE
  [1] 89.08312012 63.04486426 22.94339302 38.70049298 45.88202996 55.17022698 35.52545818 10.91544830 40.15650550
 [10]  6.33012645          NA 36.96851455  9.44000908 50.59169985 69.13698390 64.03159351 47.94449082 50.12531899
 [19] 21.14549699 41.19441890          NA  2.88312741 60.09503128 60.40405807  1.97892031 35.02381583          NA
 [28]  0.24352712 17.55536878  0.64896379          NA 66.24497690 44.03702490 41.43326260 54.40692155 49.72974989
 [37] 46.89780235 15.54463445          NA          NA          NA 50.31027048 46.37253671 17.93514203          NA
 [46]          NA          NA          NA 17.54471967          NA          NA 31.26225138 22.49434544          NA
 [55] 45.98463745 35.04754027  1.09314862          NA          NA 35.94280781 25.11172496          NA 45.06826322
 [64] 34.50095077 17.79604059          NA 54.19943787 15.39292476 31.04696277          NA 20.73292728          NA
 [73]          NA          NA          NA 38.78969278  0.08628667          NA 21.59927813 11.95246511 30.79095095
 [82] 12.78035045          NA 28.40214508  3.46361910 11.88277998 43.84368101  7.58654729          NA          NA
 [91]          NA 35.82833523          NA          NA 41.04016838 10.03162116          NA          NA          NA
[100]          NA  9.12752271          NA  9.54688228          NA  8.50361818 11.89670327  3.41476508          NA
[109]          NA          NA          NA          NA          NA 18.59979236          NA          NA 36.54291223
[118]  9.60573497          NA          NA          NA 22.68519190          NA 14.14057769 34.25165021          NA
[127] 10.91428669 10.87883974 28.59969042  3.71866464  4.64608242  4.51564000 36.17921176          NA 29.48985953
[136]          NA          NA          NA 21.65641495 31.16271138 19.31325283          NA 18.23160854 13.65662938
[145]          NA  6.29438469          NA          NA          NA          NA          NA  1.19349370  3.20688634
[154]          NA          NA          NA 23.61530887          NA          NA          NA          NA          NA
[163] 11.78871966 32.55336654 26.54051031  9.76389659          NA 35.43609719          NA          NA  8.30102402
[172]  3.93047881 13.16647282          NA          NA          NA          NA          NA          NA          NA
[181]  8.37415986 13.66804491          NA  9.71400916          NA  1.14486873 17.63111305  8.76620207 20.52845869
[190]          NA 15.36674759 26.51404399 15.57749157 10.49317858  9.51343927          NA          NA          NA
[199] 21.83412952 22.59966837          NA  4.77379809          NA          NA          NA 16.57077419          NA
[208]          NA          NA          NA          NA          NA          NA          NA  0.51243596          NA
[217]          NA          NA          NA          NA          NA          NA 22.33149262 13.79717329  3.76612292
[226]          NA          NA 10.07626630          NA          NA  2.80478023          NA          NA          NA
[235]          NA  9.77727158          NA 20.92304074          NA 13.14053882          NA          NA  9.45470708
[244]          NA          NA          NA  2.42842540          NA          NA          NA  6.93910707 11.42078295
[253] 14.99959438  9.59356283          NA          NA  4.77361412  5.18313549          NA          NA 17.84506013
[262]          NA  5.38323756          NA          NA          NA  5.41209956          NA 20.05760269          NA
[271] 17.08918631  2.23988963          NA          NA          NA          NA  2.26727948  2.43926409  3.83709919
[280]  5.40152193  1.13378269          NA          NA          NA          NA 21.22434325          NA          NA
[289]          NA          NA 10.89173593          NA          NA  5.77002030 15.12022067  7.14528093          NA
[298]          NA          NA          NA          NA          NA          NA          NA          NA 17.90661840
[307]  9.37222266          NA          NA          NA          NA          NA          NA 16.39211793  9.92801917
[316]          NA          NA  0.55368778          NA          NA          NA          NA  2.58179669          NA
[325]          NA  4.48327687  1.51072208          NA 16.18269508  2.80165249 15.03647069          NA          NA
[334] 11.96963212          NA          NA          NA  2.31752718          NA          NA          NA          NA
[343]          NA          NA          NA          NA          NA          NA          NA          NA          NA
[352]  1.69369670          NA          NA          NA          NA          NA          NA  3.60042983          NA
[361]          NA 12.00483631  9.10198475          NA  3.65448926          NA          NA          NA          NA
[370]          NA          NA          NA          NA          NA          NA          NA 13.21678401 13.99085736
[379]          NA          NA  7.80573354          NA          NA  9.20952778  3.20130230  0.24524187          NA
[388]          NA 10.80385380          NA  0.11387245          NA          NA          NA          NA          NA
[397]          NA          NA          NA  8.97701496  1.44503032          NA          NA          NA 15.43275696
[406] 12.01771880          NA          NA          NA          NA          NA          NA          NA          NA
[415] 16.09377059          NA 11.49065498          NA          NA          NA          NA          NA  4.32174259
[424]          NA          NA 13.84389851          NA          NA          NA          NA          NA          NA
[433]          NA  2.08823311          NA          NA  2.84968655          NA          NA          NA          NA
[442]          NA  5.19779403          NA          NA          NA          NA          NA  6.52179263          NA
[451]          NA          NA          NA          NA          NA          NA  3.95312037  9.50411501          NA
[460]          NA          NA          NA          NA          NA  1.49112977          NA  0.39448252          NA
[469]          NA          NA          NA          NA          NA          NA          NA          NA          NA
[478]  1.60894613          NA  1.49459019          NA          NA          NA          NA          NA          NA
[487]          NA  6.00045798          NA          NA          NA          NA          NA          NA          NA
[496]          NA          NA          NA          NA          NA          NA  1.04474281          NA          NA
[505]          NA          NA          NA          NA          NA          NA  4.45353944          NA  9.44566106
[514]          NA          NA          NA          NA          NA          NA          NA          NA          NA
[523]          NA          NA          NA          NA  7.94004992          NA          NA          NA          NA
[532]          NA          NA  0.86448410          NA          NA          NA          NA          NA          NA
[541]          NA          NA          NA  2.37056314          NA          NA  7.36596372          NA          NA
[550]          NA          NA          NA          NA          NA          NA          NA          NA          NA
[559]          NA          NA          NA  6.45433525          NA          NA          NA          NA          NA
[568]          NA          NA          NA          NA          NA          NA          NA          NA          NA
[577]          NA  1.08815097          NA          NA          NA          NA          NA          NA          NA
[586]          NA          NA          NA          NA  0.67592767          NA  0.59732559          NA          NA
[595]          NA          NA          NA          NA          NA          NA          NA          NA          NA
[604]          NA  2.33921477          NA          NA          NA          NA          NA          NA          NA
[613]  0.48099078          NA          NA          NA          NA          NA          NA          NA          NA
[622]          NA          NA          NA          NA          NA          NA          NA          NA  1.42995389
[631]          NA          NA          NA          NA  1.79226822          NA          NA          NA  3.30671195
[640]          NA  1.77020232          NA          NA          NA          NA  1.05799414  4.57806680          NA
[649]          NA          NA          NA          NA          NA          NA          NA          NA          NA
[658]          NA          NA          NA          NA          NA          NA          NA          NA  0.29570002
[667]          NA          NA          NA          NA          NA          NA          NA          NA          NA
[676]          NA          NA          NA          NA          NA          NA          NA          NA          NA
[685]          NA          NA          NA          NA          NA          NA          NA          NA          NA
[694]          NA          NA          NA          NA          NA          NA          NA          NA          NA
[703]          NA          NA          NA          NA          NA          NA          NA          NA          NA
[712]          NA          NA          NA          NA          NA

$TS
  [1] 1.065375e+02 9.270524e+01 8.992942e+01 7.827354e+01 7.816379e+01 8.511785e+01 7.448936e+01 6.081186e+01
  [9] 4.694427e+01 4.429738e+01 6.349621e+01 5.632501e+01 7.154482e+01 6.551539e+01 7.718388e+01 7.192111e+01
 [17] 7.141827e+01 7.011783e+01 6.441786e+01 4.757707e+01 6.495687e+01 5.052290e+01 7.183158e+01 6.930374e+01
 [25] 4.927620e+01 4.231267e+01 2.884691e+01 2.870444e+01 1.893550e+01 1.486666e+01 1.333165e+01 7.109729e+01
 [33] 6.609425e+01 5.204378e+01 6.331321e+01 5.340394e+01 5.658177e+01 3.809641e+01 3.347462e+01 3.207054e+01
 [41] 6.276197e+01 5.782229e+01 5.091254e+01 4.772567e+01 2.747059e+01 2.262691e+01 2.203289e+01 3.105719e+01
 [49] 1.813632e+01 5.381757e+00 6.330678e-01 5.593480e+01 5.576267e+01 4.900579e+01 4.850379e+01 4.720245e+01
 [57] 4.303101e+01 3.735717e+01 2.506030e+01 5.548187e+01 2.583951e+01 1.293483e+01 5.293205e+01 5.168068e+01
 [65] 4.862701e+01 3.969932e+01 5.524070e+01 4.214146e+01 3.176346e+01 2.831678e+01 2.251586e+01 4.772680e+01
 [73] 5.023071e+01 4.606033e+01 4.431980e+01 4.986966e+01 4.746894e+01 3.876838e+01 3.796597e+01 1.809039e+01
 [81] 4.131736e+01 3.688648e+01 3.609182e+01 3.519280e+01 2.370865e+01 1.759014e+01 4.925991e+01 4.411687e+01
 [89] 3.905836e+01 2.518602e+01 4.192455e+01 3.752714e+01 1.039853e+01 2.546209e-01 4.121192e+01 3.680462e+01
 [97] 3.779757e+01 3.342079e+01 1.768382e+01 1.325962e+01 1.228318e+01 1.120597e+01 4.150108e+01 1.807416e+01
[105] 4.241065e+01 4.360903e+01 3.886356e+01 1.412379e+01 1.110043e+01 4.396867e+01 8.511125e+00 4.790803e+00
[113] 5.337884e-02 4.083990e+01 2.187178e+01 1.743791e+01 4.273643e+01 3.886489e+01 1.026497e+01 2.404496e+00
[121] 3.617129e+01 2.798717e+01 1.914852e+01 4.014511e+01 3.795363e+01 2.198900e+01 1.603480e+01 1.473133e+01
[129] 4.214193e+01 1.697474e+01 1.414537e+01 1.128609e+01 3.691377e+01 3.775267e+01 3.222480e+01 3.132555e+01
[137] 2.579579e+01 2.487534e+01 2.282424e+01 3.890158e+01 3.322548e+01 3.158496e+01 3.488770e+01 1.746011e+01
[145] 3.309369e+01 1.192242e+01 6.936814e+00 1.808880e+01 1.156322e+01 7.074082e+00 5.320895e+00 3.887530e+01
[153] 1.373521e+01 1.001586e+01 9.123999e+00 1.796867e+01 2.691954e+01 2.158371e+01 2.088471e+01 1.285500e+01
[161] 1.085954e+01 2.666715e+01 1.285754e+01 3.479453e+01 2.930724e+01 2.214952e+01 2.172696e+01 3.706883e+01
[169] 3.006552e+01 1.597917e+01 2.519669e+01 2.177073e+01 1.712400e+01 1.009703e+01 7.969875e+00 1.245402e+00
[177] 9.558585e+00 3.293919e+00 1.533363e+01 3.650212e+01 2.302085e+01 1.379092e+01 9.430991e+00 2.145855e+01
[185] 1.507224e+01 5.819343e+00 3.004605e+01 2.553802e+01 3.416681e+01 3.116655e+01 3.003483e+01 3.211855e+01
[193] 2.933054e+01 2.415957e+01 2.255965e+01 2.011982e+01 8.812558e+00 3.165709e+01 2.954815e+01 2.356291e+01
[201] 1.724643e+01 1.193964e+01 2.878070e+01 1.934387e+01 1.391896e+01 2.011476e+01 1.007895e+01 2.658020e+01
[209] 2.280876e+01 5.657311e+00 3.808616e+00 2.354354e+01 2.330847e+01 2.038553e+01 2.476007e+01 1.773060e+01
[217] 1.675061e+01 9.162578e+00 6.706724e+00 1.230987e+00 1.641987e+01 6.333595e+00 2.944156e+01 1.954974e+01
[225] 1.335548e+01 7.822129e+00 2.955176e+01 1.962505e+01 1.149499e+01 2.194623e+01 2.060798e+01 1.811525e+01
[233] 1.717645e+01 1.175820e+01 8.597330e+00 2.517014e+01 2.941201e+01 2.783311e+01 1.432844e+01 2.151243e+01
[241] 2.048494e+01 2.627682e+00 2.818869e+01 2.511826e+01 1.232884e+01 8.859432e+00 1.755756e+01 1.285568e+01
[249] 2.382123e+01 1.443784e+01 2.643366e+01 2.405085e+01 1.569312e+01 1.319808e+01 2.558884e+01 1.922674e+01
[257] 1.816167e+01 1.756329e+01 2.141187e+01 1.431116e+01 2.007885e+01 1.016514e+01 8.176640e+00 1.577020e+01
[265] 1.414855e+01 1.258299e+01 1.007795e+01 2.515596e+01 2.063242e+01 1.962455e+01 1.910897e+01 1.614899e+01
[273] 1.227918e+01 1.217874e+01 2.703624e+00 2.284808e+01 2.060837e+01 1.048083e+01 1.026529e+01 1.539840e+01
[281] 1.062898e+01 8.966234e+00 5.719626e+00 2.101005e+01 1.741762e+01 2.322928e+01 1.807573e+01 1.279951e+01
[289] 7.175264e+00 7.116359e+00 1.890426e+01 1.865554e+01 1.921147e+01 7.825294e+00 2.314797e+01 2.235578e+01
[297] 2.255411e+01 1.032204e+01 1.024071e+01 2.542711e+00 1.636582e+01 9.265366e+00 1.574197e+00 1.918921e+01
[305] 2.056378e+01 2.073761e+01 1.966816e+01 7.178767e+00 2.927755e+00 1.043445e+00 1.585032e+01 4.245525e+00
[313] 2.057196e+01 1.756417e+01 1.667591e+01 1.378315e+01 8.111528e+00 1.793881e+01 1.404500e+00 1.991199e+01
[321] 1.088871e+01 1.079480e+01 7.810267e+00 6.686147e+00 5.330481e+00 1.742728e+01 1.007424e+01 3.762441e-01
[329] 2.057442e+01 4.997691e+00 1.843830e+01 1.962326e+01 6.487621e+00 1.463940e+01 1.132400e+01 2.177270e+00
[337] 1.660801e+00 2.060284e+01 1.329964e+01 1.183053e+01 4.833596e+00 2.587402e+00 3.102816e+00 1.968130e+01
[345] 1.701435e+01 1.387733e+01 2.044575e+01 1.882088e+01 1.534209e+01 8.962920e+00 1.794498e+01 1.270992e+01
[353] 9.176191e+00 4.070315e+00 9.778913e-01 1.793743e-01 1.760032e+01 1.598325e+01 9.150403e+00 9.061348e+00
[361] 3.472129e+00 1.359367e+01 1.099098e+01 1.041291e+01 5.050524e+00 1.278867e+00 1.468422e-01 6.495778e+00
[369] 1.314780e+01 5.122838e-01 7.861205e+00 5.451172e-01 1.028757e+01 9.931146e+00 3.995542e+00 1.439014e+01
[377] 1.342569e+01 1.833807e+01 1.801950e+01 1.626429e+01 1.811081e+01 1.326770e+01 1.201923e+01 1.003938e+01
[385] 9.291754e+00 1.226163e+01 2.265424e+00 1.284352e+00 1.387956e+01 1.236129e+01 7.027279e+00 3.356912e+00
[393] 6.192217e+00 6.162708e+00 4.708578e+00 8.195671e-01 1.375253e+01 1.313509e+01 9.144421e+00 1.603774e+01
[401] 5.227008e+00 1.273766e+01 8.803367e+00 1.478384e+01 1.714313e+01 1.394308e+01 2.680981e+00 1.991378e+00
[409] 1.442559e+01 1.433271e+01 1.006397e+01 5.966069e+00 1.270374e+01 3.998189e-01 1.647517e+01 4.987616e+00
[417] 1.427814e+01 1.396115e+01 3.879267e+00 1.166492e+01 1.038234e+01 1.466424e+01 1.242161e+01 9.610502e+00
[425] 5.934241e+00 1.440529e+01 1.283369e+01 9.353786e+00 6.791045e+00 6.740145e+00 1.556740e+01 5.472604e+00
[433] 1.420408e+01 1.320795e+01 7.007548e+00 9.392733e+00 3.323678e+00 1.406507e+01 4.848588e+00 2.878731e+00
[441] 2.609366e+00 1.467665e+00 7.494878e+00 1.163127e+01 1.052875e+01 6.445630e+00 5.971339e+00 7.475567e-01
[449] 1.229828e+01 7.737695e+00 1.317657e+00 6.383522e+00 2.321063e+00 1.490350e+00 1.199016e+01 6.577854e+00
[457] 6.360524e+00 1.264968e+01 1.229779e+01 3.915968e+00 1.188462e+01 9.784803e+00 1.337919e+00 5.371975e+00
[465] 3.891732e+00 5.402962e+00 7.643108e+00 1.318484e+01 9.505356e+00 1.240890e+01 2.290722e+00 8.705887e+00
[473] 1.092547e+01 7.457474e+00 2.288653e+00 2.213087e+00 9.470304e+00 6.121165e+00 6.017846e+00 2.044964e+00
[481] 5.728851e+00 4.301994e+00 3.042163e+00 9.901851e+00 1.023040e+01 6.332658e-01 2.245131e-01 8.096130e+00
[489] 4.359490e+00 3.795869e+00 3.728872e+00 1.035648e+00 1.002733e+00 8.472231e+00 7.141816e+00 3.616518e+00
[497] 3.426460e+00 8.727441e+00 8.480006e+00 7.615749e+00 4.989441e+00 9.798099e+00 7.828552e+00 9.730368e+00
[505] 1.187573e+01 1.211335e+01 1.922569e+00 1.086320e+01 1.021643e+01 1.098708e+01 7.405454e+00 5.318291e+00
[513] 9.456519e+00 1.195462e+01 9.781659e+00 2.456244e+00 4.599718e-01 2.083735e+00 7.676752e-01 1.065461e+01
[521] 4.299392e+00 2.577579e+00 1.117476e+01 1.025670e+01 9.500186e+00 8.812130e+00 8.299830e+00 1.045825e+01
[529] 4.541055e+00 3.384642e+00 6.727769e-01 8.471902e+00 6.843520e+00 9.267047e+00 8.285378e+00 1.829072e+00
[537] 4.963801e-02 2.551141e+00 5.814162e-01 9.399121e+00 8.772045e+00 6.098249e+00 2.897595e+00 5.961436e+00
[545] 3.039806e+00 1.407982e+00 9.298386e+00 2.241234e+00 8.799746e+00 8.003471e+00 7.444789e+00 3.774639e+00
[553] 9.109344e+00 2.808896e+00 1.819976e+00 1.460364e+00 5.939318e-01 8.594498e+00 4.342747e+00 7.051064e+00
[561] 9.448637e+00 9.887433e+00 2.090598e+00 7.766772e-01 9.275732e+00 1.709583e+00 1.631302e+00 5.856634e+00
[569] 7.665695e+00 8.123880e+00 8.645577e+00 7.683780e+00 7.249816e+00 4.770343e+00 2.848734e+00 9.406208e+00
[577] 7.894101e+00 5.683138e+00 3.512995e+00 8.842297e+00 4.730519e+00 5.523127e+00 6.376405e+00 6.778509e+00
[585] 5.033121e+00 4.809957e+00 1.430320e+00 1.390979e+00 5.937228e+00 2.264708e+00 4.381728e+00 1.559472e+00
[593] 8.626951e+00 6.635989e-01 6.714311e+00 2.909925e+00 8.766039e+00 4.493525e+00 3.420694e+00 9.559839e-03
[601] 8.545776e+00 6.481294e+00 5.731763e+00 6.014346e+00 7.211216e+00 1.489465e-01 8.220588e+00 3.518206e+00
[609] 5.538475e+00 5.194076e+00 7.313459e+00 1.654571e+00 6.247744e+00 2.904905e+00 7.612457e+00 6.063250e+00
[617] 1.338436e+00 2.644610e+00 5.023112e+00 4.019152e+00 3.200199e+00 4.364396e-02 1.984109e+00 6.582137e+00
[625] 7.026688e+00 2.797406e+00 3.545140e+00 3.537277e+00 6.464705e+00 4.703618e+00 2.326008e+00 5.335772e-01
[633] 4.570341e+00 1.300210e+00 6.926758e+00 6.891814e+00 1.750529e+00 6.893445e-01 6.734297e+00 6.324072e+00
[641] 5.546875e+00 6.470394e-01 2.124566e+00 3.818224e+00 4.036557e+00 5.241087e+00 5.087813e+00 3.654312e+00
[649] 1.644466e+00 1.074698e+00 1.727688e+00 7.575461e-01 8.744690e-02 5.465598e+00 3.449006e+00 2.567843e-01
[657] 3.359306e+00 2.768818e+00 3.746127e-01 2.259983e+00 5.246902e+00 2.796187e+00 5.081406e-01 4.163019e+00
[665] 4.529603e+00 2.562656e+00 1.739802e+00 4.464663e+00 1.131186e+00 4.582707e+00 4.003365e+00 2.668739e+00
[673] 1.578630e-01 2.690320e+00 6.537969e-01 2.807614e+00 2.382012e+00 4.043512e+00 3.351988e+00 2.902327e+00
[681] 2.901437e+00 2.419471e+00 2.162840e+00 1.911256e+00 2.458786e+00 2.041634e-01 3.107303e-01 2.261208e+00
[689] 2.772641e+00 1.620146e+00 4.724245e-01 2.174790e+00 1.183135e+00 6.153614e-01 1.832229e+00 9.977273e-01
[697] 1.880820e+00 1.341218e+00 1.341765e+00 2.590462e-01 8.472289e-01 2.112304e+00 3.101379e-01 1.036436e+00
[705] 8.679367e-01 1.210194e+00 1.052153e+00 5.960761e-01 5.956755e-01 7.477308e-02 3.242933e-01 6.603600e-01
[713] 3.019603e-01 3.613489e-01 3.336357e-01 4.957368e-01

$PAR
  [1]  NA   1   1   2   2   3   3   3   3   3   6   6   4   4   5   5   5   5   5   5   7   7  16  16  13  13  13  13
 [29]  13  13  13  17  18  18  33  33  21  21  21  21  19  19  19  19  19  19  19  11  11  11  11  41  41  41  41  41
 [57]  41  41  41   8   8   8  12  12  12  12  53  53  53  53  53  60  63  34  34  43  22  22  22  22  73  73  73  73
 [85]  73  73  76  25  25  25  54  54  54  54  65  65  72  72  72  72  72  72  44  44  20  77  77  77  77  75  75  75
[113]  75  88  88  88 110 110 110 110 106 106 106  57  57  57  57  57 117 105 105 105  26 129 129 129  68  68  68  91
[141] 103 103 114 124  66  66  66  89  89  89  89 140 152 152 152 118 107 107 107 107 107  78  78  38  38  38  38 125
[169]  97  97 134 134 134 134 134 134  58  58  82  96 180 180 180 121 121 121  83  83 143 143 143  39  39  39  39  39
[197]  39  98  98  98  98  98 141 145 145  40  40 198 198 198 198 142 142 142 136 136 136 136 136 136 190 190  48  48
[225]  48  48 169 169 169 187 187 187 191 227 227 199 223 237 237  27  27  27 203 203 203  28  70  70 243 243  45  45
[253]  45  45 162 162 162 162 208 208 251 137 137 188 188 188 188 171 171 171 171 171  90  90  90 236 236 236 236 268
[281] 268 268 268 244 244 138 138 138 138 215 194 252 249 249  85  85 212 212 212 212 213 213 213 295 181 276 276 276
[309] 209  46 195 297 296 296 296 296 296  47  47 126 126 126 126 126 126 230 115 115 158 158 240 184 259 284 284 284
[337] 159 269 277 277 277 277 231 338 338 338 329 329 305 347 214 214 214 214 214 214 196 196 196 344 344 228 228 270
[365] 270 270 270 332 204 204 256 256 304 304 304 123 123 291 331 331 257 257 257 257 257 232 232 232  80  80 148 148
[393] 104 104 104 104 379 379 379 156 318 216 357  86 314 247 247 116 326 326 326 326 233 345 130 130 217 315 221 380
[421] 272 400 127 358 358 170 311 311 311 311 253 349 179 185 185  30  30 404 250 409 409 376 410 239 239 239 239 239
[449] 260 260 433 265 265 265 438 438 438 346 346 346 316 316 316 397 397 153 225  31  31 339 100 434 254 468 468 468
[477] 369 369 398 398  62  62  62 248 160 160 427 288 288 288 288 402 402 266 266 266 266 423 423 390 390 245 245 449
[505] 101 273 273 386 386 274 274 506 383 455 455 455 514 505 505 234 234 234 420 420 420 444 444 149 149 149 149 229
[533] 229 102 102 102 473 322 322 281 281 281 281 528 528  93 421 421 298 279 279 119 299 485 509 509 262 207 207 411
[561] 384 154 154 154 374 374 484 502 462 515 504 504 504 177 177 525 525 525 525 477 477 561 540 436 385 565 534 534
[589] 353 218 399 360 282 350 246 246 580 541 541 498 571 571 571 235 558 558 601 601 499 499 494 532 607 607 488 577
[617] 577 503 226 323 323 450 500 511 611 573 289 289 290 150 560 560 391 391 625 625 625 625 435 147 635 636 533 584
[645] 430 595 595 624 624 456 602 583 640 613 394 616 479 479 479 447 425 568 481 283 210 432 325 401 501 341 341 586
[673] 586 574 395 591 489 559 521 375 490 490 490 491 496 361 655 679 483 483 309 680 407 672 618 618 441 538 516 516
[701] 682 120 453 471 702 697 536 555 337 442 588 698 634 669 701 708

$EXTANT
  [1] FALSE FALSE FALSE FALSE FALSE FALSE FALSE FALSE FALSE FALSE  TRUE FALSE FALSE FALSE FALSE FALSE FALSE FALSE FALSE
 [20] FALSE  TRUE FALSE FALSE FALSE FALSE FALSE  TRUE FALSE FALSE FALSE  TRUE FALSE FALSE FALSE FALSE FALSE FALSE FALSE
 [39]  TRUE  TRUE  TRUE FALSE FALSE FALSE  TRUE  TRUE  TRUE  TRUE FALSE  TRUE  TRUE FALSE FALSE  TRUE FALSE FALSE FALSE
 [58]  TRUE  TRUE FALSE FALSE  TRUE FALSE FALSE FALSE  TRUE FALSE FALSE FALSE  TRUE FALSE  TRUE  TRUE  TRUE  TRUE FALSE
 [77] FALSE  TRUE FALSE FALSE FALSE FALSE  TRUE FALSE FALSE FALSE FALSE FALSE  TRUE  TRUE  TRUE FALSE  TRUE  TRUE FALSE
 [96] FALSE  TRUE  TRUE  TRUE  TRUE FALSE  TRUE FALSE  TRUE FALSE FALSE FALSE  TRUE  TRUE  TRUE  TRUE  TRUE  TRUE FALSE
[115]  TRUE  TRUE FALSE FALSE  TRUE  TRUE  TRUE FALSE  TRUE FALSE FALSE  TRUE FALSE FALSE FALSE FALSE FALSE FALSE FALSE
[134]  TRUE FALSE  TRUE  TRUE  TRUE FALSE FALSE FALSE  TRUE FALSE FALSE  TRUE FALSE  TRUE  TRUE  TRUE  TRUE  TRUE FALSE
[153] FALSE  TRUE  TRUE  TRUE FALSE  TRUE  TRUE  TRUE  TRUE  TRUE FALSE FALSE FALSE FALSE  TRUE FALSE  TRUE  TRUE FALSE
[172] FALSE FALSE  TRUE  TRUE  TRUE  TRUE  TRUE  TRUE  TRUE FALSE FALSE  TRUE FALSE  TRUE FALSE FALSE FALSE FALSE  TRUE
[191] FALSE FALSE FALSE FALSE FALSE  TRUE  TRUE  TRUE FALSE FALSE  TRUE FALSE  TRUE  TRUE  TRUE FALSE  TRUE  TRUE  TRUE
[210]  TRUE  TRUE  TRUE  TRUE  TRUE FALSE  TRUE  TRUE  TRUE  TRUE  TRUE  TRUE  TRUE FALSE FALSE FALSE  TRUE  TRUE FALSE
[229]  TRUE  TRUE FALSE  TRUE  TRUE  TRUE  TRUE FALSE  TRUE FALSE  TRUE FALSE  TRUE  TRUE FALSE  TRUE  TRUE  TRUE FALSE
[248]  TRUE  TRUE  TRUE FALSE FALSE FALSE FALSE  TRUE  TRUE FALSE FALSE  TRUE  TRUE FALSE  TRUE FALSE  TRUE  TRUE  TRUE
[267] FALSE  TRUE FALSE  TRUE FALSE FALSE  TRUE  TRUE  TRUE  TRUE FALSE FALSE FALSE FALSE FALSE  TRUE  TRUE  TRUE  TRUE
[286] FALSE  TRUE  TRUE  TRUE  TRUE FALSE  TRUE  TRUE FALSE FALSE FALSE  TRUE  TRUE  TRUE  TRUE  TRUE  TRUE  TRUE  TRUE
[305]  TRUE FALSE FALSE  TRUE  TRUE  TRUE  TRUE  TRUE  TRUE FALSE FALSE  TRUE  TRUE FALSE  TRUE  TRUE  TRUE  TRUE FALSE
[324]  TRUE  TRUE FALSE FALSE  TRUE FALSE FALSE FALSE  TRUE  TRUE FALSE  TRUE  TRUE  TRUE FALSE  TRUE  TRUE  TRUE  TRUE
[343]  TRUE  TRUE  TRUE  TRUE  TRUE  TRUE  TRUE  TRUE  TRUE FALSE  TRUE  TRUE  TRUE  TRUE  TRUE  TRUE FALSE  TRUE  TRUE
[362] FALSE FALSE  TRUE FALSE  TRUE  TRUE  TRUE  TRUE  TRUE  TRUE  TRUE  TRUE  TRUE  TRUE  TRUE FALSE FALSE  TRUE  TRUE
[381] FALSE  TRUE  TRUE FALSE FALSE FALSE  TRUE  TRUE FALSE  TRUE FALSE  TRUE  TRUE  TRUE  TRUE  TRUE  TRUE  TRUE  TRUE
[400] FALSE FALSE  TRUE  TRUE  TRUE FALSE FALSE  TRUE  TRUE  TRUE  TRUE  TRUE  TRUE  TRUE  TRUE FALSE  TRUE FALSE  TRUE
[419]  TRUE  TRUE  TRUE  TRUE FALSE  TRUE  TRUE FALSE  TRUE  TRUE  TRUE  TRUE  TRUE  TRUE  TRUE FALSE  TRUE  TRUE FALSE
[438]  TRUE  TRUE  TRUE  TRUE  TRUE FALSE  TRUE  TRUE  TRUE  TRUE  TRUE FALSE  TRUE  TRUE  TRUE  TRUE  TRUE  TRUE  TRUE
[457] FALSE FALSE  TRUE  TRUE  TRUE  TRUE  TRUE  TRUE FALSE  TRUE FALSE  TRUE  TRUE  TRUE  TRUE  TRUE  TRUE  TRUE  TRUE
[476]  TRUE  TRUE FALSE  TRUE FALSE  TRUE  TRUE  TRUE  TRUE  TRUE  TRUE  TRUE FALSE  TRUE  TRUE  TRUE  TRUE  TRUE  TRUE
[495]  TRUE  TRUE  TRUE  TRUE  TRUE  TRUE  TRUE FALSE  TRUE  TRUE  TRUE  TRUE  TRUE  TRUE  TRUE  TRUE FALSE  TRUE FALSE
[514]  TRUE  TRUE  TRUE  TRUE  TRUE  TRUE  TRUE  TRUE  TRUE  TRUE  TRUE  TRUE  TRUE FALSE  TRUE  TRUE  TRUE  TRUE  TRUE
[533]  TRUE FALSE  TRUE  TRUE  TRUE  TRUE  TRUE  TRUE  TRUE  TRUE  TRUE FALSE  TRUE  TRUE FALSE  TRUE  TRUE  TRUE  TRUE
[552]  TRUE  TRUE  TRUE  TRUE  TRUE  TRUE  TRUE  TRUE  TRUE  TRUE FALSE  TRUE  TRUE  TRUE  TRUE  TRUE  TRUE  TRUE  TRUE
[571]  TRUE  TRUE  TRUE  TRUE  TRUE  TRUE  TRUE FALSE  TRUE  TRUE  TRUE  TRUE  TRUE  TRUE  TRUE  TRUE  TRUE  TRUE  TRUE
[590] FALSE  TRUE FALSE  TRUE  TRUE  TRUE  TRUE  TRUE  TRUE  TRUE  TRUE  TRUE  TRUE  TRUE  TRUE FALSE  TRUE  TRUE  TRUE
[609]  TRUE  TRUE  TRUE  TRUE FALSE  TRUE  TRUE  TRUE  TRUE  TRUE  TRUE  TRUE  TRUE  TRUE  TRUE  TRUE  TRUE  TRUE  TRUE
[628]  TRUE  TRUE FALSE  TRUE  TRUE  TRUE  TRUE FALSE  TRUE  TRUE  TRUE FALSE  TRUE FALSE  TRUE  TRUE  TRUE  TRUE FALSE
[647] FALSE  TRUE  TRUE  TRUE  TRUE  TRUE  TRUE  TRUE  TRUE  TRUE  TRUE  TRUE  TRUE  TRUE  TRUE  TRUE  TRUE  TRUE  TRUE
[666] FALSE  TRUE  TRUE  TRUE  TRUE  TRUE  TRUE  TRUE  TRUE  TRUE  TRUE  TRUE  TRUE  TRUE  TRUE  TRUE  TRUE  TRUE  TRUE
[685]  TRUE  TRUE  TRUE  TRUE  TRUE  TRUE  TRUE  TRUE  TRUE  TRUE  TRUE  TRUE  TRUE  TRUE  TRUE  TRUE  TRUE  TRUE  TRUE
[704]  TRUE  TRUE  TRUE  TRUE  TRUE  TRUE  TRUE  TRUE  TRUE  TRUE  TRUE  TRUE  TRUE

