
Birth-death simulation object with 705 species and 500 extant species

Details for some species:

Extinction times (NA means extant)
[1] 43.044245  8.209107        NA 40.804749 56.209696  8.190883


Speciation times 
[1] 75.01172 66.64062 63.17779 61.07818 60.58101 48.77898


Species parents (NA for initial)
[1] NA  1  1  1  2  2


Species status (extinct or extant)
[1] "extinct" "extinct" "extant"  "extinct" "extinct" "extinct"


For more details on vector y, try sim$y, with y one of
TE TS PAR EXTANT



$TE
  [1] 43.04424500  8.20910691          NA 40.80474944 56.20969578  8.19088335 33.83832528 27.54631169 13.81994866
 [10]  9.76484316          NA          NA  2.23798931 44.39324841 14.73495920          NA          NA          NA
 [19]  9.17877779          NA          NA 30.52288120          NA          NA 18.88502365  7.70682954 12.72127938
 [28]          NA          NA 10.22266975 23.53711396 54.48359963 31.60697439          NA 22.08685834 16.64740214
 [37]  9.22969443          NA          NA 32.37073776 29.48331034 11.56257029  0.23115204          NA  1.73756774
 [46] 44.60193196 35.50928252          NA 10.45669639          NA          NA  4.78455803          NA          NA
 [55]  9.68063599          NA          NA  1.75309675  8.89972077          NA 28.03588606  8.98198230          NA
 [64]          NA          NA          NA          NA          NA          NA          NA  7.53396233          NA
 [73] 24.53836391          NA  0.11633370 26.79664394          NA          NA          NA          NA 27.97792573
 [82]  5.49930207 38.82758186 23.26176462          NA          NA 16.49510955  0.75815352          NA 25.05898256
 [91]  7.11803225          NA 13.47866505  9.99753807          NA 10.44311573          NA          NA          NA
[100]          NA          NA          NA 15.97903246 14.83482183  4.03640874 30.36406629 19.42739228 19.81311956
[109]          NA          NA          NA 35.35015187  5.15714400          NA 25.73867914 27.16914525 22.45837687
[118] 22.19931180          NA  9.09754667          NA          NA          NA  9.88535872          NA 18.87449343
[127]  6.91597947  9.79754800          NA          NA          NA          NA          NA          NA          NA
[136] 13.96983812          NA 16.95514023          NA          NA 28.65097546          NA 18.67252461          NA
[145]          NA 22.04684707          NA          NA          NA 24.81450797          NA          NA          NA
[154] 10.66845060          NA          NA          NA          NA          NA  7.28074979          NA 22.78774671
[163]          NA 17.56762127  7.57027841          NA          NA  6.92034733          NA          NA  3.16968398
[172] 11.76915280 20.44531480          NA  0.89097806 14.48060666  2.43217533          NA 16.87972695 20.87409001
[181]          NA          NA          NA  0.40259969          NA  6.82561148  1.68627261          NA          NA
[190]          NA          NA          NA          NA  4.02760309          NA          NA 15.90621726          NA
[199]          NA          NA          NA 10.87422506          NA  8.80034273          NA          NA  0.07076399
[208]          NA  1.20649999          NA          NA          NA          NA          NA          NA  9.42450126
[217]          NA          NA          NA  0.89561390          NA          NA  1.64153423 21.01222706          NA
[226]          NA          NA          NA 20.83743552 21.38001204          NA          NA          NA  6.18956793
[235]          NA          NA          NA  6.57242276          NA          NA          NA  1.18108603 23.90074638
[244] 18.40563231 20.80494198          NA          NA 12.06630966  9.15317972  2.31927991          NA  7.71163132
[253]          NA          NA 17.38312261          NA          NA  0.77687576          NA 19.44000130          NA
[262]          NA          NA          NA  3.32822544          NA          NA          NA          NA  0.27918813
[271]          NA          NA  7.71794971          NA          NA 11.66932361          NA          NA          NA
[280] 13.91857566  2.80529594          NA  6.75115602          NA 22.74208347  9.92889925          NA  4.88811629
[289] 11.32225916          NA          NA          NA          NA          NA 15.22817881          NA          NA
[298]          NA 14.30399693          NA          NA          NA  6.13294132          NA          NA          NA
[307]          NA          NA          NA          NA          NA          NA          NA 15.36723937          NA
[316]          NA          NA          NA          NA  0.87573461 17.14372867          NA          NA          NA
[325] 11.41843716          NA          NA          NA  2.10625814 13.94025875          NA          NA          NA
[334]          NA          NA          NA          NA          NA 12.63744786          NA          NA          NA
[343]          NA 13.54034042 15.13393022          NA          NA  9.99762502          NA  8.38074851          NA
[352]  4.63479586          NA          NA          NA          NA  4.09362535          NA          NA          NA
[361]          NA 13.27385713          NA          NA          NA          NA          NA          NA  8.79485375
[370]  0.72767211  4.19411645          NA          NA          NA          NA          NA          NA          NA
[379]          NA          NA          NA          NA 10.28946322          NA          NA          NA          NA
[388]          NA          NA          NA          NA          NA          NA          NA          NA          NA
[397]          NA  2.37338579          NA          NA 13.53443492  0.25855558          NA          NA          NA
[406]          NA          NA          NA          NA          NA          NA  0.12738680  4.91184211          NA
[415]          NA          NA          NA          NA          NA          NA          NA  0.77681648          NA
[424]          NA  2.61777756          NA          NA          NA          NA 12.83121644          NA  1.83393200
[433]          NA  8.33639641          NA  1.33894717  5.15512286          NA          NA          NA          NA
[442]          NA          NA  9.28981643          NA          NA 10.77169156          NA  8.85178957  3.71857859
[451]          NA          NA          NA          NA          NA  0.70534543          NA          NA  9.53024066
[460]          NA  6.52827674          NA          NA 10.03654862          NA          NA          NA  6.18981523
[469]          NA          NA          NA          NA  1.04484198          NA          NA          NA 10.85680472
[478]  6.40307485          NA          NA          NA          NA          NA  1.60594567  7.16856239  0.39223391
[487]          NA  1.02113811          NA          NA          NA          NA          NA  6.67905669  2.45514433
[496]          NA          NA  7.15592547          NA          NA          NA          NA          NA          NA
[505]          NA          NA          NA          NA          NA  6.81068441          NA          NA          NA
[514]          NA          NA          NA          NA  0.58653615          NA          NA  0.38934224  9.21766029
[523]          NA          NA          NA          NA  5.16362411          NA          NA          NA          NA
[532]          NA          NA          NA  9.30617817          NA          NA  8.74809093  3.79436412          NA
[541]          NA  1.90747860          NA          NA          NA          NA          NA          NA  7.11177181
[550]          NA          NA          NA          NA          NA          NA  4.14089172          NA          NA
[559]          NA          NA          NA          NA          NA  2.37244868  6.80288249  1.27573792          NA
[568]          NA          NA          NA  5.21355012          NA          NA          NA          NA          NA
[577]          NA          NA          NA          NA          NA          NA          NA          NA          NA
[586]          NA          NA          NA          NA          NA          NA          NA          NA          NA
[595]          NA          NA          NA          NA          NA          NA          NA          NA          NA
[604]  2.54923058          NA          NA          NA          NA          NA  1.42178678          NA          NA
[613]  0.87241128          NA          NA          NA          NA          NA          NA          NA          NA
[622]  3.85365625          NA          NA          NA          NA          NA          NA          NA          NA
[631]          NA          NA          NA          NA  1.15371404          NA          NA          NA          NA
[640]          NA          NA          NA          NA          NA          NA          NA          NA          NA
[649]          NA          NA  1.15185186          NA          NA          NA          NA          NA  2.15351002
[658]          NA          NA          NA          NA          NA          NA          NA          NA          NA
[667]          NA          NA          NA          NA          NA          NA          NA          NA          NA
[676]          NA          NA          NA  3.23105440          NA          NA  0.96051991          NA          NA
[685]          NA          NA          NA          NA          NA          NA          NA          NA          NA
[694]          NA          NA          NA          NA          NA          NA          NA          NA          NA
[703]          NA          NA          NA

$TS
  [1] 7.501172e+01 6.664062e+01 6.317779e+01 6.107818e+01 6.058101e+01 4.877898e+01 4.600999e+01 3.578612e+01
  [9] 2.847387e+01 1.905765e+01 1.332433e+01 1.283941e+01 6.009095e+01 5.836357e+01 3.956026e+01 3.940580e+01
 [17] 2.513102e+01 2.115400e+01 1.773932e+01 1.208983e+01 1.154528e+01 4.992536e+01 4.139592e+01 5.928269e+01
 [25] 4.751826e+01 4.273621e+01 4.215997e+01 2.337566e+01 1.736792e+01 1.421033e+01 5.599605e+01 5.487398e+01
 [33] 4.701900e+01 3.420700e+01 3.080340e+01 3.023884e+01 2.735289e+01 1.788212e+01 5.541379e+00 5.391071e+01
 [41] 4.084067e+01 4.007308e+01 4.091906e+01 3.387739e+01 4.078056e+01 4.809510e+01 3.623026e+01 2.997859e+01
 [49] 3.597423e+01 2.524856e+01 2.447541e+01 3.944291e+01 3.713858e+01 1.365554e+01 9.771616e+00 8.169986e+00
 [57] 4.215165e+01 3.728417e+01 3.189591e+01 3.182722e+01 3.619896e+01 3.613497e+01 1.438183e+01 3.067060e+01
 [65] 2.335630e+00 3.446764e+01 3.264311e+01 2.924411e+01 2.805179e+01 2.519268e+01 1.528702e+01 3.267074e-01
 [73] 3.320649e+01 3.730824e+01 3.714421e+01 2.739748e+01 2.280536e+01 9.898707e+00 8.974959e+00 3.734049e+01
 [81] 3.715887e+01 3.108980e+01 3.941347e+01 3.276558e+01 3.249155e+01 3.215829e+01 2.633639e+01 2.300485e+01
 [89] 4.286026e+00 2.813016e+01 2.376070e+01 6.705480e-01 3.713696e+01 3.506377e+01 3.103056e+01 2.993477e+01
 [97] 2.301485e+01 1.608104e+01 1.227294e+01 1.102862e+01 2.986211e+00 2.930988e+01 2.751605e+01 2.564333e+01
[105] 5.435278e+00 3.157731e+01 2.844568e+01 2.773201e+01 2.267932e+01 1.063500e+01 3.917894e+00 3.636650e+01
[113] 3.536011e+01 3.356055e+01 3.074454e+01 3.028223e+01 2.875457e+01 2.867884e+01 2.383287e+01 1.739743e+01
[121] 1.711820e+01 1.371499e+01 1.564249e+01 3.566940e+01 2.945733e+01 3.463174e+01 2.182901e+01 2.060131e+01
[129] 1.246999e+01 1.044342e+01 2.917429e+01 1.757393e+01 1.397580e+01 3.369261e+01 3.185139e+01 3.112535e+01
[137] 2.757713e+01 2.084737e+01 1.173088e+01 3.066260e+01 2.926494e+01 2.217875e+01 3.435667e+01 2.948347e+01
[145] 2.701534e+01 2.523609e+01 2.308440e+01 2.089503e+01 1.014825e+01 3.369182e+01 3.034423e+00 2.775315e+01
[153] 1.898825e+01 2.023061e+01 1.816793e+01 6.161389e+00 2.703356e+01 2.672753e+01 2.402994e+01 8.136224e+00
[161] 6.281612e+00 2.801963e+01 2.505013e+01 2.106492e+01 1.692154e+01 6.225017e+00 3.603449e+00 2.461069e+01
[169] 1.342724e+01 1.310069e+01 1.145493e+01 2.299967e+01 2.152832e+01 1.543275e+01 2.215201e+01 1.744633e+01
[177] 1.699793e+01 1.389848e+01 2.424300e+01 2.185617e+01 1.007566e+01 1.060738e+01 9.504500e+00 5.856473e+00
[185] 2.076953e+00 2.773360e+01 2.353993e+01 2.092579e+01 1.966567e+01 1.322391e+01 1.068083e+01 2.384086e+01
[193] 1.792700e+01 1.628164e+01 1.487912e+01 6.197930e+00 2.774989e+01 2.737830e+01 2.806685e+01 3.739676e+00
[201] 2.909042e+00 2.953828e+01 2.894677e+01 2.459578e+01 1.219168e+01 1.074928e+01 2.842374e+01 1.789342e+01
[209] 2.756673e+01 2.197126e+00 1.185427e+01 8.711215e+00 7.827839e+00 2.289047e+00 1.297639e+01 2.321797e+01
[217] 6.134844e+00 4.769970e+00 2.805262e+00 2.849009e+01 1.497357e+01 1.455127e+01 7.004788e+00 2.763829e+01
[225] 1.843985e+01 1.415686e+01 1.085641e+01 1.584144e+00 2.623621e+01 2.280723e+01 2.625867e+01 2.397752e+01
[233] 2.387672e+01 1.645196e+01 7.565526e+00 4.880575e+00 2.043912e+01 1.952576e+01 1.430006e+01 3.741445e+00
[241] 2.477525e+00 1.592153e+01 2.427615e+01 1.954448e+01 2.362673e+01 2.156543e+01 2.531017e+01 1.319999e+01
[249] 1.203550e+01 1.087472e+01 5.601246e+00 2.346622e+01 1.411342e+00 1.281706e+00 1.740334e+01 1.033224e+01
[257] 1.784708e+01 1.064405e+01 3.889086e+00 2.554813e+01 2.016729e+01 1.332042e+01 4.662142e+00 2.597374e+01
[265] 1.209866e+01 2.125774e+01 1.686985e+01 1.608833e+01 1.607611e+01 1.344265e+01 1.995530e+01 1.655028e+01
[273] 2.118630e+01 1.972581e+01 1.892784e+01 2.491985e+01 2.087372e+01 1.857195e+01 3.527992e+00 1.860935e+01
[281] 1.750182e+01 1.659613e+01 1.108586e+01 6.701089e+00 2.318919e+01 1.001448e+01 9.013318e+00 6.221360e+00
[289] 2.220560e+01 1.997618e+01 1.954168e+01 1.355727e+01 6.499558e+00 5.014780e-01 2.001798e+01 1.519032e+00
[297] 1.469479e+01 7.950678e+00 2.125521e+01 1.047937e+01 2.271753e+00 2.172068e+01 1.565840e+01 1.048949e+01
[305] 7.010577e+00 2.134162e+01 1.555379e+01 1.067955e+01 1.013095e+01 1.876474e+01 1.682423e+01 1.483451e+01
[313] 2.086343e+00 1.804606e+01 3.731767e+00 2.069263e-02 2.083815e+01 1.893805e+01 1.547867e+01 2.069241e+01
[321] 1.860342e+01 1.666727e+01 1.350143e+01 1.658074e+00 1.978027e+01 2.178553e+01 1.482240e+01 1.414038e+01
[329] 1.334640e+01 1.848232e+01 1.632973e+01 7.283976e+00 7.734874e+00 1.350685e+01 1.147773e+01 8.770172e+00
[337] 1.607690e-01 1.806526e+01 1.609091e+01 6.334856e+00 9.179753e+00 9.078368e+00 1.906549e+00 1.519478e+01
[345] 1.818577e+01 1.553005e+01 9.516291e+00 1.656305e+01 6.877340e+00 1.979769e+01 1.576724e+01 1.469273e+01
[353] 6.662091e+00 1.909270e+01 1.430598e+01 1.078562e+01 1.586689e+01 9.743522e+00 1.541288e+00 1.203177e+01
[361] 4.547708e+00 1.655461e+01 4.604406e+00 5.517662e+00 1.772575e+01 4.705332e+00 3.015575e-01 1.438092e+01
[369] 9.251294e+00 8.731075e+00 1.366376e+01 1.283692e+01 8.044707e+00 4.847913e+00 1.502677e+01 7.794572e+00
[377] 4.896219e+00 1.574543e+01 1.105939e+01 2.949865e+00 1.327883e+01 1.136670e+01 1.074946e+01 1.070033e+01
[385] 4.775495e+00 4.132566e+00 1.702000e+01 7.408757e-01 5.013566e+00 1.955842e+00 6.026263e+00 1.453003e-01
[393] 2.356081e+00 1.512887e+01 1.205826e+01 9.559849e+00 9.312457e+00 8.976673e+00 1.295058e+01 1.408481e+01
[401] 1.537003e+01 1.166613e+01 1.155004e+01 4.411582e+00 2.517754e+00 1.026700e+01 1.328272e+01 1.441248e+01
[409] 1.430169e+01 1.254619e+01 1.481611e+01 1.252632e+01 4.988830e+00 8.084164e+00 5.790059e+00 1.175684e+01
[417] 1.305550e+00 1.455641e+01 7.628694e+00 1.021369e+00 2.858859e-01 3.228272e+00 1.330403e+00 1.485264e+01
[425] 8.805718e+00 7.233123e+00 2.328802e+00 1.189305e+00 1.173276e+01 1.406570e+01 1.309188e+01 1.206990e+01
[433] 1.491539e+01 1.488771e+01 1.371818e+01 1.300040e+01 1.211320e+01 1.246750e+01 6.610513e+00 9.484004e+00
[441] 5.418149e-01 4.113270e-01 1.155275e+00 1.406100e+01 7.768457e-01 1.197907e+01 1.155154e+01 5.440045e+00
[449] 1.241821e+01 8.508244e+00 7.486152e+00 4.838275e-01 1.362677e+01 2.265520e+00 1.099937e+01 3.386665e+00
[457] 1.421180e+01 1.125757e+01 1.117358e+01 7.824813e-01 1.291288e+01 1.349080e+01 1.298774e+01 1.306347e+01
[465] 1.208293e+01 1.978719e+00 1.472122e+00 1.102445e+01 5.570059e-01 4.857181e+00 1.217631e+01 4.209336e+00
[473] 3.206974e+00 1.221027e-01 1.060037e+01 9.077118e+00 1.261927e+01 1.156086e+01 8.564406e+00 5.726817e+00
[481] 1.106424e+01 3.427632e-01 9.295424e-01 1.115653e+01 1.217275e+01 2.443511e+00 4.339130e+00 8.096133e+00
[489] 7.993600e+00 2.342933e+00 8.353973e+00 5.853328e+00 5.064622e+00 1.255821e+01 7.076614e+00 4.217877e+00
[497] 1.535581e+00 1.104711e+01 9.261886e+00 8.040746e+00 7.763709e+00 2.337293e-01 6.054675e+00 3.625400e+00
[505] 4.300399e-01 1.033270e+01 3.770786e-01 6.846711e-02 3.853557e+00 9.173583e+00 1.249499e+01 5.517778e+00
[513] 3.253907e+00 1.076328e+01 8.353939e+00 1.171897e+01 9.042981e+00 8.010745e-01 2.051366e+00 5.728608e-01
[521] 6.691279e+00 9.588150e+00 1.038229e+01 3.114025e+00 7.399556e-01 8.888921e+00 6.858388e+00 5.296994e+00
[529] 8.422197e+00 3.193235e+00 5.418800e+00 1.105331e+01 1.017326e+01 6.357349e+00 1.061176e+01 3.575078e+00
[537] 9.814241e+00 1.073387e+01 5.923638e+00 2.551346e+00 3.712576e-01 2.871960e+00 7.145045e+00 1.062431e+01
[545] 6.597362e+00 8.863428e+00 3.262311e-01 3.252444e-01 9.663880e+00 5.853333e+00 8.826284e+00 1.390540e+00
[553] 5.365560e+00 2.850366e+00 1.982062e+00 5.314263e+00 4.490334e+00 7.260308e+00 9.310017e+00 6.797044e+00
[561] 4.619303e+00 1.012026e+01 1.009752e+00 4.332163e+00 1.038267e+01 8.863699e+00 8.811268e+00 1.808973e+00
[569] 1.009903e+01 6.822210e+00 9.191122e+00 7.998780e+00 7.274574e+00 6.989255e+00 5.926643e-01 5.455203e+00
[577] 1.356422e+00 6.667966e-01 2.273346e+00 2.354642e+00 5.929946e-01 4.433392e+00 7.722654e+00 2.684970e+00
[585] 5.215177e+00 1.804195e+00 8.793401e+00 5.765711e+00 8.120706e+00 5.004650e+00 4.850803e+00 4.251489e+00
[593] 7.864832e+00 4.059019e+00 7.412557e+00 2.160180e+00 6.349793e+00 6.337734e+00 6.133578e+00 5.064728e+00
[601] 5.056270e+00 4.158931e+00 2.665685e+00 3.511094e+00 4.663641e+00 2.737433e+00 6.263689e-01 3.832536e+00
[609] 4.153701e+00 3.238978e+00 2.440262e+00 3.270793e+00 6.103962e+00 2.377412e+00 5.575137e-01 7.071700e+00
[617] 3.838022e+00 6.734892e+00 2.374161e+00 9.756890e-01 5.292488e+00 4.337652e+00 1.241422e+00 2.258553e+00
[625] 5.843649e+00 1.079327e-04 5.113062e+00 4.804631e-01 2.251157e+00 5.972472e+00 6.416486e-03 1.212831e+00
[633] 1.118845e+00 3.699022e+00 1.325785e+00 9.312617e-01 4.927877e+00 4.646860e+00 5.779290e+00 4.341473e+00
[641] 4.824380e-01 1.917914e+00 4.351020e+00 4.245604e+00 4.774933e+00 1.129257e+00 3.575831e+00 1.622558e+00
[649] 3.397890e-01 2.978484e+00 3.433718e+00 2.525184e+00 2.795123e+00 7.553614e-01 3.296968e+00 1.125406e-01
[657] 2.187311e+00 3.918885e-01 3.757055e+00 3.159151e+00 1.021802e+00 2.590596e+00 9.435706e-01 4.204397e+00
[665] 2.299051e+00 6.817478e-01 9.380976e-01 2.179058e+00 2.244750e+00 2.573154e+00 3.102587e+00 1.225770e-01
[673] 2.926212e+00 3.166979e+00 4.266791e-01 3.247308e+00 3.163162e+00 2.339338e-01 3.441451e+00 3.117241e+00
[681] 5.561293e-01 3.512387e+00 2.548397e+00 1.665434e+00 3.097673e+00 1.201942e+00 3.541613e-01 2.413837e+00
[689] 9.071444e-01 1.336681e+00 6.664465e-01 9.173538e-01 1.825074e+00 7.928887e-01 1.457807e+00 9.079601e-01
[697] 8.994232e-01 1.082457e+00 1.588377e+00 1.288469e+00 3.889458e-01 1.200272e+00 6.509889e-01 5.330614e-01
[705] 4.003966e-01

$PAR
  [1]  NA   1   1   1   2   2   2   2   2   2   2   2   3   3   3   3   3   3   3   3   3   4   4   5  13  13  13  13
 [29]  13  13  24  24  24  24  24  24  24  24  24  14  31  31  40  40  22   6   6   6  25  25  25  33   7  26  26  26
 [57]  27  27  27  27  57  57  57  23  23  43  43  43  43  43  43  43  41  45  45  45  45  45  45  42  42  42  15  15
 [85]  16  16  16  16  16  80  80  80  74  74  74  74  74  74  74  74  74  58  58  58  58  81  81  75  75  75  75  53
[113]  53  53  53  53  53  53  53  53  53  53  93  47  61   8 124 124 124 124 113 113 113  94  94  94  94  94  94 126
[141] 126 126  66  66  66  66  66  66  66 143  34  44  44 134 134 134 150 150 114 114 114  73  67  67  67  67  67  85
[169]  85  85  85  86  59  59 135  60  60  60  82  82  82  95  95  95  95  35  35  64  64  64  64 140 140 140 140 140
[197]  36  36  48  48  48  96  96  96  96  96 202 202 144 144 125 125 125 125 102  68  68  68  68 131 131 131 131 203
[225] 203 203 203 203 118 220   9 107 207 207 207 207 199 199 152 152 152 197 186 186 224 224 137 137 137 137 137 209
[253] 209 209 198  37 157 145 145 158 158 158 158 231 231 229 264 104 247 247  50  50  70  17  17 163 163 163 163 168
[281] 204 204 204  51 159 159 159 159 232 233 233 233 233 233 192 119  91  91 245 187 187 252 252  28  28 216 216 216
[309] 147  97  97  88  88  77  77  77 289 289 289 142 142 142 142 142 175 180 127 127 326 302 302 302 246 306 306 266
[337] 266 273 273  18 188 188 188 277 317 317 317 320 320 128 128 237 237 154 154 154 261 261 261 290 290 325 274 189
[365] 291 291 291 238 238 354 318 318 318 318 275 275 275 278 278 278 338 338 338 338 338 193 208  38 257 257 365 365
[393] 132 281 120 120 120  29 121 177 267 267 267 267 267 311 282 348 272 272 331 331 331 194 268  98  98 269 269 269
[421] 269 242 242 351 351 351 351 351 378 303 303 303 123 123 307 346 346 319 319 394 394 394 375 221 221 433 433 433
[449] 434 434 424 312 327 327 411 297 418 222 222 222 408  63  63 368 355 355 355 409 409 239  30 226 226 226 328 328
[477] 400 400 400 435 122  54 292 334 323 323 462 270 270 169  11  11 407 381 381 170 170 431 431 431 431 431 463 215
[505] 215 399 399 399  12 494 410 412 129 438 438  99 205 205 471 471 437 265  20  20  20 465 465 465 432 432 360 446
[533] 446 446 416 416 429 516 516 516 516 402 478 403  21 481 379 532 498 100 455 455 356 356 356 514 514 206 384 191
[561] 191 308 308 258 110 110 182 182 475 475 523 506 256 256 533 309 562 562 569 181  78 537 183 559 571 476 287 398
[589]  79 567 567 425 587 336 370 370 491 491 515 488 572 572 489 298 213 376 501 235 451 451 451 573 558 558 558 426
[617] 305 349 560 560 521 521 439 545 293 293 534 534 598 161 161 156 613 630 630 630 184 184 492 625 625 639 480 251
[645] 576 576 448 448 448 531 585 585 627 493 601 389 590 637 236 470 470 374 374 385 218 218 366 638 361  89 644 644
[673] 386 594 509 617 608 608 659 659 200 504 279 651 456 456 670 241 611 619 580 490 665 665 214 579 579 642 343 324
[701] 228 417 667 575 575

$EXTANT
  [1] FALSE FALSE  TRUE FALSE FALSE FALSE FALSE FALSE FALSE FALSE  TRUE  TRUE FALSE FALSE FALSE  TRUE  TRUE  TRUE FALSE
 [20]  TRUE  TRUE FALSE  TRUE  TRUE FALSE FALSE FALSE  TRUE  TRUE FALSE FALSE FALSE FALSE  TRUE FALSE FALSE FALSE  TRUE
 [39]  TRUE FALSE FALSE FALSE FALSE  TRUE FALSE FALSE FALSE  TRUE FALSE  TRUE  TRUE FALSE  TRUE  TRUE FALSE  TRUE  TRUE
 [58] FALSE FALSE  TRUE FALSE FALSE  TRUE  TRUE  TRUE  TRUE  TRUE  TRUE  TRUE  TRUE FALSE  TRUE FALSE  TRUE FALSE FALSE
 [77]  TRUE  TRUE  TRUE  TRUE FALSE FALSE FALSE FALSE  TRUE  TRUE FALSE FALSE  TRUE FALSE FALSE  TRUE FALSE FALSE  TRUE
 [96] FALSE  TRUE  TRUE  TRUE  TRUE  TRUE  TRUE FALSE FALSE FALSE FALSE FALSE FALSE  TRUE  TRUE  TRUE FALSE FALSE  TRUE
[115] FALSE FALSE FALSE FALSE  TRUE FALSE  TRUE  TRUE  TRUE FALSE  TRUE FALSE FALSE FALSE  TRUE  TRUE  TRUE  TRUE  TRUE
[134]  TRUE  TRUE FALSE  TRUE FALSE  TRUE  TRUE FALSE  TRUE FALSE  TRUE  TRUE FALSE  TRUE  TRUE  TRUE FALSE  TRUE  TRUE
[153]  TRUE FALSE  TRUE  TRUE  TRUE  TRUE  TRUE FALSE  TRUE FALSE  TRUE FALSE FALSE  TRUE  TRUE FALSE  TRUE  TRUE FALSE
[172] FALSE FALSE  TRUE FALSE FALSE FALSE  TRUE FALSE FALSE  TRUE  TRUE  TRUE FALSE  TRUE FALSE FALSE  TRUE  TRUE  TRUE
[191]  TRUE  TRUE  TRUE FALSE  TRUE  TRUE FALSE  TRUE  TRUE  TRUE  TRUE FALSE  TRUE FALSE  TRUE  TRUE FALSE  TRUE FALSE
[210]  TRUE  TRUE  TRUE  TRUE  TRUE  TRUE FALSE  TRUE  TRUE  TRUE FALSE  TRUE  TRUE FALSE FALSE  TRUE  TRUE  TRUE  TRUE
[229] FALSE FALSE  TRUE  TRUE  TRUE FALSE  TRUE  TRUE  TRUE FALSE  TRUE  TRUE  TRUE FALSE FALSE FALSE FALSE  TRUE  TRUE
[248] FALSE FALSE FALSE  TRUE FALSE  TRUE  TRUE FALSE  TRUE  TRUE FALSE  TRUE FALSE  TRUE  TRUE  TRUE  TRUE FALSE  TRUE
[267]  TRUE  TRUE  TRUE FALSE  TRUE  TRUE FALSE  TRUE  TRUE FALSE  TRUE  TRUE  TRUE FALSE FALSE  TRUE FALSE  TRUE FALSE
[286] FALSE  TRUE FALSE FALSE  TRUE  TRUE  TRUE  TRUE  TRUE FALSE  TRUE  TRUE  TRUE FALSE  TRUE  TRUE  TRUE FALSE  TRUE
[305]  TRUE  TRUE  TRUE  TRUE  TRUE  TRUE  TRUE  TRUE  TRUE FALSE  TRUE  TRUE  TRUE  TRUE  TRUE FALSE FALSE  TRUE  TRUE
[324]  TRUE FALSE  TRUE  TRUE  TRUE FALSE FALSE  TRUE  TRUE  TRUE  TRUE  TRUE  TRUE  TRUE  TRUE FALSE  TRUE  TRUE  TRUE
[343]  TRUE FALSE FALSE  TRUE  TRUE FALSE  TRUE FALSE  TRUE FALSE  TRUE  TRUE  TRUE  TRUE FALSE  TRUE  TRUE  TRUE  TRUE
[362] FALSE  TRUE  TRUE  TRUE  TRUE  TRUE  TRUE FALSE FALSE FALSE  TRUE  TRUE  TRUE  TRUE  TRUE  TRUE  TRUE  TRUE  TRUE
[381]  TRUE  TRUE FALSE  TRUE  TRUE  TRUE  TRUE  TRUE  TRUE  TRUE  TRUE  TRUE  TRUE  TRUE  TRUE  TRUE  TRUE FALSE  TRUE
[400]  TRUE FALSE FALSE  TRUE  TRUE  TRUE  TRUE  TRUE  TRUE  TRUE  TRUE  TRUE FALSE FALSE  TRUE  TRUE  TRUE  TRUE  TRUE
[419]  TRUE  TRUE  TRUE FALSE  TRUE  TRUE FALSE  TRUE  TRUE  TRUE  TRUE FALSE  TRUE FALSE  TRUE FALSE  TRUE FALSE FALSE
[438]  TRUE  TRUE  TRUE  TRUE  TRUE  TRUE FALSE  TRUE  TRUE FALSE  TRUE FALSE FALSE  TRUE  TRUE  TRUE  TRUE  TRUE FALSE
[457]  TRUE  TRUE FALSE  TRUE FALSE  TRUE  TRUE FALSE  TRUE  TRUE  TRUE FALSE  TRUE  TRUE  TRUE  TRUE FALSE  TRUE  TRUE
[476]  TRUE FALSE FALSE  TRUE  TRUE  TRUE  TRUE  TRUE FALSE FALSE FALSE  TRUE FALSE  TRUE  TRUE  TRUE  TRUE  TRUE FALSE
[495] FALSE  TRUE  TRUE FALSE  TRUE  TRUE  TRUE  TRUE  TRUE  TRUE  TRUE  TRUE  TRUE  TRUE  TRUE FALSE  TRUE  TRUE  TRUE
[514]  TRUE  TRUE  TRUE  TRUE FALSE  TRUE  TRUE FALSE FALSE  TRUE  TRUE  TRUE  TRUE FALSE  TRUE  TRUE  TRUE  TRUE  TRUE
[533]  TRUE  TRUE FALSE  TRUE  TRUE FALSE FALSE  TRUE  TRUE FALSE  TRUE  TRUE  TRUE  TRUE  TRUE  TRUE FALSE  TRUE  TRUE
[552]  TRUE  TRUE  TRUE  TRUE FALSE  TRUE  TRUE  TRUE  TRUE  TRUE  TRUE  TRUE FALSE FALSE FALSE  TRUE  TRUE  TRUE  TRUE
[571] FALSE  TRUE  TRUE  TRUE  TRUE  TRUE  TRUE  TRUE  TRUE  TRUE  TRUE  TRUE  TRUE  TRUE  TRUE  TRUE  TRUE  TRUE  TRUE
[590]  TRUE  TRUE  TRUE  TRUE  TRUE  TRUE  TRUE  TRUE  TRUE  TRUE  TRUE  TRUE  TRUE  TRUE FALSE  TRUE  TRUE  TRUE  TRUE
[609]  TRUE FALSE  TRUE  TRUE FALSE  TRUE  TRUE  TRUE  TRUE  TRUE  TRUE  TRUE  TRUE FALSE  TRUE  TRUE  TRUE  TRUE  TRUE
[628]  TRUE  TRUE  TRUE  TRUE  TRUE  TRUE  TRUE FALSE  TRUE  TRUE  TRUE  TRUE  TRUE  TRUE  TRUE  TRUE  TRUE  TRUE  TRUE
[647]  TRUE  TRUE  TRUE  TRUE FALSE  TRUE  TRUE  TRUE  TRUE  TRUE FALSE  TRUE  TRUE  TRUE  TRUE  TRUE  TRUE  TRUE  TRUE
[666]  TRUE  TRUE  TRUE  TRUE  TRUE  TRUE  TRUE  TRUE  TRUE  TRUE  TRUE  TRUE  TRUE FALSE  TRUE  TRUE FALSE  TRUE  TRUE
[685]  TRUE  TRUE  TRUE  TRUE  TRUE  TRUE  TRUE  TRUE  TRUE  TRUE  TRUE  TRUE  TRUE  TRUE  TRUE  TRUE  TRUE  TRUE  TRUE
[704]  TRUE  TRUE

