
Birth-death simulation object with 690 species and 500 extant species

Details for some species:

Extinction times (NA means extant)
[1] 36.76641  1.90234 30.01694 31.77241  3.30983 35.19189


Speciation times 
[1] 56.86728 55.25225 52.34463 50.47115 43.84573 43.22574


Species parents (NA for initial)
[1] NA  1  1  1  1  1


Species status (extinct or extant)
[1] "extinct" "extinct" "extinct" "extinct" "extinct" "extinct"


For more details on vector y, try sim$y, with y one of
TE TS PAR EXTANT



$TE
  [1] 36.76640676  1.90234049 30.01694385 31.77241181  3.30983028 35.19188936          NA 33.81049899 25.17669723
 [10]  0.47089365          NA          NA  2.92243984          NA  2.60474167 15.40541322          NA          NA
 [19]          NA 37.13700936 37.47248804 38.72635684          NA          NA          NA 26.24120761  8.69557780
 [28]          NA          NA          NA          NA          NA          NA          NA 26.52664260          NA
 [37]          NA 22.73811759 19.64519266          NA          NA          NA 32.11761361          NA          NA
 [46]          NA 30.29926351 25.27623409          NA 19.26869157          NA          NA          NA 34.55700091
 [55] 14.85005309          NA  7.20593018          NA 22.43764106          NA  6.12968874          NA          NA
 [64] 21.25809286 17.37922620          NA  6.46332101 35.19445097 24.85993020 22.25236081 15.46076363  5.10950421
 [73]          NA          NA 27.46451608  8.10283828          NA          NA          NA          NA          NA
 [82]          NA          NA          NA          NA          NA          NA          NA 30.40298415 11.57151118
 [91]          NA          NA          NA  7.97758695          NA  5.32836135          NA  1.13322743 32.90219686
[100]          NA 21.10739864 15.20169889 10.32077191  0.49787808 17.06086055          NA 19.94520112 25.70503685
[109] 18.77947456  9.58127109          NA          NA  3.77900213 19.27044517          NA 21.83644658  2.76379902
[118] 16.72779065 13.23862485          NA          NA          NA          NA          NA          NA 12.01889791
[127]  4.40884042  3.69771131 31.80376721          NA          NA          NA  6.79212649 25.86157669          NA
[136]          NA 14.43964367          NA          NA          NA  7.41109456 21.16113996 21.70724191  8.97145448
[145]  5.88528864          NA          NA          NA          NA          NA 18.95353575  7.59849437          NA
[154]  9.78463796          NA          NA          NA          NA          NA          NA  8.38337742          NA
[163]          NA          NA 29.52302840          NA          NA 28.18529138          NA 12.62247672          NA
[172]          NA  3.26334205  8.62946705          NA          NA          NA 24.08428525          NA 12.31481995
[181] 17.62897436          NA 19.34922833          NA          NA  0.58716976 26.11983134          NA  0.17004101
[190]  7.44340796          NA          NA          NA          NA 11.19367912 24.57400131  8.04704783          NA
[199]          NA  7.37668323  7.16908597          NA 13.86733209          NA          NA          NA          NA
[208]  9.51956508          NA 14.13641956          NA          NA          NA          NA          NA          NA
[217]          NA          NA  9.08885930 16.33390107          NA          NA          NA 13.92063328          NA
[226]          NA          NA          NA          NA          NA          NA          NA  9.22847575          NA
[235] 20.63146146          NA          NA          NA          NA          NA          NA          NA          NA
[244] 12.70464386          NA          NA 12.14759003 13.90580939          NA          NA          NA          NA
[253]          NA          NA 24.13261192          NA  7.12940689          NA          NA  5.71257363          NA
[262]          NA  1.89813792  2.07231563          NA          NA  3.23314580          NA          NA          NA
[271]          NA  8.18414256          NA          NA          NA  1.71623109          NA          NA  2.41671913
[280]          NA          NA          NA 14.20732934  4.85273954          NA          NA  3.71543823          NA
[289]          NA 13.42376563          NA          NA 17.97124439          NA          NA 24.33425775          NA
[298]          NA          NA          NA          NA          NA          NA  1.02135706 18.04528581          NA
[307]          NA 12.02106952 12.72703524          NA          NA  4.25346745  7.07471574          NA          NA
[316]          NA  5.60809534          NA          NA  6.10050825          NA          NA          NA          NA
[325]          NA          NA          NA          NA          NA          NA          NA          NA  9.85893303
[334]          NA          NA 13.53461818          NA          NA          NA          NA          NA 10.03382880
[343]          NA          NA          NA          NA          NA  9.27217344  6.91712652          NA          NA
[352]  4.94190937          NA          NA          NA          NA          NA  3.58641125          NA  9.67099549
[361]          NA  4.15576444          NA 14.26045942          NA  8.64937721          NA 17.86429435 14.88538884
[370]          NA          NA          NA          NA          NA          NA  0.56430078          NA          NA
[379]          NA          NA          NA          NA 15.83028240          NA  5.19418369          NA          NA
[388]          NA          NA  3.15143736          NA          NA 18.08645533          NA  3.94812839          NA
[397] 14.18966333          NA  0.15363981 11.42943642          NA          NA          NA          NA          NA
[406]          NA          NA  1.33267255          NA          NA          NA          NA          NA          NA
[415]          NA          NA          NA          NA          NA          NA          NA          NA  4.90807124
[424]          NA  3.23889316          NA  2.94710721          NA          NA  2.91503332          NA          NA
[433]          NA  7.56333957  8.29154107          NA          NA          NA          NA  1.25010810          NA
[442]          NA  8.20774133          NA          NA          NA          NA          NA          NA          NA
[451]  0.66221681          NA          NA          NA          NA          NA  1.15695854  5.64949542          NA
[460]          NA          NA          NA          NA  1.87182821          NA          NA          NA          NA
[469]          NA  4.39549271          NA  8.78029132          NA          NA  6.97036797          NA  2.55781138
[478]          NA          NA          NA          NA          NA          NA          NA          NA          NA
[487]          NA 10.77731979          NA          NA          NA          NA          NA          NA          NA
[496]          NA          NA          NA  4.52031218          NA  7.78006980  0.71847296          NA          NA
[505]          NA          NA          NA          NA          NA          NA          NA          NA          NA
[514]          NA          NA          NA  2.23007056          NA          NA          NA          NA          NA
[523]  9.03431701          NA          NA  0.03643731          NA          NA          NA          NA  4.66125827
[532]          NA          NA          NA          NA          NA          NA          NA          NA          NA
[541]          NA          NA          NA          NA          NA  2.03617466          NA          NA          NA
[550]          NA          NA  5.55945776  2.72961886          NA          NA  0.17045719          NA          NA
[559]          NA          NA  5.42998070          NA          NA          NA          NA          NA  2.96931408
[568]          NA          NA          NA          NA          NA          NA          NA          NA          NA
[577]          NA          NA          NA          NA          NA          NA          NA          NA          NA
[586]          NA          NA          NA          NA          NA          NA          NA  4.14680617          NA
[595]          NA          NA          NA          NA  0.96474190          NA          NA  3.12039293          NA
[604]  4.89959466          NA          NA          NA          NA  0.66100393          NA          NA          NA
[613]          NA          NA          NA          NA          NA          NA          NA          NA          NA
[622]          NA          NA          NA          NA          NA          NA          NA          NA          NA
[631]          NA          NA  1.82887780          NA          NA          NA          NA          NA          NA
[640]  3.84240121          NA  4.45724138          NA          NA          NA          NA          NA          NA
[649]          NA          NA          NA          NA          NA          NA          NA          NA          NA
[658]          NA          NA          NA          NA          NA          NA          NA          NA          NA
[667]          NA          NA          NA          NA          NA          NA  0.04250901          NA          NA
[676]          NA          NA          NA          NA          NA          NA          NA          NA          NA
[685]          NA          NA          NA          NA          NA          NA

$TS
  [1] 56.867275141 55.252248622 52.344630684 50.471150296 43.845725929 43.225742009 49.627022262 45.806368881
  [9] 39.044422207 21.395542211 14.970601931 13.213136344  7.352534718  4.100293772 47.987441315 44.698098879
 [17] 42.413111133 49.965838439 48.001305643 44.817561600 42.997862134 41.014703229 36.304927837 34.605995865
 [25] 46.170505749 40.047292153 19.943047132 13.958244621  5.250033894  0.132485660 27.849513183 13.914440147
 [33]  0.835646628  0.440575387 47.664963654 43.857619311 43.173850239 38.840376686 35.774718484 30.354626256
 [41] 13.532259089 40.848368257 37.055726340 20.747851925 13.052031396 11.816931095 33.689068627 30.479939846
 [49] 26.942672673 25.827289780 16.428112525 15.014508416 41.465106185 34.679123671 39.936141754 36.640163804
 [57] 11.458126545 36.607647653 29.516039401 18.980648114 10.472118526 35.399042146 28.172177666 23.371549070
 [65] 18.615676469  1.957253858 42.124642051 41.296577138 40.253561815 37.822730169 21.812910364 20.349091355
 [73]  6.846222904  4.966753506 37.761639511 31.977294167 26.472424530 21.542770161 18.758505486 15.619643117
 [81] 36.768023281 35.488308228 30.869232093 16.341838748 10.276581291  8.010586252  3.007409897  2.764628525
 [89] 39.771453419 36.729652239 14.801571417  8.058641172  2.285268955 34.682502119 27.584787343 25.778977745
 [97] 25.436662617 25.051167318 33.056224793 33.812754033 39.426973349 36.069162803 21.348474565 36.613559926
[105] 33.374140596 32.218811627 31.033722358 30.865077207 31.086482420 29.651459787 36.128223741  0.212744028
[113] 28.384799641 33.133496047 31.434981657 21.918469024 26.044459831 17.889241273 14.320068443  4.349967247
[121]  0.749838872 29.855063160 16.692184465 12.951219258 26.654214008 24.775513584 13.564071215  4.903178967
[129] 33.211410630 29.723446023  1.330457804 33.975863612 28.989480317 35.274638872 22.281065624 25.318690183
[137] 22.665394023  2.425812968  1.692984524 34.562362194 33.725062963 33.680890119 23.883464737 22.866793639
[145] 14.494367205  8.323064340  7.854042403  5.798788914 30.670834315 29.177421104 26.054201369 32.223467795
[153] 31.976950465 30.246061234  8.747889261  8.204917672  5.716622590  0.576505602 29.831004589 29.686359871
[161] 19.796550814 15.631567207  6.344071058 33.547585185 33.497207613 31.037994913 30.545410939 28.540647864
[169] 28.476145943 23.939842274 20.443425868 20.502549044 19.125750873  8.911364561  8.678444175  6.692310942
[177]  2.113150612 24.690853413 21.166141480 18.819784200 17.649639132 27.962956597 22.082350175 29.401555819
[185] 21.704031679  3.376995105 28.938647090 21.832767205 23.117640310 11.912290280  8.741709485  7.818964517
[193]  5.471326799  5.299089595 30.644285604 28.540129045 14.059078581 10.675807185 23.701958280  7.656743687
[201]  7.614302073 31.019433192 17.365414291 15.089769989 12.068713979  7.376350566  3.887158783 22.521648733
[209] 30.277547935 23.910694016  1.983741883  1.223820739 27.003421869 13.412120503  7.306196263  0.590267225
[217] 28.770164476  3.019227183 20.666987150 16.440231930 19.029762441 18.299237843 10.313634782 22.694031573
[225]  8.015467577  3.499254515  0.504710838 18.914787701 11.425716464  9.869921504  9.046557628  3.447630539
[233] 13.116100260 11.366361700 23.380576162 14.536805445 12.032905313 10.464964831  2.227330977 12.353299522
[241]  1.843337362 20.969107054 17.205899516 21.521303639  7.719698394  1.593003531 27.175627421 25.364181120
[249] 19.798650164 26.879251315  7.249490410  5.667900559 24.959731072 10.950240221 26.427242072 10.083233497
[257]  8.157220242  2.922551554 24.725378697 14.526982738  7.311661441 26.020553379 20.068635392  8.235064923
[265] 26.121687869 15.171887762 11.769019332  8.141953278  4.479980508  4.355697928 12.683575281  9.921143586
[273]  7.120605745 21.213033218 14.350911439 19.161539802  1.514803747 21.540993721 13.600731404 24.538207626
[281] 10.126683577  5.501814160 18.759226558 19.281370350 12.607234516  5.942549095  5.401093425 24.752122856
[289] 19.082136730 21.476085745 16.552786168  4.295077754 23.827922510 16.871635716  1.335887396 24.863599502
[297]  0.676551221 21.894662216  8.556508835  6.933894194  3.743476359 24.512808415 17.125790970 14.917801231
[305] 18.544935458  8.948896613 23.348130860 23.605212379 18.863310680  6.289864906  4.168744073 23.318850245
[313] 11.106631622  5.527392136 18.725946839  9.980888782 19.045423390 17.482718998 15.434991040 15.956108224
[321] 12.534821242 11.420603278 17.583265145 12.287304889  0.410189800  7.424336208 14.107586472 20.981563700
[329] 20.381771457 20.252282742  8.492214440  0.241947794 15.217060999 19.934273342 15.958775713 14.436501637
[337] 20.096864065 15.529727329 14.100090567 17.236492131  8.574358905 20.376938944 20.177565971 12.457475532
[345]  7.379529260 14.131067144  5.534262356 11.131404713 11.410965186  7.288575515 12.769680570 12.570503072
[353]  9.225510380  4.446972215  2.817934251  2.192249973 15.624180163 12.204506100 19.334120200 11.169287335
[361]  5.273014313 14.247895206 15.557122691 16.595142059 16.203639425 13.245114588  2.118346875 19.546117543
[369] 15.701762751 10.301323952  4.724895318  2.130271878 13.405106589 11.990519636  5.575935076 14.688322738
[377]  9.549515148 15.169855001 10.289585188 10.728439119  6.425964286 17.945586438 16.539665670 12.562482854
[385] 11.598771949  2.383643370 16.522850789 17.623202145 18.513012953 10.519256784  8.682077914  2.626406137
[393] 18.138446265  8.124249462  7.367929705  5.849412409 14.931170618 17.487180362 14.743220703 13.861055174
[401]  9.590650377  4.873076509  9.454003636  0.164630859 16.878210514 14.680666768 13.489368945  9.084339184
[409]  7.024898626 16.403900314 12.564185969 11.940859602  9.396768240  8.833005174  4.979951532  1.741185698
[417] 12.702182079  5.838644620  2.990838470 16.307958539 10.681767032  6.902581107 14.808995427 13.959437417
[425] 13.687221440  8.917661267  3.424973949 10.889752417  4.109746290 11.375196007  9.811001321  0.172463593
[433]  9.317770347  8.540149513 14.139589512  4.852014002  9.517066402  5.314197515  6.932513685 14.061578739
[441] 11.622205851  2.171651553 14.156719353  2.596684546  6.365038001  0.705535693 13.005796139 12.352600334
[449]  4.242232912  2.623583238  1.206252072 14.263658438  4.150992416  0.455376475  6.597452227  8.928202681
[457]  8.472064064 10.571813168  8.465758300  2.124320484 12.118913830  3.744621902  2.884544336  8.585969908
[465] 10.868860700  8.826708116  0.043666572 10.703628817  8.791356272 13.214908222  1.057105035 12.560410192
[473] 12.572227282  2.909171435 12.827950547  9.732844623  7.240505049  7.511715692  3.659781608 12.058524412
[481]  4.389465028  1.854493068  2.992055155  9.477303101  9.048327795  7.391766862  0.711424862 12.256451461
[489]  2.890719704  0.087821391  9.967352663 11.798667975  9.239496151  3.684233218  7.399965165  3.435387466
[497]  9.424537117  3.283558841  7.137883139  0.099729839  9.911112748  9.022005354  7.673118159  7.103382285
[505]  0.328878417  6.581637033  7.474723448  8.814866583  7.079131387  6.279733573  1.182743013 10.680974586
[513]  8.904563714  7.235192717 10.767716261  8.688018940  7.951459506  7.885250735  3.933463355  1.904851034
[521]  7.963220922  0.208106031  9.472794741  7.416743591  5.505333612  2.584857945  8.359504399  0.935345654
[529]  0.127657560  8.317724389  5.569156350  4.202693796  1.880175408  4.202361503  6.432446211  5.799556347
[537]  3.882583730  6.092376661  6.328054316  9.164688423  6.307655191  4.352396246  7.693991020  4.296508274
[545]  0.035110634  6.857065883  6.115006784  5.656135076  1.617180745  0.096185262  7.380016701  6.496625793
[553]  6.846137735  7.023001138  7.900179237  3.246582377  0.790103998  6.507952750  4.726314929  3.653093075
[561]  7.010807339  6.234397343  6.030584156  6.271877314  3.117656510  0.449163604  8.030300665  1.726887359
[569]  6.698315254  7.027036861  3.367424464  7.443500214  8.099821593  3.819860664  1.229922461  4.074755833
[577]  2.227561560  5.946609464  3.275844827  2.300923062  1.611221168  4.137678294  1.275965803  8.221501849
[585]  7.759615375  7.247411014  5.051813020  4.599025025  8.179804205  7.707816122  6.204842776  5.395319075
[593]  4.226402682  7.805217436  6.207049759  5.845004838  1.055041488  2.348304005  1.934753941  4.512023605
[601]  1.872154650  5.639303721  7.861782975  7.145979573  5.446819488  0.297759308  1.179349585  0.888704854
[609]  2.202847198  4.561628063  2.806623333  1.926291867  0.203754749  5.440676280  6.082978754  2.291906360
[617]  3.092578554  0.514235601  4.761633911  2.976228889  4.365110893  2.882658798  4.514488041  0.704218957
[625]  5.166160844  3.630961564  1.393081698  3.920138794  4.803213256  2.538502068  0.787328344  0.319018199
[633]  2.959427628  2.156196449  1.212029081  3.420570047  5.184620857  0.724038031  5.144101867  4.885857689
[641]  3.606881538  4.654776867  0.057474425  4.412472255  1.928314588  1.125363586  4.458614391  4.920260319
[649]  1.101416253  4.744599584  1.496470437  4.471704356  0.024742730  2.079620586  0.951201667  2.937202985
[657]  2.310834752  0.652228228  3.476746089  1.686352176  3.250937033  1.769608513  3.435343778  0.949567263
[665]  2.379671134  1.061522321  3.152586167  1.574354136  0.533393211  1.955459325  2.248605898  2.179235773
[673]  0.603911917  0.376167229  2.743642737  1.226913822  1.270447618  1.450652417  1.007120612  0.516961396
[681]  0.455561018  0.004661808  0.247758780  0.791303796  0.296366793  0.967591127  0.475288858  0.140425799
[689]  0.544565804  0.072585740

$PAR
  [1]  NA   1   1   1   1   1   2   2   2   2   2   2   2   2   3   3   3   4   4   4   4   4   4   4  18  18  18  18
 [29]  18  18   7   7   7   7  19  19  19  19  19  19  19  15  15  15  15  15  35  35  25  25  25  25   8  16  36  36
 [57]  36   5   5   5   5   6  37  37  37  37  21  21  21  17  17  17  17  17  67  67  67  67  67  67  53  53  53  53
 [85]  53  53  53  53  22  42  42  42  42  69  69  69  69  69  26  55  89 101 101   9  38  38  70  70  75  75  81  81
[113]  90  56  56  56 104 104 104 104 104  58  58  58  23  23  23  23 111 111 111 102 102  39  39  82  82  82  82  62
[141]  62  62  62  62  62  62  62  62 134 134  94  24  24  24  24  24  24  24 140 140 140 140 140 132 132 132 132 132
[169] 132 100 141 164 164 164 164 164 164 105 105 105 105 114 114 106 106 106  76  76 153 153 153 153 153 153 115 115
[197] 115 115 109 166 166 107 202 202 149 149 149 195 167 167 167 167  40  40  40  40 209 209 154 154 122 122 122 130
[225] 130 130 130 160 160 160 160 160 110 110  59 184 184 184 184 150 150 133 133 217 217 217 169 169 169 113 113 113
[253]  63  63 182 182 182 182  31  31  31  95  95  95 213 213 213 213 213 213  49  49  49 250 250  77  77 265 265 117
[281] 117 117 262  96  96  96  96  97  97 248 136 136  98  98  98 253 253 126 288 288 288 178 280 280 302 302 210 143
[309] 199 199 199 307 307 189 144 144 224 224 137 135 135 135 298 298 298 188 185  78  78  78  78  78 278 244 244 244
[337]  10  10  10 274 274 179 179 179 328 242 242  44 219 172 171 171 171 171 171 329 330 330 343 343 343 263  27 334
[365] 334 334 334 249 249 359 359 359 284 284 284 276 276 173 173 289 289 317 317 221 221 228 180 283  79  79 315 315
[393]  65 389 389 389 222 118 323 323 323 323 398 398 340 340 243 243 243 303 303 303 303 303 303 303 405 405 123 364
[421] 291 291 387 387 387 387 387  51  51 410 410  84 420 365 320 363 338 338 319 333 333 266 378 378 204  11 304 304
[449] 304  91 399 376 376 406 260 452 452 435 435 346 327 327 327 339 440 424 424  28  28  32  32 400 425 214 470 470
[477] 470  12  12 233  45 447 124 475 475 475 351 271 271 271 473 352 411 384 321 240 448 448 461 237 374 374 374 374
[505] 374 412  46 492 492 441 441  57 322 234 348 313 254 254 254 428 515 380 468 421 198 198 238 223 223 370 370 370
[533] 370  85 256 316 316 491 230 431 476 476 401 401 401 377 437 484 484 484 403 403 497 353 408 408 231 306 306 456
[561] 513 513 513 414 466 466 508 508 469 155 155 191 516 516 516 391 391 175 464 341 341 457 457 527 527 527 527 146
[589] 156 156 156 156 156 589 268 394 573  92  92 225  86 521 517 517 518 192 245 543 503 507 572 486 206 215 586 273
[617] 509 509 570 570 554 554 553 176 455 506 506 539 310 510 564 547 538 615 596 536 148 148 157 157 157 375 314 592
[645] 438  29 637 625 625 639 587 415 436 619 371 600 269 269 647 481 449 449  14 576 301 301 479 560 579 218 474 474
[673] 463 622 611  88 671 211 211  66 520 662 678 635 511 649 608 121 624 529

$EXTANT
  [1] FALSE FALSE FALSE FALSE FALSE FALSE  TRUE FALSE FALSE FALSE  TRUE  TRUE FALSE  TRUE FALSE FALSE  TRUE  TRUE  TRUE
 [20] FALSE FALSE FALSE  TRUE  TRUE  TRUE FALSE FALSE  TRUE  TRUE  TRUE  TRUE  TRUE  TRUE  TRUE FALSE  TRUE  TRUE FALSE
 [39] FALSE  TRUE  TRUE  TRUE FALSE  TRUE  TRUE  TRUE FALSE FALSE  TRUE FALSE  TRUE  TRUE  TRUE FALSE FALSE  TRUE FALSE
 [58]  TRUE FALSE  TRUE FALSE  TRUE  TRUE FALSE FALSE  TRUE FALSE FALSE FALSE FALSE FALSE FALSE  TRUE  TRUE FALSE FALSE
 [77]  TRUE  TRUE  TRUE  TRUE  TRUE  TRUE  TRUE  TRUE  TRUE  TRUE  TRUE  TRUE FALSE FALSE  TRUE  TRUE  TRUE FALSE  TRUE
 [96] FALSE  TRUE FALSE FALSE  TRUE FALSE FALSE FALSE FALSE FALSE  TRUE FALSE FALSE FALSE FALSE  TRUE  TRUE FALSE FALSE
[115]  TRUE FALSE FALSE FALSE FALSE  TRUE  TRUE  TRUE  TRUE  TRUE  TRUE FALSE FALSE FALSE FALSE  TRUE  TRUE  TRUE FALSE
[134] FALSE  TRUE  TRUE FALSE  TRUE  TRUE  TRUE FALSE FALSE FALSE FALSE FALSE  TRUE  TRUE  TRUE  TRUE  TRUE FALSE FALSE
[153]  TRUE FALSE  TRUE  TRUE  TRUE  TRUE  TRUE  TRUE FALSE  TRUE  TRUE  TRUE FALSE  TRUE  TRUE FALSE  TRUE FALSE  TRUE
[172]  TRUE FALSE FALSE  TRUE  TRUE  TRUE FALSE  TRUE FALSE FALSE  TRUE FALSE  TRUE  TRUE FALSE FALSE  TRUE FALSE FALSE
[191]  TRUE  TRUE  TRUE  TRUE FALSE FALSE FALSE  TRUE  TRUE FALSE FALSE  TRUE FALSE  TRUE  TRUE  TRUE  TRUE FALSE  TRUE
[210] FALSE  TRUE  TRUE  TRUE  TRUE  TRUE  TRUE  TRUE  TRUE FALSE FALSE  TRUE  TRUE  TRUE FALSE  TRUE  TRUE  TRUE  TRUE
[229]  TRUE  TRUE  TRUE  TRUE FALSE  TRUE FALSE  TRUE  TRUE  TRUE  TRUE  TRUE  TRUE  TRUE  TRUE FALSE  TRUE  TRUE FALSE
[248] FALSE  TRUE  TRUE  TRUE  TRUE  TRUE  TRUE FALSE  TRUE FALSE  TRUE  TRUE FALSE  TRUE  TRUE FALSE FALSE  TRUE  TRUE
[267] FALSE  TRUE  TRUE  TRUE  TRUE FALSE  TRUE  TRUE  TRUE FALSE  TRUE  TRUE FALSE  TRUE  TRUE  TRUE FALSE FALSE  TRUE
[286]  TRUE FALSE  TRUE  TRUE FALSE  TRUE  TRUE FALSE  TRUE  TRUE FALSE  TRUE  TRUE  TRUE  TRUE  TRUE  TRUE  TRUE FALSE
[305] FALSE  TRUE  TRUE FALSE FALSE  TRUE  TRUE FALSE FALSE  TRUE  TRUE  TRUE FALSE  TRUE  TRUE FALSE  TRUE  TRUE  TRUE
[324]  TRUE  TRUE  TRUE  TRUE  TRUE  TRUE  TRUE  TRUE  TRUE FALSE  TRUE  TRUE FALSE  TRUE  TRUE  TRUE  TRUE  TRUE FALSE
[343]  TRUE  TRUE  TRUE  TRUE  TRUE FALSE FALSE  TRUE  TRUE FALSE  TRUE  TRUE  TRUE  TRUE  TRUE FALSE  TRUE FALSE  TRUE
[362] FALSE  TRUE FALSE  TRUE FALSE  TRUE FALSE FALSE  TRUE  TRUE  TRUE  TRUE  TRUE  TRUE FALSE  TRUE  TRUE  TRUE  TRUE
[381]  TRUE  TRUE FALSE  TRUE FALSE  TRUE  TRUE  TRUE  TRUE FALSE  TRUE  TRUE FALSE  TRUE FALSE  TRUE FALSE  TRUE FALSE
[400] FALSE  TRUE  TRUE  TRUE  TRUE  TRUE  TRUE  TRUE FALSE  TRUE  TRUE  TRUE  TRUE  TRUE  TRUE  TRUE  TRUE  TRUE  TRUE
[419]  TRUE  TRUE  TRUE  TRUE FALSE  TRUE FALSE  TRUE FALSE  TRUE  TRUE FALSE  TRUE  TRUE  TRUE FALSE FALSE  TRUE  TRUE
[438]  TRUE  TRUE FALSE  TRUE  TRUE FALSE  TRUE  TRUE  TRUE  TRUE  TRUE  TRUE  TRUE FALSE  TRUE  TRUE  TRUE  TRUE  TRUE
[457] FALSE FALSE  TRUE  TRUE  TRUE  TRUE  TRUE FALSE  TRUE  TRUE  TRUE  TRUE  TRUE FALSE  TRUE FALSE  TRUE  TRUE FALSE
[476]  TRUE FALSE  TRUE  TRUE  TRUE  TRUE  TRUE  TRUE  TRUE  TRUE  TRUE  TRUE FALSE  TRUE  TRUE  TRUE  TRUE  TRUE  TRUE
[495]  TRUE  TRUE  TRUE  TRUE FALSE  TRUE FALSE FALSE  TRUE  TRUE  TRUE  TRUE  TRUE  TRUE  TRUE  TRUE  TRUE  TRUE  TRUE
[514]  TRUE  TRUE  TRUE FALSE  TRUE  TRUE  TRUE  TRUE  TRUE FALSE  TRUE  TRUE FALSE  TRUE  TRUE  TRUE  TRUE FALSE  TRUE
[533]  TRUE  TRUE  TRUE  TRUE  TRUE  TRUE  TRUE  TRUE  TRUE  TRUE  TRUE  TRUE  TRUE FALSE  TRUE  TRUE  TRUE  TRUE  TRUE
[552] FALSE FALSE  TRUE  TRUE FALSE  TRUE  TRUE  TRUE  TRUE FALSE  TRUE  TRUE  TRUE  TRUE  TRUE FALSE  TRUE  TRUE  TRUE
[571]  TRUE  TRUE  TRUE  TRUE  TRUE  TRUE  TRUE  TRUE  TRUE  TRUE  TRUE  TRUE  TRUE  TRUE  TRUE  TRUE  TRUE  TRUE  TRUE
[590]  TRUE  TRUE  TRUE FALSE  TRUE  TRUE  TRUE  TRUE  TRUE FALSE  TRUE  TRUE FALSE  TRUE FALSE  TRUE  TRUE  TRUE  TRUE
[609] FALSE  TRUE  TRUE  TRUE  TRUE  TRUE  TRUE  TRUE  TRUE  TRUE  TRUE  TRUE  TRUE  TRUE  TRUE  TRUE  TRUE  TRUE  TRUE
[628]  TRUE  TRUE  TRUE  TRUE  TRUE FALSE  TRUE  TRUE  TRUE  TRUE  TRUE  TRUE FALSE  TRUE FALSE  TRUE  TRUE  TRUE  TRUE
[647]  TRUE  TRUE  TRUE  TRUE  TRUE  TRUE  TRUE  TRUE  TRUE  TRUE  TRUE  TRUE  TRUE  TRUE  TRUE  TRUE  TRUE  TRUE  TRUE
[666]  TRUE  TRUE  TRUE  TRUE  TRUE  TRUE  TRUE FALSE  TRUE  TRUE  TRUE  TRUE  TRUE  TRUE  TRUE  TRUE  TRUE  TRUE  TRUE
[685]  TRUE  TRUE  TRUE  TRUE  TRUE  TRUE

