
Birth-death simulation object with 166 species and 100 extant species

Details for some species:

Extinction times (NA means extant)
[1] 47.112847 23.316263 62.796359  5.129596 55.818533  8.474124


Speciation times 
[1] 96.22732 72.88641 65.42168 54.13303 69.59445 56.75419


Species parents (NA for initial)
[1] NA  1  1  1  2  2


Species status (extinct or extant)
[1] "extinct" "extinct" "extinct" "extinct" "extinct" "extinct"


For more details on vector y, try sim$y, with y one of
TE TS PAR EXTANT



$TE
  [1] 47.11284663 23.31626291 62.79635926  5.12959649 55.81853256  8.47412372 44.10518668 26.03939640 30.25795419
 [10] 34.55360365          NA 43.60324672          NA 19.19118373 19.99299364          NA  4.42537772          NA
 [19] 59.58546837 26.93594380 37.60136251  7.99291379 13.12899152 35.51092550 36.74127270          NA 15.95274502
 [28]          NA          NA 42.02429075          NA          NA          NA          NA          NA 32.48040403
 [37] 12.60979247          NA 28.65235517          NA 23.09911095          NA  8.15400693          NA          NA
 [46]          NA 24.70545762 22.89755175          NA          NA          NA  9.40823604          NA  1.73996635
 [55]          NA          NA 10.52252560          NA          NA          NA 17.39871233 17.70764383          NA
 [64]  0.04542833 26.55345325 24.77410549          NA  7.10262552  7.25754023 11.76014910 15.27376151 11.12269952
 [73]          NA          NA 17.59324717 17.52867748 13.84966612  8.47845860          NA          NA 15.18514342
 [82] 14.01264979          NA 12.02588111          NA          NA          NA          NA          NA          NA
 [91]          NA          NA  2.45452591          NA  8.10753632          NA          NA          NA  6.69246172
[100]          NA          NA          NA          NA          NA          NA          NA  0.79313716          NA
[109]          NA          NA 11.26935474          NA          NA          NA          NA          NA  8.25386095
[118]          NA 10.91293414  8.08680913          NA  7.55279207          NA          NA          NA          NA
[127]  8.79918078          NA          NA  0.17569144  3.03638744          NA  5.81197315          NA          NA
[136]          NA          NA          NA          NA          NA          NA          NA          NA  4.37763180
[145]  3.16279959          NA          NA          NA          NA          NA          NA  1.59282702          NA
[154]          NA          NA          NA          NA          NA          NA          NA          NA          NA
[163]          NA          NA          NA          NA

$TS
  [1] 96.227317020 72.886414078 65.421684390 54.133025134 69.594454079 56.754187991 52.506100888 31.990929078
  [9] 68.746277155 60.312255254 67.112216303 54.032481496 49.689054081 34.234215894 51.415775443 27.717672222
 [17]  6.744237011  4.122933084 59.747936848 46.519325457 38.325679127 18.072465800 46.690680894 40.833257272
 [25] 37.758693423 10.749010340 47.215470855 36.086113050 21.425249845 45.831401823 40.510615963 40.286112102
 [33] 13.141514651  5.376565514  4.706691449 33.142274309 15.048860413 35.862760411 33.416794497 32.114645876
 [41] 26.189575809 11.617668938 10.942980476  0.738174974 32.266392581  1.114571558 37.737321762 27.449590827
 [49] 11.650608099  3.166915310  2.331876015 33.928881176 22.924435922 19.194917946 31.059153194 20.959833816
 [57] 31.939530233 11.122327296 14.481475735 10.137858265 26.994098807 19.369284651 13.589987593  9.630345903
 [65] 30.307530676 29.927190418 11.764109666 23.859409406 20.067188861 18.865029742 18.552909663 16.032368573
 [73]  0.005790867 24.979389013 24.669458194 22.748939864 21.192695902 13.097091200  3.886118395  1.073926258
 [81] 25.129573786 20.451382118 19.843727344 13.698495591  6.397432521  0.724628604 13.350063838  9.143492692
 [89]  4.492226170 19.004971050  1.935436268  0.282693962  8.215092377 18.978445272 18.327041301 11.514698365
 [97]  7.940748254 17.911996933 17.421632336  7.184954808  6.957952645 18.886888378  9.572895660  5.563363994
[105]  1.895354301  1.538348907 11.126437570  5.304126104  2.159046350 18.658513762 16.614810783 14.630279537
[113]  5.972450935  0.399596459 17.532070621 11.942071519 10.003749454 17.196508929 12.908856751  9.524346184
[121]  7.684186607 12.633085326  4.478738319  0.205772109  2.508523148  6.622764097 12.906851390 11.757730232
[129] 10.488904739  6.611954836  8.275849787  6.754302975 11.147492094  0.533607531  7.157887310 10.339242034
[137]  2.547507268  4.820516491  3.316266947  3.305155477  0.419666461  0.390918251  8.892477314  5.619116553
[145]  7.929428302  1.040537417  0.581687317  2.433550227  0.753997839  3.095933880  0.329911831  5.647896965
[153]  1.726636311  1.393487050  1.968221524  0.303726827  3.590828077  3.098672518  1.710891863  1.125591292
[161]  0.904803669  1.485719391  1.076531763  0.120207625  0.212297785  0.074858644

$PAR
  [1]  NA   1   1   1   2   2   2   2   5   5   9   9   9   9  11  11  11  11  10  10   6   6   4   4   4   4  15  15
 [29]  15  13  13  13  13  13  13  23  23  24  31  31  31  31  31  31  32  32  21  47  28  28  28  38  38  38  14  14
 [57]  52  52  45  45  40  40  40  40   8   8  57  55  55  55  55  55  55  66  16  16  16  16  16  16  61  61  81  74
 [85]  74  74  68  53  53  76  29  29  56  82  69  69  69  83  83  83  83  54  54  54  54  90  94 102 102  70  70  70
[113] 110 110  71  95  95  98  98  98 118 112 112 112  59  63  78 116 116 116  67 128  49  49  42  96  58  26  60  64
[141]  64  64  88 143  93  97 100 101 101 132 126 130 104 108 138  35  18  79 157 140 155  91 153 134 151 156

$EXTANT
  [1] FALSE FALSE FALSE FALSE FALSE FALSE FALSE FALSE FALSE FALSE  TRUE FALSE  TRUE FALSE FALSE  TRUE FALSE  TRUE
 [19] FALSE FALSE FALSE FALSE FALSE FALSE FALSE  TRUE FALSE  TRUE  TRUE FALSE  TRUE  TRUE  TRUE  TRUE  TRUE FALSE
 [37] FALSE  TRUE FALSE  TRUE FALSE  TRUE FALSE  TRUE  TRUE  TRUE FALSE FALSE  TRUE  TRUE  TRUE FALSE  TRUE FALSE
 [55]  TRUE  TRUE FALSE  TRUE  TRUE  TRUE FALSE FALSE  TRUE FALSE FALSE FALSE  TRUE FALSE FALSE FALSE FALSE FALSE
 [73]  TRUE  TRUE FALSE FALSE FALSE FALSE  TRUE  TRUE FALSE FALSE  TRUE FALSE  TRUE  TRUE  TRUE  TRUE  TRUE  TRUE
 [91]  TRUE  TRUE FALSE  TRUE FALSE  TRUE  TRUE  TRUE FALSE  TRUE  TRUE  TRUE  TRUE  TRUE  TRUE  TRUE FALSE  TRUE
[109]  TRUE  TRUE FALSE  TRUE  TRUE  TRUE  TRUE  TRUE FALSE  TRUE FALSE FALSE  TRUE FALSE  TRUE  TRUE  TRUE  TRUE
[127] FALSE  TRUE  TRUE FALSE FALSE  TRUE FALSE  TRUE  TRUE  TRUE  TRUE  TRUE  TRUE  TRUE  TRUE  TRUE  TRUE FALSE
[145] FALSE  TRUE  TRUE  TRUE  TRUE  TRUE  TRUE FALSE  TRUE  TRUE  TRUE  TRUE  TRUE  TRUE  TRUE  TRUE  TRUE  TRUE
[163]  TRUE  TRUE  TRUE  TRUE

