
Birth-death simulation object with 190 species and 100 extant species

Details for some species:

Extinction times (NA means extant)
[1] 76.19450 51.83819 68.26039 71.90710 50.20986 47.33978


Speciation times 
[1] 86.59469 85.42145 80.44509 79.48897 70.59275 52.11511


Species parents (NA for initial)
[1] NA  1  1  2  2  2


Species status (extinct or extant)
[1] "extinct" "extinct" "extinct" "extinct" "extinct" "extinct"


For more details on vector y, try sim$y, with y one of
TE TS PAR EXTANT



$TE
  [1] 76.1944968 51.8381947 68.2603936 71.9071035 50.2098557 47.3397766 68.7115227 58.5618422 27.1266778 51.2020864
 [11] 64.4880377 53.3882963 12.7929799 59.6931258 65.5782469         NA 57.2609835 51.1306263  4.6501424 55.5431230
 [21] 56.7040221 39.5455606         NA  7.2968703         NA 39.0134626 54.9353527  5.4820324 12.5042665 60.7290121
 [31] 48.6905236 20.4715037 30.4324837 32.7584799 47.3573897 25.7742417 18.5397382         NA  9.3071671 17.3734596
 [41]         NA 44.7973517         NA         NA 21.2280311 19.9608709         NA 19.0097890 18.9463463 21.8074043
 [51]         NA 13.6318486         NA  9.0565800         NA 22.7829795 35.4659635         NA  8.0835096         NA
 [61] 20.7677491         NA 16.9044490 11.5846373 20.7071425         NA 30.0188427  9.4230381         NA 10.8647040
 [71]  4.9440990 28.1216001  4.0173143 37.8747961 25.5347526         NA  9.8460594         NA 25.7783800         NA
 [81]         NA 17.7150963 19.3605624  7.0853157 14.7202878  0.7365711         NA  3.0860670 11.5666009  9.9364617
 [91]         NA  2.8688300         NA         NA 14.5326813         NA         NA         NA         NA  1.9332142
[101] 17.6854562  2.6183337 11.5001177         NA         NA 15.9227854         NA         NA 11.0464257         NA
[111]         NA         NA         NA  2.4973849 14.5126188         NA         NA 11.8790188         NA  0.4508820
[121]         NA         NA         NA         NA         NA         NA         NA         NA         NA         NA
[131]         NA  8.9450475  8.7100099         NA  7.6689309         NA         NA         NA         NA         NA
[141]         NA 10.6694679  2.7285322         NA         NA         NA         NA  0.6550731         NA         NA
[151]         NA         NA         NA         NA  0.4566970         NA         NA         NA  0.4758847         NA
[161]         NA         NA         NA         NA         NA         NA         NA         NA         NA         NA
[171]         NA         NA         NA         NA         NA  0.2933077         NA         NA         NA         NA
[181]         NA         NA         NA         NA         NA         NA         NA         NA         NA         NA

$TS
  [1] 86.59468746 85.42145391 80.44509317 79.48897467 70.59274604 52.11510963 70.75724153 69.95511528 79.13089413
 [10] 72.03817476 64.94511732 57.82938994 48.87050862 69.32500083 66.81510722 65.48185136 58.88242872 69.11390176
 [19] 56.85360269 63.81393418 62.11637801 47.17733860 24.36116015 16.23899824  2.01543118 62.28291822 58.74741360
 [28] 50.49551939 39.99964676 61.02899699 58.25286755 58.56532551 45.94643871 53.75614894 56.23810440 43.38587748
 [37] 39.35535988 21.42803570 19.96892033 18.58193917 11.72208564 48.61900721 48.19428956 41.59184869 34.64910574
 [46] 30.18201429 23.43721022 22.32060364 27.81320547 27.27917183 18.10814707 15.46150838 12.82887675 31.35956470
 [55] 12.32126817 46.69140876 37.41104802 27.32467209 26.15211260 30.66683910 39.75581986 10.08030020 39.54817546
 [64] 29.49768573 24.58181577 36.23042895 30.79693054 28.66490927 25.68973366 21.90440217 21.56846313 28.65078853
 [73] 28.10863685 38.39224512 29.88696741 24.95016868 19.22110677 13.10870122 28.41241756 20.89778697 11.18080908
 [82] 24.37024292 29.56741317 19.80369573 21.79096086 17.49675876 14.34895241 11.66877759 25.94088604 23.01561837
 [91]  6.59174255 23.50310877 14.64167103 10.96867829 23.01848411 23.05606589 20.41335343 13.04813277 16.31378346
[100] 15.66782282 23.46675321  3.97317937 20.87343017 15.62320633  5.08447210 22.72328707 19.56612734  2.68292608
[109] 18.69159573 16.07374858 13.18738660  9.69167534  1.15109440 16.51299121 16.56353017  5.00059760  2.88265575
[118] 12.55391018 17.82428558 16.50963831 13.07914190 10.86857871 10.63485670  9.87202306  2.12930637 10.93964566
[127]  2.47227422  3.18605399 14.77005652  0.59059804  4.77304640 14.59768646 10.56663214  8.60271448 11.11460396
[136]  8.70619953  0.98007517 10.84716622  9.94878894  3.30725391  0.31947024 11.96343263 11.12525357  7.18053844
[145]  5.80504524  0.98737818 11.00613410  3.15691802 10.57551690  0.44596299  0.09547215  8.87005907  0.83315499
[154]  9.08051470  5.85706201  9.76445020  8.04656641  5.02405738  0.57458753  9.58460892  7.45050537  4.01980444
[163]  3.72537627  5.66286080  0.25101504  2.47115533  1.88408980  3.04277502  1.75158155  1.05954535  6.02499433
[172]  3.03714511  0.43284140  0.97130221  3.34394791  0.51854693  2.93569098  2.68639317  1.68058374  1.52700109
[181]  2.96526738  1.38321578  1.70221561  2.44776158  0.96758715  0.19163800  1.79147636  0.23351354  1.24404352
[190]  0.84858651

$PAR
  [1]  NA   1   1   2   2   2   3   3   4   4   9   9   9  10  10  10  10   5   5   8  18  16  16  16  16  20  26  26
 [29]  26  21  21  17  32  31  12  19  19  19  19  19  19  35  34  34  28  28  28  28  13  13  13  13  13  43  43  22
 [57]  56  56  56  33  44  44  29  29  29  61  61  61  61  61  61  63  63  37  37  37  66  66  54  54  54  46  75  83
 [85]  64  64  64  68  79  73  73  58  58  58  50  59  59  89  69  76  23  23  92  92  92  47  47  96  90 106  71  71
[113]  38  39  84 107 107 109  40  51  51  51  51 119 119  86  86 120  24 110 104  52 129 129  93  93  93  78  78  78
[141]  78 121 121  98  98  53  88 143 135  94  94 122 122 123 149 139 139 139 156 112 112 112 112 160 154 152 152 136
[169] 161 161  91  91  91 171 145 105 131 163 163 175 140 140 172 177 177 117 166 169 182 189

$EXTANT
  [1] FALSE FALSE FALSE FALSE FALSE FALSE FALSE FALSE FALSE FALSE FALSE FALSE FALSE FALSE FALSE  TRUE FALSE FALSE
 [19] FALSE FALSE FALSE FALSE  TRUE FALSE  TRUE FALSE FALSE FALSE FALSE FALSE FALSE FALSE FALSE FALSE FALSE FALSE
 [37] FALSE  TRUE FALSE FALSE  TRUE FALSE  TRUE  TRUE FALSE FALSE  TRUE FALSE FALSE FALSE  TRUE FALSE  TRUE FALSE
 [55]  TRUE FALSE FALSE  TRUE FALSE  TRUE FALSE  TRUE FALSE FALSE FALSE  TRUE FALSE FALSE  TRUE FALSE FALSE FALSE
 [73] FALSE FALSE FALSE  TRUE FALSE  TRUE FALSE  TRUE  TRUE FALSE FALSE FALSE FALSE FALSE  TRUE FALSE FALSE FALSE
 [91]  TRUE FALSE  TRUE  TRUE FALSE  TRUE  TRUE  TRUE  TRUE FALSE FALSE FALSE FALSE  TRUE  TRUE FALSE  TRUE  TRUE
[109] FALSE  TRUE  TRUE  TRUE  TRUE FALSE FALSE  TRUE  TRUE FALSE  TRUE FALSE  TRUE  TRUE  TRUE  TRUE  TRUE  TRUE
[127]  TRUE  TRUE  TRUE  TRUE  TRUE FALSE FALSE  TRUE FALSE  TRUE  TRUE  TRUE  TRUE  TRUE  TRUE FALSE FALSE  TRUE
[145]  TRUE  TRUE  TRUE FALSE  TRUE  TRUE  TRUE  TRUE  TRUE  TRUE FALSE  TRUE  TRUE  TRUE FALSE  TRUE  TRUE  TRUE
[163]  TRUE  TRUE  TRUE  TRUE  TRUE  TRUE  TRUE  TRUE  TRUE  TRUE  TRUE  TRUE  TRUE FALSE  TRUE  TRUE  TRUE  TRUE
[181]  TRUE  TRUE  TRUE  TRUE  TRUE  TRUE  TRUE  TRUE  TRUE  TRUE

