
Birth-death simulation object with 840 species and 500 extant species

Details for some species:

Extinction times (NA means extant)
[1] 12.86113 50.93348 62.12920 65.85320 50.69093 32.89737


Speciation times 
[1] 111.17417  83.04180  81.10779  78.22980  74.74572  72.57035


Species parents (NA for initial)
[1] NA  1  1  1  1  1


Species status (extinct or extant)
[1] "extinct" "extinct" "extinct" "extinct" "extinct" "extinct"


For more details on vector y, try sim$y, with y one of
TE TS PAR EXTANT



$TE
  [1] 12.861131977 50.933484690 62.129199024 65.853203088 50.690925359 32.897369599 29.614201695 22.348070958           NA 21.900426930
 [11] 72.461378701 59.180947065 54.589842314 53.177243298  7.384462056 15.948726823 65.667668240 62.982275583 27.218975245 67.313331433
 [21] 77.009521175 16.786741674 64.359791034 66.933253722 45.844179258  8.280391972           NA 54.503160980 46.171807875 24.092590408
 [31] 26.464374091 11.934122375 12.047536953 48.309656292 23.845711966  8.990783722  1.993761773           NA           NA 36.129553266
 [41] 36.995463659 31.917444541 27.114836321 48.038025402 48.332130602 10.256431350           NA 29.251935216 38.462286340 22.591202071
 [51] 27.743532771 34.200095165 32.312718705 29.067948393 18.344704589           NA 41.028662964  9.979055476           NA           NA
 [61] 44.361014115 11.498018121           NA 33.199445921 53.755256308 50.721298119           NA 12.973535535 23.480012859           NA
 [71] 48.230955793 36.172991353 11.841288453 33.014233349 38.434905605 25.507312223 38.975500772 28.022862705 45.054315659 22.836321002
 [81]  0.791529118 18.999294064 13.818077995 50.355813710 17.561060433           NA  6.312083159 19.808287314 45.133710018 25.291291341
 [91] 35.796645896 25.641578344 39.452417827           NA 34.965975968 32.746825832           NA 35.766131928 36.174630766           NA
[101]           NA 34.706519155           NA  6.757644612 25.024027473 10.522503566 10.953018123 37.643635919 33.165163952 36.157787201
[111]  8.301178261           NA 12.821417272 16.911682605           NA           NA 11.727103383 18.683015273  0.448117358           NA
[121]           NA           NA           NA           NA  9.741615857 39.565890015           NA 13.054010894           NA 34.115630140
[131]  3.938458545  1.426834855           NA  0.167759114  6.079582033 22.157484818 23.206170564 35.351645337  4.005283997 11.879282872
[141]           NA 25.976526676           NA           NA           NA 37.141004337 13.031420320 11.057549667 17.541096001           NA
[151]           NA           NA           NA           NA 23.887182881           NA 24.305234774  3.763910457 12.344246733  3.464383653
[161] 35.828834076 38.332712079 21.317704449 31.755520518 18.195535619 21.146094758  9.591051410  0.826804996           NA           NA
[171] 35.679198706 20.752153011 19.252397860  6.316515980 21.491492621 36.740385938 12.308376284           NA 16.303786361 16.324266687
[181] 25.359721971 19.159446270  4.672648888           NA  3.037680474 29.318176382 29.465123916 24.542910273 14.423743771  2.541899333
[191]  1.582844172 30.862319171 13.500853398  4.774020900 18.971079441 18.642216135 27.332606787 26.138696862           NA 22.260531521
[201] 32.733810097  6.095540396           NA 29.248447163           NA  8.530726618  3.264231255 14.647655034  0.017193740 13.190082014
[211]           NA           NA  0.213640224           NA           NA           NA  3.223502837           NA           NA           NA
[221]           NA           NA  3.357776562 25.914909103 27.443438299  9.108585755 31.843904052 14.477349954 27.499501549           NA
[231] 15.118044773  7.680054421           NA  0.435247296  5.529414504 12.764134612 21.862058218 21.873964610           NA           NA
[241]  5.794046330           NA           NA           NA           NA 12.334832126           NA 16.829314212  0.462167777 18.884270680
[251]           NA           NA           NA           NA           NA           NA           NA           NA           NA           NA
[261] 22.508042287 11.385385635           NA           NA           NA           NA           NA 13.733221068 17.445303720           NA
[271] 14.390206077  9.284152878 17.838418778           NA 11.470586606  0.741239269 12.711525262 20.355683517  8.737340258           NA
[281]           NA  5.973410608           NA           NA           NA  0.307682255 15.149090900           NA           NA           NA
[291]           NA           NA           NA           NA           NA  7.090394429           NA 20.491963751  7.073508785           NA
[301]  9.328294788           NA           NA           NA  4.193725812           NA           NA           NA           NA           NA
[311]           NA           NA 22.661571898  1.665321113 10.971564300           NA  7.420712671  1.597486343           NA  4.537552056
[321]           NA  0.448324290 12.654801780  9.742157104           NA           NA           NA           NA           NA  2.121088950
[331] 13.031515156           NA 15.504286474 11.817469229  6.548332208           NA  2.110781962           NA           NA 15.058004165
[341] 12.694389654           NA  0.204764064           NA  9.404800092           NA           NA           NA           NA  1.992342136
[351] 15.524258224           NA 19.840594357  6.371171325 13.418522155           NA  2.939359202  4.483458708           NA  8.320596587
[361]           NA           NA           NA           NA 12.608177978           NA           NA           NA           NA  2.140314360
[371]           NA           NA           NA           NA 13.508770855           NA           NA  7.558049138           NA  3.748158748
[381]           NA 17.995414866           NA           NA  2.475915563           NA           NA           NA 15.920468896           NA
[391]           NA           NA           NA           NA 15.960154424  3.453566173  8.735659336           NA  9.128835342           NA
[401]           NA           NA           NA           NA           NA  0.806167620           NA           NA 14.132027153  8.005852999
[411]           NA           NA           NA           NA  7.220474601           NA  6.856335637 19.257470636           NA           NA
[421]           NA 13.344097403 14.942048090           NA           NA           NA           NA           NA           NA           NA
[431] 15.156085692           NA 11.937814902           NA           NA           NA           NA 14.221377616           NA           NA
[441] 16.695340067 15.062607790  8.966962569           NA           NA  4.549869716 13.328563646 18.691952069           NA  6.158574695
[451]  2.549192448           NA           NA           NA           NA           NA  5.792963131  0.016110119           NA           NA
[461]           NA 13.442568753  9.046746472           NA 10.956580226  4.743593201  6.100132194           NA           NA           NA
[471]           NA           NA           NA           NA           NA           NA           NA           NA           NA           NA
[481]           NA 17.315357064           NA           NA           NA           NA           NA           NA           NA  6.532566769
[491]           NA  0.177937073           NA           NA  3.567726735           NA           NA  1.048626760           NA           NA
[501]           NA  1.595638548  0.893382522           NA           NA           NA           NA  9.712524819           NA 10.558338471
[511]           NA           NA           NA 15.371821548           NA  6.757254504  5.156255422           NA           NA 13.288327606
[521]  3.732553845           NA           NA           NA           NA           NA           NA  7.568589800           NA  7.095026004
[531]           NA           NA           NA           NA           NA           NA           NA           NA           NA           NA
[541]           NA  1.449145178           NA           NA  9.364451018           NA           NA  4.406421621           NA           NA
[551]           NA  2.300602768           NA  5.050564038           NA           NA  1.337710876           NA           NA           NA
[561]  6.904474296           NA           NA           NA           NA           NA           NA           NA           NA  3.662560534
[571]  8.303706491           NA  0.680727426           NA           NA           NA           NA           NA  5.855652822           NA
[581]  4.131121313  5.484826339 10.167224590           NA           NA  3.587348125           NA           NA           NA           NA
[591]           NA  1.197351350           NA           NA           NA           NA           NA  1.081794113  1.950539566           NA
[601]           NA 11.512259443           NA           NA  7.465414236           NA  1.127649710           NA           NA  6.177836008
[611]           NA           NA           NA           NA           NA           NA           NA           NA  6.528414379           NA
[621]  4.790399359           NA           NA  0.743449496           NA           NA           NA 11.183144983           NA           NA
[631]  2.323300068  8.368828611  0.024654698           NA           NA           NA  1.667115224           NA           NA           NA
[641]           NA           NA  0.521270280  2.788271160           NA  2.305980657  0.635659483           NA           NA           NA
[651]           NA           NA           NA           NA           NA           NA           NA           NA           NA           NA
[661]           NA           NA           NA           NA           NA           NA           NA  0.382271615           NA           NA
[671]  2.323030789           NA           NA           NA           NA           NA           NA  1.329071246  1.784488576           NA
[681]           NA  0.856965793           NA           NA           NA           NA           NA           NA           NA           NA
[691]           NA           NA           NA           NA           NA           NA           NA           NA           NA           NA
[701]           NA           NA           NA           NA           NA  0.499224541           NA           NA           NA           NA
[711]  0.008727122           NA           NA           NA           NA           NA  2.838178688           NA           NA  2.783697394
[721]           NA           NA           NA           NA           NA           NA           NA  0.377343330           NA           NA
[731]           NA           NA           NA           NA           NA           NA           NA           NA           NA           NA
[741]           NA           NA           NA           NA  3.487126406           NA           NA           NA           NA           NA
[751]           NA           NA           NA           NA  2.094053405           NA           NA           NA           NA  3.362757686
[761]           NA  2.698423345           NA           NA           NA           NA           NA           NA           NA           NA
[771]           NA           NA           NA           NA           NA           NA  3.465114435           NA           NA           NA
[781]  0.205097894           NA           NA           NA  0.621928719           NA           NA           NA           NA           NA
[791]           NA           NA           NA           NA           NA           NA           NA           NA           NA           NA
[801]           NA           NA           NA           NA           NA           NA           NA           NA           NA  1.184733322
[811]           NA           NA           NA           NA           NA           NA           NA           NA           NA           NA
[821]           NA           NA           NA           NA           NA  0.641843390           NA           NA           NA           NA
[831]           NA           NA           NA           NA           NA           NA           NA           NA           NA           NA

$TS
  [1] 111.17417117  83.04180316  81.10778660  78.22979559  74.74572431  72.57034581  48.90758181  34.99999477  29.43042606  29.13860072
 [11]  73.17814683  72.58580050  66.96089972  61.45075443  59.28786703  59.15002533  80.34818948  76.99311384  67.24041354  79.74301584
 [21]  79.56801325  68.47939320  64.89856991  70.20119085  56.62087641  45.84293464  67.65674346  55.63492609  47.75268658  40.75365431
 [31]  38.35852266  31.75439321  64.54691403  50.87352850  50.38360789  41.80740708  30.53551335  10.33490436   6.18786998  63.30191938
 [41]  62.59870616  40.18913327  27.65455198  58.70286695  57.34689416  38.03436134  18.23270144  51.63120339  41.42476566  39.28742850
 [51]  58.31203057  57.04217407  42.95292400  31.94338113  27.79395037  21.48290335  47.16040048  23.33294088  22.82315596  17.77386208
 [61]  54.35341839  50.66472861  50.48132436  50.06590228  54.73465550  52.04098774  40.07099236  36.93901500  52.00456856  49.97003202
 [71]  54.72927809  44.80893021  43.92146093  39.89357255  50.92284074  55.07822496  53.80858191  51.06114029  48.24819262  46.54628241
 [81]  51.26785030  40.71039457  50.89717230  50.61906517  41.24821784  33.29155583  24.70061248  23.83626642  45.96821719  42.02579817
 [91]  40.91673073  38.74820410  44.16381597  48.86219724  44.25584582  40.65030489  40.31605754  41.95919284  50.12921979  31.01873844
[101]  29.34488781  48.70517444  41.26732250  21.63206112  49.18088159  20.49936882  13.68421682  46.06128435  41.48669077  47.07809475
[111]  44.10622762  43.57938058  33.68933538  32.43046962  19.34222037  36.18194323  31.75042665  43.89365184  37.64716330  14.16009680
[121]   9.55088010   7.45651281  43.99349953  46.37227151  46.36972169  44.84324676  20.33445944  16.54524635  13.63946657  39.08697428
[131]  33.21335247  22.67249339  22.58595897  37.92214875  24.32440837  22.40263963  42.81094424  42.38887466  23.48391048  13.74895477
[141]  13.55108940  38.65111217  24.59592770   5.18209103   4.67950529  38.96111053  28.61407763  29.14746241  41.20573651  39.06858842
[151]  31.82512019  15.69911962  13.12629170   4.07693768  33.84683890  25.53097051  29.95173042  26.58696768  18.20428043  14.17865984
[161]  36.14780732  40.61432599  37.61037606  37.19100452  35.74026164  35.69211301  35.48748003   6.82570780  30.53256068  25.69389315
[171]  36.62172629  40.69663920  38.82588736  35.74984598  31.63113110  40.20164482  26.77637417  24.16697081  22.72958321  32.90191991
[181]  33.01712199  21.06332162  14.27167888   6.86231999   6.45882920  38.11945768  37.34330004  36.92992597  14.97240135  13.72268038
[191]  10.41251425  38.34207866  35.66129254  34.94139677  37.59907981  36.15613050  34.39308631  32.21510141   1.41954465  23.13098102
[201]  34.41437916  30.40098255  29.55298985  31.27945947  37.60854044  24.85478059  22.10357413  18.76815997  14.72839489  26.48392875
[211]   5.95912911  23.52665356  23.27852981  16.21152280  12.13406646   7.26478034   3.58937257   3.43066090  21.81644315  30.88209926
[221]  22.19733393  19.08173157  10.12075947  26.78343691  35.63659004  30.46101332  36.81453334  31.67834885  28.23548792  23.81071948
[231]  17.63210413  11.97630493   8.57152218   8.05346513   7.03789168  34.22752731  25.09739799  23.95650067   8.37881373  20.62419962
[241]  30.37076578  24.97272118  32.91831184   9.23985673  30.34552962  28.47391002  16.00965938  22.57930896   8.45910812  33.14099065
[251]  21.75801762  15.38053666  14.07637452  27.81227234  30.54692347  29.12626421  31.80389308   0.73288165  29.11599108  18.22815537
[261]  26.49869381  14.27209182   4.36303511  29.29912971  25.15217724  21.83876227   4.70528261  30.26435688  21.51182431  14.19771716
[271]  29.90782546  24.58123125  19.64571761  20.63991394  18.12922977  27.36322126  26.21966826  28.27139099  17.99902981   5.84211987
[281]  13.07271219  12.44644536   6.94790247   5.69409386   4.55126691   9.64205387  29.24406924  26.77963881  16.56384253   8.95735115
[291]   7.56880950   1.17953056   9.51511721   7.83350062  18.79690771  17.42689769  29.23569089  27.16459452  20.77349528  18.89528052
[301]  13.74356766  10.32534845   3.18491096   1.36737224  25.44540972  19.23900813   4.39591980   2.27431305  24.17754766   4.24327406
[311]   1.42838192   5.86779319  26.79118075  22.87281970  19.40472982  13.41851973  11.10123205  22.85864529  15.69971210  20.78138472
[321]   2.03571375  26.89985657  26.63272734  10.49171762   9.25277853   6.29979860   4.92334509   2.99791686   2.60131802  16.38089535
[331]  19.66065906   5.77933690  26.72751146  21.32524579  25.18810125  23.51985495  19.22741814  16.10500672   6.63474512  26.33266402
[341]  16.62788843  24.77398605  24.13260317  25.05832064  21.46696319  15.36242632  13.19239662  24.53958247  12.59822325   4.24610896
[351]  20.50378368  18.71825508  23.28751989  11.50195942  21.84830178  13.71868394  11.55700307   5.00573611   7.52295615  21.58489556
[361]   7.56903901   5.23853886  18.39220522  10.77641306  13.30909232  10.89099078  10.53860231  20.07944620  11.83713199   6.26509288
[371]  24.54879261  10.55076712   0.97634731  18.87440248  17.94911186  15.88022891   6.88038971  11.30970104  14.27967643  10.14848859
[381]   3.25690886  22.45184947   2.19094433  11.17976144   8.31675215  19.66034913  13.61585397  17.07226444  20.95558000  22.70045678
[391]  19.17020274  22.11002251  11.08064419   9.89895924  17.53803794  16.30684721  15.98364114  18.89038304  15.47809028  10.53478481
[401]   4.19539152   3.43536716  14.00992977  11.29988832   1.53131487  15.59554590   9.81831835   3.49143091  18.13559491   9.69321922
[411]   4.99867146   3.09739911  15.03193498   4.25281653  21.17737409  16.42927240  16.22069723  20.28625876  14.18449927   7.04248231
[421]   2.69122207  18.83324302  16.89198135   4.98906076   1.77811341   5.41407030   1.28940193   1.13955713  17.96645292  10.90452955
[431]  17.80502671  16.12452915  19.95077087   7.92970019   6.13488194   2.20238459  18.61339775  15.90272757  14.56414618  10.66704366
[441]  17.39860855  15.33953871  12.32257951  20.71026004  17.76568982  18.15968877  14.36665384  20.16340071  16.60317184   7.33981298
[451]   4.89519488   0.34027994   3.22556186  19.39212147  19.10619894  16.73548853  16.17965312  18.02317203  14.52900142  12.78576125
[461]   6.36909578  15.53235200  16.23888855  13.99645183  13.57551662  17.76912707  14.31520203   9.27798855   5.18424230   5.10492861
[471]  11.07657826  11.02644035   3.38671546  12.77451160  12.00114275  10.00904125  16.21103656   5.55870149   3.21448786  18.30339679
[481]   6.25044267  17.79176483  12.19059582  11.99697535   8.67041474   4.14674602  13.03567607  12.30360369   2.38436287  11.59839676
[491]   7.06577357  16.25440362   8.52910791  17.62525569  16.68511864   7.35674625   3.89280778   3.66137948  11.79908631   2.85639530
[501]  17.12609670  16.93555242   6.09925031  10.40651166  14.57543726  11.84227318  12.18152221  11.03806046  16.23202909  13.38101005
[511]  11.12671358   7.63436104   5.64911934  16.25741558   9.81839780   9.92935402   9.16437254   5.33885658   4.06228059  14.90355763
[521]  11.63943323   0.38548554  11.83922725   9.15457857   9.56812335   6.79577923   9.97104051   9.63671769   9.08365884   7.86105489
[531]   8.81425761   5.88006827  15.56328827  14.95541755  15.20953883  10.07960999  15.08432809  13.00199867  11.33653470   7.48819569
[541]   2.06307126  10.42535054   8.35092997  14.44827186  10.21167509   2.81289769   8.92476078  15.10900727  11.34123082  10.11556300
[551]   9.14469657   8.30857498   5.34678627  11.91853956  11.80864542  10.46367674   9.03586746  10.18490260  14.42992245   7.59267719
[561]  14.87314284   8.44135383   7.62418608   5.87158240  14.29263777   4.72631591   3.80484752  11.66754997   2.83355284  14.32607914
[571]  11.66706267   2.01046237  11.21159811  13.85050619   5.32746310  12.07990909  10.46548088  13.88825920  11.75241150   5.77714487
[581]   4.81100283   6.37233549  13.22310437  13.26282723   9.92876982   4.25227132   1.47321159  12.44771119   8.94115291  10.11045856
[591]  11.82956921  10.90248616   3.12378596   1.91265803   4.79535814   1.61598266   9.49940398   7.26727541   6.87953681   4.74392528
[601]   4.47117300  12.74880898   9.04794772  13.41232186  11.49129889  12.34985025   7.99749434  11.03221464   9.68728938   7.50949999
[611]  10.01728795  10.70076048   8.67960517   8.01954499  10.89655521   7.97879016   2.16683610   1.01918087  10.27303483  10.32056957
[621]   6.63043667   6.29910594   8.75581101   5.34811850   4.50172860   4.20143493   3.47595390  11.42529004   6.65158647   9.17396495
[631]   5.80845765   8.45125549   7.26981559   5.76447230   8.92403503   6.96874704   5.36006955   4.69936265   5.39388697   6.53119719
[641]   1.72833025   9.51900168  10.34254006   9.85599608   7.40893754   3.80215171   2.62333244   2.45221340  10.51827210   5.11354236
[651]   8.81675842   8.61492696   7.89036610   7.44758977   8.81686375   1.40859007   8.01346771   3.92676260   2.63956577   9.78543831
[661]   6.01260849   2.09115690   7.08521681   9.06648455   6.86747856   9.49148911   4.67223914   3.19850103   1.65695183   0.59865711
[671]  10.03413804   8.88959880   8.07018281   5.31809667   0.51145006   3.06755481   8.22314016   6.52915930   1.96572707   7.67629003
[681]   9.28533063   8.68943730   3.38243157   5.94299882   6.03157836   3.40998009   1.88600418   9.67838191   8.24837833   9.60907713
[691]   6.36192216   9.00743139   6.57063833   6.39989853   3.47647452   6.96351437   3.19852583   0.58689747   9.08298356   7.97709847
[701]   5.79858219   5.74262172   0.31117428   5.58763941   5.02430863   8.15387121   2.62581493   5.98313946   7.93595934   7.79944030
[711]   2.96365311   4.01677564   7.04575128   3.17305124   0.40562790   1.15253025   4.87124696   4.29451138   0.04382433   6.64052761
[721]   8.69231410   6.83813793   0.91558640   4.28531149   3.11293023   1.79938572   7.10697173   3.33752118   1.32561705   7.32057761
[731]   3.13265599   6.26537279   6.39087340   1.48879799   5.77631276   0.33089477   3.26199623   4.06038086   1.25816346   7.30774309
[741]   0.45442670   4.94997123   6.03592914   6.35909351   5.81760530   4.51533394   2.71298647   5.71324921   4.17787132   2.73773844
[751]   1.17527778   7.38708702   3.57603524   6.86362199   3.51043952   4.81754123   2.92895937   5.08093010   3.39525749   3.89569177
[761]   6.02227682   5.96637455   5.13505869   5.96225576   5.32413804   0.35308676   1.33390871   2.74427202   0.68604128   1.08803367
[771]   4.60423314   5.06846475   2.18704795   0.25681559   4.26340326   4.65798870   4.61872012   0.59989041   3.48424432   3.76617692
[781]   4.12097240   1.79909384   5.77305945   2.53576077   5.08231132   5.49468702   4.35553685   4.90637340   1.35024410   3.96653879
[791]   3.86831567   1.51851243   1.32654580   0.68265442   0.40928840   3.54611167   1.24680106   5.03941251   3.98264858   2.75618264
[801]   0.72037232   4.03345379   2.08393432   3.03643921   4.93988204   2.65961622   1.09620947   2.92383607   4.17767913   2.67528650
[811]   3.06401421   1.33233611   2.21631835   1.45718584   3.61561059   2.53176460   2.02691947   2.42493032   0.58185169   1.13951562
[821]   1.68223964   2.25054745   1.48864221   1.23535016   1.14126170   0.81748341   0.83316298   2.87764279   0.94040429   2.86234997
[831]   2.85638341   1.66759997   1.00798241   0.95694819   0.95739734   1.90718747   1.13284625   1.03180161   0.86678328   0.84524214

$PAR
  [1]  NA   1   1   1   1   1   1   1   1   1   2   2   2   2   2   2   3   3   3  17  20  18  12   6   6   6  24  22  22  22  22  22  27
 [34]  27  27  27  27  27  27  19  19  19  19  33  33  33  33  41  41  41  14  14  15  15  15  15  16  16  16  16  44  44  44  44  51  51
 [67]  51  51  45  45  52  52  52  52  25  28  61  61  61  61  77  77  69  69  69  69  69  69  48  48  48  48  81  78  78  78  78  75  83
[100]  83  83  62  62  62  63  63  63  99  64  70  70  70  70  70  70 105 105   7  94  94  94  94  57 110 110 110 124 124 124 125 125 125
[133] 125  26  26  26 126  93 111 111 111 123 123 123 123  73  73 118 112 112 112 112 112 112 137 137  90  36  36  36 109 103 103 103 103
[166] 103 103 103  85  85 149  91  91  30  30  82  82  82  82 172  97  97  97  97  97 176  67  67  67  67  67  50  50  50 130 130 150 150
[199] 150 173  92 142 142 192  46  46  46  46  46 134 134 119 119 119 119 119 119 119 163 205 205 205 205 195 187 187 164  68 188 116 116
[232] 116 116 116 116 196 196 196 174 193 167   8 194 194 236 113 113  86  86 131 131 131 131 250 181 181 243 243 180 114 151 151 151 257
[265] 257 257 257  32  32  32 117 117 117 228 228 175 175 100 100 100 220 220 220 220 220  37 169 169 169 169 169 169 226 202 241 241 245
[298] 245 268 271 203 203 203 203 101 101 101 101 264 264 264 297 256 256 259 259 259 246 246 254 254  55 276 276 276 276 276 276 276 322
[331] 288 288 177 177 333 333 333 333 158 261 210 340 340 277 277 277 277 170 156 156 305 305 335 335 265 265 265 265 344 242 242 242 206
[364] 342  87  87  87 143 143 143 272 371 371 348 348 348 348 135 309 343 343 238 230 212 212 139 139  58 353 200 314 318 318 318  59  59
[397]  59 390 390 390 390 390 132 132 132 133 133 133 382 221 221 221 392 392 207 207 207 355 266 266 266 219 219 219 219 251 251 251 104
[430] 104 360 360  56  56  56  56 345 345 345 345 334 334 334 415 415 320 320 299 299 299 444 274 240 106 106 106 106 127 127 127 127 368
[463] 433 433 433 386 386 386 386 386 315 315 454 115 115 306 337 391 455 222 222 300 300 300 300 300 398 374 374 295 295 437 437 363 480
[496] 480 480 480  47  47 260 260 260 446 409 458 279 279  60 445 494 494 494 296 296 501 501 501 501 388 388 388 456 495 449 449 289 289
[529] 289 289 416 330 396 396 492 463 509 509 509 509 509 417 214 457 432 432 397 376 376 319 319 406 533 399 252 252 252 346 535 535 548
[562] 548 548 548 537 537 413 534 534 209 209 209 505 439 439 565 565 379 379 379 379 183 270 419 419 419 419 160 160 120 253 253 253 253
[595] 403 403 464 464 464 578 574 129 387 465 465 141 141 316 316 316 604 584 584 584 583 347 153 538 460 474 474 349 606 488 483 507 215
[628] 576 576 475 475 554 554 523 369 369 369 369 591 555 499 579 490 490 549 539 539 539 404 404 384 384 384 511 608 472 430 615 615 612
[661] 440 440 400 649 542 191 191 191 191 643  38  38  38  38  38 302 619 380 550 536 671 611 611 476 527 527 394 407 660 410 609 528 525
[694] 121 121 642 666 666 681 681 468 468 468 244 630 517 551 529 699 699 664 557 290 547 547 635 672 672 672 531 623 623 721 682 682 682
[727] 613 613 485 239 543 677 234 614 607 616 709 294 710 512 563 560 361 359 359 359 359 540 540 122 654 645 645 752 496 740 633 216 491
[760] 713 696 696 599 665 665 665 754 722 526 339 640 694 461 461 691 744 622 622 732 481 435 761 708 708 762 684 701 580 580 735 735 748
[793] 786 786 786 639 575 362 362 362 763 650 785 772 705 595 267 776 777 746 601 307 724 724 775 310 154 780 780 695 759 728 453 303 731
[826] 731 593 676 676 804 328 831 831 421 817 679 792 823 824 824

$EXTANT
  [1] FALSE FALSE FALSE FALSE FALSE FALSE FALSE FALSE  TRUE FALSE FALSE FALSE FALSE FALSE FALSE FALSE FALSE FALSE FALSE FALSE FALSE FALSE
 [23] FALSE FALSE FALSE FALSE  TRUE FALSE FALSE FALSE FALSE FALSE FALSE FALSE FALSE FALSE FALSE  TRUE  TRUE FALSE FALSE FALSE FALSE FALSE
 [45] FALSE FALSE  TRUE FALSE FALSE FALSE FALSE FALSE FALSE FALSE FALSE  TRUE FALSE FALSE  TRUE  TRUE FALSE FALSE  TRUE FALSE FALSE FALSE
 [67]  TRUE FALSE FALSE  TRUE FALSE FALSE FALSE FALSE FALSE FALSE FALSE FALSE FALSE FALSE FALSE FALSE FALSE FALSE FALSE  TRUE FALSE FALSE
 [89] FALSE FALSE FALSE FALSE FALSE  TRUE FALSE FALSE  TRUE FALSE FALSE  TRUE  TRUE FALSE  TRUE FALSE FALSE FALSE FALSE FALSE FALSE FALSE
[111] FALSE  TRUE FALSE FALSE  TRUE  TRUE FALSE FALSE FALSE  TRUE  TRUE  TRUE  TRUE  TRUE FALSE FALSE  TRUE FALSE  TRUE FALSE FALSE FALSE
[133]  TRUE FALSE FALSE FALSE FALSE FALSE FALSE FALSE  TRUE FALSE  TRUE  TRUE  TRUE FALSE FALSE FALSE FALSE  TRUE  TRUE  TRUE  TRUE  TRUE
[155] FALSE  TRUE FALSE FALSE FALSE FALSE FALSE FALSE FALSE FALSE FALSE FALSE FALSE FALSE  TRUE  TRUE FALSE FALSE FALSE FALSE FALSE FALSE
[177] FALSE  TRUE FALSE FALSE FALSE FALSE FALSE  TRUE FALSE FALSE FALSE FALSE FALSE FALSE FALSE FALSE FALSE FALSE FALSE FALSE FALSE FALSE
[199]  TRUE FALSE FALSE FALSE  TRUE FALSE  TRUE FALSE FALSE FALSE FALSE FALSE  TRUE  TRUE FALSE  TRUE  TRUE  TRUE FALSE  TRUE  TRUE  TRUE
[221]  TRUE  TRUE FALSE FALSE FALSE FALSE FALSE FALSE FALSE  TRUE FALSE FALSE  TRUE FALSE FALSE FALSE FALSE FALSE  TRUE  TRUE FALSE  TRUE
[243]  TRUE  TRUE  TRUE FALSE  TRUE FALSE FALSE FALSE  TRUE  TRUE  TRUE  TRUE  TRUE  TRUE  TRUE  TRUE  TRUE  TRUE FALSE FALSE  TRUE  TRUE
[265]  TRUE  TRUE  TRUE FALSE FALSE  TRUE FALSE FALSE FALSE  TRUE FALSE FALSE FALSE FALSE FALSE  TRUE  TRUE FALSE  TRUE  TRUE  TRUE FALSE
[287] FALSE  TRUE  TRUE  TRUE  TRUE  TRUE  TRUE  TRUE  TRUE FALSE  TRUE FALSE FALSE  TRUE FALSE  TRUE  TRUE  TRUE FALSE  TRUE  TRUE  TRUE
[309]  TRUE  TRUE  TRUE  TRUE FALSE FALSE FALSE  TRUE FALSE FALSE  TRUE FALSE  TRUE FALSE FALSE FALSE  TRUE  TRUE  TRUE  TRUE  TRUE FALSE
[331] FALSE  TRUE FALSE FALSE FALSE  TRUE FALSE  TRUE  TRUE FALSE FALSE  TRUE FALSE  TRUE FALSE  TRUE  TRUE  TRUE  TRUE FALSE FALSE  TRUE
[353] FALSE FALSE FALSE  TRUE FALSE FALSE  TRUE FALSE  TRUE  TRUE  TRUE  TRUE FALSE  TRUE  TRUE  TRUE  TRUE FALSE  TRUE  TRUE  TRUE  TRUE
[375] FALSE  TRUE  TRUE FALSE  TRUE FALSE  TRUE FALSE  TRUE  TRUE FALSE  TRUE  TRUE  TRUE FALSE  TRUE  TRUE  TRUE  TRUE  TRUE FALSE FALSE
[397] FALSE  TRUE FALSE  TRUE  TRUE  TRUE  TRUE  TRUE  TRUE FALSE  TRUE  TRUE FALSE FALSE  TRUE  TRUE  TRUE  TRUE FALSE  TRUE FALSE FALSE
[419]  TRUE  TRUE  TRUE FALSE FALSE  TRUE  TRUE  TRUE  TRUE  TRUE  TRUE  TRUE FALSE  TRUE FALSE  TRUE  TRUE  TRUE  TRUE FALSE  TRUE  TRUE
[441] FALSE FALSE FALSE  TRUE  TRUE FALSE FALSE FALSE  TRUE FALSE FALSE  TRUE  TRUE  TRUE  TRUE  TRUE FALSE FALSE  TRUE  TRUE  TRUE FALSE
[463] FALSE  TRUE FALSE FALSE FALSE  TRUE  TRUE  TRUE  TRUE  TRUE  TRUE  TRUE  TRUE  TRUE  TRUE  TRUE  TRUE  TRUE  TRUE FALSE  TRUE  TRUE
[485]  TRUE  TRUE  TRUE  TRUE  TRUE FALSE  TRUE FALSE  TRUE  TRUE FALSE  TRUE  TRUE FALSE  TRUE  TRUE  TRUE FALSE FALSE  TRUE  TRUE  TRUE
[507]  TRUE FALSE  TRUE FALSE  TRUE  TRUE  TRUE FALSE  TRUE FALSE FALSE  TRUE  TRUE FALSE FALSE  TRUE  TRUE  TRUE  TRUE  TRUE  TRUE FALSE
[529]  TRUE FALSE  TRUE  TRUE  TRUE  TRUE  TRUE  TRUE  TRUE  TRUE  TRUE  TRUE  TRUE FALSE  TRUE  TRUE FALSE  TRUE  TRUE FALSE  TRUE  TRUE
[551]  TRUE FALSE  TRUE FALSE  TRUE  TRUE FALSE  TRUE  TRUE  TRUE FALSE  TRUE  TRUE  TRUE  TRUE  TRUE  TRUE  TRUE  TRUE FALSE FALSE  TRUE
[573] FALSE  TRUE  TRUE  TRUE  TRUE  TRUE FALSE  TRUE FALSE FALSE FALSE  TRUE  TRUE FALSE  TRUE  TRUE  TRUE  TRUE  TRUE FALSE  TRUE  TRUE
[595]  TRUE  TRUE  TRUE FALSE FALSE  TRUE  TRUE FALSE  TRUE  TRUE FALSE  TRUE FALSE  TRUE  TRUE FALSE  TRUE  TRUE  TRUE  TRUE  TRUE  TRUE
[617]  TRUE  TRUE FALSE  TRUE FALSE  TRUE  TRUE FALSE  TRUE  TRUE  TRUE FALSE  TRUE  TRUE FALSE FALSE FALSE  TRUE  TRUE  TRUE FALSE  TRUE
[639]  TRUE  TRUE  TRUE  TRUE FALSE FALSE  TRUE FALSE FALSE  TRUE  TRUE  TRUE  TRUE  TRUE  TRUE  TRUE  TRUE  TRUE  TRUE  TRUE  TRUE  TRUE
[661]  TRUE  TRUE  TRUE  TRUE  TRUE  TRUE  TRUE FALSE  TRUE  TRUE FALSE  TRUE  TRUE  TRUE  TRUE  TRUE  TRUE FALSE FALSE  TRUE  TRUE FALSE
[683]  TRUE  TRUE  TRUE  TRUE  TRUE  TRUE  TRUE  TRUE  TRUE  TRUE  TRUE  TRUE  TRUE  TRUE  TRUE  TRUE  TRUE  TRUE  TRUE  TRUE  TRUE  TRUE
[705]  TRUE FALSE  TRUE  TRUE  TRUE  TRUE FALSE  TRUE  TRUE  TRUE  TRUE  TRUE FALSE  TRUE  TRUE FALSE  TRUE  TRUE  TRUE  TRUE  TRUE  TRUE
[727]  TRUE FALSE  TRUE  TRUE  TRUE  TRUE  TRUE  TRUE  TRUE  TRUE  TRUE  TRUE  TRUE  TRUE  TRUE  TRUE  TRUE  TRUE FALSE  TRUE  TRUE  TRUE
[749]  TRUE  TRUE  TRUE  TRUE  TRUE  TRUE FALSE  TRUE  TRUE  TRUE  TRUE FALSE  TRUE FALSE  TRUE  TRUE  TRUE  TRUE  TRUE  TRUE  TRUE  TRUE
[771]  TRUE  TRUE  TRUE  TRUE  TRUE  TRUE FALSE  TRUE  TRUE  TRUE FALSE  TRUE  TRUE  TRUE FALSE  TRUE  TRUE  TRUE  TRUE  TRUE  TRUE  TRUE
[793]  TRUE  TRUE  TRUE  TRUE  TRUE  TRUE  TRUE  TRUE  TRUE  TRUE  TRUE  TRUE  TRUE  TRUE  TRUE  TRUE  TRUE FALSE  TRUE  TRUE  TRUE  TRUE
[815]  TRUE  TRUE  TRUE  TRUE  TRUE  TRUE  TRUE  TRUE  TRUE  TRUE  TRUE FALSE  TRUE  TRUE  TRUE  TRUE  TRUE  TRUE  TRUE  TRUE  TRUE  TRUE
[837]  TRUE  TRUE  TRUE  TRUE

