
Birth-death simulation object with 763 species and 500 extant species

Details for some species:

Extinction times (NA means extant)
[1] 25.038804 48.927484 69.434831  9.061997 47.148221 60.854374


Speciation times 
[1] 89.36651 88.66665 70.32441 67.60097 64.51941 63.77185


Species parents (NA for initial)
[1] NA  1  1  1  1  1


Species status (extinct or extant)
[1] "extinct" "extinct" "extinct" "extinct" "extinct" "extinct"


For more details on vector y, try sim$y, with y one of
TE TS PAR EXTANT



$TE
  [1] 25.03880435 48.92748361 69.43483085  9.06199746 47.14822075 60.85437384 32.70845904          NA 16.62605689
 [10]          NA 19.55610626 10.59318348 77.09212537          NA 15.69645137 11.05047599  3.73917581 62.67629687
 [19] 52.70663413  8.40463730 58.39344307          NA          NA  0.58533283          NA 63.37082152 21.95166036
 [28]          NA          NA 17.46970712  7.97460819  5.41423711          NA          NA  6.94950037 18.86984103
 [37]  6.64529567 29.85514024  5.38083922          NA 29.89067007 47.52622477 21.30749535          NA          NA
 [46]          NA          NA 36.56941112 19.84544715          NA 25.45334404 57.47263811          NA 38.76075969
 [55] 37.46401851  8.48134710 10.04516727 46.12433907          NA 19.04090278 28.13105630  3.38589971          NA
 [64]          NA          NA          NA 10.31514362 33.32288934 27.51836156 15.56055053 11.72325076          NA
 [73]  0.33136254          NA          NA 22.16691811 43.52555598          NA  9.45593527 29.43957222 39.52440908
 [82]          NA          NA 21.72133994 24.36252129 11.82979696          NA 13.75424267 21.65092087 11.06240498
 [91]  4.60088556          NA          NA 38.04177279          NA 24.36060794 19.72341394  7.92657973  0.74322061
[100]          NA          NA 16.62918845          NA 17.89122834          NA          NA          NA 19.05539982
[109] 35.64427150 37.29555403 12.89356358          NA          NA  1.80315990          NA 19.68149481 13.64909211
[118]          NA          NA 45.41008923 35.19967717 25.79185983          NA          NA          NA          NA
[127]          NA          NA          NA          NA          NA  2.42916169 32.05827541  6.69834233 15.28332742
[136] 14.02696080 12.44864644  8.48450305          NA  3.98849922          NA  5.93650477          NA 19.62550785
[145] 10.59882553          NA 11.59875378 12.26607742 25.29637581          NA  7.22376650 28.04267096 16.64716045
[154] 20.23930646  2.38976219          NA  3.55805306 22.99863740  4.56531176          NA 17.86440826          NA
[163]          NA          NA  6.29433717 14.10057114          NA          NA          NA          NA  6.05074037
[172]          NA          NA          NA  9.01871501          NA 12.01247199 15.57624175  3.31451692          NA
[181] 23.64715665          NA          NA  8.68536965          NA  8.16967608          NA 20.04030540  6.47132592
[190]          NA          NA 13.67689114 15.71642926 10.21801187          NA          NA          NA 15.56705057
[199]          NA          NA          NA          NA  8.84060859          NA 11.28715043          NA  7.98422020
[208]          NA 10.36126370  0.35282071 21.08872866          NA          NA  8.11207660          NA          NA
[217]          NA          NA          NA          NA          NA 19.44663155          NA          NA          NA
[226]  1.88476109  4.73573590 15.64217562          NA 12.26635051          NA 23.97531561 12.89515959  3.91789945
[235] 27.72008219          NA          NA          NA          NA          NA          NA          NA          NA
[244] 12.79271631 18.07286262          NA          NA          NA 19.29143409 18.41161172          NA 13.74372356
[253]          NA          NA 17.48428519  9.02922541          NA 22.07681623          NA          NA          NA
[262]  6.61301237 10.87343581 12.36639555 21.45304733          NA          NA          NA          NA          NA
[271]          NA 14.31731772          NA          NA          NA          NA          NA          NA          NA
[280]          NA  5.80750630          NA          NA          NA 12.46640946          NA          NA          NA
[289] 11.85415538          NA 17.52390664          NA 13.02468814 20.87151577          NA          NA          NA
[298]  8.77770143          NA          NA          NA          NA          NA          NA          NA          NA
[307]          NA          NA          NA          NA  3.25299371          NA  4.80974987          NA  6.64568723
[316]          NA 15.15889002  1.46572756  9.89198701          NA 21.15293918          NA          NA          NA
[325] 17.94012709          NA          NA  8.29452250          NA          NA          NA 16.21070467          NA
[334]          NA          NA 18.72441883          NA          NA          NA          NA 10.19926365  6.85943712
[343]          NA          NA          NA  4.40085994  1.60292695          NA  4.13138620          NA          NA
[352]          NA          NA 14.23488467          NA  0.40892558  3.83290930  6.37009490          NA          NA
[361]          NA  5.65662151          NA  5.77436869          NA 16.13314365 13.95667785  5.82330643 22.06767790
[370] 14.48934078          NA  6.01929944          NA          NA  9.86771544 15.69957505          NA 17.97718142
[379]  6.29197074          NA          NA 11.69582048          NA          NA          NA          NA          NA
[388]          NA  5.91341856          NA          NA          NA          NA          NA          NA          NA
[397]          NA          NA          NA 11.85459095          NA          NA          NA  0.73088996          NA
[406]          NA          NA          NA          NA          NA  3.14500294 12.58253909          NA          NA
[415] 18.30946990          NA          NA          NA  3.18062910          NA  6.99239073  3.35692556          NA
[424]          NA          NA          NA          NA          NA  5.77010028          NA          NA          NA
[433]          NA  6.74263882          NA          NA 12.55000372 13.72684888 11.90576270          NA  2.58222331
[442]          NA          NA          NA  1.51993566          NA  4.79032124          NA  2.28829433          NA
[451]  4.63882614  2.90202952  7.67487072  2.34842278          NA          NA  2.39937231          NA          NA
[460]  4.71698999  7.15999696          NA  0.87731214          NA          NA          NA          NA          NA
[469]          NA          NA          NA  6.99326533          NA          NA  2.97945890 11.46313206  8.73565463
[478]          NA          NA          NA          NA          NA          NA          NA          NA 11.16412749
[487]          NA  2.58050403          NA          NA          NA          NA 10.16115541  6.01465912  8.56794286
[496]  8.83123504          NA          NA  6.90376198          NA  6.35136875  9.86481305 11.72930944          NA
[505]          NA  2.82926851  1.44425452  8.59719671          NA          NA 12.74136061          NA          NA
[514]          NA          NA          NA  2.98225681  7.00743736          NA  1.47724304  0.01391885          NA
[523]          NA          NA          NA          NA          NA          NA          NA          NA          NA
[532]          NA          NA          NA          NA          NA          NA          NA          NA          NA
[541]  1.13674791          NA          NA          NA          NA          NA          NA          NA          NA
[550]          NA  8.71508073          NA          NA          NA          NA          NA          NA          NA
[559]          NA  3.49618563  5.44012102  9.47042620  5.30145267          NA          NA          NA          NA
[568]          NA          NA          NA          NA          NA          NA          NA          NA  5.48822626
[577]          NA          NA          NA  7.68408578  5.18371843          NA          NA          NA          NA
[586]          NA          NA          NA          NA  6.41531450          NA          NA          NA 10.50910327
[595]          NA          NA  3.54575531          NA          NA  5.23679176          NA          NA          NA
[604]          NA          NA          NA  5.44353112          NA  3.45239964          NA          NA          NA
[613]          NA          NA          NA  5.29349307          NA          NA          NA          NA          NA
[622]          NA          NA          NA          NA          NA          NA          NA          NA  2.29571792
[631]          NA          NA  4.68067323          NA          NA          NA          NA          NA  4.24832904
[640]          NA          NA          NA          NA          NA          NA          NA          NA          NA
[649]          NA          NA          NA  3.53293413          NA          NA          NA          NA          NA
[658]          NA          NA          NA          NA          NA          NA          NA          NA  2.43516328
[667]          NA          NA          NA          NA          NA  3.66703190          NA          NA          NA
[676]          NA          NA          NA          NA          NA  0.61931149          NA          NA          NA
[685]          NA          NA          NA          NA  3.82334882          NA          NA          NA          NA
[694]  2.49038932          NA          NA          NA          NA          NA          NA          NA          NA
[703]          NA          NA          NA          NA          NA          NA          NA          NA          NA
[712]          NA          NA          NA          NA          NA          NA          NA          NA          NA
[721]          NA          NA          NA          NA          NA          NA  0.78388707          NA          NA
[730]          NA  0.56135271          NA          NA          NA          NA          NA          NA          NA
[739]          NA          NA          NA          NA          NA          NA          NA          NA          NA
[748]          NA          NA          NA          NA          NA          NA          NA          NA          NA
[757]  0.48755878          NA          NA          NA          NA          NA          NA

$TS
  [1] 8.936651e+01 8.866665e+01 7.032441e+01 6.760097e+01 6.451941e+01 6.377185e+01 3.346443e+01 3.000919e+01
  [9] 2.961224e+01 2.923313e+01 2.821978e+01 2.683025e+01 8.178993e+01 6.834185e+01 6.509390e+01 6.432706e+01
 [17] 5.014744e+01 7.857056e+01 7.016820e+01 6.768308e+01 5.962438e+01 2.567526e+01 1.462326e+01 1.299315e+01
 [25] 6.428016e+00 6.576006e+01 6.315315e+01 4.495131e+01 3.508208e+01 3.439172e+01 1.871508e+01 1.395769e+01
 [33] 2.443807e+01 1.749562e+01 1.490058e+01 4.326732e+01 1.993188e+01 5.493187e+01 5.477158e+01 5.174866e+01
 [41] 4.942669e+01 4.872782e+01 4.683727e+01 3.102447e+01 1.840070e+01 1.648478e+01 6.312796e+01 5.871385e+01
 [49] 4.691872e+01 3.367387e+01 2.841129e+01 6.238364e+01 6.027675e+01 5.276040e+01 5.097034e+01 3.846102e+01
 [57] 2.581035e+01 6.121541e+01 5.297513e+01 4.692053e+01 2.996640e+01 1.761964e+01 1.380293e+01 5.942038e+00
 [65] 2.744329e+00 5.102723e+01 3.883350e+01 3.761865e+01 3.784685e+01 4.041286e+01 3.108230e+01 1.945149e+01
 [73] 1.371909e+01 4.796301e+01 3.236697e+01 5.243372e+01 4.875265e+01 3.550700e+01 3.167873e+01 4.703186e+01
 [81] 4.619859e+01 4.595808e+01 4.306717e+01 2.180125e+01 4.274273e+01 3.777002e+01 3.565319e+01 2.603300e+01
 [89] 2.232701e+01 2.036026e+01 1.026572e+01 5.576518e+00 1.815172e+00 4.708187e+01 3.400415e+01 3.395799e+01
 [97] 3.214112e+01 3.131984e+01 2.432584e+01 1.337189e+01 7.424670e+00 3.021955e+01 4.703162e+01 3.153896e+01
[105] 4.918548e+00 3.199355e+00 2.160432e+00 4.637874e+01 4.067997e+01 4.179747e+01 3.340147e+01 2.290001e+01
[113] 1.629583e+01 2.379254e+00 3.462227e+01 3.491695e+01 2.597916e+01 2.279598e+01 2.208123e+01 4.602526e+01
[121] 4.232129e+01 4.543179e+01 2.467445e+01 1.754363e+01 8.462720e+00 3.057312e+01 2.934540e+01 5.060924e+00
[129] 2.728233e-02 3.451190e+01 3.086742e+01 4.868042e+00 3.775171e+01 3.634022e+01 1.732094e+01 1.659736e+01
[137] 3.160772e+01 2.416712e+01 2.148713e+01 1.355706e+01 1.065527e+01 1.201476e+01 1.078655e+01 2.824404e+01
[145] 2.080036e+01 1.838018e+01 1.773831e+01 1.309857e+01 2.682428e+01 2.624004e+01 9.365535e+00 3.106531e+01
[153] 2.056850e+01 2.835486e+01 2.069906e+01 1.634064e+01 9.968170e+00 3.155126e+01 3.014371e+01 2.681843e+01
[161] 2.379143e+01 3.059694e+01 2.803020e+01 1.821926e+01 2.038477e+01 3.157389e+01 3.217391e+01 2.361847e+01
[169] 2.313407e+01 1.841083e+01 3.104343e+01 2.327898e+01 3.283410e+01 3.155620e+01 1.543909e+01 1.304048e+01
[177] 1.472563e+01 2.579041e+01 6.019702e+00 7.006645e-01 3.023031e+01 2.714315e+01 2.087243e+01 1.306361e+01
[185] 1.276698e+01 1.250490e+01 2.222474e+00 3.104442e+01 2.204685e+01 1.495871e+01 1.164606e+01 1.469814e+01
[193] 2.704537e+01 1.637927e+01 1.046341e+01 2.869295e+01 2.951446e+01 2.179518e+01 2.923069e+01 2.906336e+01
[201] 2.316589e+01 2.006825e+01 1.487764e+01 3.091255e+01 2.054696e+01 2.338268e+01 1.501710e+01 6.725699e+00
[209] 1.430674e+01 2.929323e+00 2.191713e+01 1.646317e+01 1.277045e+01 8.405913e+00 9.546807e-01 2.082203e+01
[217] 1.869635e+01 5.842128e-01 2.873155e+01 1.786385e+01 2.283069e+01 1.998955e+01 1.833467e+01 1.735795e+01
[225] 1.581828e+01 1.301111e+01 1.081331e+01 2.826939e+01 2.596854e+01 1.653941e+01 1.307262e+01 2.806472e+01
[233] 2.257912e+01 1.725915e+01 2.871896e+01 2.306303e+01 1.455049e+01 4.776668e+00 1.769354e+00 2.690870e+01
[241] 1.104222e+01 1.769117e+00 1.887343e-01 2.517310e+01 2.232685e+01 1.312589e+00 1.278064e+00 3.957219e-01
[249] 2.524535e+01 2.501395e+01 1.197132e+00 2.849202e+01 1.063538e+01 9.244978e+00 2.309059e+01 2.046409e+01
[257] 1.417507e+01 2.809927e+01 2.224649e+01 2.571833e+01 2.486980e+01 2.255282e+01 2.415233e+01 2.577128e+01
[265] 2.652741e+01 2.188593e+01 1.963319e+01 1.038609e+01 2.136435e+01 1.510357e+01 1.413912e+01 2.661311e+01
[273] 2.415593e+01 8.672051e+00 2.535653e+01 1.877477e+01 1.706671e+01 1.543404e+01 8.894424e+00 2.395682e+01
[281] 2.363467e+01 2.269439e+01 1.607991e+01 1.531672e+01 2.456088e+01 2.127306e+01 2.019051e+01 1.520181e+01
[289] 2.422079e+01 1.042550e+01 2.180089e+01 1.762062e+01 1.750969e+01 2.395716e+01 1.862808e+01 1.116038e+01
[297] 1.612374e+01 1.586995e+01 1.191686e+01 9.279975e+00 8.405864e+00 7.123517e+00 2.592165e+00 7.573879e-01
[305] 1.344612e+01 2.439722e+01 2.059747e+01 1.972804e+01 2.395276e+01 2.284506e+01 1.089571e+01 6.074109e+00
[313] 5.105040e+00 1.839694e+01 1.103988e+01 2.124309e+00 1.688324e+01 1.662942e+01 1.381197e+01 2.087314e+01
[321] 2.391795e+01 1.684117e+01 1.346743e+01 1.382589e+01 1.822025e+01 1.348359e+01 1.289699e+01 1.542911e+01
[329] 2.075514e+00 1.302063e+01 3.556366e+00 1.746201e+01 1.375633e+01 7.148962e+00 5.435920e+00 2.024129e+01
[337] 1.741691e+01 1.941224e+01 1.044818e+01 1.039587e+01 1.743511e+01 1.527458e+01 9.751743e+00 1.998396e+00
[345] 2.020403e+01 2.003453e+01 3.596331e+00 2.281015e+01 2.140440e+01 2.117819e+01 7.619081e+00 4.888123e+00
[353] 2.236134e+01 1.856725e+01 1.236715e+01 1.926044e+01 1.557752e+01 1.199128e+01 7.710467e+00 4.099762e+00
[361] 7.907919e-01 1.802131e+01 1.170525e+01 8.398664e+00 1.951840e+01 1.854177e+01 1.847987e+01 1.306903e+01
[369] 2.209344e+01 2.114562e+01 2.061695e+01 1.560638e+01 1.464557e+01 1.168604e+01 1.917746e+01 1.735104e+01
[377] 7.575705e+00 1.907831e+01 1.613156e+01 1.340257e+01 1.340403e+00 1.316286e+01 1.263404e+01 7.436169e+00
[385] 5.196507e+00 9.424574e-01 1.947382e-01 2.108464e+01 2.059443e+01 1.394431e+01 1.178747e+01 8.825121e+00
[393] 1.410537e+01 1.126234e+01 1.411457e+00 1.570805e+01 1.080239e+01 8.661437e+00 2.758900e-01 1.462838e+01
[401] 1.862508e+01 2.144844e+00 1.346049e+01 9.742203e+00 1.267413e-01 5.003259e+00 1.122580e+01 1.670508e+01
[409] 1.250842e+01 1.041111e+01 1.429638e+01 1.472200e+01 1.189187e+01 1.023969e+01 1.889594e+01 1.903008e+01
[417] 8.450666e+00 1.692491e+00 1.295270e+01 1.276343e+01 1.589920e+01 9.500565e+00 1.758394e+00 1.941156e+01
[425] 2.328835e-01 1.718589e+00 1.349668e+01 5.163524e+00 9.713265e+00 1.155829e+01 4.232855e+00 1.616591e+00
[433] 9.727078e+00 1.811650e+01 4.546799e+00 2.649664e-01 1.730856e+01 1.564456e+01 1.713617e+01 1.496385e+01
[441] 4.958908e+00 1.571957e+00 8.257854e+00 3.744197e+00 8.542752e+00 5.228880e+00 5.723307e+00 5.027713e+00
[449] 4.422920e+00 1.426236e+01 8.410973e+00 6.638975e+00 1.633755e+01 1.559516e+01 1.211107e+01 1.533236e+01
[457] 3.317532e+00 1.337499e+00 4.151289e+00 1.273812e+01 7.292904e+00 5.639435e+00 1.451214e+01 1.415549e+01
[465] 5.144829e-01 1.045556e+01 5.919194e+00 5.103736e+00 8.169613e+00 5.883791e+00 2.598549e+00 8.512256e+00
[473] 5.708923e+00 4.856722e+00 1.611811e+01 1.259769e+01 1.614319e+01 6.531522e+00 3.482343e+00 2.241627e+00
[481] 1.325758e+01 1.271324e+01 5.523097e+00 3.852432e+00 2.969635e+00 1.153875e+01 9.667569e+00 8.747777e+00
[489] 3.089249e+00 1.236240e+01 9.341039e+00 1.547357e+01 1.118509e+01 1.068821e+01 1.349034e+01 1.225723e+01
[497] 1.104032e+01 1.334307e+01 1.273890e+01 3.187899e-01 1.217980e+01 1.482922e+01 1.373961e+01 2.767142e+00
[505] 2.192649e+00 3.570260e+00 1.466157e+01 1.044332e+01 9.504570e+00 1.329304e+01 1.316604e+01 1.222301e+01
[513] 5.723352e+00 5.382838e+00 7.556486e+00 1.358412e+01 6.140233e+00 8.438787e+00 1.409748e+01 6.097977e+00
[521] 4.823791e+00 4.694805e+00 8.377827e+00 8.560071e+00 5.596479e+00 4.298691e+00 9.705959e-01 1.190894e-01
[529] 5.373658e+00 5.485824e+00 3.458083e+00 1.232888e+01 9.776470e+00 1.975015e+00 1.332792e+01 1.047831e+01
[537] 2.263565e+00 1.470421e+00 1.236603e+01 2.143337e+00 8.713753e+00 4.624027e+00 9.295832e+00 1.974744e+00
[545] 1.043113e+01 2.410461e+00 1.228617e+01 1.177013e+01 7.543632e-01 6.255530e+00 1.201356e+01 8.478512e+00
[553] 6.343102e+00 7.613515e+00 1.763979e+00 3.078047e-01 1.247192e+01 1.280352e+01 1.078738e+01 9.424472e+00
[561] 6.864644e+00 9.537324e+00 6.228572e+00 6.265085e-01 5.251926e+00 1.996104e+00 9.528846e-01 1.015943e+01
[569] 8.446852e+00 5.178485e+00 1.132049e+01 7.005871e+00 2.660926e+00 4.257777e+00 8.700714e-01 1.051204e+01
[577] 1.182801e+01 6.106655e+00 2.994481e-02 7.859273e+00 6.321509e+00 4.221282e+00 8.438547e+00 6.151821e+00
[585] 7.233362e-02 7.227920e+00 1.191441e+01 8.994502e+00 5.469895e+00 6.778860e+00 1.137834e+01 6.012133e+00
[593] 1.104685e+01 1.070966e+01 4.822212e-01 8.212338e+00 4.648030e+00 1.109790e+01 5.470598e+00 9.825432e+00
[601] 1.110484e+01 7.724046e+00 9.603369e+00 4.937587e+00 2.150426e+00 7.420983e+00 1.153747e+01 6.543015e+00
[609] 7.635230e+00 7.534527e+00 1.100595e+01 6.805861e+00 7.664235e-01 1.019132e+00 8.016363e+00 6.599095e+00
[617] 4.660143e-02 8.993758e+00 8.174207e+00 2.511686e+00 2.043202e+00 8.567379e+00 9.588617e+00 6.243424e+00
[625] 1.944467e+00 1.672467e+00 3.450737e+00 3.089409e+00 2.313920e+00 1.005862e+01 9.646202e+00 3.458650e-01
[633] 8.779355e+00 5.042777e+00 4.038381e+00 2.220972e+00 9.304609e+00 9.171691e+00 4.841258e+00 3.405420e+00
[641] 3.648092e+00 9.116783e+00 8.081606e+00 8.107312e+00 5.263955e+00 4.639037e+00 4.343435e+00 3.592232e+00
[649] 6.185232e+00 1.467641e+00 6.790227e+00 4.644240e+00 7.188425e+00 2.401500e+00 2.958204e+00 1.552052e+00
[657] 2.596449e+00 7.395490e+00 7.119964e+00 6.190257e+00 7.628234e+00 4.033630e+00 6.095077e+00 4.794310e+00
[665] 4.167689e+00 4.744552e+00 1.657265e+00 5.406681e+00 2.349082e+00 1.756665e+00 1.430392e+00 3.849257e+00
[673] 2.018869e+00 4.381457e-01 7.991507e+00 6.574727e+00 1.131138e+00 5.711006e+00 3.054921e+00 7.252726e+00
[681] 1.997078e+00 6.077654e+00 9.224778e-03 3.302406e+00 5.521664e+00 4.311397e+00 5.936420e+00 1.122713e+00
[689] 5.326326e+00 7.134008e+00 4.514671e+00 1.235598e+00 3.651678e+00 6.108136e+00 5.438631e+00 5.321869e+00
[697] 9.345015e-01 7.251889e-01 6.215298e+00 3.555922e+00 5.705754e+00 4.717574e+00 1.162702e+00 4.013402e+00
[705] 5.102551e+00 1.277020e-01 4.373885e+00 3.174083e+00 8.708667e-01 4.026507e+00 8.765831e-01 2.726268e+00
[713] 2.472081e+00 1.397945e-01 4.446338e+00 2.403977e+00 9.930213e-01 4.601900e+00 4.461520e+00 1.248631e+00
[721] 3.350286e+00 2.597778e+00 2.988661e+00 4.858103e+00 1.412865e-01 8.995418e-02 1.426301e+00 4.008928e+00
[729] 6.289303e-01 2.612557e+00 1.755164e+00 1.072090e+00 8.843140e-01 3.270126e+00 1.935131e+00 4.040583e+00
[737] 1.329170e-01 2.874414e+00 3.085401e+00 1.048130e+00 1.205323e+00 2.806860e+00 3.107520e+00 2.242371e+00
[745] 1.288472e-05 1.844307e+00 2.068412e+00 3.106640e-01 1.705311e-01 1.865744e+00 2.215805e+00 7.105973e-01
[753] 4.302055e-01 1.295266e+00 1.434474e+00 4.625046e-01 7.652417e-01 3.863415e-01 1.050465e+00 9.890126e-01
[761] 7.643513e-01 6.763606e-01 4.377840e-01

$PAR
  [1]  NA   1   1   1   1   1   1   1   1   1   1   1   2   2   2   2   2  13  18  18  14  14  14  14  14  20  20  20  20
 [30]  20  20  20   4   4   4  15  15   5   5   5   5  16  16  16  16  16  27  27  27  27  27  47  47  47  47  47  47  52
 [59]  58  58  53  53  53  53  53  48  48  48  38  39  39  39  39  59  59  54  76  76  76  40  40  40  40  40  66  66  66
 [88]  66  66  66  66  66  66  17  17  17  17  17  17  17  17  41  74  74  74  74  74  94  94  80 103 103 103 103  60  43
[117]  43  43 108  81  81  82  82  82  82  28  28  28  28  36  36  83 110 109  70  70  67  67  67  67  67  56  56  86  86
[146]  86  86 134  87  87  87  78  78  29  29  29  29 116 116 116 116 115 115 115 130  30  95  95  95  95  50  50 111 111
[175] 111 111 173  75  75  75 167 167 167 167 167 167 167  97  97  79  79 166 174 174 174 104  98  98  71  71  71  71  71
[204] 188 188 171 171 171  44  44 204 204 131 131 131 162 162 162 126 126 159 159 159 159 159 159 159   8   8   8   8   9
[233]   9   9 197 197 197 197 197 127 127 127 127  10  10 199 200 200 219 219 219 235 196 196 252 252 252  51 154 228 144
[262] 144  11 258 163 163 163 163 182 182 182 240 240 240  12 160 160 150 150  88  88  88  88  88 117 117 117 229  57  57
[291] 178 178 264 260 260 260 275 275 275 275 275 275 275 275 244 250 250 250 261 261 261 261 261 123 123 123 285 285 285
[320]  33 306  99  99 289 138 138 138 273 273 280 280 309 309 309 309 281 206 172 172 172 201 201 201 201 169 169 169 255
[349] 255 236 236 236 112 112 112 310 348 348 348 348 118 282 282 282 233 233 233 233 262 262 262 262 262 262 353 353 353
[378] 259 259 259 259 119 119 119 119 119 119 189 189 189 266 266 139 139 139 349 269 286 286 370 388 320 183 183 183 216
[407] 145 371 371 371 307 205 205 256 165 336 345 202 346  37 308 308 308 267 267 365  72  72 338 424 424 424 356 416 416
[436] 276  31  31 401 170 170 170  45  45 314 314 146 146 223 164 164 164 362 362 362 220 220 220 292  62  62  62  34  34
[465]  34 337 337 337 224 224 224 234 234 277 322 322 408 408 408 408 318 318  46  46  46 212 156 156 113 297 297 475 475
[494] 475 421 396 372 454 357 492 278 456 456 284 284 270 207 207 207 190 190 190 190 190 507 373 373  23 237 237 237 411
[523] 450 271 393 393 393 393 519  32 324  63  63  63 333 516 427 427 495 326 323 323 403 403 305 305 100 100 100 535 510
[552] 510 510 481 481 481 148 231 231 368 368 184 176 176 330 330 330 226  24 558 185 185 185 420 420 499 482 482 383 409
[581] 557 557 490 490 532 547 496 496 512 455 142 142 358 299 299 587 587 577 577 391 548 548 363 363 363 430 486 571 407
[610] 407 493 296 601 598 593 593 241 497 611 611 611 311 559 559 143 253 195 195 195 466 466 339 545 290 290 410 340 414
[639] 414 414 568 157 533 429 631 623 509 560 637 543 300 254 638 642 618 618 279 392 633 488 274 398 622 622 524 445 445
[668] 552 417 417 417 569 569 443 596 596 619 644 615 359 359 609 351 554 515 610 384 384 101 658 658 334 690 659 572 572
[697] 612 612 608 478 553 624 584 694 520 687 467 467 467 470 473 462 462 483 685 530 695 668 668 514 529 529 468 604 105
[726] 664 702 652 542 435 715 707 686 526 526 574 736 662 704 704 728 484 648 640 628 485 573 573 730 657 744 480 329 418
[755] 442 442 538 671 251 688 760 527 386

$EXTANT
  [1] FALSE FALSE FALSE FALSE FALSE FALSE FALSE  TRUE FALSE  TRUE FALSE FALSE FALSE  TRUE FALSE FALSE FALSE FALSE FALSE
 [20] FALSE FALSE  TRUE  TRUE FALSE  TRUE FALSE FALSE  TRUE  TRUE FALSE FALSE FALSE  TRUE  TRUE FALSE FALSE FALSE FALSE
 [39] FALSE  TRUE FALSE FALSE FALSE  TRUE  TRUE  TRUE  TRUE FALSE FALSE  TRUE FALSE FALSE  TRUE FALSE FALSE FALSE FALSE
 [58] FALSE  TRUE FALSE FALSE FALSE  TRUE  TRUE  TRUE  TRUE FALSE FALSE FALSE FALSE FALSE  TRUE FALSE  TRUE  TRUE FALSE
 [77] FALSE  TRUE FALSE FALSE FALSE  TRUE  TRUE FALSE FALSE FALSE  TRUE FALSE FALSE FALSE FALSE  TRUE  TRUE FALSE  TRUE
 [96] FALSE FALSE FALSE FALSE  TRUE  TRUE FALSE  TRUE FALSE  TRUE  TRUE  TRUE FALSE FALSE FALSE FALSE  TRUE  TRUE FALSE
[115]  TRUE FALSE FALSE  TRUE  TRUE FALSE FALSE FALSE  TRUE  TRUE  TRUE  TRUE  TRUE  TRUE  TRUE  TRUE  TRUE FALSE FALSE
[134] FALSE FALSE FALSE FALSE FALSE  TRUE FALSE  TRUE FALSE  TRUE FALSE FALSE  TRUE FALSE FALSE FALSE  TRUE FALSE FALSE
[153] FALSE FALSE FALSE  TRUE FALSE FALSE FALSE  TRUE FALSE  TRUE  TRUE  TRUE FALSE FALSE  TRUE  TRUE  TRUE  TRUE FALSE
[172]  TRUE  TRUE  TRUE FALSE  TRUE FALSE FALSE FALSE  TRUE FALSE  TRUE  TRUE FALSE  TRUE FALSE  TRUE FALSE FALSE  TRUE
[191]  TRUE FALSE FALSE FALSE  TRUE  TRUE  TRUE FALSE  TRUE  TRUE  TRUE  TRUE FALSE  TRUE FALSE  TRUE FALSE  TRUE FALSE
[210] FALSE FALSE  TRUE  TRUE FALSE  TRUE  TRUE  TRUE  TRUE  TRUE  TRUE  TRUE FALSE  TRUE  TRUE  TRUE FALSE FALSE FALSE
[229]  TRUE FALSE  TRUE FALSE FALSE FALSE FALSE  TRUE  TRUE  TRUE  TRUE  TRUE  TRUE  TRUE  TRUE FALSE FALSE  TRUE  TRUE
[248]  TRUE FALSE FALSE  TRUE FALSE  TRUE  TRUE FALSE FALSE  TRUE FALSE  TRUE  TRUE  TRUE FALSE FALSE FALSE FALSE  TRUE
[267]  TRUE  TRUE  TRUE  TRUE  TRUE FALSE  TRUE  TRUE  TRUE  TRUE  TRUE  TRUE  TRUE  TRUE FALSE  TRUE  TRUE  TRUE FALSE
[286]  TRUE  TRUE  TRUE FALSE  TRUE FALSE  TRUE FALSE FALSE  TRUE  TRUE  TRUE FALSE  TRUE  TRUE  TRUE  TRUE  TRUE  TRUE
[305]  TRUE  TRUE  TRUE  TRUE  TRUE  TRUE FALSE  TRUE FALSE  TRUE FALSE  TRUE FALSE FALSE FALSE  TRUE FALSE  TRUE  TRUE
[324]  TRUE FALSE  TRUE  TRUE FALSE  TRUE  TRUE  TRUE FALSE  TRUE  TRUE  TRUE FALSE  TRUE  TRUE  TRUE  TRUE FALSE FALSE
[343]  TRUE  TRUE  TRUE FALSE FALSE  TRUE FALSE  TRUE  TRUE  TRUE  TRUE FALSE  TRUE FALSE FALSE FALSE  TRUE  TRUE  TRUE
[362] FALSE  TRUE FALSE  TRUE FALSE FALSE FALSE FALSE FALSE  TRUE FALSE  TRUE  TRUE FALSE FALSE  TRUE FALSE FALSE  TRUE
[381]  TRUE FALSE  TRUE  TRUE  TRUE  TRUE  TRUE  TRUE FALSE  TRUE  TRUE  TRUE  TRUE  TRUE  TRUE  TRUE  TRUE  TRUE  TRUE
[400] FALSE  TRUE  TRUE  TRUE FALSE  TRUE  TRUE  TRUE  TRUE  TRUE  TRUE FALSE FALSE  TRUE  TRUE FALSE  TRUE  TRUE  TRUE
[419] FALSE  TRUE FALSE FALSE  TRUE  TRUE  TRUE  TRUE  TRUE  TRUE FALSE  TRUE  TRUE  TRUE  TRUE FALSE  TRUE  TRUE FALSE
[438] FALSE FALSE  TRUE FALSE  TRUE  TRUE  TRUE FALSE  TRUE FALSE  TRUE FALSE  TRUE FALSE FALSE FALSE FALSE  TRUE  TRUE
[457] FALSE  TRUE  TRUE FALSE FALSE  TRUE FALSE  TRUE  TRUE  TRUE  TRUE  TRUE  TRUE  TRUE  TRUE FALSE  TRUE  TRUE FALSE
[476] FALSE FALSE  TRUE  TRUE  TRUE  TRUE  TRUE  TRUE  TRUE  TRUE FALSE  TRUE FALSE  TRUE  TRUE  TRUE  TRUE FALSE FALSE
[495] FALSE FALSE  TRUE  TRUE FALSE  TRUE FALSE FALSE FALSE  TRUE  TRUE FALSE FALSE FALSE  TRUE  TRUE FALSE  TRUE  TRUE
[514]  TRUE  TRUE  TRUE FALSE FALSE  TRUE FALSE FALSE  TRUE  TRUE  TRUE  TRUE  TRUE  TRUE  TRUE  TRUE  TRUE  TRUE  TRUE
[533]  TRUE  TRUE  TRUE  TRUE  TRUE  TRUE  TRUE  TRUE FALSE  TRUE  TRUE  TRUE  TRUE  TRUE  TRUE  TRUE  TRUE  TRUE FALSE
[552]  TRUE  TRUE  TRUE  TRUE  TRUE  TRUE  TRUE  TRUE FALSE FALSE FALSE FALSE  TRUE  TRUE  TRUE  TRUE  TRUE  TRUE  TRUE
[571]  TRUE  TRUE  TRUE  TRUE  TRUE FALSE  TRUE  TRUE  TRUE FALSE FALSE  TRUE  TRUE  TRUE  TRUE  TRUE  TRUE  TRUE  TRUE
[590] FALSE  TRUE  TRUE  TRUE FALSE  TRUE  TRUE FALSE  TRUE  TRUE FALSE  TRUE  TRUE  TRUE  TRUE  TRUE  TRUE FALSE  TRUE
[609] FALSE  TRUE  TRUE  TRUE  TRUE  TRUE  TRUE FALSE  TRUE  TRUE  TRUE  TRUE  TRUE  TRUE  TRUE  TRUE  TRUE  TRUE  TRUE
[628]  TRUE  TRUE FALSE  TRUE  TRUE FALSE  TRUE  TRUE  TRUE  TRUE  TRUE FALSE  TRUE  TRUE  TRUE  TRUE  TRUE  TRUE  TRUE
[647]  TRUE  TRUE  TRUE  TRUE  TRUE FALSE  TRUE  TRUE  TRUE  TRUE  TRUE  TRUE  TRUE  TRUE  TRUE  TRUE  TRUE  TRUE  TRUE
[666] FALSE  TRUE  TRUE  TRUE  TRUE  TRUE FALSE  TRUE  TRUE  TRUE  TRUE  TRUE  TRUE  TRUE  TRUE FALSE  TRUE  TRUE  TRUE
[685]  TRUE  TRUE  TRUE  TRUE FALSE  TRUE  TRUE  TRUE  TRUE FALSE  TRUE  TRUE  TRUE  TRUE  TRUE  TRUE  TRUE  TRUE  TRUE
[704]  TRUE  TRUE  TRUE  TRUE  TRUE  TRUE  TRUE  TRUE  TRUE  TRUE  TRUE  TRUE  TRUE  TRUE  TRUE  TRUE  TRUE  TRUE  TRUE
[723]  TRUE  TRUE  TRUE  TRUE FALSE  TRUE  TRUE  TRUE FALSE  TRUE  TRUE  TRUE  TRUE  TRUE  TRUE  TRUE  TRUE  TRUE  TRUE
[742]  TRUE  TRUE  TRUE  TRUE  TRUE  TRUE  TRUE  TRUE  TRUE  TRUE  TRUE  TRUE  TRUE  TRUE  TRUE FALSE  TRUE  TRUE  TRUE
[761]  TRUE  TRUE  TRUE

