
Birth-death simulation object with 766 species and 500 extant species

Details for some species:

Extinction times (NA means extant)
[1] 107.50730  58.83943  91.39999  61.27285  75.13956  24.90914


Speciation times 
[1] 122.67677 107.75986  95.76926  84.80488  82.86373  77.78154


Species parents (NA for initial)
[1] NA  1  2  2  2  2


Species status (extinct or extant)
[1] "extinct" "extinct" "extinct" "extinct" "extinct" "extinct"


For more details on vector y, try sim$y, with y one of
TE TS PAR EXTANT



$TE
  [1] 107.50729537  58.83942824  91.39998551  61.27285150  75.13956261  24.90913709  55.66485595  68.40055309  73.46730387   5.00640446
 [11]           NA  54.03929892  51.14858747  47.24646606   8.96884431  30.78644157  13.01760031           NA  20.82156800  31.53625649
 [21]  22.48037570  23.97409507  22.10758921           NA           NA  63.20429938  20.29043176  36.73918175           NA  36.10197682
 [31]  56.72846862   9.62354940   0.26586242           NA           NA   4.86242706  11.44803024           NA           NA  34.34992411
 [41]  39.89671628  58.28853717  17.05875291           NA  56.73487495  57.59486276  34.98351216  37.04944058  28.22732239  25.69871234
 [51]   8.08000641           NA           NA  51.35998018   9.35711537  20.82721772           NA  28.14421512           NA           NA
 [61]           NA  28.66339726  37.02413811  30.74061326           NA           NA  24.99048555  29.00383551  27.61897709  36.93431912
 [71]  33.63108710  50.07238773  36.96472313           NA  34.80733680   4.19546000  28.96289932  14.14185370  50.49633593  43.27733949
 [81]   6.49524231           NA           NA  36.58731724   7.65651068           NA  27.48673369           NA  10.07297789           NA
 [91]  12.71292695  30.05837118  37.79984563  24.99149437           NA           NA  30.73663593  29.46427317           NA  33.29318694
[101]           NA  23.06156560           NA  35.38000392           NA  17.28854066  20.00469129           NA           NA   3.50046583
[111]  22.53946638   4.96987500  24.92220387   6.19672691  23.45818138           NA           NA   0.45788069           NA  24.58320170
[121]  11.45257048  14.84563796   9.88353180           NA           NA  24.72394527   1.17595055           NA           NA   3.94227087
[131]  22.14345552  12.05668789           NA           NA           NA           NA           NA           NA   8.10904041  16.87440678
[141]  27.96035738  11.82961029   9.61290609   0.05530046           NA  10.13873573  16.42134421   8.78395220           NA  26.69040295
[151]  28.18906933  24.59587264           NA   4.47953229  17.30848266   4.19456010           NA           NA   3.23749140  14.87097446
[161]           NA   4.89970884  11.86988324  10.20568592  16.34379306  25.36027591           NA           NA  13.06986202           NA
[171]           NA   2.02097005  11.70291382           NA   2.80112348  23.65014431  28.58951208  11.40573447           NA  19.29279804
[181]           NA  24.87986731           NA  16.76438359   0.77863572           NA  21.44767346  23.45892901           NA  14.91146292
[191]           NA   1.32110415           NA           NA           NA           NA           NA           NA           NA           NA
[201]           NA   2.56980422  20.83441074  10.45881653  22.21059336           NA   2.29809870           NA  23.66735582   3.28318328
[211]           NA           NA           NA           NA           NA  19.38551765   7.51684436   6.05249230           NA           NA
[221]           NA           NA  24.42215437           NA           NA   6.06016200           NA           NA           NA           NA
[231]           NA  17.27385866   6.01807644   3.24728333           NA           NA           NA           NA   6.05255939           NA
[241]           NA           NA  27.53641483  23.60315545   6.18538598           NA   5.27150039   7.86996569   5.73053045           NA
[251]   6.53535668  20.73068449  23.71878794           NA  18.21482018           NA   2.41876723           NA           NA  19.52397912
[261]   8.66082601           NA  14.96483055           NA  22.67434916           NA           NA           NA   9.06567248  20.68317802
[271]           NA           NA           NA           NA  21.18832078           NA           NA           NA   0.07937015  10.06684672
[281]   3.76261460           NA           NA   9.02356641           NA           NA           NA           NA           NA           NA
[291]           NA           NA           NA           NA           NA           NA           NA           NA   4.56705202  17.40757604
[301]           NA           NA           NA           NA           NA           NA           NA           NA           NA           NA
[311]   0.97853954  13.30728310           NA           NA           NA           NA           NA   1.88341881   3.97704561           NA
[321]   8.93001863   0.39744551   9.80460119   4.75802763           NA           NA           NA           NA           NA           NA
[331]           NA           NA   7.60678252           NA           NA   6.10947009           NA  12.55147054           NA  12.84314655
[341]   8.23120156           NA           NA           NA           NA           NA           NA           NA           NA           NA
[351]           NA  22.37990183           NA           NA           NA           NA   9.11758218  15.45793085   2.18779066           NA
[361]           NA           NA           NA           NA           NA           NA           NA           NA           NA   6.43692249
[371]           NA           NA  18.75065839  12.28045688           NA           NA           NA           NA           NA  11.08430042
[381]           NA   9.43216500           NA   6.35778118           NA  16.12722019           NA           NA           NA           NA
[391]           NA           NA  11.64904944           NA  10.92897858           NA           NA  12.72663347           NA   1.19587718
[401]  12.01991884   8.91045469   8.96777377           NA  15.62465551           NA  11.54872016   7.53740562           NA           NA
[411]           NA           NA           NA           NA           NA           NA           NA           NA           NA   6.58430124
[421]   1.54519322           NA   2.30862858   3.72958004           NA           NA           NA           NA           NA           NA
[431]           NA           NA           NA   8.82161801           NA           NA           NA           NA  12.53015796           NA
[441]   1.62939033           NA   2.19285742           NA   6.02410347           NA   4.94938179   8.74015846           NA           NA
[451]           NA   4.46592966   3.22668285           NA   0.67846684           NA   5.66253644           NA   7.37001092           NA
[461]   8.85204881           NA   6.85728009           NA           NA           NA           NA   8.11658494           NA           NA
[471]  14.91459456   3.19887971           NA           NA           NA           NA   1.95243952           NA           NA           NA
[481]           NA   7.78593434           NA           NA           NA           NA           NA           NA           NA           NA
[491]   5.75983323   0.63030534           NA           NA           NA           NA   0.79785033           NA           NA           NA
[501]           NA           NA  13.36079848           NA           NA           NA           NA   6.05499527   8.72507307           NA
[511]   2.26443314           NA           NA           NA           NA           NA           NA           NA           NA           NA
[521]   3.02661687           NA           NA           NA   8.57842012           NA           NA           NA           NA           NA
[531]           NA           NA   7.35255733           NA           NA           NA           NA           NA           NA   2.14926141
[541]           NA           NA  11.78645585           NA   1.27355721   5.15860532           NA   4.54424662           NA           NA
[551]           NA           NA           NA           NA           NA           NA           NA           NA   7.06912361           NA
[561]           NA           NA   2.50824133           NA           NA           NA           NA   5.33657564           NA           NA
[571]           NA           NA           NA           NA   0.58443856           NA           NA           NA           NA   1.90683402
[581]           NA           NA           NA           NA           NA           NA           NA           NA           NA           NA
[591]           NA           NA           NA           NA           NA           NA           NA           NA           NA   6.32255101
[601]           NA           NA           NA           NA           NA           NA           NA           NA           NA   3.29292961
[611]           NA   5.97330039           NA           NA           NA           NA           NA           NA           NA           NA
[621]           NA   2.73814330           NA           NA           NA           NA           NA           NA           NA           NA
[631]           NA           NA           NA   2.20179676           NA           NA   3.77913028           NA   6.12837984           NA
[641]           NA   3.43975637           NA   5.27377311   2.66941217           NA           NA           NA           NA           NA
[651]           NA           NA           NA           NA           NA           NA           NA   4.14397883           NA           NA
[661]   1.24847174           NA           NA           NA           NA           NA           NA           NA           NA           NA
[671]           NA           NA           NA   3.79020699           NA           NA           NA           NA           NA           NA
[681]           NA   1.53833536           NA           NA           NA           NA           NA           NA           NA           NA
[691]           NA           NA           NA           NA           NA   0.72361030           NA           NA           NA           NA
[701]           NA           NA           NA   0.88318147           NA           NA           NA           NA           NA           NA
[711]           NA           NA           NA           NA           NA           NA           NA           NA           NA           NA
[721]   1.53642997   1.04217370           NA           NA           NA           NA           NA           NA           NA           NA
[731]           NA           NA           NA           NA           NA           NA           NA           NA           NA           NA
[741]           NA           NA           NA           NA           NA           NA           NA           NA           NA           NA
[751]           NA           NA           NA           NA           NA           NA           NA           NA           NA           NA
[761]   0.37868374           NA           NA           NA           NA           NA

$TS
  [1] 1.226768e+02 1.077599e+02 9.576926e+01 8.480488e+01 8.286373e+01 7.778154e+01 6.436749e+01 8.164715e+01 7.714841e+01 6.945728e+01
 [11] 6.055455e+01 5.929273e+01 5.670729e+01 4.832813e+01 4.806519e+01 3.360328e+01 2.978387e+01 7.452698e+01 7.135846e+01 5.913167e+01
 [21] 5.154006e+01 4.739758e+01 4.500036e+01 1.951791e+00 3.409237e-01 6.803799e+01 6.683516e+01 4.787694e+01 2.261328e+01 6.606981e+01
 [31] 6.283716e+01 4.644244e+01 2.820165e+01 2.563098e+01 1.497973e+01 5.584777e+01 3.750895e+01 3.055757e+01 6.206181e+01 4.700166e+01
 [41] 6.236003e+01 6.196341e+01 6.188168e+01 6.104866e+01 6.089949e+01 5.804973e+01 5.812257e+01 5.190374e+01 4.258730e+01 3.830018e+01
 [51] 2.304157e+01 1.105391e+01 1.026135e+01 5.839769e+01 5.464224e+01 3.180001e+01 3.143923e+01 3.334849e+01 2.964923e+01 9.916486e+00
 [61] 3.891492e+00 4.119981e+01 3.955785e+01 3.556230e+01 1.876607e+01 6.774030e+00 5.892717e+01 4.058322e+01 4.861820e+01 4.143271e+01
 [71] 4.100504e+01 5.191593e+01 4.285794e+01 4.271761e+01 4.263566e+01 3.784528e+01 2.994470e+01 1.459635e+01 5.135046e+01 4.350153e+01
 [81] 1.428616e+01 4.629993e+01 3.059304e+01 3.893016e+01 3.824225e+01 3.710379e+01 2.961100e+01 3.846591e+01 3.356945e+01 2.932124e+01
 [91] 2.929618e+01 4.390589e+01 4.150398e+01 3.395764e+01 2.630246e+01 4.418905e+01 4.356854e+01 4.035074e+01 3.380450e+01 3.378395e+01
[101] 3.013864e+01 2.515173e+01 1.541994e+01 3.868303e+01 2.751934e+01 2.563980e+01 2.441714e+01 1.716555e+01 1.585724e+01 1.079333e+01
[111] 3.403312e+01 3.012391e+01 3.599232e+01 3.701600e+01 2.838431e+01 2.796590e+01 2.243147e+01 1.591533e+01 5.895847e+00 4.077611e+01
[121] 4.049048e+01 3.832005e+01 3.456260e+01 2.652228e+01 2.477832e+01 3.493506e+01 3.450353e+01 3.208442e+01 2.172104e+01 1.933000e+01
[131] 3.501435e+01 3.745001e+01 3.258845e+01 2.450008e+01 1.774851e+01 1.532842e+01 3.472413e+01 3.473340e+01 1.561821e+01 1.972939e+01
[141] 3.087141e+01 2.006562e+01 1.963810e+01 2.985606e+01 1.929058e+01 2.694851e+01 1.704510e+01 1.478225e+01 7.026008e+00 3.518473e+01
[151] 3.427361e+01 3.445648e+01 3.304293e+01 2.711420e+01 1.896042e+01 1.800023e+01 1.772725e+01 1.002211e+01 9.845243e+00 3.276114e+01
[161] 3.005049e+01 1.758132e+01 1.638168e+01 1.555951e+01 3.412234e+01 2.738712e+01 2.451774e+01 1.932333e+01 1.422683e+01 3.127763e+01
[171] 2.872262e+01 3.357302e+01 3.065803e+01 2.889748e+01 2.481106e+01 3.173498e+01 3.029064e+01 2.655668e+01 2.623458e+01 2.450203e+01
[181] 1.932863e+01 3.291319e+01 3.087021e+01 2.711385e+01 9.108141e+00 3.304354e+01 2.974288e+01 2.714366e+01 2.988302e+01 2.293629e+01
[191] 1.936477e+01 1.375132e+01 1.726203e+01 1.156811e+01 9.224785e+00 3.876386e+00 2.894035e-01 3.153104e+01 1.776134e+01 7.800206e+00
[201] 2.203265e+00 3.000993e+01 2.715430e+01 2.560316e+01 2.430731e+01 2.126733e+01 1.604951e+01 5.366588e+00 2.820479e+01 2.691708e+01
[211] 2.649376e+01 2.399891e+01 2.083644e+01 1.393948e+01 7.003474e-01 2.620649e+01 1.831339e+01 1.342624e+01 1.338042e+01 3.987102e+00
[221] 2.301430e+00 3.979331e-01 2.751893e+01 1.195242e+01 1.655859e+01 1.562859e+01 1.177288e+01 1.851807e-01 6.872627e-04 9.523605e+00
[231] 2.942677e+01 1.953006e+01 2.953514e+01 9.144519e+00 1.791346e+01 3.326186e+00 1.132365e+01 2.087145e+01 1.425588e+01 2.446463e+01
[241] 9.402808e+00 7.361349e+00 2.766277e+01 2.643824e+01 1.854777e+01 1.553686e+01 7.486486e+00 2.185611e+01 1.485843e+01 1.416738e+01
[251] 8.821706e+00 2.563200e+01 2.493989e+01 2.440465e+01 2.254347e+01 1.812864e+01 1.629073e+01 9.438852e+00 2.590236e+01 2.436395e+01
[261] 2.672308e+01 2.388700e+01 1.607195e+01 8.206531e-01 2.634714e+01 2.412892e+01 2.067687e+01 1.202575e+01 1.033632e+01 2.393915e+01
[271] 1.885590e+01 1.841670e+01 1.331020e+01 2.690902e+01 2.617253e+01 2.024766e+01 1.735015e+01 2.651644e+01 2.058160e+01 1.793836e+01
[281] 1.262981e+01 2.685778e+01 5.648406e+00 2.437108e+01 2.066476e+01 1.124188e+01 1.880775e+01 1.501434e+01 1.384833e+01 6.481943e+00
[291] 1.349493e+01 1.161108e+01 2.561452e+01 2.088640e+01 2.086109e+01 1.671082e+01 3.945215e+00 1.824884e+01 8.049992e+00 2.587886e+01
[301] 1.320888e+01 8.676184e+00 9.914281e+00 2.564046e+01 2.253658e+01 2.391359e+01 2.045877e+01 1.660967e+01 8.582801e+00 7.077496e+00
[311] 6.873716e+00 2.507704e+01 1.484272e+01 8.944769e+00 1.421095e+01 9.776134e+00 3.814485e+00 1.307202e+01 8.326603e+00 6.399133e+00
[321] 1.237104e+01 4.868196e+00 2.280147e+01 1.965945e+01 1.110861e+01 1.993680e+01 1.394440e+01 6.964576e+00 3.814453e+00 2.418620e+01
[331] 1.477886e+01 2.427252e+01 2.002327e+01 1.403290e+01 1.317310e+01 9.119845e+00 1.958764e+01 1.471973e+01 2.297879e+01 1.872352e+01
[341] 1.721008e+01 7.665456e+00 1.678706e-01 9.359157e-01 2.011791e+01 9.373618e+00 1.988597e+00 1.717088e+00 2.363458e+01 1.042383e+01
[351] 2.762854e+00 2.283107e+01 1.136181e+01 8.284647e+00 1.497595e+01 1.999322e+01 1.807736e+01 1.765437e+01 1.624865e+01 1.325312e+00
[361] 1.962944e+01 1.968474e+01 1.911607e+01 1.270921e+01 1.970871e+00 1.964107e+01 1.238504e+01 3.142366e+00 1.911239e+01 1.301138e+01
[371] 1.067432e+00 1.921307e+01 2.121074e+01 2.048772e+01 9.694135e+00 4.057590e+00 1.520097e+00 2.051089e+01 1.313330e+01 1.286268e+01
[381] 2.002763e+01 9.796813e+00 6.757011e+00 1.261044e+01 1.096802e+01 1.858197e+01 1.382911e+01 8.118206e+00 1.457819e+01 8.595782e+00
[391] 6.074605e+00 5.234100e+00 1.637351e+01 1.266508e+01 1.777767e+01 8.714569e+00 1.292565e+01 1.667551e+01 1.574825e+01 8.623848e+00
[401] 1.860955e+01 1.951773e+01 1.138573e+01 2.288883e+00 1.865093e+01 1.005565e+01 1.810200e+01 1.504894e+01 1.244414e+01 6.171348e+00
[411] 5.271923e+00 1.809515e+01 5.232758e+00 1.232527e+01 1.754121e+01 1.262992e+01 1.827884e+01 1.492023e+01 1.495593e+01 9.992888e+00
[421] 7.980619e+00 1.283932e+01 9.986200e+00 5.405643e+00 4.484975e+00 1.310973e+01 1.373712e+00 1.485398e+01 4.731069e+00 4.013228e+00
[431] 1.140734e+01 1.282441e-01 1.263344e+01 1.452559e+01 6.310424e+00 4.386347e+00 1.590740e+01 1.530902e+01 1.750170e+01 1.710061e+01
[441] 1.784813e+01 1.515914e+01 1.550446e+01 1.176400e+01 7.635248e+00 1.798240e+01 1.594066e+01 9.210525e+00 3.654343e+00 2.445592e+00
[451] 8.924577e+00 1.167812e+01 1.476994e+01 1.397322e+01 1.355782e+01 1.731609e+01 1.679347e+01 9.859740e+00 1.751622e+01 3.842161e+00
[461] 1.764313e+01 1.196597e+01 1.007802e+01 9.816219e+00 8.011121e+00 7.391022e+00 3.759120e+00 1.147722e+01 2.076322e+00 1.715222e+01
[471] 1.717930e+01 1.539675e+01 2.916223e+00 1.297603e+01 1.038651e+01 1.473469e+01 7.851210e+00 4.894651e+00 1.357132e+01 7.491202e-01
[481] 1.652300e+01 1.042561e+01 5.419009e+00 8.808035e+00 4.993041e+00 3.499112e+00 1.300020e+01 1.081879e+01 6.036984e+00 1.397156e+01
[491] 1.089429e+01 5.012650e+00 3.808854e+00 1.334199e+01 1.425982e+01 9.296585e+00 7.561905e+00 2.131160e+00 2.067551e+00 1.075360e+01
[501] 9.507943e+00 9.276534e+00 1.473215e+01 1.251168e+01 9.398472e+00 7.336905e+00 1.696452e+00 1.179893e+01 9.817657e+00 9.190003e+00
[511] 8.592175e+00 7.046308e+00 4.615730e+00 7.989576e+00 7.806197e+00 2.577721e+00 1.370192e+01 1.118110e+01 6.149554e+00 2.675141e+00
[521] 6.256495e+00 4.153895e+00 8.884995e+00 8.281588e+00 1.022561e+01 6.386041e+00 4.114324e+00 1.403901e+01 6.470944e+00 2.421768e+00
[531] 3.180670e-01 3.745686e+00 1.137626e+01 7.258101e+00 1.065791e+00 1.336928e+01 5.779013e-01 1.416460e+01 7.016547e+00 8.299167e+00
[541] 6.566361e+00 1.590201e-01 1.305176e+01 1.040406e+01 1.033445e+01 7.171632e+00 1.235099e+01 1.162828e+01 9.153851e+00 3.865989e+00
[551] 1.334587e+01 3.169511e+00 2.207520e+00 1.263900e+01 5.429669e+00 4.499168e+00 1.543771e+00 9.042970e+00 8.683634e+00 8.313552e+00
[561] 4.085628e+00 1.270592e+01 5.919499e+00 3.567316e+00 1.025510e+01 6.415874e+00 8.835562e+00 5.727512e+00 1.219321e+01 1.547300e+00
[571] 1.098934e+01 6.778222e+00 1.284264e+01 7.047704e+00 6.401873e+00 5.416985e+00 4.405374e+00 3.655781e+00 6.518509e+00 1.214696e+01
[581] 3.180857e+00 6.658421e+00 4.824101e+00 1.108851e+01 1.027864e+01 5.992015e+00 2.493623e+00 1.072281e+01 8.561278e+00 8.055313e+00
[591] 6.754029e+00 8.891525e+00 4.800026e+00 4.467654e+00 6.410914e+00 4.788175e+00 4.283001e+00 1.244340e+00 1.590072e+00 9.156189e+00
[601] 8.430685e+00 3.416871e+00 9.467440e+00 8.755982e+00 5.767084e+00 6.482167e+00 4.127341e+00 1.928004e+00 2.516320e+00 5.348988e+00
[611] 6.420405e+00 9.338251e+00 6.912075e+00 4.732150e+00 7.379285e+00 7.243030e+00 9.685391e+00 9.253431e+00 7.689555e+00 5.723263e+00
[621] 8.988737e+00 3.444225e+00 8.804320e+00 6.254592e+00 9.104766e-01 7.439953e+00 3.616462e+00 4.983368e+00 5.738042e+00 5.849394e+00
[631] 9.380473e+00 3.968629e+00 3.793462e+00 3.986187e+00 1.486808e+00 8.543919e-01 4.074121e+00 1.024063e+00 6.645476e+00 2.061203e+00
[641] 1.154882e+00 8.983130e+00 5.724116e+00 8.175675e+00 7.841361e+00 6.246417e+00 6.650927e+00 8.312224e+00 6.527689e+00 2.323812e+00
[651] 7.124589e+00 6.169685e+00 1.436748e+00 5.231849e+00 4.613054e+00 3.682292e+00 7.450802e+00 4.710829e+00 4.801851e+00 7.745365e+00
[661] 5.430048e+00 4.327896e+00 2.367637e+00 2.861987e+00 8.086088e+00 7.380820e-01 6.688108e-02 4.503325e+00 6.498179e+00 4.187250e-01
[671] 4.681952e+00 2.931812e+00 2.481636e+00 7.445312e+00 2.685875e+00 6.617448e+00 1.125713e+00 6.036207e+00 4.153491e+00 6.574805e+00
[681] 3.663199e+00 4.358995e+00 6.369216e+00 2.946140e-01 5.467942e+00 6.861693e+00 2.884998e+00 2.691196e+00 2.271959e+00 4.623138e+00
[691] 3.435179e+00 3.926449e+00 4.776535e-01 4.496295e+00 3.491268e+00 4.890416e+00 1.263230e+00 2.221512e+00 4.626081e+00 4.563322e+00
[701] 5.119849e+00 2.303105e+00 4.200917e-01 3.528936e+00 1.384033e+00 2.431256e+00 5.582240e+00 1.677488e+00 3.585372e-01 2.613342e+00
[711] 3.309462e+00 3.520926e+00 3.492204e+00 2.161884e+00 1.339199e+00 4.077701e-01 4.667455e+00 4.993070e+00 4.077547e+00 6.531961e-01
[721] 4.428350e+00 2.141202e+00 5.872867e-01 5.117561e+00 3.493932e+00 4.558670e+00 4.801702e+00 3.295286e+00 4.824816e+00 3.121510e+00
[731] 1.179250e-01 3.944427e+00 2.945375e+00 1.610276e+00 1.427065e+00 1.365156e+00 4.345355e-01 3.151106e+00 1.357142e+00 2.809928e+00
[741] 3.274558e+00 4.253376e-01 3.655055e+00 2.600273e+00 3.771493e+00 1.454787e+00 1.447686e+00 3.241590e+00 3.054097e+00 1.402493e+00
[751] 2.098424e+00 1.353178e+00 1.276956e+00 2.297233e+00 2.735335e+00 2.441193e+00 5.234095e-01 3.976393e-01 2.910382e-01 5.155542e-01
[761] 6.846701e-01 7.727201e-01 5.301658e-02 1.067106e+00 1.163280e+00 5.194853e-01

$PAR
  [1]  NA   1   2   2   2   2   4   5   8   6   6   6   6   6   6   6   6   9  18  18  18  18  18  18  18  19  19  19  19  10  10  10  10
 [34]  10  10  27  27  27  30  30   7   7   7  31  31  31  41  41  41  39  39  39  39  42  43  43  43  44  44  44  44  11  11  11  11  11
 [67]  12  20  67  67  47  13  36  36  36  36  36  36  55  55  55  48  21  69  69  69  69  15  15  15  15  22  22  22  22  40  40  32  32
[100]  32  32  32  82  23  23  23  23  96  96  96  92  92  97  73  74  74  74  74  74  75  62  71  71 120 120 121 121 121 121 121  98 104
[133]  88 122 122 122  50  85  85  76  37  37  37 132  86 114 114 114 114 113  64 131 138 138 138 138 138 138 138 137 137 137 137 137 123
[166] 123 127 127 127 152 151 165 165 165 165 111 111  94  94  99  99 172 172 172 172  89  89  89  58 186 186 186 153 153 153 153 153 160
[199] 133 128 128  56  56  56  56  56 198 198  57  57  57 170 170 170 170 183 183 183 183 183 183 183 173 173  83  83  83  38  38 101 112
[232] 112 161 161 202 202 144  17  17 187  59  59 233 233 233 233 233 231 231 231 231  91  91  91  91  91 174 174 115 115 116 116 116 116
[265] 105 105 105 105 105 203 154 154 154 184 184 184 184 146 146 146 146 210 210 274 274 274 282 282 282 282 261 178 124 278 278 278 278
[298] 211 211  95  95  95 179 216 275 259 259 259 259 304 304 252  34  34 293 293 293 204 175 175 125 125 167 180 134 240 240 240 240 254
[331] 254 284 284 284 284 284 332 332 330 330 330 330 330 266 212 306 306 306 262 262 262 349 349 349  51 339 339 339 339 339 190 323 323
[364]  29  29 305 305 305 117 117 117 248 129 129 129 129 129 206 206 206 373 294 294 238 238 213 213 213 267 267 279 279 378 374 307 276
[397] 142 381 381 381 333 356 356 326 140 362 324 324 324 324 324 366 366 143 361 361 232 402 191 191 191 130 181 181 181 168 168 372 372
[430] 372 369 369 271  65  65  65 340 401 386 245 272 272 417 417 417 298 298 298 298 298 256 446 280 280 280 441 441 441 395 199 358 461
[463] 461 415 415 415 277 456 456 193 341 341 108 470 470 440 440 440 457 296 398 308 308 225 225 225 481 481 481 257 359 359 359 207 447
[496] 118 118 118 118 437 109 399 226 226 139 246 246 103 103 103 472 472 136 438 438 438 442 442 442 442 288  35 355 419 418 313 313 148
[529] 331 331 331 453 476 476 476 389 389 495 315 250 528 334 454 454 454 454 490 490 490 327 214 214 214 289 289 289 289 387 387 192 517
[562] 479 479 479 455 455 291 291 218 536 494 494 426 318 487 487 397 397 573 422 364 562 562 554 554 416 416 384 384 384 504 547 547 547
[595] 414 414 569 227 444 292 292 431 533 533 353 237 237 237  52 571 488 500 544 545 585 463 406 158 158 158 420 423  60  60  60 303 458
[628] 159 316 617 230 603 603 241 241 241 505 496 502 502 549 234 234 185 558 523 567 484 623 604 396 396 396 302 511 511 309 309 601 319
[661] 648 648 648 524 644 665 590 465 514 514 421 421 421 477 200 619 619 342 497 657 657 626 466 615 534 546 574 149 613 686 591 669 290
[694] 529 611 595 320 526 624 624 646 391 391 678 678 586 119 119 605 620 707 685 685 685 685 685 661 483 424 208 411 392 413 701 701 492
[727] 718 478 322 322 659 727 727 614 671 717 717 726 726 694 436 597 522 522 679 376 430 220 732 550 329 532 695 748 581 738 687 687 675
[760] 587 702 404 570 377 746 765

$EXTANT
  [1] FALSE FALSE FALSE FALSE FALSE FALSE FALSE FALSE FALSE FALSE  TRUE FALSE FALSE FALSE FALSE FALSE FALSE  TRUE FALSE FALSE FALSE FALSE
 [23] FALSE  TRUE  TRUE FALSE FALSE FALSE  TRUE FALSE FALSE FALSE FALSE  TRUE  TRUE FALSE FALSE  TRUE  TRUE FALSE FALSE FALSE FALSE  TRUE
 [45] FALSE FALSE FALSE FALSE FALSE FALSE FALSE  TRUE  TRUE FALSE FALSE FALSE  TRUE FALSE  TRUE  TRUE  TRUE FALSE FALSE FALSE  TRUE  TRUE
 [67] FALSE FALSE FALSE FALSE FALSE FALSE FALSE  TRUE FALSE FALSE FALSE FALSE FALSE FALSE FALSE  TRUE  TRUE FALSE FALSE  TRUE FALSE  TRUE
 [89] FALSE  TRUE FALSE FALSE FALSE FALSE  TRUE  TRUE FALSE FALSE  TRUE FALSE  TRUE FALSE  TRUE FALSE  TRUE FALSE FALSE  TRUE  TRUE FALSE
[111] FALSE FALSE FALSE FALSE FALSE  TRUE  TRUE FALSE  TRUE FALSE FALSE FALSE FALSE  TRUE  TRUE FALSE FALSE  TRUE  TRUE FALSE FALSE FALSE
[133]  TRUE  TRUE  TRUE  TRUE  TRUE  TRUE FALSE FALSE FALSE FALSE FALSE FALSE  TRUE FALSE FALSE FALSE  TRUE FALSE FALSE FALSE  TRUE FALSE
[155] FALSE FALSE  TRUE  TRUE FALSE FALSE  TRUE FALSE FALSE FALSE FALSE FALSE  TRUE  TRUE FALSE  TRUE  TRUE FALSE FALSE  TRUE FALSE FALSE
[177] FALSE FALSE  TRUE FALSE  TRUE FALSE  TRUE FALSE FALSE  TRUE FALSE FALSE  TRUE FALSE  TRUE FALSE  TRUE  TRUE  TRUE  TRUE  TRUE  TRUE
[199]  TRUE  TRUE  TRUE FALSE FALSE FALSE FALSE  TRUE FALSE  TRUE FALSE FALSE  TRUE  TRUE  TRUE  TRUE  TRUE FALSE FALSE FALSE  TRUE  TRUE
[221]  TRUE  TRUE FALSE  TRUE  TRUE FALSE  TRUE  TRUE  TRUE  TRUE  TRUE FALSE FALSE FALSE  TRUE  TRUE  TRUE  TRUE FALSE  TRUE  TRUE  TRUE
[243] FALSE FALSE FALSE  TRUE FALSE FALSE FALSE  TRUE FALSE FALSE FALSE  TRUE FALSE  TRUE FALSE  TRUE  TRUE FALSE FALSE  TRUE FALSE  TRUE
[265] FALSE  TRUE  TRUE  TRUE FALSE FALSE  TRUE  TRUE  TRUE  TRUE FALSE  TRUE  TRUE  TRUE FALSE FALSE FALSE  TRUE  TRUE FALSE  TRUE  TRUE
[287]  TRUE  TRUE  TRUE  TRUE  TRUE  TRUE  TRUE  TRUE  TRUE  TRUE  TRUE  TRUE FALSE FALSE  TRUE  TRUE  TRUE  TRUE  TRUE  TRUE  TRUE  TRUE
[309]  TRUE  TRUE FALSE FALSE  TRUE  TRUE  TRUE  TRUE  TRUE FALSE FALSE  TRUE FALSE FALSE FALSE FALSE  TRUE  TRUE  TRUE  TRUE  TRUE  TRUE
[331]  TRUE  TRUE FALSE  TRUE  TRUE FALSE  TRUE FALSE  TRUE FALSE FALSE  TRUE  TRUE  TRUE  TRUE  TRUE  TRUE  TRUE  TRUE  TRUE  TRUE FALSE
[353]  TRUE  TRUE  TRUE  TRUE FALSE FALSE FALSE  TRUE  TRUE  TRUE  TRUE  TRUE  TRUE  TRUE  TRUE  TRUE  TRUE FALSE  TRUE  TRUE FALSE FALSE
[375]  TRUE  TRUE  TRUE  TRUE  TRUE FALSE  TRUE FALSE  TRUE FALSE  TRUE FALSE  TRUE  TRUE  TRUE  TRUE  TRUE  TRUE FALSE  TRUE FALSE  TRUE
[397]  TRUE FALSE  TRUE FALSE FALSE FALSE FALSE  TRUE FALSE  TRUE FALSE FALSE  TRUE  TRUE  TRUE  TRUE  TRUE  TRUE  TRUE  TRUE  TRUE  TRUE
[419]  TRUE FALSE FALSE  TRUE FALSE FALSE  TRUE  TRUE  TRUE  TRUE  TRUE  TRUE  TRUE  TRUE  TRUE FALSE  TRUE  TRUE  TRUE  TRUE FALSE  TRUE
[441] FALSE  TRUE FALSE  TRUE FALSE  TRUE FALSE FALSE  TRUE  TRUE  TRUE FALSE FALSE  TRUE FALSE  TRUE FALSE  TRUE FALSE  TRUE FALSE  TRUE
[463] FALSE  TRUE  TRUE  TRUE  TRUE FALSE  TRUE  TRUE FALSE FALSE  TRUE  TRUE  TRUE  TRUE FALSE  TRUE  TRUE  TRUE  TRUE FALSE  TRUE  TRUE
[485]  TRUE  TRUE  TRUE  TRUE  TRUE  TRUE FALSE FALSE  TRUE  TRUE  TRUE  TRUE FALSE  TRUE  TRUE  TRUE  TRUE  TRUE FALSE  TRUE  TRUE  TRUE
[507]  TRUE FALSE FALSE  TRUE FALSE  TRUE  TRUE  TRUE  TRUE  TRUE  TRUE  TRUE  TRUE  TRUE FALSE  TRUE  TRUE  TRUE FALSE  TRUE  TRUE  TRUE
[529]  TRUE  TRUE  TRUE  TRUE FALSE  TRUE  TRUE  TRUE  TRUE  TRUE  TRUE FALSE  TRUE  TRUE FALSE  TRUE FALSE FALSE  TRUE FALSE  TRUE  TRUE
[551]  TRUE  TRUE  TRUE  TRUE  TRUE  TRUE  TRUE  TRUE FALSE  TRUE  TRUE  TRUE FALSE  TRUE  TRUE  TRUE  TRUE FALSE  TRUE  TRUE  TRUE  TRUE
[573]  TRUE  TRUE FALSE  TRUE  TRUE  TRUE  TRUE FALSE  TRUE  TRUE  TRUE  TRUE  TRUE  TRUE  TRUE  TRUE  TRUE  TRUE  TRUE  TRUE  TRUE  TRUE
[595]  TRUE  TRUE  TRUE  TRUE  TRUE FALSE  TRUE  TRUE  TRUE  TRUE  TRUE  TRUE  TRUE  TRUE  TRUE FALSE  TRUE FALSE  TRUE  TRUE  TRUE  TRUE
[617]  TRUE  TRUE  TRUE  TRUE  TRUE FALSE  TRUE  TRUE  TRUE  TRUE  TRUE  TRUE  TRUE  TRUE  TRUE  TRUE  TRUE FALSE  TRUE  TRUE FALSE  TRUE
[639] FALSE  TRUE  TRUE FALSE  TRUE FALSE FALSE  TRUE  TRUE  TRUE  TRUE  TRUE  TRUE  TRUE  TRUE  TRUE  TRUE  TRUE  TRUE FALSE  TRUE  TRUE
[661] FALSE  TRUE  TRUE  TRUE  TRUE  TRUE  TRUE  TRUE  TRUE  TRUE  TRUE  TRUE  TRUE FALSE  TRUE  TRUE  TRUE  TRUE  TRUE  TRUE  TRUE FALSE
[683]  TRUE  TRUE  TRUE  TRUE  TRUE  TRUE  TRUE  TRUE  TRUE  TRUE  TRUE  TRUE  TRUE FALSE  TRUE  TRUE  TRUE  TRUE  TRUE  TRUE  TRUE FALSE
[705]  TRUE  TRUE  TRUE  TRUE  TRUE  TRUE  TRUE  TRUE  TRUE  TRUE  TRUE  TRUE  TRUE  TRUE  TRUE  TRUE FALSE FALSE  TRUE  TRUE  TRUE  TRUE
[727]  TRUE  TRUE  TRUE  TRUE  TRUE  TRUE  TRUE  TRUE  TRUE  TRUE  TRUE  TRUE  TRUE  TRUE  TRUE  TRUE  TRUE  TRUE  TRUE  TRUE  TRUE  TRUE
[749]  TRUE  TRUE  TRUE  TRUE  TRUE  TRUE  TRUE  TRUE  TRUE  TRUE  TRUE  TRUE FALSE  TRUE  TRUE  TRUE  TRUE  TRUE

