
Birth-death simulation object with 628 species and 500 extant species

Details for some species:

Extinction times (NA means extant)
[1]        NA  2.762019  8.436114 19.890541 10.238282        NA


Speciation times 
[1] 44.92789 40.58765 36.33480 31.07107 26.04426 17.08582


Species parents (NA for initial)
[1] NA  1  1  1  1  1


Species status (extinct or extant)
[1] "extant"  "extinct" "extinct" "extinct" "extinct" "extant" 


For more details on vector y, try sim$y, with y one of
TE TS PAR EXTANT



$TE
  [1]          NA  2.76201942  8.43611437 19.89054127 10.23828163          NA          NA          NA  9.45444730
 [10]  7.93018496          NA          NA  4.61855885          NA          NA          NA          NA 12.84864711
 [19] 19.13778519 24.16365103          NA          NA          NA          NA          NA 30.83925881  0.32370896
 [28]          NA          NA  2.39071494 13.93385742  8.79082036          NA          NA          NA          NA
 [37]          NA  9.14316327 12.01161910          NA          NA          NA          NA          NA          NA
 [46] 16.55928563          NA          NA          NA  6.69769229          NA 23.99343540          NA          NA
 [55] 14.81346478  9.34906024          NA          NA          NA          NA          NA  5.07476820 12.09579508
 [64]          NA          NA          NA          NA 10.21554230          NA          NA          NA          NA
 [73]          NA          NA          NA  6.13271021          NA          NA          NA          NA          NA
 [82] 14.79151665  6.94531411          NA          NA          NA  4.25847660          NA          NA          NA
 [91]          NA          NA          NA  3.23857489 19.30157556          NA          NA          NA          NA
[100]          NA 13.85917712  5.59498752          NA          NA          NA          NA          NA          NA
[109]  6.64776441  8.25454847          NA          NA          NA          NA  2.34221935          NA  8.06484593
[118]  2.85612776          NA 15.13615505          NA          NA          NA          NA 13.28509177          NA
[127]          NA          NA          NA  2.02639836          NA 11.70267219 10.46505865          NA          NA
[136] 11.52332131          NA          NA          NA  1.04204003  4.65757246          NA          NA  9.44306438
[145]          NA 10.91067417          NA  4.10634481          NA          NA  0.33842052          NA  4.87712569
[154] 11.09926424          NA          NA          NA          NA          NA  2.94272201          NA  5.05504143
[163]          NA          NA          NA 11.69148470          NA          NA          NA          NA 10.26700082
[172]          NA          NA          NA          NA          NA          NA          NA          NA  0.02072691
[181]  6.45193105  0.86778147          NA          NA          NA          NA          NA          NA          NA
[190]  0.71979294          NA          NA          NA          NA          NA  6.39519103          NA          NA
[199]          NA          NA  9.32899976 14.23147649 11.44140244          NA          NA          NA          NA
[208]  2.43842768          NA          NA  2.36932629  3.13158241          NA          NA 11.25338144  8.10688008
[217]          NA  2.55699323          NA          NA          NA          NA          NA          NA          NA
[226]  0.83880545          NA 11.35899968          NA          NA  1.23987680          NA          NA          NA
[235]  6.63356624          NA          NA  9.45932968          NA  4.67737318  3.13467629  6.89894969          NA
[244]  6.16041177          NA          NA          NA          NA          NA          NA          NA  5.03343815
[253]          NA          NA          NA          NA  4.26178946          NA  1.48459580 11.98266040          NA
[262]  3.22502031  0.54982622  1.39831663          NA  3.57841852          NA          NA          NA          NA
[271]          NA          NA  9.14087559          NA          NA  0.08878639          NA          NA          NA
[280]          NA          NA          NA          NA  8.17307475          NA          NA          NA          NA
[289]          NA          NA          NA          NA          NA          NA          NA          NA          NA
[298]          NA          NA          NA          NA          NA 10.54405952          NA  6.35858687          NA
[307]          NA          NA          NA  3.39297188          NA          NA          NA  3.04432916          NA
[316]          NA          NA          NA          NA          NA          NA  2.16631803          NA          NA
[325]          NA          NA          NA          NA          NA          NA          NA  1.93807855          NA
[334]          NA          NA          NA          NA          NA          NA  1.11968060          NA          NA
[343]          NA          NA          NA          NA  3.52810486          NA          NA  5.43698042          NA
[352]          NA  6.30881407  1.36634562          NA          NA          NA          NA  7.19923621  3.82361104
[361]          NA          NA          NA          NA          NA  2.37952004          NA          NA          NA
[370]          NA  7.91058189          NA          NA          NA          NA  5.87179357          NA  3.06730071
[379]          NA  8.61136975          NA          NA          NA          NA          NA  1.18697744          NA
[388]          NA          NA          NA          NA          NA          NA          NA          NA          NA
[397]  3.73729078          NA          NA          NA          NA          NA          NA          NA          NA
[406]          NA  2.41250918          NA          NA          NA          NA          NA          NA  3.15012858
[415]          NA  3.76515711          NA          NA          NA          NA          NA          NA          NA
[424]          NA          NA  1.25219459          NA          NA          NA          NA  3.71556284          NA
[433]          NA          NA          NA          NA          NA          NA          NA          NA          NA
[442]          NA          NA          NA          NA          NA          NA  1.15275358          NA          NA
[451]          NA          NA          NA  2.11925304          NA          NA          NA          NA          NA
[460]          NA          NA          NA          NA          NA          NA          NA          NA          NA
[469]          NA          NA          NA          NA          NA  4.26430222  0.28248897          NA          NA
[478]          NA          NA          NA          NA          NA          NA          NA          NA          NA
[487]          NA          NA          NA          NA          NA          NA          NA          NA          NA
[496]          NA  0.52837190          NA          NA          NA          NA          NA          NA          NA
[505]          NA          NA          NA          NA          NA          NA          NA  0.04654672          NA
[514]          NA          NA          NA          NA          NA          NA          NA          NA          NA
[523]          NA          NA          NA          NA          NA          NA          NA          NA          NA
[532]          NA          NA          NA          NA          NA          NA  1.24066697          NA          NA
[541]          NA          NA          NA          NA          NA          NA          NA          NA          NA
[550]          NA          NA          NA  0.15640777          NA          NA          NA          NA          NA
[559]          NA          NA          NA          NA          NA          NA          NA          NA          NA
[568]          NA  1.00438473          NA          NA          NA          NA          NA          NA          NA
[577]          NA          NA          NA          NA          NA          NA          NA          NA          NA
[586]          NA          NA          NA          NA          NA          NA          NA          NA          NA
[595]          NA          NA          NA          NA          NA          NA          NA  0.21200484          NA
[604]  0.04465523          NA          NA          NA          NA          NA          NA          NA          NA
[613]  0.66464866          NA          NA          NA          NA          NA          NA          NA          NA
[622]          NA          NA          NA          NA          NA  0.74674757          NA

$TS
  [1] 44.92788925 40.58764921 36.33479796 31.07107345 26.04426287 17.08582263 36.15497138 18.19803269 15.26554184
 [10] 15.11650944 13.35730151  8.18188950 34.49980894 29.24371966 27.50014773 23.09433734 19.69579737 34.00193846
 [19] 32.76821140 29.91288785 26.60228070 25.06734882 17.64944677  9.58388814  2.89991633 33.48535927 20.55832536
 [28] 15.36810612 27.43654794 22.47973948 20.38522373 19.16129914 18.11522730 16.84025147 20.29322919 23.60379268
 [37] 22.60271431 29.03700946 25.30352234 28.36568475 11.48408089  9.04371099  4.14718678 20.05936039 11.03734418
 [46] 23.09301929 16.85738818 14.59070891 12.90983375 24.85668357 24.78211939 26.57977145 18.28917002 26.39327821
 [55] 24.05235348 21.66930162 20.83012152 16.41342115  6.06079871  2.61949978 24.15637807 21.32763159 14.34350153
 [64] 11.94776275 11.12583399 10.80499602  6.00496584 16.03182979 23.04467615 18.92673403 18.59842426 17.27513875
 [73] 15.60778939 14.78644172 13.87607008 13.71375749 12.05169392 21.28835697  6.06024193 16.89721387 18.69943382
 [82] 16.37320283  9.27606746  7.79538606  3.81906133  1.10987736 17.86133525 12.65448368  5.22087002  0.97188846
 [91] 13.70926531 21.21845373  5.47316651 20.07643696 19.85208745 11.10293494  8.53475502  6.67345042  4.76211035
[100]  3.41420968 20.77178590 11.63344204 10.38030460  9.96579274 16.98708624 13.52073104 18.98190223  8.93499495
[109] 19.74562584 11.13233028  9.02890450  8.88241219 14.73931401 10.52675719  7.76771083  5.03821965 18.43201954
[118] 19.21959135  1.21879654 15.16553057 14.48705422  5.30096572  3.28275783 19.46232236 17.74903399 14.12359360
[127] 13.38383259  9.21083567  8.76618892  2.27621458 18.56689170 13.81197366 11.33094284 10.54526013  5.69014773
[136] 19.18205654 15.39899616  2.42373361 16.17199805 10.50675724 10.25687554  9.27816385 15.94859289 12.05098875
[145] 17.03375952 13.86277239  8.97662732  5.57792854  5.49251524  4.46908496  3.73513516  0.19303068 18.55416023
[154] 16.74868429  6.11998986  4.89337545 12.14322526  2.22317988 13.38215848 13.11180762 11.23981065 11.14515064
[163]  9.22959525  7.86190637 17.70981764 17.22397478  2.94034371  0.13546215  5.12225673  2.60297101 15.02622592
[172] 13.78057992 12.80801320  4.21321001  1.86632409  0.73830236 16.76310457  2.15280302  0.05599389 16.67200855
[181] 15.75058348 12.63095907  4.87108369  2.54696003 11.93939687 13.53211653  7.06926956  3.80352460  6.21343496
[190]  3.14141355  6.04136872  4.84639691  4.06163391 13.49093095  2.41303239 13.72386348 10.31275399  5.48002136
[199]  2.92312662  2.80963482 15.71141364 15.17753388 14.77268516  6.46744499  2.77015805  6.89027999 14.97293388
[208] 14.89082205 13.03537733  0.02247257 13.84524056  8.33087287  3.93792484  0.06766129 13.68007447 12.57549443
[217]  3.76891045 14.25548598 11.95496452  9.84666663 12.12838398 10.61024860 15.01954963  5.91181195  4.02306107
[226]  7.80709420  3.81946494 14.49832455 10.81527694  8.35708774  7.61818262  2.78080090 11.79256560 10.10237755
[235]  9.02001174  4.82371240  4.75180063 13.90922083 14.29468203 13.90004909 11.30430183  8.99761186  0.35655561
[244] 10.73258287 13.44061215  0.93942634 11.55164643 13.67766133 13.28140890 13.21345705 11.90439631 13.68270968
[253] 13.12708101 13.31047117 13.14605123  9.66414538  6.87240673  5.51854308  4.66798503 12.49310470  0.86114065
[262] 12.28790523  5.76746685  8.49904626  3.12933752 12.65397171 10.45667566  3.62512343  2.34640401  1.38745922
[271] 12.43302375  5.09246835 13.07933804  7.53234826  5.42286797  4.36424190  1.00520642  7.12903906  3.64599713
[280] 10.08677561  6.07564510  2.58973248  0.47367158 11.06235319  3.34104108  2.71312148  4.26977940  1.38406298
[289] 11.10678158  9.92389347  8.45999168 11.48195923  1.15783206  9.78790088  8.44326012  7.98690373  8.84315271
[298]  7.83622253  5.71355126  0.55994830  0.45501178  4.37023428 11.80821659  0.17615297 11.61726316  7.92578531
[307]  2.65371483  2.79877309  1.96259228  6.10839939  2.26194026  7.04232982  6.48664263  4.16866379 11.55143056
[316]  8.72625852  1.69947987  9.67074298  5.17595549  6.27837328  5.43735859  8.58547318  2.34910779  1.84630967
[325]  1.70421729  1.62758565  1.15884224  0.51739129  7.79505208  5.84899115  5.37487059  5.02628805 10.38382801
[334]  8.47432821  1.89374609  1.83310491  8.25343295  1.30763897  9.18401724  8.85773454  7.26943230  6.30998925
[343]  8.09387375  3.61992383  1.76632760 10.52430938  6.78577703  3.85205255  2.83019749  8.12063402  3.62601733
[352]  2.63326372  8.79046308  9.82472502  0.64761154  8.77683536  5.02102584  0.42106532 10.01281617  4.30811051
[361]  3.45571499  3.11420505  7.34370817  3.03030103  5.95176105  2.95287161  1.74843865  8.66328469  1.04285686
[370]  1.25626449  8.73527798  8.59383142  3.96662927  3.05131162  7.06453312  6.27062892  5.80138527  7.96984498
[379]  0.57232377  8.78197452  7.32322263  5.89953954  7.84146130  8.28991131  4.61358333  3.05540323  1.05930139
[388]  5.09439572  4.64335409  2.60191507  2.37643662  1.77702843  7.24927948  3.91050956  6.96487743  5.60013047
[397]  4.23111544  1.67544115  6.62377170  1.79033167  6.30269560  6.01302592  0.26036092  2.51072409  0.34500899
[406]  4.48614091  2.92475552  1.47088343  5.73720762  3.32433242  1.83984173  2.03387098  6.00572704  4.64670066
[415]  4.59767562  7.47337965  6.51851083  3.82968411  0.03278519  7.78009016  4.26230060  4.19858566  5.09271579
[424]  4.12836003  5.30477515  7.52408714  3.62360592  7.33893149  0.27284343  6.16606877  5.70330685  1.55853086
[433]  1.10818249  1.01793432  3.03349052  2.97627613  1.26754473  7.57657118  5.31141545  2.38196045  7.42407181
[442]  6.76988341  4.87780900  5.14877727  3.17813737  0.28405218  7.02711315  5.16392754  0.69240014  2.17318743
[451]  1.56992684  3.06220505  6.19917114  5.52381840  3.17195652  1.08465378  5.58457025  4.51078869  2.77582112
[460]  2.00861427  1.11411328  0.90460256  0.58241635  4.57369957  1.89713743  5.87678368  0.61037771  5.69139081
[469]  2.44764344  0.42420481  6.58798543  5.27202843  6.12000394  4.45268876  1.74371412  0.91479499  1.20941361
[478]  3.90549306  4.29593301  1.86006160  1.71848085  3.72887486  2.81365744  4.47700651  2.55909622  3.08345604
[487]  3.85974312  0.71162865  3.52498289  1.94609082  1.59765884  5.06966675  3.69194769  2.02166587  2.62914097
[496]  2.26063657  1.18680390  4.08983893  3.24833122  2.44185346  4.51694732  2.01516110  4.10425976  0.30656471
[505]  0.78518126  1.52498856  1.95837148  4.24715465  2.21877415  0.09745134  4.77907669  4.31091236  4.41814908
[514]  1.57626310  4.13762506  0.55808621  1.89990352  0.40453340  3.53772916  4.51532330  0.03400289  4.31581640
[523]  2.94044392  4.38448853  2.43461002  2.09848277  4.43681054  0.55576835  4.48509985  2.42681909  0.37168975
[532]  2.17732579  0.39655656  1.18838619  0.59389748  1.54638918  1.41423739  4.19249775  1.72269492  0.27192870
[541]  0.81433134  1.68088465  3.86591410  2.28815259  3.60567481  2.48446272  1.29086060  1.00528268  3.39671041
[550]  2.38187932  0.94415840  0.69140774  1.48103536  1.60566263  3.71027693  2.52099083  0.06537965  2.66718062
[559]  2.19644774  1.96890297  1.91667097  1.18518162  1.92388389  1.35612451  0.41710832  0.26279747  2.75838341
[568]  2.88367073  1.26960295  0.21198923  1.17413285  2.90087499  2.39999002  2.40937192  3.02986734  1.18864675
[577]  1.46131890  1.31878638  0.12963481  1.91623703  2.60746930  0.64506278  1.14450346  0.98013823  2.47460811
[586]  2.57178928  0.31248872  1.11711503  1.97263065  1.43456281  1.21414812  0.52099465  0.45942677  1.11397108
[595]  1.38198231  0.72581586  2.12987124  1.33918610  1.68919733  0.32869612  0.29440876  0.68936609  1.23674006
[604]  1.07227265  1.30815963  0.97930219  1.11525915  0.21805917  1.62342225  1.14618597  1.76339604  1.50140459
[613]  0.71049493  1.46453398  1.08320581  1.47223667  1.30311572  1.04960743  0.16520331  0.21625287  0.12101136
[622]  0.89718567  0.16135202  0.19875320  0.86696992  0.46406385  0.95938723  0.14207171

$PAR
  [1]  NA   1   1   1   1   1   2   2   2   2   2   2   3   3   3   3   3   7   7   7   7   7   7   7   7  13  13  13
 [29]  18  18  18  18  18  18  19   4   4  20  20  14  14  14  14  38  38  40  40  40  40  15  15  29  29  21  21  21
 [57]  21  21  21  21  54  54  54  54  54  54  54   5  39  39  39  39  39  39  39  39  39  22  22  51  61  61  61  61
 [85]  61  61  55  16  16  16  69  37  37  30  30  30  30  30  30  30  56  56  56  56  62  62  78  92  57  57  57  57
[113] 101  27  27  27  31  35  35  94  94  94  94  44  44  44  44  44  44  44 109 109 109  17  17 124 124 124 118 118
[141] 118 118 136 136  32 107 107 107 107 107 107 107  70  70  81  81  71  71 131 153 153 153 153 153  53   8   8   8
[169]  33  33  87 165 165 165 165 165  23  23  23  72  72  72  72  72 166   6   6   6 145 145 105 105  80  34  34 177
[197] 177 180 180  58 139  68 143 143 143 181  73  73  73  73 137 137 137 137  28  28  28   9   9   9  10  10 171 223
[225] 223 207 207 208 208 208 208 208  74 113 113  48  48 121  63 239 239 239 239 218 126 126 238 146 146 146 132  76
[253]  76  91  91  91  91  91  91 186 106 194 194 245 245 127 127 127 159 159  11  11 254 254 254 254 254 249 249 250
[281] 250 250 250 255 255 255 253 253 160 160 160 209 209  49  88  88 182 182 271 271 271 262 157 157 221  77 219  64
[309]  64 185 185 251 251 251 102 102 247 315 315  41  41 292 292 292 292 292 292 292 241 241  65  65 289 289 289 289
[337] 229 229  66  66  66  66 222 222 222 134 134 134 134 114 114 114 346 140 267 333 333 333 197 197 197 197 104 104
[365] 290 290 290 220 220 294 318 318 318 318  24 142 142 163 163 128 339 339 235 242 147 147 147 340 340 297 297 297
[393] 353 356 129 129 129 129 316 316 368 368 368 372 372  97 264 264 334 334 291 295 212 212 212 384 384 384 337  12
[421]  12  12 343 343 296 378 378 306 306 164 164 164 164 164 226 226 226  84 329 329 420 231 231 438 438 438 416 416
[449] 441 363 363 428 381 381 341 341 393 278 278 278 278 278 278 187 187 375 312 447 395 395 206 257 347 347 442 471
[477] 204 401 189 430 430 310 281  59  59 191 413 413 466 466 466 330 377 377 263 263 263 409 468 396 148 258 198  93
[505] 331 122 472 448 444 388 272 272 492 492 332 443 183 183 192 236  99 237 385 415 415 415 464 464 501 458 458 406
[533] 406 150 150 513 512 287 421 421 508 422 314 424 503 225 394 478 543 543 543 487 418 188 151 482 268 427 427 427
[561] 427 545 519 285 285 410 123 455 455 455 362 486 486 452 386 386 575 575 575 199 572 572  25 200 205 567 567 286
[589] 307 352 390 282 586 500 138 323 544 311 509 509 532 597 460 560 490 517 335 175 336 336 400 345 542 609 432 536
[617] 616 408 577 598 605 617 293 461 615 584 606 463

$EXTANT
  [1]  TRUE FALSE FALSE FALSE FALSE  TRUE  TRUE  TRUE FALSE FALSE  TRUE  TRUE FALSE  TRUE  TRUE  TRUE  TRUE FALSE FALSE
 [20] FALSE  TRUE  TRUE  TRUE  TRUE  TRUE FALSE FALSE  TRUE  TRUE FALSE FALSE FALSE  TRUE  TRUE  TRUE  TRUE  TRUE FALSE
 [39] FALSE  TRUE  TRUE  TRUE  TRUE  TRUE  TRUE FALSE  TRUE  TRUE  TRUE FALSE  TRUE FALSE  TRUE  TRUE FALSE FALSE  TRUE
 [58]  TRUE  TRUE  TRUE  TRUE FALSE FALSE  TRUE  TRUE  TRUE  TRUE FALSE  TRUE  TRUE  TRUE  TRUE  TRUE  TRUE  TRUE FALSE
 [77]  TRUE  TRUE  TRUE  TRUE  TRUE FALSE FALSE  TRUE  TRUE  TRUE FALSE  TRUE  TRUE  TRUE  TRUE  TRUE  TRUE FALSE FALSE
 [96]  TRUE  TRUE  TRUE  TRUE  TRUE FALSE FALSE  TRUE  TRUE  TRUE  TRUE  TRUE  TRUE FALSE FALSE  TRUE  TRUE  TRUE  TRUE
[115] FALSE  TRUE FALSE FALSE  TRUE FALSE  TRUE  TRUE  TRUE  TRUE FALSE  TRUE  TRUE  TRUE  TRUE FALSE  TRUE FALSE FALSE
[134]  TRUE  TRUE FALSE  TRUE  TRUE  TRUE FALSE FALSE  TRUE  TRUE FALSE  TRUE FALSE  TRUE FALSE  TRUE  TRUE FALSE  TRUE
[153] FALSE FALSE  TRUE  TRUE  TRUE  TRUE  TRUE FALSE  TRUE FALSE  TRUE  TRUE  TRUE FALSE  TRUE  TRUE  TRUE  TRUE FALSE
[172]  TRUE  TRUE  TRUE  TRUE  TRUE  TRUE  TRUE  TRUE FALSE FALSE FALSE  TRUE  TRUE  TRUE  TRUE  TRUE  TRUE  TRUE FALSE
[191]  TRUE  TRUE  TRUE  TRUE  TRUE FALSE  TRUE  TRUE  TRUE  TRUE FALSE FALSE FALSE  TRUE  TRUE  TRUE  TRUE FALSE  TRUE
[210]  TRUE FALSE FALSE  TRUE  TRUE FALSE FALSE  TRUE FALSE  TRUE  TRUE  TRUE  TRUE  TRUE  TRUE  TRUE FALSE  TRUE FALSE
[229]  TRUE  TRUE FALSE  TRUE  TRUE  TRUE FALSE  TRUE  TRUE FALSE  TRUE FALSE FALSE FALSE  TRUE FALSE  TRUE  TRUE  TRUE
[248]  TRUE  TRUE  TRUE  TRUE FALSE  TRUE  TRUE  TRUE  TRUE FALSE  TRUE FALSE FALSE  TRUE FALSE FALSE FALSE  TRUE FALSE
[267]  TRUE  TRUE  TRUE  TRUE  TRUE  TRUE FALSE  TRUE  TRUE FALSE  TRUE  TRUE  TRUE  TRUE  TRUE  TRUE  TRUE FALSE  TRUE
[286]  TRUE  TRUE  TRUE  TRUE  TRUE  TRUE  TRUE  TRUE  TRUE  TRUE  TRUE  TRUE  TRUE  TRUE  TRUE  TRUE  TRUE FALSE  TRUE
[305] FALSE  TRUE  TRUE  TRUE  TRUE FALSE  TRUE  TRUE  TRUE FALSE  TRUE  TRUE  TRUE  TRUE  TRUE  TRUE  TRUE FALSE  TRUE
[324]  TRUE  TRUE  TRUE  TRUE  TRUE  TRUE  TRUE  TRUE FALSE  TRUE  TRUE  TRUE  TRUE  TRUE  TRUE  TRUE FALSE  TRUE  TRUE
[343]  TRUE  TRUE  TRUE  TRUE FALSE  TRUE  TRUE FALSE  TRUE  TRUE FALSE FALSE  TRUE  TRUE  TRUE  TRUE FALSE FALSE  TRUE
[362]  TRUE  TRUE  TRUE  TRUE FALSE  TRUE  TRUE  TRUE  TRUE FALSE  TRUE  TRUE  TRUE  TRUE FALSE  TRUE FALSE  TRUE FALSE
[381]  TRUE  TRUE  TRUE  TRUE  TRUE FALSE  TRUE  TRUE  TRUE  TRUE  TRUE  TRUE  TRUE  TRUE  TRUE  TRUE FALSE  TRUE  TRUE
[400]  TRUE  TRUE  TRUE  TRUE  TRUE  TRUE  TRUE FALSE  TRUE  TRUE  TRUE  TRUE  TRUE  TRUE FALSE  TRUE FALSE  TRUE  TRUE
[419]  TRUE  TRUE  TRUE  TRUE  TRUE  TRUE  TRUE FALSE  TRUE  TRUE  TRUE  TRUE FALSE  TRUE  TRUE  TRUE  TRUE  TRUE  TRUE
[438]  TRUE  TRUE  TRUE  TRUE  TRUE  TRUE  TRUE  TRUE  TRUE  TRUE FALSE  TRUE  TRUE  TRUE  TRUE  TRUE FALSE  TRUE  TRUE
[457]  TRUE  TRUE  TRUE  TRUE  TRUE  TRUE  TRUE  TRUE  TRUE  TRUE  TRUE  TRUE  TRUE  TRUE  TRUE  TRUE  TRUE FALSE FALSE
[476]  TRUE  TRUE  TRUE  TRUE  TRUE  TRUE  TRUE  TRUE  TRUE  TRUE  TRUE  TRUE  TRUE  TRUE  TRUE  TRUE  TRUE  TRUE  TRUE
[495]  TRUE  TRUE FALSE  TRUE  TRUE  TRUE  TRUE  TRUE  TRUE  TRUE  TRUE  TRUE  TRUE  TRUE  TRUE  TRUE  TRUE FALSE  TRUE
[514]  TRUE  TRUE  TRUE  TRUE  TRUE  TRUE  TRUE  TRUE  TRUE  TRUE  TRUE  TRUE  TRUE  TRUE  TRUE  TRUE  TRUE  TRUE  TRUE
[533]  TRUE  TRUE  TRUE  TRUE  TRUE FALSE  TRUE  TRUE  TRUE  TRUE  TRUE  TRUE  TRUE  TRUE  TRUE  TRUE  TRUE  TRUE  TRUE
[552]  TRUE FALSE  TRUE  TRUE  TRUE  TRUE  TRUE  TRUE  TRUE  TRUE  TRUE  TRUE  TRUE  TRUE  TRUE  TRUE  TRUE FALSE  TRUE
[571]  TRUE  TRUE  TRUE  TRUE  TRUE  TRUE  TRUE  TRUE  TRUE  TRUE  TRUE  TRUE  TRUE  TRUE  TRUE  TRUE  TRUE  TRUE  TRUE
[590]  TRUE  TRUE  TRUE  TRUE  TRUE  TRUE  TRUE  TRUE  TRUE  TRUE  TRUE  TRUE FALSE  TRUE FALSE  TRUE  TRUE  TRUE  TRUE
[609]  TRUE  TRUE  TRUE  TRUE FALSE  TRUE  TRUE  TRUE  TRUE  TRUE  TRUE  TRUE  TRUE  TRUE  TRUE  TRUE  TRUE  TRUE FALSE
[628]  TRUE

