
Birth-death simulation object with 629 species and 500 extant species

Details for some species:

Extinction times (NA means extant)
[1]       NA 30.77922 51.99862 43.69864 18.68282       NA


Speciation times 
[1] 86.22203 74.52499 66.01269 45.83105 43.85960 30.55558


Species parents (NA for initial)
[1] NA  1  1  1  1  1


Species status (extinct or extant)
[1] "extant"  "extinct" "extinct" "extinct" "extinct" "extant" 


For more details on vector y, try sim$y, with y one of
TE TS PAR EXTANT



$TE
  [1]          NA 30.77922051 51.99861558 43.69863951 18.68281957          NA          NA  4.89567102          NA
 [10] 41.09247204 17.35797273 13.97103817 32.48680512          NA 12.10800269 29.43929869  9.54070564 15.13502746
 [19]          NA 16.79172319          NA 22.09959221 18.57094575 23.98615739  7.28175189          NA          NA
 [28]          NA          NA 10.24313809          NA          NA          NA 27.70798601 23.92712829 17.77365999
 [37] 32.28702500          NA          NA          NA          NA          NA          NA          NA 25.59031291
 [46] 16.42157191  3.86042299          NA          NA          NA          NA          NA 20.13920991 16.95094936
 [55] 16.90985374          NA  5.43688193          NA  3.78528501 16.30767064          NA  2.12366958  7.31957037
 [64]  5.02366336  2.39347622          NA          NA  4.87304603          NA          NA          NA 20.43179946
 [73] 19.57123622 19.33382109 26.30769994          NA  1.93384416  5.78399444 11.24000432          NA  2.96055657
 [82] 10.12706178 16.70763177  6.57803029          NA          NA          NA 18.50495244 20.18307207 19.69303915
 [91] 12.85624963          NA          NA          NA  0.01348382          NA  9.37926674          NA          NA
[100]          NA          NA  4.48623607          NA          NA          NA          NA          NA          NA
[109]          NA          NA 14.10704050          NA          NA 20.02595926          NA          NA          NA
[118]          NA          NA          NA 16.15792411          NA          NA          NA  3.13437393          NA
[127]          NA          NA          NA          NA          NA          NA          NA          NA          NA
[136]          NA          NA          NA          NA          NA          NA          NA          NA          NA
[145]          NA          NA 15.18956606          NA          NA          NA          NA 14.52586980          NA
[154]  2.73319873          NA          NA          NA 14.62873709          NA  8.42945525  8.44350590          NA
[163]          NA          NA          NA 17.25530444          NA 18.95731226          NA 20.30427065          NA
[172]          NA          NA          NA          NA          NA          NA  5.36328465  6.44054645          NA
[181]          NA 20.47368362          NA          NA  6.96230706          NA          NA          NA          NA
[190]          NA          NA          NA          NA  5.49849036  1.51908729          NA 10.28732786          NA
[199]          NA          NA          NA  1.65102777          NA          NA          NA          NA          NA
[208]          NA          NA  3.39502429          NA          NA          NA          NA          NA          NA
[217]  3.86030280          NA          NA          NA          NA          NA          NA          NA          NA
[226]          NA          NA          NA          NA          NA          NA          NA          NA          NA
[235]  0.48499382  4.35380308          NA          NA          NA          NA          NA          NA          NA
[244]  2.83873207          NA          NA          NA          NA          NA          NA          NA          NA
[253]          NA  6.85122519  3.43669069          NA          NA          NA          NA          NA          NA
[262] 13.96566581          NA          NA          NA          NA          NA  3.64198858          NA          NA
[271]          NA          NA          NA          NA          NA          NA          NA          NA          NA
[280]  4.84301944  5.61496568          NA          NA          NA  3.70349617  0.64330539          NA  5.56946464
[289]          NA          NA          NA          NA          NA  0.13541664          NA  4.34250670          NA
[298]          NA  6.86650376  3.83824659          NA          NA          NA          NA          NA          NA
[307]          NA          NA          NA          NA          NA          NA          NA  1.76513520          NA
[316]          NA          NA          NA          NA          NA          NA          NA  1.79546553          NA
[325]          NA  0.40075178          NA          NA          NA          NA          NA          NA          NA
[334]          NA          NA          NA          NA          NA          NA          NA          NA  6.05844292
[343]          NA          NA          NA          NA          NA          NA  1.63332951          NA          NA
[352]  1.06398774          NA          NA          NA          NA          NA          NA          NA          NA
[361]          NA          NA          NA          NA          NA          NA          NA  0.77695287          NA
[370]          NA  2.49153143          NA          NA  2.86089966          NA          NA          NA          NA
[379]          NA          NA          NA          NA          NA          NA          NA          NA          NA
[388]          NA  6.09803630          NA          NA  2.98313460  2.51091178          NA          NA          NA
[397]          NA          NA          NA          NA          NA          NA          NA          NA  2.24447542
[406]          NA          NA          NA          NA          NA          NA          NA  5.21766061          NA
[415]  3.79652384          NA          NA          NA          NA          NA          NA          NA          NA
[424]  5.64094192          NA          NA          NA          NA  4.91789425          NA          NA          NA
[433]          NA  1.49585006          NA          NA          NA          NA          NA          NA          NA
[442]  0.82559762          NA          NA          NA          NA          NA          NA          NA          NA
[451]          NA          NA          NA          NA          NA          NA  0.94394981          NA          NA
[460]          NA          NA          NA          NA  1.79310125          NA          NA          NA          NA
[469]          NA          NA          NA          NA          NA  2.47224158  0.65990188          NA          NA
[478]          NA          NA          NA          NA  2.66678898          NA          NA          NA          NA
[487]          NA          NA          NA          NA  1.97048670          NA          NA          NA          NA
[496]  0.89485860  3.81725683          NA          NA          NA          NA          NA          NA  4.80383336
[505]          NA          NA          NA          NA          NA          NA  4.22779967          NA          NA
[514]          NA          NA          NA          NA          NA          NA          NA          NA  1.70158143
[523]          NA          NA          NA          NA          NA          NA          NA          NA          NA
[532]          NA          NA          NA          NA          NA          NA          NA          NA          NA
[541]          NA          NA          NA          NA          NA          NA          NA          NA          NA
[550]          NA          NA          NA          NA          NA          NA  0.84295505          NA          NA
[559]          NA          NA          NA          NA          NA          NA          NA          NA          NA
[568]          NA          NA          NA          NA  1.42161245          NA          NA          NA          NA
[577]          NA          NA          NA          NA          NA          NA          NA          NA          NA
[586]          NA          NA          NA          NA          NA          NA          NA          NA          NA
[595]          NA          NA  0.24885269          NA          NA          NA          NA          NA          NA
[604]          NA          NA  0.61248820          NA          NA          NA          NA          NA          NA
[613]          NA          NA          NA          NA          NA          NA          NA          NA          NA
[622]          NA          NA          NA          NA  0.09899797          NA          NA          NA

$TS
  [1] 86.222027634 74.524986876 66.012689072 45.831051239 43.859595150 30.555575170 18.034844284  9.514916472
  [9] 33.966671395 61.780899328 51.722330370 50.680924584 41.325438513 49.801635322 38.290789313 38.208205242
 [17] 21.385012669 47.954699108 38.271696950 24.592234074 15.706863172 34.254762513 31.605090079 26.589183215
 [25] 17.042466394 17.032083661 15.918939020 14.188041090 11.538425259 10.465667368  6.535060084 39.989324188
 [33] 30.839865826 29.476635150 28.789115551 33.600709324 35.865525293 14.840648816 12.734340498 11.669937483
 [41]  7.797347507  1.790388012 35.371787780 34.738109232 29.135865885 22.544408275 33.762597208 22.963199488
 [49] 19.315600822 13.093155555 12.835737656  8.322726904 34.487938307 32.812859303 32.152320061 30.549407107
 [57] 12.559105051 11.285308634 25.940117109 16.732413277  8.488281707 25.981592923 32.845250392 32.014847027
 [65] 30.138974684 29.182004046 24.576686096 25.185094265 26.107484467  6.277898812  4.557385111 28.985636363
 [73] 24.350136926 28.091312922 27.644691413 15.386325741 13.668654459 11.457479657 21.615409853 17.880024410
 [81] 28.967580986 26.811431771 23.941446155 24.916651910 24.572746918 30.723711016 25.195855066 20.675795015
 [89] 25.700388196 25.525181063 25.261205475 14.703693095  3.239294809  2.596847524 27.028365903 19.158901520
 [97] 29.983276248 28.671951833 21.552897439 20.086054760 15.670667288  4.691185179  1.662329021  8.181970782
[105] 26.437113963 25.758811474  9.353937072 10.399530698 17.992705882 16.595105601 14.777034905 10.220911554
[113] 23.697243808 21.095484485 18.731925017  9.341593330  7.591855434  3.546739469  0.949422952 26.308214827
[121] 20.635557303 10.257899358  9.615362064  9.464625449  4.775347328  2.066248829  0.356563394 13.239893067
[129] 11.648915490  5.808168680  1.456546744  2.758444051  8.972278655  6.365346593 25.349370263 25.271448419
[137] 23.925644430 23.679748323 22.573972066 13.401207079  8.106391818 23.304562081 20.233522272 14.915823659
[145]  3.286913038  1.324118702 17.589465353  7.128788647  2.036759788 20.469676384 15.767019473 23.964424058
[153] 18.728946968 14.410820640 10.158116151  0.177392571 20.046649591 15.832989054 13.245535753 11.036369834
[161] 19.384485262 10.056386793  8.146156860  0.616473222 20.910783491 18.304850429  1.252088107 20.210357269
[169] 17.695958728 21.115758890  8.488466345  7.841747334  0.228953554 11.740972758 17.915843002 10.598650546
[177]  8.914428488  7.873559113  7.287755028  0.012741044 23.145270968 21.777572341 17.869667829  3.494904436
[185]  8.679053652  0.760262679  9.727276468  1.479498305 18.675843857 17.179203498 16.833775307 16.505173139
[193] 14.273342562 19.467954140 12.865153679 15.570083590 13.591254204 12.525326665  5.932570964 14.446935517
[201] 15.571513564 13.148923753  3.517399211  9.914025111 14.779092822  2.343832979  9.930391508  7.065122243
[209]  6.651229561 15.097166414  8.914517239  6.608561334  1.930224382 14.108979181  5.992148516  3.502980984
[217] 12.099448381 11.579519580 11.019463641 10.299291503  2.817024944  9.807472165  6.458932157  5.718235011
[225]  3.755318362 14.101787377  9.837252233  6.670785198  4.931085017  3.199247965  6.052206404  1.842568013
[233]  0.501334587 16.244727999 12.999635964  6.864930315  4.174170959 15.154797097 11.448742447  7.525327012
[241]  6.984667571  2.612851199  0.702496810  7.158060017  4.823872507 12.239946952  8.906662999 14.937391023
[249] 10.293663640  7.817493463  3.196953298  8.686444291  8.414691462 12.459647560 11.619616539  0.201652479
[257] 14.119470124  6.618123924  5.708531868  8.354296304  1.500472540 15.333734529  2.716762829 12.397983043
[265]  4.397221069  5.930087890  2.272504668 13.897054263 10.834946886  5.996528512  5.748157147  5.526310508
[273]  2.281876749  8.549551320 13.304333298  0.100429806  5.325138718 13.826526872  0.647701653 12.121775679
[281] 11.695329543  2.161596276 12.852061671 10.186745246  9.864577328  3.369142440  2.328897499  8.293390990
[289]  6.007204395 12.696769491 11.048786494  9.656461410  1.839688901 11.947875746  6.896043718 10.198710223
[297]  8.828287493  4.968973463 11.779162483  5.124316315  9.656014692  4.118520081  1.555986575  3.969563349
[305]  1.943073307  1.208390471  8.655360783  4.634878134  4.124297705  3.340009410 11.704695980  4.893258322
[313]  4.721232507  1.799387309  3.321328451  2.774882436  6.464339095  1.651869706 11.545421779  4.294887909
[321]  7.690025266  7.147309978  5.013325575  6.191873649 11.264001587 10.318934865  9.309885529  8.415605662
[329]  4.931722834 11.414687683  6.417540426  6.058601287 10.686633407  7.702620060  6.460971948  3.717076271
[337]  2.239236483 10.819335856  5.295412383  1.030040986  7.771088294 11.289831849  4.156435857  3.787067426
[345]  6.080816798  4.363027179  8.960134949  1.577577125  7.583295105  6.815214215  6.367509998  1.529839993
[353]  0.382452381 11.139383497  7.313722250  0.375176178  8.963373149  8.915605370  6.184240518  0.318555467
[361]  3.601170775  7.287013917  6.462803513  2.130639265  7.870028803  0.504416218  3.980149364  2.875507401
[369]  1.318195260  9.052771066  4.932150408  4.879759238  6.427089991  5.596404210  5.773075447  4.609012331
[377]  7.515191608  4.806470878  1.816799112  7.882612039  7.881307303  5.086702745  6.583596086  6.217102932
[385]  5.464228761  0.690897405  3.910769169  2.954371866  9.700884409  8.598023511  8.274660892  7.179522902
[393]  6.986670641  4.581237751  8.064013402  9.344368743  2.515286471  1.612654084  5.076988243  5.848687015
[401]  5.451796574  6.152154258  1.690568672  6.758658578  4.671847696  8.453855206  6.628679998  2.534805313
[409]  2.495898604  8.354077767  6.949259494  3.993898424  7.633302606  5.448913630  4.122779792  1.575049019
[417]  1.165710885  1.427745064  3.949796648  6.300350200  5.548872727  2.220755536  6.284709753  6.066000385
[425]  4.819399674  3.222723654  3.166395115  2.224826680  5.116148362  1.717109595  1.064682021  7.601997009
[433]  7.523102205  4.189482708  1.413659597  4.154119078  0.092260579  0.064161702  7.060581450  0.024476642
[441]  6.951873300  6.116121802  1.503505634  5.411289709  1.156443815  0.495416872  2.199686309  1.558813333
[449]  1.357245918  0.783135127  6.920850460  1.159080194  0.948872360  6.596889682  3.310078815  0.718139920
[457]  2.132287369  0.948281283  4.016320827  4.275705813  2.807357980  4.242795361  3.752019141  3.293265018
[465]  1.681027088  4.283738164  1.869698606  5.935403825  4.841855367  1.215330043  0.964185684  5.822571102
[473]  0.272496239  6.549765513  2.551563189  0.095115714  1.075104824  1.783014742  6.307819313  2.814205462
[481]  6.493988144  5.441152841  0.149894591  5.495889043  3.288123742  1.370717898  5.489896954  6.383088145
[489]  2.691284712  1.093021693  4.147584285  2.191933192  5.022200583  0.880634575  0.644106934  4.375304714
[497]  6.066260260  1.636978557  4.814479319  3.807208363  5.394654789  2.892274822  4.816639993  6.014584325
[505]  1.856030420  5.703914174  3.785630316  5.055770236  1.722838228  1.421123453  5.282323622  4.370602662
[513]  1.759691644  3.466376248  2.156821918  2.537297759  2.417965234  0.712731105  5.380079385  1.888841011
[521]  1.303806668  4.491877616  5.390709786  5.221147102  3.171519967  4.641577727  2.995097056  5.370265935
[529]  4.060930303  3.707423170  3.274978604  2.255719482  3.607100512  2.267568183  2.836730747  0.905071747
[537]  3.410186563  3.591843007  3.148326214  2.551681018  2.112278168  4.632949669  4.148289779  3.548279778
[545]  3.414288413  1.336634594  4.506622473  4.469693600  2.322807349  1.513990069  2.867801142  1.187004599
[553]  0.034560039  2.339554722  2.779747612  1.449368186  1.751433956  1.334856215  0.733332564  1.065477015
[561]  1.589653860  3.920175803  0.787322845  1.083591378  2.789734524  2.068130337  0.972460770  0.715768724
[569]  1.663517350  1.308510677  1.431949063  1.661252344  1.387187605  3.263362037  2.324643907  1.441553330
[577]  1.171762774  2.149156447  1.773100701  0.655861803  2.760814821  2.654382110  2.744241673  2.273304377
[585]  0.393230740  2.588206160  0.587870416  2.291161633  0.686593920  0.632047758  1.944826665  0.246082937
[593]  2.321360095  1.572452882  0.004797712  1.558330078  1.614989752  1.626169433  2.048743046  1.602591919
[601]  1.136787952  0.642839731  1.559317816  0.869957429  1.675825784  0.716608252  0.356396364  0.852223368
[609]  0.910674218  0.415747119  0.152029607  1.040623730  0.292536532  0.726679357  1.383019442  0.835653835
[617]  0.790938786  0.349004005  0.520463740  0.094443761  0.972612910  0.560975714  0.158132846  0.621114080
[625]  0.746829015  0.664460981  0.164310209  0.327296667  0.020228442

$PAR
  [1]  NA   1   1   1   1   1   1   1   2   3  10  10  10  11  11  11  11  12  12  12  12  14  14  14  14  14  14  14
 [29]  14  14  14   5   5   5   5  13  32  32  32  32  32  32  15  15  15  15  19  19  19  19  19  19  37  43  43  43
 [57]  43  43  44  44  44  53  22  22  22  22  22   9  47  47  47  36  36  63  63  63  63  63  54  54  55  55  55  64
 [85]  64  23  23  23  33  33  33  33  86  86   6   6  56  56  56  56  56  56  56  65  97  66  66  81  98  98  98  98
[113]  74  95  95  95  95  95  95 105 105 105 105 105 105 105 105 120 120 120 120  69  62  59 106 106 106 106 106 106
[141] 106  89  90 135 135 135 136 136 136  91  91  87  87  87  87  87  68  68  68  84  20  67  67  67  85  85  85  83
[169]  83 137 137 137 137 113 138 138 138 138 138 138 142 142 142 142 181 181  48  48 139 139 139 139 139  79  79  99
[197]  17  17 165 150 143 143 143 100 157 157 194 194 194 161 161  49  49  96  96  96 115 115 115 115 115 153   7   7
[225]   7 109 109 109 109 109 175 175 175  80  80  80  80 183 169 169 169 169 169 190 190  25  25  26  26  26  26 110
[253] 192 234 234 234  27  27  27  21  21 101 101 201  76 238 238 210 210 144  38  38  38 205 193 193  28 257 257 214
[281] 214 214 226 226 226 226 226 268 268 278 278 278 278  77 140 159 159 128 202 202  50  50  50 235 235 235 195 195
[309] 195 195 283 283 283 283  51  51  39  39 290 290  57  57 264 246 280 280 280 280 280 217 217 217 294 174 174 174
[337] 174 311  40  40 255 218 218 218 319 319  29  29 239 239 330 330 330 342 325 325 354 354 354 354 291 219 338 338
[365] 333 176 108 108 108 326 326 326 220 220 122 122 112 112 112 296 296 296 284 284 284 284 162 162 227 227 227 227
[393] 227 227 389 292 292 292 123 107 396 327 327 370 370 357 357 358 358 211 297 252 307 390 390 390 390 274  61 406
[421] 406 406 328 328 328 328 104 104 141 141 141 395 380 380 365  41 341 341 334 321 432 432 432 117 117 117 433 433
[449] 377 377 355 355 355 362 392 322 148 148 208 439 393 241 241 441 441 411 411 236 236 350 350 228 228 209 407 407
[477] 258 212 454 383  31  31  31 317 363 363 335 373 373 373 331 488 351 351 351 479 324 324 359 359 402 402 442 497
[505] 332 270 270 468 468 468 266 400 472 130 271 259 421 421 272 272 272 487 385 385 401 444 444 501 501 523 528 339
[533] 399 298 329 229 312 372 372 372 469 425 503 503 378 378 376 376 376 376 394 394 394 522 512 460 237 237 343 436
[561] 529 459 304 562 361 544 544 118 216 216 286 315 455 464 485 145 531 426 426 539 388 480 581 581 132 489 489  94
[589] 586 516 206 554 575 575 273 267 534 532 282 364 591 467 293  42 478 478 478 579 509 509 430 569 569 598 600 594
[617] 435 486 570 577 445 564 453 494 617 386 233 353 156

$EXTANT
  [1]  TRUE FALSE FALSE FALSE FALSE  TRUE  TRUE FALSE  TRUE FALSE FALSE FALSE FALSE  TRUE FALSE FALSE FALSE FALSE  TRUE
 [20] FALSE  TRUE FALSE FALSE FALSE FALSE  TRUE  TRUE  TRUE  TRUE FALSE  TRUE  TRUE  TRUE FALSE FALSE FALSE FALSE  TRUE
 [39]  TRUE  TRUE  TRUE  TRUE  TRUE  TRUE FALSE FALSE FALSE  TRUE  TRUE  TRUE  TRUE  TRUE FALSE FALSE FALSE  TRUE FALSE
 [58]  TRUE FALSE FALSE  TRUE FALSE FALSE FALSE FALSE  TRUE  TRUE FALSE  TRUE  TRUE  TRUE FALSE FALSE FALSE FALSE  TRUE
 [77] FALSE FALSE FALSE  TRUE FALSE FALSE FALSE FALSE  TRUE  TRUE  TRUE FALSE FALSE FALSE FALSE  TRUE  TRUE  TRUE FALSE
 [96]  TRUE FALSE  TRUE  TRUE  TRUE  TRUE FALSE  TRUE  TRUE  TRUE  TRUE  TRUE  TRUE  TRUE  TRUE FALSE  TRUE  TRUE FALSE
[115]  TRUE  TRUE  TRUE  TRUE  TRUE  TRUE FALSE  TRUE  TRUE  TRUE FALSE  TRUE  TRUE  TRUE  TRUE  TRUE  TRUE  TRUE  TRUE
[134]  TRUE  TRUE  TRUE  TRUE  TRUE  TRUE  TRUE  TRUE  TRUE  TRUE  TRUE  TRUE  TRUE FALSE  TRUE  TRUE  TRUE  TRUE FALSE
[153]  TRUE FALSE  TRUE  TRUE  TRUE FALSE  TRUE FALSE FALSE  TRUE  TRUE  TRUE  TRUE FALSE  TRUE FALSE  TRUE FALSE  TRUE
[172]  TRUE  TRUE  TRUE  TRUE  TRUE  TRUE FALSE FALSE  TRUE  TRUE FALSE  TRUE  TRUE FALSE  TRUE  TRUE  TRUE  TRUE  TRUE
[191]  TRUE  TRUE  TRUE FALSE FALSE  TRUE FALSE  TRUE  TRUE  TRUE  TRUE FALSE  TRUE  TRUE  TRUE  TRUE  TRUE  TRUE  TRUE
[210] FALSE  TRUE  TRUE  TRUE  TRUE  TRUE  TRUE FALSE  TRUE  TRUE  TRUE  TRUE  TRUE  TRUE  TRUE  TRUE  TRUE  TRUE  TRUE
[229]  TRUE  TRUE  TRUE  TRUE  TRUE  TRUE FALSE FALSE  TRUE  TRUE  TRUE  TRUE  TRUE  TRUE  TRUE FALSE  TRUE  TRUE  TRUE
[248]  TRUE  TRUE  TRUE  TRUE  TRUE  TRUE FALSE FALSE  TRUE  TRUE  TRUE  TRUE  TRUE  TRUE FALSE  TRUE  TRUE  TRUE  TRUE
[267]  TRUE FALSE  TRUE  TRUE  TRUE  TRUE  TRUE  TRUE  TRUE  TRUE  TRUE  TRUE  TRUE FALSE FALSE  TRUE  TRUE  TRUE FALSE
[286] FALSE  TRUE FALSE  TRUE  TRUE  TRUE  TRUE  TRUE FALSE  TRUE FALSE  TRUE  TRUE FALSE FALSE  TRUE  TRUE  TRUE  TRUE
[305]  TRUE  TRUE  TRUE  TRUE  TRUE  TRUE  TRUE  TRUE  TRUE FALSE  TRUE  TRUE  TRUE  TRUE  TRUE  TRUE  TRUE  TRUE FALSE
[324]  TRUE  TRUE FALSE  TRUE  TRUE  TRUE  TRUE  TRUE  TRUE  TRUE  TRUE  TRUE  TRUE  TRUE  TRUE  TRUE  TRUE  TRUE FALSE
[343]  TRUE  TRUE  TRUE  TRUE  TRUE  TRUE FALSE  TRUE  TRUE FALSE  TRUE  TRUE  TRUE  TRUE  TRUE  TRUE  TRUE  TRUE  TRUE
[362]  TRUE  TRUE  TRUE  TRUE  TRUE  TRUE FALSE  TRUE  TRUE FALSE  TRUE  TRUE FALSE  TRUE  TRUE  TRUE  TRUE  TRUE  TRUE
[381]  TRUE  TRUE  TRUE  TRUE  TRUE  TRUE  TRUE  TRUE FALSE  TRUE  TRUE FALSE FALSE  TRUE  TRUE  TRUE  TRUE  TRUE  TRUE
[400]  TRUE  TRUE  TRUE  TRUE  TRUE FALSE  TRUE  TRUE  TRUE  TRUE  TRUE  TRUE  TRUE FALSE  TRUE FALSE  TRUE  TRUE  TRUE
[419]  TRUE  TRUE  TRUE  TRUE  TRUE FALSE  TRUE  TRUE  TRUE  TRUE FALSE  TRUE  TRUE  TRUE  TRUE FALSE  TRUE  TRUE  TRUE
[438]  TRUE  TRUE  TRUE  TRUE FALSE  TRUE  TRUE  TRUE  TRUE  TRUE  TRUE  TRUE  TRUE  TRUE  TRUE  TRUE  TRUE  TRUE  TRUE
[457] FALSE  TRUE  TRUE  TRUE  TRUE  TRUE  TRUE FALSE  TRUE  TRUE  TRUE  TRUE  TRUE  TRUE  TRUE  TRUE  TRUE FALSE FALSE
[476]  TRUE  TRUE  TRUE  TRUE  TRUE  TRUE FALSE  TRUE  TRUE  TRUE  TRUE  TRUE  TRUE  TRUE  TRUE FALSE  TRUE  TRUE  TRUE
[495]  TRUE FALSE FALSE  TRUE  TRUE  TRUE  TRUE  TRUE  TRUE FALSE  TRUE  TRUE  TRUE  TRUE  TRUE  TRUE FALSE  TRUE  TRUE
[514]  TRUE  TRUE  TRUE  TRUE  TRUE  TRUE  TRUE  TRUE FALSE  TRUE  TRUE  TRUE  TRUE  TRUE  TRUE  TRUE  TRUE  TRUE  TRUE
[533]  TRUE  TRUE  TRUE  TRUE  TRUE  TRUE  TRUE  TRUE  TRUE  TRUE  TRUE  TRUE  TRUE  TRUE  TRUE  TRUE  TRUE  TRUE  TRUE
[552]  TRUE  TRUE  TRUE  TRUE FALSE  TRUE  TRUE  TRUE  TRUE  TRUE  TRUE  TRUE  TRUE  TRUE  TRUE  TRUE  TRUE  TRUE  TRUE
[571]  TRUE FALSE  TRUE  TRUE  TRUE  TRUE  TRUE  TRUE  TRUE  TRUE  TRUE  TRUE  TRUE  TRUE  TRUE  TRUE  TRUE  TRUE  TRUE
[590]  TRUE  TRUE  TRUE  TRUE  TRUE  TRUE  TRUE FALSE  TRUE  TRUE  TRUE  TRUE  TRUE  TRUE  TRUE  TRUE FALSE  TRUE  TRUE
[609]  TRUE  TRUE  TRUE  TRUE  TRUE  TRUE  TRUE  TRUE  TRUE  TRUE  TRUE  TRUE  TRUE  TRUE  TRUE  TRUE  TRUE FALSE  TRUE
[628]  TRUE  TRUE

