
Birth-death simulation object with 649 species and 500 extant species

Details for some species:

Extinction times (NA means extant)
[1] 20.27515 23.03600       NA 25.64292       NA 18.58824


Speciation times 
[1] 56.31320 48.92774 39.16571 26.48468 22.04960 46.10879


Species parents (NA for initial)
[1] NA  1  1  1  1  2


Species status (extinct or extant)
[1] "extinct" "extinct" "extant"  "extinct" "extant"  "extinct"


For more details on vector y, try sim$y, with y one of
TE TS PAR EXTANT



$TE
  [1] 20.27514834 23.03599670          NA 25.64291563          NA 18.58824191 23.63262656 31.61300821 10.25504510
 [10]  2.37926286 31.30482318 16.05941367          NA 28.29982761          NA  2.19485389          NA          NA
 [19] 38.09189645          NA          NA 19.84312772          NA  1.90578595          NA  4.12922841 22.52624627
 [28] 22.12586675  2.26023638          NA          NA 11.65806040          NA          NA 16.11071777          NA
 [37]  1.21523734          NA 10.24821646          NA          NA 15.75778548          NA          NA          NA
 [46]          NA          NA          NA          NA          NA          NA          NA          NA          NA
 [55] 10.01410014 20.05733617 16.17873567 20.11623791          NA          NA 17.72430842 19.51211520  1.84712884
 [64]          NA 21.40838967          NA          NA          NA  4.73478745          NA  6.15090979          NA
 [73]          NA          NA          NA 29.62002035 19.25177865 20.70811666 27.09463047          NA 18.84756993
 [82] 26.68944588 18.56986747 10.94938166          NA          NA          NA          NA          NA  1.21357871
 [91] 23.75037167          NA          NA          NA 20.49598862          NA  0.12178687  7.48803202          NA
[100]          NA          NA          NA 15.32655682          NA  5.40290234          NA  4.95627008          NA
[109]          NA          NA          NA          NA          NA          NA          NA 11.20019969 21.22820994
[118]          NA 17.36719976 13.55822460  7.89768880  9.40180158          NA          NA          NA          NA
[127]          NA          NA          NA 10.08006869  3.70854049          NA          NA 17.05472455          NA
[136]          NA          NA          NA          NA          NA          NA          NA          NA          NA
[145] 16.76574361          NA  5.87384380          NA  3.34219395 10.50172005          NA          NA          NA
[154]          NA          NA 11.99216873          NA          NA          NA  7.77212688  0.11417034  4.17859963
[163]          NA          NA          NA 18.07508510          NA          NA          NA          NA          NA
[172]  4.51069608          NA          NA  2.56686463  5.39034485  3.81513248          NA          NA          NA
[181]  5.26179366          NA  8.86293624  7.77471987          NA          NA          NA          NA 15.68940216
[190]          NA          NA 15.40472032 10.62664771  2.03190924  6.52736596          NA  2.19369186          NA
[199]  7.57761921          NA  6.06814016          NA          NA 13.56249967          NA          NA          NA
[208]          NA          NA          NA          NA  6.23705232          NA          NA          NA          NA
[217]          NA  6.80365600  8.02344689  2.38525993          NA  0.83418051  3.96031891  4.73393020  6.12459450
[226]          NA          NA          NA  7.75090575  7.76460998          NA          NA          NA  2.00059139
[235]          NA          NA          NA          NA  1.30444885          NA          NA          NA          NA
[244]          NA          NA          NA          NA          NA          NA  4.29865498          NA 10.58394512
[253]          NA          NA          NA          NA          NA  6.93265165  4.67835822          NA 14.89726826
[262]          NA  7.14079499          NA          NA          NA          NA          NA          NA 12.05678301
[271]          NA  2.53579182  1.99628985 11.52061127          NA          NA          NA          NA          NA
[280]          NA          NA 11.69838473  2.99778434          NA          NA          NA  8.90906341  4.12815992
[289]          NA          NA  4.37026259          NA          NA          NA          NA          NA          NA
[298]          NA          NA          NA          NA          NA          NA  9.39685757  4.68399978          NA
[307]          NA          NA          NA  4.36649866          NA          NA          NA          NA          NA
[316]          NA          NA          NA          NA          NA          NA  1.38703190          NA          NA
[325]          NA          NA  2.25176595          NA          NA          NA  4.25141967  3.59469688          NA
[334]          NA          NA          NA          NA  1.95882910          NA          NA          NA          NA
[343]          NA          NA          NA          NA          NA          NA          NA          NA          NA
[352]          NA          NA          NA          NA          NA          NA          NA          NA          NA
[361]          NA          NA          NA          NA          NA          NA          NA  5.63156509  9.04390005
[370]          NA          NA          NA          NA          NA          NA          NA          NA          NA
[379]          NA          NA          NA          NA          NA          NA  1.91161415          NA          NA
[388]  5.50102873          NA          NA          NA          NA          NA          NA          NA          NA
[397]          NA  5.65446564          NA          NA          NA  4.64786597          NA          NA  4.59636047
[406]  3.09179696          NA          NA          NA          NA          NA          NA          NA          NA
[415]          NA          NA  4.12159982          NA          NA          NA  5.86858698          NA          NA
[424]          NA          NA          NA          NA          NA          NA          NA  1.29165219          NA
[433]          NA          NA          NA          NA          NA          NA          NA          NA          NA
[442]          NA  4.64571608          NA          NA  3.15444861  0.49135956          NA          NA  4.56939471
[451]          NA          NA          NA          NA          NA          NA          NA  2.40419601          NA
[460]  0.18230053          NA          NA          NA          NA  5.62254297          NA          NA          NA
[469]          NA          NA          NA          NA  2.60646441          NA          NA  0.24532348          NA
[478]          NA  0.37471338          NA          NA          NA          NA  3.18740806          NA          NA
[487]          NA          NA  1.47814540          NA          NA          NA          NA          NA          NA
[496]          NA          NA          NA          NA          NA          NA          NA  0.03440049          NA
[505]          NA          NA  3.56932805          NA          NA          NA          NA          NA          NA
[514]          NA          NA          NA          NA          NA          NA          NA          NA          NA
[523]          NA          NA          NA          NA          NA  2.77476083          NA          NA          NA
[532]          NA  1.41732480          NA          NA          NA          NA          NA          NA          NA
[541]          NA          NA          NA          NA          NA          NA          NA          NA          NA
[550]          NA          NA          NA          NA          NA          NA          NA  0.68179604          NA
[559]          NA          NA          NA          NA          NA          NA          NA          NA          NA
[568]          NA          NA          NA          NA          NA          NA          NA          NA          NA
[577]          NA          NA          NA          NA          NA          NA          NA          NA          NA
[586]  2.03804280          NA          NA          NA          NA          NA          NA          NA          NA
[595]          NA          NA          NA          NA          NA          NA          NA          NA          NA
[604]          NA          NA          NA          NA          NA          NA          NA          NA          NA
[613]          NA          NA          NA          NA          NA          NA          NA          NA          NA
[622]          NA          NA          NA          NA          NA          NA  0.92139570          NA          NA
[631]          NA          NA          NA          NA          NA          NA          NA          NA          NA
[640]          NA          NA          NA          NA          NA          NA          NA          NA          NA
[649]          NA

$TS
  [1] 56.31319749 48.92773570 39.16570651 26.48467655 22.04960456 46.10879338 44.84774126 44.06330470 42.35260881
 [10] 40.73209487 35.08081809 33.80049072 24.30662614 38.88915117 38.66229441 34.94514684 33.30391243 42.24233568
 [19] 38.35764933 35.58903905 35.27604768 34.86742380 32.08555509 38.99560761 39.71486009 37.86090902 38.93418756
 [28] 33.99116094 30.69206751 19.05796873 14.32724068 11.83363987  9.49513216  1.95598883 36.59688372 29.63695997
 [37] 21.54396267 18.74295765 16.61996324  8.90056783 36.46938422 36.24415544 16.34200144 12.58548703  5.18081188
 [46] 25.93426047 19.77748696  4.65184843  1.26924251 27.10473812 16.28348337 12.80049315 35.82465389 29.50848347
 [55] 24.04748450 27.04940193 17.66091509 27.19458254 17.20252623 24.22030963 21.08320415 34.88911676 22.06027489
 [64] 15.68450752 29.84893067 31.42321679 18.17836921 17.98613979 12.04107930  8.57366602 27.96133315 27.91445084
 [73] 21.92721307  4.31851229  4.00010397 30.76198692 25.63610911 28.14253785 27.43123226 25.32380903 31.73682436
 [82] 27.06267945 24.23221817 18.97977046 12.57191456  8.60065564 31.15291650 27.89566426 16.44410096 13.30941202
 [91] 30.45734971  2.91678255  1.62950690  0.91240132 25.13653750 21.69178352 14.49297409 10.05807766  7.36584570
[100]  3.04016653  2.49863653 26.82292454 20.20304463  0.87713231 27.21094143 18.09669258 10.01354447 22.77093225
[109]  7.01878023 14.84623509  5.70678737 17.54434384 17.16263435 11.08710159  5.42185165 26.55824220 23.29404828
[118]  0.40252258 25.15059945 22.58484890 23.27364252 21.38010514 20.78773504 20.22717138 11.45301260  9.85845163
[127]  3.87432225  0.92880628 15.95289620 14.22938382 12.69387632 21.88874771 21.38979046 21.13266823 22.93852175
[136] 20.95462222  0.37529353 10.32422115  9.83807294  1.23709236 10.64964906  6.99912584 19.97031727 10.64904899
[145] 20.63469397 19.13613679 18.81434370 12.79983183  8.80045193 14.74994844  0.54273003 17.20549970  9.20504230
[154]  7.74175237  4.48455052 21.14132958 17.23955242 15.78382573 11.34451971 22.04482179  6.75585746  6.23610334
[163]  2.19843859 15.41735801 12.73393668 20.82377400 12.72744583  3.85284135  0.99396575 14.87619040  5.78304702
[172] 15.20782382  0.46062997  5.49495804 17.36974076 13.35243237 11.64633291  2.94319696  0.57190514 17.93349353
[181] 16.80417898 16.22041471 14.38804569 18.58623756 17.23722409 13.62210584  2.53296918 19.11813977 18.88061723
[190] 18.87283620 11.37137101 16.86584756 16.21122929  5.40223324 15.75814891 11.92626619  8.13288121 17.37547418
[199] 12.87017775 10.19434542  6.98333364  4.67900521 17.80558949 14.26882235 11.95214278 11.63995736  8.00384959
[208]  7.61327774  1.55466549 17.47873695 15.84060158  6.83384283  4.68825365 15.21589820 12.92818262 11.75456637
[217]  8.46092352 17.27942004 15.09106268 14.20094515  5.66741053 12.18320970  7.61281781 13.54609209  9.48835137
[226]  1.73061091 17.05403124 16.11185216 14.08058413  9.30608415  6.30221074  9.39010094  6.73899792 11.11279792
[235] 11.02090761  3.24922509 15.30683985  9.09336562  8.43234244  4.73962006  7.87870050  3.91095304  0.27282854
[244]  3.43299142  1.27957760 12.22426448 12.07429006  1.35468038  0.75941192 13.42087361 12.81768285 16.17675158
[253] 12.34552241 12.80800131  1.73322268  8.54519384  7.42061591 13.11232357  8.33854710  6.95544522 15.82714261
[262] 12.55978641 11.85967242  9.08029617  1.28746817 14.09524162 12.73351333  6.58658297 14.13331318 15.78883786
[271] 12.39101655  9.02713781 15.67971303 13.34399220 13.09175355 10.04865828 14.44708017  3.21927339  0.05441650
[280]  0.25709627 13.29977701 13.12628645  7.79718635  2.45796398  2.02742436  6.14873347 14.29587196  7.87609507
[289]  6.00311500 12.89245836 14.13652229 11.54134548  7.33536766  6.12699643 12.03617363  9.29532337  7.86780050
[298]  5.28768268 12.36881836  5.75752816 13.62237126  8.96008563  0.97756087 11.00762470 10.66159703  7.57307527
[307]  6.18412075  0.29652922 11.72258197  9.52873274 12.91439717  8.33987106 12.92937907  8.09925978  4.60312326
[316] 10.79514681 10.33010318  8.57311397  7.38651824  3.67347207  4.67307301  4.25378222  2.75803682 11.62146899
[325]  9.61195175  6.75692989  5.63827953  4.90395311  3.86546237  4.25430561 10.74645831  9.24006045  4.63325900
[334]  1.68436196  4.74470880  5.95155347  5.16212624  4.82048036  2.80529973  9.94138059 12.49896876  6.89323640
[343]  3.18959648  2.99312493  8.37896945  3.95671680  8.08919140  8.02449573  9.73108396  6.41384067 10.67727341
[352]  9.14777566  4.70269564 10.22689385 11.47157911  9.69293837  6.31839954  4.49837247  3.32200361  1.12872464
[361]  4.99185645  9.93733751  8.80369329  7.16940434  5.15227896 10.45065025 10.56610405 10.32456783  9.39371022
[370]  9.07494870  8.34261128  8.51350712  4.13751961  8.74942917  1.46266298  4.21181199 10.58086916  2.25360281
[379]  1.24990345  6.88968623  0.32721409 10.51565180 10.37997872  7.12512194  3.29016591  2.52234258  6.56367533
[388] 10.46371931  5.52101887  0.73010632  5.66077465  1.08266093  2.86515781  2.02189600  0.27773537  4.61602477
[397]  1.30185333 10.13777863  7.66517483  4.51944565  2.35478087  4.75863277  5.98299255  3.27043111  6.35534288
[406]  6.40695003  5.68112057  9.13438408  9.11142399  3.19433818  1.87674058  1.09650375  9.65155066  1.93863533
[415]  0.51976518  7.19348625  7.11224571  6.82623618  0.98587300  0.02713581  7.58464422  0.83002854  7.50976565
[424]  8.55343326  6.83984684  6.95723770  3.37692992  0.33358131  2.87086381  0.12823487  2.42615979  4.30722944
[433]  7.53447335  4.09414663  2.02288845  1.26289920  0.55981351  5.12466196  8.21323209  6.89038708  6.94148728
[442]  7.78833468  7.72183932  1.94344609  7.80856464  7.53184619  6.77537947  2.89313243  2.62412796  7.75066843
[451]  5.24057274  0.50152599  5.70459497  5.57925091  7.95043824  1.16403671  5.36588211  7.18978131  4.75691111
[460]  3.23299414  1.32566834  6.09210322  1.36769843  3.22338595  7.64779914  5.44538957  5.12140621  0.18574489
[469]  4.99032612  5.72089104  6.78698245  6.16255936  3.12945262  0.84921237  5.95732986  5.24403854  6.64418002
[478]  1.39192794  5.32708944  2.72750127  2.61334443  4.79611631  1.46686224  6.99473449  7.10484422  5.22797119
[487]  2.17156437  3.17207281  5.71365211  5.87822910  0.91864346  0.65496494  3.86802619  6.92702371  5.07047565
[496]  4.23216321  6.85052203  1.89027379  4.96028854  4.16062227  1.36713305  0.64108262  6.20824704  5.38623970
[505]  2.32151478  3.52270688  6.56620241  6.47591106  3.30058764  2.18835194  3.18035580  0.72450815  4.44654036
[514]  4.29745395  0.33560316  4.78691936  3.25355404  2.14392709  1.95962361  1.16656843  4.89242776  3.30213065
[523]  0.37945598  0.97095320  0.65393627  1.90169159  0.47600205  3.91376037  5.47780704  4.00501523  3.99648588
[532]  4.73794103  2.80906455  3.09516883  4.51604861  3.84217581  0.94215301  5.21528884  0.11727412  3.82223222
[541]  2.34146475  2.40427659  3.55808661  3.65795266  4.71509804  3.26569773  1.88420785  1.11556737  3.41564421
[550]  4.06028572  1.37478365  4.01866709  1.61125476  4.11583185  1.57283708  1.46171814  4.29273598  1.95252913
[559]  0.53386150  4.30006690  3.33950116  4.01870844  3.72884728  3.60293030  1.18171099  0.35836700  4.10335287
[568]  2.65414680  2.44642699  4.17381658  2.72815307  2.95089392  3.16795477  3.07157900  1.02131670  3.67236656
[577]  2.68659107  0.75291262  0.58783339  0.78509592  1.45966381  3.20584950  0.01202051  0.90885386  0.16932816
[586]  3.75617548  3.42741673  0.05193796  2.67978646  1.30170972  1.97375661  3.35883084  2.93878401  1.18519312
[595]  1.25591808  2.57932847  2.57429266  2.47302279  2.03024145  1.90264579  1.61201015  1.97760518  0.67500322
[604]  2.36749973  2.89118629  1.83870718  3.13284811  2.14298091  2.27588763  1.36065055  1.97836860  0.70063302
[613]  2.58399038  2.33105937  1.05467928  0.91131357  2.81128892  2.26153266  1.52153614  0.78896635  0.61295121
[622]  1.06162472  0.99114744  0.48871341  2.46967335  2.14751647  0.14449976  1.54594728  0.46990997  1.41365559
[631]  0.72984155  0.79911656  0.80019726  1.17987407  0.15762027  0.56612818  1.07935173  0.35393171  1.21649638
[640]  0.82371542  0.22827705  0.61443119  0.61582198  0.71813261  0.35740456  0.74789033  0.74680809  0.09324802
[649]  0.53448416

$PAR
  [1]  NA   1   1   1   1   2   2   2   2   2   2   2   2   6   6   6   6   7   7   7   7   7   7   8   9   9  18  18
 [29]  18  18  18  18  18  18  10  10  10  10  10  10  25  25  25  25  25   3   3   3   3  24  24  24  27  27  27  15
 [57]  15  26  26  35  35  41  41  41  42  53  53  53  53  53  20  21  21  16  16  28  28  12  12  12  17  17  17  17
 [85]  17  17  23  23  23  23  81  66  66  66  87  87  87  87  87  87  29  36  36  36  54  54  54  72  72  88  88 105
[113] 105 105 105  58  50  50  56  56 102 102 102 102 102 102 102 102 116 116 116  77  77  77  80  80  80  13  13  13
[141]  60  60  55  55 121 121 121 121 121 135 135 108 108 108 108  63  63  63  63   5   5   5   5 160 160  73  73  73
[169]  73 132 132  96  96  37 133 133 133 133 133 122 122 122 122 156 136 136 136 123 123 123 123 145 124 124 143 143
[197] 143  47  47  47 146 188  30  30  84  84 190 190 190 147 147  67  67 106 106 106 106  68  68  68  68 180 180 203
[225] 203 203 112 210 210 210 210 198 198 175 175 175 157 157 157 157 185 185 185 152  59 227 227 227 227 181 181  39
[253]  89  43  43  51  51 182 182 182 193 193 228 228 228 129 129 129 211 261 195 195  64  64  64  64 164 164 237 214
[281] 172 172 170 170 170 110 277 277 277 183  31  31  31  31 287 287 220 220 291 291 269 269 269 229 229 301 301 301
[309] 250 250  90  90 281 281 281 258 258 258 258 275 313 313 313 215 290 290 290 290 290 251 254  52 165 165 267 167
[337] 167 167 167 131 262 341 271 299 253 253 246 246 222 222 247 247 247 295 205 205 205 205 205 205 196 263 177 206
[365] 206 324 292 292 292 292 292 355 355 125 125 159 234 114 114 235 235 331 351 141 141 141 377 367 382 382 388 366
[393] 383 383 383 317 317 368 368 138 138 354 200 200 276 107 107 362 362 362 362 362 139 349 349 356 356 356 356 413
[421]  33  33 232 296 296 153 153 153 352 352 238 264 370 370 370 370 370 302  40  40 363 149  86  86 318 318 318 318
[449] 318 372 239 345 312 312 259 439 197 314 314 314 347 455 455 297 445 442 442 442 450 154 443 465 208 208 223 223
[477] 421 306 433 433 433 446 423 319  99 416 416 364 384 417 485 109 142 484 484 484 201 260 494 342 497 497 418 418
[505] 326 233 477 268 268 268 387 387 508 508 350 405 357 357 503 307 472 472 286 462 462 289 289 403 475 490 490 171
[533] 300 489 453 391 454 529 529 194 194 479 476 486 538 538 337 467 495 469 469 499 499 328 521 521 338 482 335 532
[561] 532 545 545 315 315 315 535 513 513  74  74 514 330 330 330 570 570 570 570 500 554 434 550 552 552 531 531 531
[589] 346 242 127 493 493 329 540 586 586 543 543 587 587 359 509 517 460 410 488 488 573 607 534 534 344 344 344 344
[617] 593 605 480 480 480 577 589 589 187 386 569 604 591 498 547 226  93 619 478 501 265 245 379 379 379 594 419 524
[645] 524 633 578 603 492

$EXTANT
  [1] FALSE FALSE  TRUE FALSE  TRUE FALSE FALSE FALSE FALSE FALSE FALSE FALSE  TRUE FALSE  TRUE FALSE  TRUE  TRUE FALSE
 [20]  TRUE  TRUE FALSE  TRUE FALSE  TRUE FALSE FALSE FALSE FALSE  TRUE  TRUE FALSE  TRUE  TRUE FALSE  TRUE FALSE  TRUE
 [39] FALSE  TRUE  TRUE FALSE  TRUE  TRUE  TRUE  TRUE  TRUE  TRUE  TRUE  TRUE  TRUE  TRUE  TRUE  TRUE FALSE FALSE FALSE
 [58] FALSE  TRUE  TRUE FALSE FALSE FALSE  TRUE FALSE  TRUE  TRUE  TRUE FALSE  TRUE FALSE  TRUE  TRUE  TRUE  TRUE FALSE
 [77] FALSE FALSE FALSE  TRUE FALSE FALSE FALSE FALSE  TRUE  TRUE  TRUE  TRUE  TRUE FALSE FALSE  TRUE  TRUE  TRUE FALSE
 [96]  TRUE FALSE FALSE  TRUE  TRUE  TRUE  TRUE FALSE  TRUE FALSE  TRUE FALSE  TRUE  TRUE  TRUE  TRUE  TRUE  TRUE  TRUE
[115]  TRUE FALSE FALSE  TRUE FALSE FALSE FALSE FALSE  TRUE  TRUE  TRUE  TRUE  TRUE  TRUE  TRUE FALSE FALSE  TRUE  TRUE
[134] FALSE  TRUE  TRUE  TRUE  TRUE  TRUE  TRUE  TRUE  TRUE  TRUE  TRUE FALSE  TRUE FALSE  TRUE FALSE FALSE  TRUE  TRUE
[153]  TRUE  TRUE  TRUE FALSE  TRUE  TRUE  TRUE FALSE FALSE FALSE  TRUE  TRUE  TRUE FALSE  TRUE  TRUE  TRUE  TRUE  TRUE
[172] FALSE  TRUE  TRUE FALSE FALSE FALSE  TRUE  TRUE  TRUE FALSE  TRUE FALSE FALSE  TRUE  TRUE  TRUE  TRUE FALSE  TRUE
[191]  TRUE FALSE FALSE FALSE FALSE  TRUE FALSE  TRUE FALSE  TRUE FALSE  TRUE  TRUE FALSE  TRUE  TRUE  TRUE  TRUE  TRUE
[210]  TRUE  TRUE FALSE  TRUE  TRUE  TRUE  TRUE  TRUE FALSE FALSE FALSE  TRUE FALSE FALSE FALSE FALSE  TRUE  TRUE  TRUE
[229] FALSE FALSE  TRUE  TRUE  TRUE FALSE  TRUE  TRUE  TRUE  TRUE FALSE  TRUE  TRUE  TRUE  TRUE  TRUE  TRUE  TRUE  TRUE
[248]  TRUE  TRUE FALSE  TRUE FALSE  TRUE  TRUE  TRUE  TRUE  TRUE FALSE FALSE  TRUE FALSE  TRUE FALSE  TRUE  TRUE  TRUE
[267]  TRUE  TRUE  TRUE FALSE  TRUE FALSE FALSE FALSE  TRUE  TRUE  TRUE  TRUE  TRUE  TRUE  TRUE FALSE FALSE  TRUE  TRUE
[286]  TRUE FALSE FALSE  TRUE  TRUE FALSE  TRUE  TRUE  TRUE  TRUE  TRUE  TRUE  TRUE  TRUE  TRUE  TRUE  TRUE  TRUE FALSE
[305] FALSE  TRUE  TRUE  TRUE  TRUE FALSE  TRUE  TRUE  TRUE  TRUE  TRUE  TRUE  TRUE  TRUE  TRUE  TRUE  TRUE FALSE  TRUE
[324]  TRUE  TRUE  TRUE FALSE  TRUE  TRUE  TRUE FALSE FALSE  TRUE  TRUE  TRUE  TRUE  TRUE FALSE  TRUE  TRUE  TRUE  TRUE
[343]  TRUE  TRUE  TRUE  TRUE  TRUE  TRUE  TRUE  TRUE  TRUE  TRUE  TRUE  TRUE  TRUE  TRUE  TRUE  TRUE  TRUE  TRUE  TRUE
[362]  TRUE  TRUE  TRUE  TRUE  TRUE  TRUE FALSE FALSE  TRUE  TRUE  TRUE  TRUE  TRUE  TRUE  TRUE  TRUE  TRUE  TRUE  TRUE
[381]  TRUE  TRUE  TRUE  TRUE FALSE  TRUE  TRUE FALSE  TRUE  TRUE  TRUE  TRUE  TRUE  TRUE  TRUE  TRUE  TRUE FALSE  TRUE
[400]  TRUE  TRUE FALSE  TRUE  TRUE FALSE FALSE  TRUE  TRUE  TRUE  TRUE  TRUE  TRUE  TRUE  TRUE  TRUE  TRUE FALSE  TRUE
[419]  TRUE  TRUE FALSE  TRUE  TRUE  TRUE  TRUE  TRUE  TRUE  TRUE  TRUE  TRUE FALSE  TRUE  TRUE  TRUE  TRUE  TRUE  TRUE
[438]  TRUE  TRUE  TRUE  TRUE  TRUE FALSE  TRUE  TRUE FALSE FALSE  TRUE  TRUE FALSE  TRUE  TRUE  TRUE  TRUE  TRUE  TRUE
[457]  TRUE FALSE  TRUE FALSE  TRUE  TRUE  TRUE  TRUE FALSE  TRUE  TRUE  TRUE  TRUE  TRUE  TRUE  TRUE FALSE  TRUE  TRUE
[476] FALSE  TRUE  TRUE FALSE  TRUE  TRUE  TRUE  TRUE FALSE  TRUE  TRUE  TRUE  TRUE FALSE  TRUE  TRUE  TRUE  TRUE  TRUE
[495]  TRUE  TRUE  TRUE  TRUE  TRUE  TRUE  TRUE  TRUE FALSE  TRUE  TRUE  TRUE FALSE  TRUE  TRUE  TRUE  TRUE  TRUE  TRUE
[514]  TRUE  TRUE  TRUE  TRUE  TRUE  TRUE  TRUE  TRUE  TRUE  TRUE  TRUE  TRUE  TRUE  TRUE FALSE  TRUE  TRUE  TRUE  TRUE
[533] FALSE  TRUE  TRUE  TRUE  TRUE  TRUE  TRUE  TRUE  TRUE  TRUE  TRUE  TRUE  TRUE  TRUE  TRUE  TRUE  TRUE  TRUE  TRUE
[552]  TRUE  TRUE  TRUE  TRUE  TRUE FALSE  TRUE  TRUE  TRUE  TRUE  TRUE  TRUE  TRUE  TRUE  TRUE  TRUE  TRUE  TRUE  TRUE
[571]  TRUE  TRUE  TRUE  TRUE  TRUE  TRUE  TRUE  TRUE  TRUE  TRUE  TRUE  TRUE  TRUE  TRUE  TRUE FALSE  TRUE  TRUE  TRUE
[590]  TRUE  TRUE  TRUE  TRUE  TRUE  TRUE  TRUE  TRUE  TRUE  TRUE  TRUE  TRUE  TRUE  TRUE  TRUE  TRUE  TRUE  TRUE  TRUE
[609]  TRUE  TRUE  TRUE  TRUE  TRUE  TRUE  TRUE  TRUE  TRUE  TRUE  TRUE  TRUE  TRUE  TRUE  TRUE  TRUE  TRUE  TRUE  TRUE
[628] FALSE  TRUE  TRUE  TRUE  TRUE  TRUE  TRUE  TRUE  TRUE  TRUE  TRUE  TRUE  TRUE  TRUE  TRUE  TRUE  TRUE  TRUE  TRUE
[647]  TRUE  TRUE  TRUE

