
Birth-death simulation object with 579 species and 500 extant species

Details for some species:

Extinction times (NA means extant)
[1] 32.08930       NA 21.36958 19.81029 33.06207 20.92107


Speciation times 
[1] 55.04296 37.77203 37.40744 37.51655 36.77867 35.20817


Species parents (NA for initial)
[1] NA  1  1  2  2  2


Species status (extinct or extant)
[1] "extinct" "extant"  "extinct" "extinct" "extinct" "extinct"


For more details on vector y, try sim$y, with y one of
TE TS PAR EXTANT



$TE
  [1] 32.08929929          NA 21.36958252 19.81028804 33.06206981 20.92107168  6.17517886          NA          NA
 [10] 13.59910594          NA          NA          NA          NA          NA          NA          NA          NA
 [19]          NA          NA          NA          NA  8.12549106          NA          NA 16.45798969          NA
 [28]          NA          NA          NA  6.58017109          NA          NA          NA 10.51773291          NA
 [37]          NA          NA          NA          NA 27.46799315 20.88509264  2.80736409          NA          NA
 [46]          NA          NA          NA          NA          NA  4.16360776          NA          NA          NA
 [55]          NA          NA  0.30850845          NA 21.69804807          NA          NA          NA          NA
 [64]          NA          NA 10.77562401          NA          NA  1.77817671          NA 14.28326298  0.09099375
 [73]          NA          NA          NA          NA          NA          NA          NA          NA          NA
 [82]          NA  6.25903548          NA 12.96974732          NA          NA          NA  0.72472413  4.26946879
 [91]          NA          NA          NA          NA          NA          NA 19.06955918          NA          NA
[100]          NA          NA          NA          NA          NA  3.86919800          NA          NA          NA
[109]          NA          NA  0.93496859          NA 11.06971795          NA          NA          NA          NA
[118]          NA          NA          NA          NA  9.74721725  0.27788973  4.76579045          NA          NA
[127]          NA  1.43411091          NA          NA          NA          NA          NA  9.87069469          NA
[136]          NA          NA          NA  8.11892537          NA  3.06216997          NA          NA  5.61062361
[145]          NA  1.90702276          NA          NA          NA          NA  8.05492245          NA          NA
[154]          NA          NA          NA          NA          NA          NA  9.50787995          NA  1.94691157
[163]          NA 11.77740749          NA  7.60727462          NA          NA          NA          NA          NA
[172]          NA          NA          NA          NA  3.26477367  0.89403972          NA          NA          NA
[181]          NA  4.29012954          NA          NA          NA          NA          NA          NA          NA
[190]          NA          NA          NA          NA          NA          NA          NA          NA          NA
[199]          NA          NA  2.09924218          NA          NA          NA  6.25502103          NA          NA
[208]          NA          NA          NA          NA          NA          NA          NA          NA          NA
[217]          NA          NA          NA          NA          NA          NA          NA          NA          NA
[226]          NA          NA          NA          NA  8.22727877          NA          NA  2.56851579  4.80620001
[235]          NA          NA  4.65714010          NA          NA          NA          NA          NA          NA
[244]          NA          NA          NA          NA          NA          NA          NA          NA          NA
[253]  2.79859696          NA          NA  6.00342402          NA          NA          NA          NA  1.45847246
[262]          NA          NA  1.60006974  3.84583352          NA          NA          NA          NA          NA
[271]          NA          NA          NA          NA          NA          NA          NA          NA          NA
[280]          NA          NA          NA  7.08611860          NA          NA          NA          NA          NA
[289]          NA          NA          NA          NA          NA          NA          NA          NA          NA
[298]          NA          NA          NA          NA          NA          NA          NA          NA          NA
[307]          NA          NA          NA          NA          NA          NA          NA          NA          NA
[316]          NA          NA          NA          NA  3.18191711          NA          NA          NA  2.76811537
[325]  3.90737779          NA          NA          NA          NA          NA          NA          NA          NA
[334]          NA          NA          NA          NA          NA          NA          NA          NA          NA
[343]          NA          NA          NA          NA          NA          NA          NA          NA          NA
[352]  0.29929955          NA  2.67572208          NA          NA  3.32393349          NA          NA          NA
[361]          NA          NA          NA          NA  5.17555988          NA          NA          NA          NA
[370]  2.29922458          NA          NA          NA          NA          NA          NA          NA          NA
[379]          NA          NA          NA          NA          NA          NA          NA          NA          NA
[388]          NA          NA  0.25807709          NA          NA  2.50435898          NA          NA          NA
[397]          NA          NA          NA          NA          NA          NA          NA          NA          NA
[406]          NA          NA          NA          NA          NA          NA          NA          NA          NA
[415]          NA          NA          NA  0.50269354          NA          NA  0.57619379          NA          NA
[424]          NA          NA          NA          NA          NA          NA          NA          NA          NA
[433]          NA          NA          NA          NA          NA          NA          NA          NA          NA
[442]          NA  1.24629820          NA          NA  2.44432499          NA          NA          NA          NA
[451]          NA          NA          NA  0.10248972          NA          NA          NA          NA          NA
[460]          NA          NA          NA          NA  0.35028764          NA          NA          NA          NA
[469]          NA          NA          NA          NA          NA          NA          NA          NA          NA
[478]          NA          NA          NA  0.17807333          NA          NA  0.76760415          NA          NA
[487]          NA          NA          NA          NA          NA          NA          NA  2.35544382          NA
[496]          NA          NA          NA          NA          NA          NA          NA          NA          NA
[505]          NA          NA          NA          NA          NA          NA          NA          NA          NA
[514]          NA          NA          NA          NA          NA          NA          NA          NA          NA
[523]          NA          NA          NA          NA          NA          NA          NA          NA  1.42696663
[532]          NA          NA          NA          NA          NA          NA          NA          NA          NA
[541]          NA          NA          NA          NA          NA          NA          NA          NA          NA
[550]  0.54698350          NA          NA          NA          NA          NA          NA          NA          NA
[559]          NA          NA          NA          NA          NA          NA          NA          NA          NA
[568]          NA          NA          NA          NA          NA          NA          NA          NA          NA
[577]          NA          NA          NA

$TS
  [1] 55.042961272 37.772032502 37.407444916 37.516545792 36.778669319 35.208172586  7.076052451  3.831857341
  [9] 23.155516666 29.045533168 34.542359290 32.595785490 29.374078878 15.014332629  5.647524533 28.167081003
 [17] 19.605138026 14.636091934  5.825253212 28.461805458 28.453856558 26.284549622 24.833530670 21.712670072
 [25] 18.922216561 18.031423401 13.183239849 12.256106412 11.911260388  8.702344439  7.067204909  0.822168160
 [33]  0.681387100  0.018529521 26.944432135 22.112960637 21.399497326 15.512334063 14.483750606  8.799290825
 [41] 27.972227377 21.157818286 14.788510845 13.020374073  7.268421554  5.925968295 15.373441827 13.831944332
 [49]  2.159374204 23.220761643 14.612550892 25.365612234 23.999886726 22.506580983 17.790691980  4.466924209
 [57]  1.555590113  0.366756957 23.189105940 21.536873168 20.037664866 13.654599438  8.042525677  6.800741007
 [65] 20.796620365 12.115003809 10.878563477  5.227489089  5.082846216  1.511494809 20.403076995 20.204133975
 [73] 18.724976791 10.189522568  9.832385984 17.839082502 15.580984791  8.770911684  2.617277633  1.454173600
 [81]  0.508284533 20.246841635 14.845690511 14.353781244 13.221872939 10.992434897  9.129495586  8.122157984
 [89]  1.862872547 20.265544238 11.851820168 11.795683113  3.644607858  9.057859702  2.134185464  0.642748184
 [97] 19.594240053 16.980147968 11.714848492 11.628489558 10.149886804 10.009978054  4.314239351 18.697831303
[105] 16.431236860  4.504423985  9.756841692  9.408892906  8.167754275  0.524587556 16.457167851 16.280494975
[113] 12.514384408  7.954627686  7.714428653  8.624090733  4.329932252  2.981886509 13.859707099 11.322690472
[121] 10.846398421 10.803914128  9.029945229  7.629316869  7.013137764  0.243704907 15.840991817 15.398805935
[129]  6.057168084 17.810254860 12.589209622  8.602530854 13.982908605 13.539793267  2.005312376  1.820697018
[137] 12.934298934 12.924132642 11.881679703  4.851285910  7.177410544 10.270738984  9.040235538  8.118758565
[145]  0.034347702 12.789313818 11.417167709  6.250184440  1.773041525 12.234597082 12.191228335 10.441525815
[153]  1.822746828 13.526777025  4.898099424  1.681946945 12.368014490 10.039068147  6.670847310 14.224569277
[161]  7.119370271  8.019660195  4.188571279 14.249117352 12.150702960 11.706957895 11.165744456  6.906818313
[169]  4.510978268  3.016788378 13.458880716 14.052987849 11.016175948 11.304343423  8.951571059  6.448182299
[177]  3.279835182  6.096986010  5.357435655  4.820840314 11.075585175  6.515091292  8.752305387  3.655398814
[185]  1.448485961 12.290805600  9.862866111  3.761992995 11.973725840 10.365239031 11.705233017  7.270692721
[193]  3.368207602  0.554994714  6.816092490  4.807060392  0.683001238  0.576072639  4.267212874  8.960211275
[201]  6.788454559  2.345701725 12.314645766  9.573753948 10.763111482  6.292073310  5.470894320  4.187715672
[209] 10.766959117  9.370051555  5.884681045  3.654394142  1.563175253  1.517856012  4.619036319  6.977199563
[217]  3.166407156  9.225540931  5.820343031  2.245855553 11.228686159 10.270303032  4.281678886  1.198147198
[225]  7.029993446  1.451249885  0.001920693 11.050200297 10.820929158  8.690738064  3.496593858  6.097833046
[233]  4.443387469 10.186679090 10.157053141  6.300333228  8.428493099  5.060831160  3.169768159  6.419277838
[241]  6.267327690  2.154135686  1.463400257  0.127819976  9.017476581  1.699005854  9.833969677  9.922883149
[249]  8.410104071  7.629611111  4.652105649  3.326869999  2.977053574  4.205715775  2.262519968  6.275162792
[257]  9.681197143  8.423113571  4.686016746  1.376828868  4.269352258  3.369101137  9.732771764  7.119962989
[265]  9.882477828  7.204276825  6.369347357  5.655523586  1.462032084  9.340125699  8.648494677  2.040091394
[273]  1.388403152  8.071149984  6.665325749  1.860208879  9.578019649  7.373260023  2.567818181  6.684619681
[281]  3.922342942  1.582186123  8.414300098  4.289996169  3.204954523  3.174572262  5.492763513  8.713476382
[289]  6.734001689  6.336641630  8.438280861  3.380310401  3.233236866  0.199443006  8.146933168  6.602073141
[297]  6.698385466  3.308515610  6.443039003  1.033755509  0.800091523  7.485177150  5.168342515  4.890292311
[305]  1.680681381  0.739143626  7.770949515  4.626917977  3.863082920  7.052175475  3.118647153  2.394690020
[313]  2.275551571  1.917825821  0.867767091  0.837383968  4.971604886  6.349566658  5.098360937  6.897622063
[321]  6.613253847  4.099012960  8.264178561  7.793164904  5.663083187  4.549685733  4.058169978  1.644729316
[329]  1.289133280  0.848988874  5.874863251  2.504642955  5.869911832  6.332992357  2.264459084  4.073872017
[337]  0.291644986  6.206255435  4.350290600  2.243311869  1.715391289  1.515809310  2.863262942  5.597766489
[345]  4.102647032  7.629302128  3.623224879  1.578752026  7.252835050  1.848633830  0.386617284  7.392278526
[353]  6.279142043  5.494204192  4.346495960  3.781021050  5.521565980  5.469124969  1.080999886  0.248277699
[361]  6.968142288  2.458504698  4.870060209  3.605861405  5.720153561  3.921710919  3.785043525  3.492296739
[369]  3.427946081  2.376960311  1.076192574  0.832271069  0.806652803  4.742764806  4.609457835  4.406132980
[377]  4.260730320  6.588299704  4.490928993  4.109309817  5.588481819  2.399046325  0.553332636  4.849526367
[385]  5.359010323  0.630576540  1.185241158  5.774283234  4.092373550  1.369796103  0.601251160  0.411425492
[393]  4.142407935  2.233807253  1.670561714  0.873753733  5.969448062  1.137197050  3.840502804  2.918839506
[401]  0.975442330  1.423016926  1.912942056  5.097108405  2.760909431  5.610428623  4.776529143  1.975506751
[409]  5.079244612  4.840502400  5.445980679  1.033791391  4.857109848  3.359348993  0.009338358  1.434398953
[417]  3.642722670  1.397892753  2.960001031  2.454832248  1.390216019  0.758401358  3.027817729  1.401018503
[425]  0.542667452  2.305513722  2.184809858  1.119288657  4.255872198  3.472519795  0.467229686  2.729967965
[433]  1.007173701  2.205428227  3.847118527  3.279286408  0.920833603  3.762366477  1.461217009  0.141700575
[441]  2.874170278  2.326869262  2.678782865  1.720244137  4.042007656  3.065899095  1.891903256  4.665702924
[449]  1.961668298  4.533742576  3.519628303  2.436447723  2.419445736  0.177827757  3.310894855  0.809561642
[457]  4.335363408  2.838818973  0.813710970  3.377644275  2.834786215  0.915905215  0.892850630  1.837694653
[465]  1.366447101  2.829725477  4.095917880  3.076509792  3.079346652  1.966935915  0.126023148  3.965675215
[473]  3.273372591  2.335468020  0.401735059  3.834775132  3.695588285  1.061314378  2.163731877  2.712829552
[481]  1.807911052  3.693321412  2.964815024  1.457481752  3.362875634  2.656428218  0.226399260  3.191619152
[489]  1.145363150  1.598607710  2.455335024  1.434008478  1.927283864  2.416182314  1.861084371  2.323697129
[497]  3.400051944  3.296462644  2.715498353  2.213318307  3.132773214  0.132883431  1.924977032  2.339202816
[505]  2.749589167  1.227314725  0.846395511  2.563490140  0.455046898  0.427279636  2.603660301  0.440709236
[513]  1.691997772  2.852253546  1.373145592  2.596295167  2.052223544  2.607900261  1.305319692  2.011309657
[521]  0.714826087  0.664353880  1.936893508  1.427862247  1.806237858  1.620197343  1.735400918  1.777008845
[529]  1.881331014  2.218345808  1.454770475  2.109978107  1.400724160  0.505124090  2.201495368  1.509635223
[537]  0.624491804  0.360207893  1.729455169  1.748055541  0.705585633  1.752728974  0.384865590  1.224399672
[545]  1.368058880  0.527056733  0.914966590  1.531905081  0.460595884  1.103352040  0.331837167  0.919404825
[553]  1.682410389  1.318024276  0.746323368  0.833428377  1.107387214  1.240871090  0.314340297  0.082923461
[561]  0.614720902  0.215741483  0.460917150  1.427483351  0.090597751  0.631288223  0.951522961  0.711243759
[569]  0.365384536  1.078236450  0.095468459  0.417288716  0.946683542  0.302275548  0.222495814  0.444206569
[577]  0.257372203  0.148388510  0.193212991

$PAR
  [1]  NA   1   1   2   2   2   2   2   4   3   6   6   6  11  11  12  12  12  12  13  13  13  13  13  13  13  13  13
 [29]  13  13  13  13  13  13  10  20  20  20  20  20  21  21  21  21  21  21  16  16  16  35  35  22  22  22  22  22
 [57]  52  52  23  23  53  53  53  53  50  54  54  54  54  54  36  36  36  36  36  24  24  24  24  24  24  60  60  60
 [85]  60  60  60  60  60  37  37  37  37  65  65  65  90  90  90  90  90  90  90  82  82  82  72  72  72  72  61  61
[113]  61  61  61  17  17  17  25  25  25  73  73  73  73  73 104 104 104  26  76  76 130 130 130 130  55  55  98 111
[141] 105 112 112 112 112 127 127 127 127  38  38  38  38 128 128 128  47  47  47  83  83  43  51  39  39  39  39  39
[169]  39  84 164 160 160 172 172 172 172 133 133 133 119  48  62  62  62 154 154 154 171 171  44  44  44  44 137 137
[197] 137 137 146 131 131 131 157 157 186  28 150 150 165 165 165 165 165 165 189  29  29 139  92  99 166 100 100 100
[225] 147 147 147 120 120 120 120 174 174 167 167 167 181 181  86  67  67  67 121 121 229 229 122 205 205 205 152 142
[253] 142 222 222  74 234 235 235 235 101 101 158 102 248 248 248 248 248 265 187 187 187 247 247 247  75  75 263 257
[281] 257 257 277 204 108 108 210 270 270 270 218 218 218 218  87  94 143 143 123 123 245 200 200 200 175 175  40  40
[309]  40  78  78  78  78 183 183 183 288  30  30 132 132 132 291 258 258 258 258 258 258 258 249 249 323 109 109 295
[337] 295 274  63  63  63  63 162 324 324 307 307 307 115 250 250 124 124 346 192 192  45 349 349 349 266 266 141 141
[365] 264 264 264 264 264 264 161 310 310 125 125 216 361 168 320 320 201 201 297 280 159 275 321 176 176 299 299 240
[393] 318 318 318 318 334 334 206 206 206 353 241 148 338 129 129 129 397 397 211 331 333 333 333 219 388 268 381 381
[421] 381 381 354 287 207 411 411 411  68  68 319  69 409 317 155 155 155 304 304 363 140 140 384 180 407 407 407 374
[449] 251 308 308 215 215 326 106 106 379 379  56 233 376 339 117 261 199 377 429 429 254 163 163 393 380 345 322 467
[477] 467 467 389 327 327 472 472 472 281 281 281 366 366 399 476 477 482 451 451 231 368 193 193 414 252 252 455 436
[505] 293 285 488 286 286 239 501 469 468 118 118 419 419 441 441 458 458 466 405 405 505 505 432 486 518 279 332 452
[533] 453 382 312 313 313 313 335 394 394 530 530 535  49 532 520 523 493 447 447  89 276 276 276 350 528 540 539 305
[561] 526 214 243 269 226 492 533 421 390 428 428 371 300 521 198 110  81 572 575

$EXTANT
  [1] FALSE  TRUE FALSE FALSE FALSE FALSE FALSE  TRUE  TRUE FALSE  TRUE  TRUE  TRUE  TRUE  TRUE  TRUE  TRUE  TRUE  TRUE
 [20]  TRUE  TRUE  TRUE FALSE  TRUE  TRUE FALSE  TRUE  TRUE  TRUE  TRUE FALSE  TRUE  TRUE  TRUE FALSE  TRUE  TRUE  TRUE
 [39]  TRUE  TRUE FALSE FALSE FALSE  TRUE  TRUE  TRUE  TRUE  TRUE  TRUE  TRUE FALSE  TRUE  TRUE  TRUE  TRUE  TRUE FALSE
 [58]  TRUE FALSE  TRUE  TRUE  TRUE  TRUE  TRUE  TRUE FALSE  TRUE  TRUE FALSE  TRUE FALSE FALSE  TRUE  TRUE  TRUE  TRUE
 [77]  TRUE  TRUE  TRUE  TRUE  TRUE  TRUE FALSE  TRUE FALSE  TRUE  TRUE  TRUE FALSE FALSE  TRUE  TRUE  TRUE  TRUE  TRUE
 [96]  TRUE FALSE  TRUE  TRUE  TRUE  TRUE  TRUE  TRUE  TRUE FALSE  TRUE  TRUE  TRUE  TRUE  TRUE FALSE  TRUE FALSE  TRUE
[115]  TRUE  TRUE  TRUE  TRUE  TRUE  TRUE  TRUE FALSE FALSE FALSE  TRUE  TRUE  TRUE FALSE  TRUE  TRUE  TRUE  TRUE  TRUE
[134] FALSE  TRUE  TRUE  TRUE  TRUE FALSE  TRUE FALSE  TRUE  TRUE FALSE  TRUE FALSE  TRUE  TRUE  TRUE  TRUE FALSE  TRUE
[153]  TRUE  TRUE  TRUE  TRUE  TRUE  TRUE  TRUE FALSE  TRUE FALSE  TRUE FALSE  TRUE FALSE  TRUE  TRUE  TRUE  TRUE  TRUE
[172]  TRUE  TRUE  TRUE  TRUE FALSE FALSE  TRUE  TRUE  TRUE  TRUE FALSE  TRUE  TRUE  TRUE  TRUE  TRUE  TRUE  TRUE  TRUE
[191]  TRUE  TRUE  TRUE  TRUE  TRUE  TRUE  TRUE  TRUE  TRUE  TRUE FALSE  TRUE  TRUE  TRUE FALSE  TRUE  TRUE  TRUE  TRUE
[210]  TRUE  TRUE  TRUE  TRUE  TRUE  TRUE  TRUE  TRUE  TRUE  TRUE  TRUE  TRUE  TRUE  TRUE  TRUE  TRUE  TRUE  TRUE  TRUE
[229]  TRUE FALSE  TRUE  TRUE FALSE FALSE  TRUE  TRUE FALSE  TRUE  TRUE  TRUE  TRUE  TRUE  TRUE  TRUE  TRUE  TRUE  TRUE
[248]  TRUE  TRUE  TRUE  TRUE  TRUE FALSE  TRUE  TRUE FALSE  TRUE  TRUE  TRUE  TRUE FALSE  TRUE  TRUE FALSE FALSE  TRUE
[267]  TRUE  TRUE  TRUE  TRUE  TRUE  TRUE  TRUE  TRUE  TRUE  TRUE  TRUE  TRUE  TRUE  TRUE  TRUE  TRUE FALSE  TRUE  TRUE
[286]  TRUE  TRUE  TRUE  TRUE  TRUE  TRUE  TRUE  TRUE  TRUE  TRUE  TRUE  TRUE  TRUE  TRUE  TRUE  TRUE  TRUE  TRUE  TRUE
[305]  TRUE  TRUE  TRUE  TRUE  TRUE  TRUE  TRUE  TRUE  TRUE  TRUE  TRUE  TRUE  TRUE  TRUE  TRUE FALSE  TRUE  TRUE  TRUE
[324] FALSE FALSE  TRUE  TRUE  TRUE  TRUE  TRUE  TRUE  TRUE  TRUE  TRUE  TRUE  TRUE  TRUE  TRUE  TRUE  TRUE  TRUE  TRUE
[343]  TRUE  TRUE  TRUE  TRUE  TRUE  TRUE  TRUE  TRUE  TRUE FALSE  TRUE FALSE  TRUE  TRUE FALSE  TRUE  TRUE  TRUE  TRUE
[362]  TRUE  TRUE  TRUE FALSE  TRUE  TRUE  TRUE  TRUE FALSE  TRUE  TRUE  TRUE  TRUE  TRUE  TRUE  TRUE  TRUE  TRUE  TRUE
[381]  TRUE  TRUE  TRUE  TRUE  TRUE  TRUE  TRUE  TRUE  TRUE FALSE  TRUE  TRUE FALSE  TRUE  TRUE  TRUE  TRUE  TRUE  TRUE
[400]  TRUE  TRUE  TRUE  TRUE  TRUE  TRUE  TRUE  TRUE  TRUE  TRUE  TRUE  TRUE  TRUE  TRUE  TRUE  TRUE  TRUE  TRUE FALSE
[419]  TRUE  TRUE FALSE  TRUE  TRUE  TRUE  TRUE  TRUE  TRUE  TRUE  TRUE  TRUE  TRUE  TRUE  TRUE  TRUE  TRUE  TRUE  TRUE
[438]  TRUE  TRUE  TRUE  TRUE  TRUE FALSE  TRUE  TRUE FALSE  TRUE  TRUE  TRUE  TRUE  TRUE  TRUE  TRUE FALSE  TRUE  TRUE
[457]  TRUE  TRUE  TRUE  TRUE  TRUE  TRUE  TRUE FALSE  TRUE  TRUE  TRUE  TRUE  TRUE  TRUE  TRUE  TRUE  TRUE  TRUE  TRUE
[476]  TRUE  TRUE  TRUE  TRUE  TRUE FALSE  TRUE  TRUE FALSE  TRUE  TRUE  TRUE  TRUE  TRUE  TRUE  TRUE  TRUE  TRUE FALSE
[495]  TRUE  TRUE  TRUE  TRUE  TRUE  TRUE  TRUE  TRUE  TRUE  TRUE  TRUE  TRUE  TRUE  TRUE  TRUE  TRUE  TRUE  TRUE  TRUE
[514]  TRUE  TRUE  TRUE  TRUE  TRUE  TRUE  TRUE  TRUE  TRUE  TRUE  TRUE  TRUE  TRUE  TRUE  TRUE  TRUE  TRUE FALSE  TRUE
[533]  TRUE  TRUE  TRUE  TRUE  TRUE  TRUE  TRUE  TRUE  TRUE  TRUE  TRUE  TRUE  TRUE  TRUE  TRUE  TRUE  TRUE FALSE  TRUE
[552]  TRUE  TRUE  TRUE  TRUE  TRUE  TRUE  TRUE  TRUE  TRUE  TRUE  TRUE  TRUE  TRUE  TRUE  TRUE  TRUE  TRUE  TRUE  TRUE
[571]  TRUE  TRUE  TRUE  TRUE  TRUE  TRUE  TRUE  TRUE  TRUE

