
Birth-death simulation object with 696 species and 500 extant species

Details for some species:

Extinction times (NA means extant)
[1] 71.72726  6.96716 66.68611 32.54438 36.28750 49.45551


Speciation times 
[1] 79.86009 78.06875 75.94953 56.92650 55.41410 49.98909


Species parents (NA for initial)
[1] NA  1  1  2  2  2


Species status (extinct or extant)
[1] "extinct" "extinct" "extinct" "extinct" "extinct" "extinct"


For more details on vector y, try sim$y, with y one of
TE TS PAR EXTANT



$TE
  [1] 71.72726274  6.96715961 66.68610909 32.54437894 36.28750230 49.45550999 14.04042906  6.26858023          NA
 [10]  2.00429710          NA          NA 12.41343548          NA 38.65078820 46.66400680          NA          NA
 [19] 24.56357121  4.84282477 44.50418395          NA 18.84739165          NA          NA          NA 11.72467030
 [28]  1.07396518 10.56337996 30.93061536          NA          NA 19.18511047          NA  7.92511719 21.72394880
 [37]          NA 27.35306044          NA          NA  5.15853627 17.08070322          NA          NA 17.27986581
 [46]  2.74187719          NA 30.11950029 27.41411756  6.71781009 23.27546603  7.32716843          NA  7.50109030
 [55] 22.26978514  3.02113125          NA          NA          NA          NA 21.65525912  2.41019477 17.55330417
 [64]          NA 16.80353972 11.88961005          NA 25.21295379          NA 25.81406703 19.03366655  6.02556793
 [73]          NA          NA          NA 11.79482021          NA          NA          NA          NA 36.43093369
 [82] 10.21146753          NA 36.22062337 28.27335950 10.27147349  1.82784521 15.59478783          NA 21.26849203
 [91]  9.26612511  1.14917254          NA          NA          NA 10.04955850  2.61108157          NA          NA
[100]          NA          NA  3.45928635          NA          NA 24.41079411          NA 27.23002754 18.09962177
[109]          NA          NA  7.04274490          NA          NA          NA          NA  9.22248948          NA
[118]          NA          NA 19.36772476  7.75660984 23.44289172 19.27165649 21.11959692          NA          NA
[127]  5.21043960          NA          NA  1.33178420  4.56984638          NA          NA          NA 14.78433953
[136]          NA 11.30506806 15.23085788          NA 19.21301173 16.55537440          NA 14.16691318          NA
[145]          NA          NA  8.62630011          NA          NA          NA  6.26607319          NA          NA
[154]          NA 13.03328907          NA          NA          NA          NA          NA          NA  0.44092002
[163]  3.28433663 12.47312103  9.54303403          NA          NA  4.86491562 18.99736816 12.97864974  8.26401183
[172]          NA  1.01302515  0.62241186          NA  8.09862818 10.15372806  3.22429325          NA          NA
[181]          NA          NA  1.69000011 16.77439083          NA          NA          NA 15.27025080  9.54781761
[190]          NA          NA  5.27849193  6.28824396          NA          NA          NA          NA 14.51669729
[199]  0.22197648          NA 18.10097656          NA 10.94191657          NA          NA  6.87767308          NA
[208]          NA          NA          NA  1.19664989          NA 19.02113865          NA 14.13555609  0.46949459
[217]          NA          NA          NA          NA          NA          NA          NA          NA          NA
[226]          NA 18.33461639          NA 14.51119258          NA 18.08260165  3.78624848          NA          NA
[235] 20.27631777          NA          NA 16.98797815  0.57999204  4.14855077          NA          NA          NA
[244]          NA          NA          NA  6.67968573          NA          NA          NA 13.70019538          NA
[253]          NA  9.16891342          NA          NA 17.47438737          NA          NA 10.40622153  6.36067173
[262]          NA  7.76932254          NA          NA          NA          NA          NA          NA          NA
[271]          NA  4.11541936          NA          NA          NA          NA          NA          NA          NA
[280]          NA  9.29924308          NA          NA          NA 12.81644151 10.57821031  3.42103387 14.78594137
[289]  1.36605751          NA          NA  2.62405416          NA  5.88308433          NA          NA          NA
[298]          NA          NA          NA          NA          NA          NA          NA          NA          NA
[307]  1.31060222  1.90211153          NA          NA  1.22663868          NA          NA          NA          NA
[316]  6.37319882          NA          NA          NA          NA          NA 13.75462928          NA          NA
[325]          NA          NA  0.73988107          NA          NA          NA          NA          NA  2.29744902
[334]  9.44805046          NA          NA          NA          NA          NA          NA          NA          NA
[343] 13.98823989  1.37499500          NA          NA  7.76885665  7.46369295          NA  6.96261645          NA
[352]          NA          NA          NA          NA  2.68870999          NA          NA          NA  5.75855775
[361]          NA  8.57460518  6.98510264          NA          NA          NA          NA          NA          NA
[370]          NA          NA          NA          NA          NA          NA  7.40048831          NA          NA
[379]          NA  6.25181712          NA          NA  3.89010146  2.60172832  0.42245854          NA          NA
[388]          NA  8.22613249          NA          NA          NA          NA  1.86469293          NA          NA
[397]  2.17821555          NA          NA          NA          NA          NA          NA          NA          NA
[406]          NA          NA          NA          NA  3.98985687          NA          NA  5.49087857  5.20851697
[415]          NA          NA          NA          NA  9.64596644          NA  4.66542756  3.10917056          NA
[424]          NA          NA          NA          NA          NA          NA          NA          NA          NA
[433]          NA  1.97744936          NA  7.37295451          NA          NA          NA          NA          NA
[442]          NA  2.83303687          NA          NA          NA          NA          NA  0.97103928          NA
[451]          NA          NA          NA          NA          NA  0.18648454          NA          NA          NA
[460]  6.72479690  0.07665487          NA          NA          NA          NA          NA          NA          NA
[469]          NA          NA          NA  4.26425783          NA          NA          NA          NA  6.29683177
[478]          NA          NA          NA          NA          NA          NA  4.67935844          NA          NA
[487]  1.37312149          NA          NA  8.50368644          NA          NA          NA          NA          NA
[496]          NA          NA          NA          NA          NA  4.58286149          NA          NA  2.03224600
[505]          NA          NA          NA          NA          NA          NA  3.17308651          NA          NA
[514]          NA          NA          NA          NA          NA          NA          NA          NA          NA
[523]          NA          NA          NA          NA          NA          NA          NA          NA          NA
[532]          NA  4.43292202          NA          NA          NA          NA          NA          NA          NA
[541]  2.93238559          NA          NA          NA          NA          NA          NA  5.24431596          NA
[550]  0.33165619          NA          NA          NA          NA          NA  1.15463482          NA          NA
[559]          NA          NA          NA          NA          NA          NA          NA          NA          NA
[568]          NA          NA          NA          NA          NA          NA          NA          NA          NA
[577]          NA          NA          NA          NA          NA          NA          NA          NA          NA
[586]          NA          NA          NA  1.02899412          NA          NA  0.81678956          NA  3.25136702
[595]          NA          NA          NA          NA          NA          NA          NA          NA  3.51016474
[604]  0.07202334          NA          NA          NA          NA          NA          NA  0.01833834          NA
[613]          NA          NA          NA          NA          NA          NA          NA          NA          NA
[622]  3.68702588          NA          NA          NA          NA          NA          NA          NA          NA
[631]          NA          NA          NA          NA          NA          NA          NA          NA          NA
[640]          NA          NA  0.88577000          NA          NA          NA          NA          NA          NA
[649]          NA  0.62517611          NA          NA          NA  3.14601995          NA          NA          NA
[658]          NA          NA          NA          NA          NA          NA          NA          NA          NA
[667]          NA          NA          NA  1.03248082          NA          NA          NA          NA          NA
[676]          NA          NA          NA          NA  0.83248851          NA          NA          NA          NA
[685]          NA          NA          NA          NA          NA          NA          NA          NA          NA
[694]          NA          NA          NA

$TS
  [1] 79.860086737 78.068750535 75.949529879 56.926504326 55.414100682 49.989091635 49.543552727 49.482050916
  [9] 46.868349217 40.635332575 30.271798827 22.637732514 20.067374503  9.308485514 68.282227173 53.867028662
 [17] 50.095958934 46.342379577 37.953367202 52.057745776 50.005814622 51.680478822 45.161076821 32.731050524
 [25] 29.679650178 25.776196861 14.512446913 12.072038085 51.222636576 47.550810205 45.194312168 31.248086978
 [33] 30.505920764 30.455466060 29.785423960 23.014192573 10.028659303 34.450286631 30.196057804 23.495466255
 [41] 20.091053059 19.140923781 17.178207551 14.352500058 19.787397077  9.162280921  9.124009569 45.461883733
 [49] 35.895937345 22.903601664 39.925210349 23.808809754 43.728676186 40.952633956 31.945030529 24.130005334
 [57]  9.135191045  0.280615144 35.956262458 34.627641562 24.231006468  7.245047747 38.788428203 31.153502801
 [65] 17.527740398 14.570718957  9.837113554 38.135389770 28.868497530 25.895594000 22.791268513 18.954005702
 [73] 33.280184040 27.112616228 40.581688184 35.669172929 35.218655511 20.997069813 37.606830710 17.581289748
 [81] 37.462905052 30.241441261 26.669639230 37.769539907 34.432729096 34.171194297 25.962123570 30.434317577
 [89] 18.646610218 25.231613607 14.268943610  7.414588098  6.278990171  3.951098114  0.740738972 31.439258260
 [97] 30.740117041 12.418892576 24.394189881 23.577815343 10.652283228 15.346331340 32.382214824 31.880130739
[105] 33.656112423 33.148224743 30.452613195 25.352416542 29.704752816 12.414040352 16.288611608 21.671683845
[113] 14.954626243  8.127815660  7.394131271 17.785003406  5.323471834  3.587303564 23.614451823 20.653120064
[121] 14.094898192 25.219121143 28.692082415 28.275608134 19.884453653  4.787985897 28.660249584 13.481748097
[129]  0.239584421 25.512605486 24.239360079 12.811830400 10.025905214  5.919868567 24.376817994 19.689950073
[137] 19.466284441 16.987853387 12.103991595 30.438944882 23.159333216 22.792038829 24.942006048 27.777593246
[145] 21.263638408 18.022648468 12.082039652  9.188852161  7.110216434  4.637658804 26.265369133 15.333882161
[153]  6.488853550  1.927638431 15.496147901  7.106341908  4.803142086  3.156602692 23.521395423 22.625798427
[161]  3.414376363 28.635794486 27.185999109 22.975892198 10.832791951  2.005359385 25.703559766 28.130613733
[169] 20.407165872 16.498458568 12.547629584  6.534490871 16.546289485  6.371875815 26.826644873 17.074930070
[177] 13.520220665 13.069053455 10.048718248  9.200153094  8.017576055  4.890625863 22.528073667 21.208265570
[185] 17.987810015 14.385204747 11.952702057 26.883288609 17.059641423 22.454507441 23.642798425 22.716876016
[193]  7.891154836 23.176984742 22.640114993 22.371519227 21.657652026 20.277465436 23.529343923  7.834460860
[201] 24.815622315 22.388221037 21.750757459  5.799534664 14.116243833  7.007848379  1.355277696  6.694529314
[209] 18.672445844 18.166631911 15.447706592  1.343871945 24.210314106 15.280625019 21.827855271  4.701620898
[217] 17.970235441  8.271881671  6.876808462  4.669779382 19.900072203  6.500948157 13.385894198  7.386323941
[225] 10.435765956  4.821658877 21.747340477  6.178766754 18.847709462 13.513913433 18.434872260 14.438072720
[233] 12.482109450  3.229382725 21.934740609 21.733516137 14.314689587 17.717852407 16.175133671 13.017428527
[241] 14.876568988 10.046403905 19.377320288  8.025987087 19.975577407  2.450913099 17.406721656 16.889870962
[249]  1.075219371 19.723674548 16.524569742 15.365399686 11.660750267 15.765593720 12.712969457  4.575936425
[257] 18.592077266 17.915917349 16.361641262 13.883213155 12.064715245 17.723474397 20.710857346 20.411967485
[265] 13.111889012  6.043646079 11.136802106 10.410231668  7.468431149  6.796574570 21.329457531  6.610332371
[273]  2.264667814 11.098577153  6.828753246  0.244597017 14.314547236 10.886933759  8.690152408  4.692473500
[281] 17.413536316 20.114591705  6.330636718  0.307554226 16.720346475 16.829956956 19.522739096 17.191157540
[289] 11.057419719  3.429079928  1.964207715 19.097753819  9.814462449 18.708575160 14.723730124 14.245083737
[297] 12.896167312 11.369545946 12.817667965  6.665196703  5.792117320 11.308989395  5.781127785 13.756226260
[305]  3.646115633  8.851725970  7.297899356  3.606756805 10.008388621  5.443415931  1.981119826  2.549714606
[313] 18.393589040  1.354309983 17.122902904 11.685577668  9.300086345  7.984923826  0.005191437 16.935202088
[321]  9.472757192 13.933788956 13.217668983  3.871471223  1.205810768 12.987003763  9.876903538  1.502369218
[329]  0.998668282  3.636893662  3.162014470 13.472041789 12.021872059 15.381236949  7.474392715 16.580758163
[337] 16.327305932 14.630770553  8.450352531  3.041115165 13.003172740  3.335046402 16.351678038 14.020707414
[345] 13.184315639  4.149265382 15.698633396 11.466702900 10.320786441 15.286502739 13.310288892  6.007638062
[353]  1.955158387 13.298901081 10.084214705  8.471396611  5.279646383 14.769648393 12.657228438  9.316202965
[361]  3.392227277 13.876142792 10.007210021  7.875101686  4.077899575  2.489896749  2.400491735 12.017473203
[369]  4.941685219 10.970887086  8.231777476  8.498374226  6.313983479  7.783412762  0.571310239  8.311650976
[377]  5.018567451 13.652866481  2.730747746  9.443551585  8.530082820 13.747496368  8.338516202 13.798032289
[385]  9.374872209  8.163595605  5.367775101 13.640335000 12.822656768 11.699645619 11.259542502  9.083953031
[393]  1.931530463  6.279473305 10.688419779  2.901634454  9.308751444 10.727396526  6.522802626  4.484410802
[401]  2.022880410 11.140652714  1.358290938  3.022284270 12.422856696  6.683946257 11.506322155  7.339311501
[409] 11.400143067 10.692326110  4.020498908  0.372525785 11.162584772  6.264548723  3.329588295  1.904958808
[417]  1.632227997  9.987083386  9.821376499  8.610384664  8.043637856  7.649179297  5.824584963 11.726686991
[425]  2.817240270  8.737848274  8.064731316  6.452990234 10.066252652  8.499114910  6.965100291  4.299266575
[433]  2.091610547 10.574519613  6.408716303 11.273774027  7.872787544  9.712013042  3.974981793  0.116790680
[441]  9.359045396  4.415079154  6.472363904  7.397221157  4.082906251  1.131157193  0.457188285  6.252784931
[449]  6.984710660  1.816863747  3.736728141  3.029318598  9.177099961  9.050011843  7.621195026  5.526598998
[457]  4.123476377  2.150436366  6.078701515  9.836514283  3.985193500 10.184422617  5.416474656  6.317440723
[465]  0.499142527  8.948006547  3.607921098  1.777346899  1.149162618  0.645377844  0.613583693  6.524143239
[473]  9.991662530  8.692703886  3.671554326  2.238504340  7.315541850  6.629599380  1.542690451  9.074509046
[481]  1.179712065  9.326560959  2.717776086  9.345162240  3.608421953  8.821511533  7.293354567  4.484079018
[489]  4.910091627  8.735696128  0.970799176  7.196341779  3.264729318  3.477550963  9.426247361  8.847859352
[497]  5.306598925  1.729258607  0.947825739  6.385715624  4.931874782  3.572862118  6.648034226  6.222859906
[505]  2.885288976  1.491569780  1.030346736  5.389514234  1.660787313  3.045468502  4.177463629  3.044784967
[513]  7.200621421  6.440415564  1.664271076  8.371084126  7.256728699  6.765499893  2.835527722  1.787190831
[521]  7.085563064  4.027251386  1.172377514  6.542127830  7.497876931  1.984930242  7.577528280  8.436984484
[529]  6.414575340  7.672804355  3.094774734  1.279884087  6.315076107  1.716076514  4.019133674  3.156445986
[537]  4.626804715  4.760529752  3.078451153  2.983140736  6.291681637  6.671856082  4.617419128  7.155268168
[545]  6.636443398  5.734041106  2.177339951  6.576534883  4.775728723  2.535361905  1.929253817  0.690212439
[553]  6.384788589  1.308705345  3.522378221  7.105300820  6.945983471  5.752086652  4.242167348  3.868055964
[561]  3.780638596  3.109160659  0.243098302  7.138415914  4.790695359  6.458519882  3.848808894  1.482739061
[569]  6.914611272  4.239413857  2.814713002  4.681734681  3.301658012  0.426509546  5.539031527  2.702507487
[577]  1.203819132  3.902123127  2.707316488  5.693107603  6.490951487  6.087577261  5.953891674  3.496511192
[585]  5.981368924  1.919757013  5.683492654  5.492968507  5.245682956  4.603411361  2.004896634  3.480435568
[593]  2.663341324  5.280323135  2.225774208  1.838844106  2.605127568  1.432089138  1.264169326  5.574215839
[601]  3.308027869  4.514862087  5.550420597  4.336822803  5.690623260  4.197305084  3.395410784  0.319772755
[609]  2.060698216  4.681404027  1.837786716  0.968797834  5.339090860  4.534766288  3.957310415  5.625737610
[617]  1.169482456  4.318230357  2.197520835  2.001488423  5.363707524  4.252603216  1.276389136  5.108209010
[625]  4.257445977  2.078164375  4.801009390  2.108390499  3.383556479  3.388427648  2.060385629  3.525812357
[633]  3.430513442  3.412632458  3.063892146  2.618329962  2.559537022  2.046093981  0.892220679  0.920047293
[641]  0.187610935  1.052876276  2.500430379  1.184025337  3.375200322  3.517321034  3.818170262  3.233471638
[649]  0.291854262  3.204702233  1.409845124  3.205020441  0.312825742  3.217866169  1.711329232  0.035392004
[657]  2.830937080  2.493123353  1.948932360  0.940797853  2.578341698  0.324846734  2.566466219  2.248163686
[665]  2.531261648  1.254146007  0.512590575  2.590483204  0.869940670  1.152143602  1.775163772  1.247909535
[673]  1.221813595  0.686327363  1.106315044  0.470439968  0.720286220  1.607271524  0.608080756  1.819401490
[681]  0.575675429  1.781028508  0.981515409  1.419401952  0.344613244  0.189216996  0.061305185  1.232588936
[689]  0.127914099  1.075566883  0.169134231  0.629357431  0.697054703  0.255516846  0.418527497  0.239163141

$PAR
  [1]  NA   1   1   2   2   2   2   2   2   2   2   2   2   2   3  15   4   5   5  16  16  20  20  20  20  20  20  20  22
 [30]  22  22  22  22  22  22  22  22  29  29  29  29  29  29  29  17  17  17  21   7   7   8   8   9   9   9   9   9   9
 [59]  18  18  18  18  31  31  31  31  31  23  23  53  53  53  54  54  10  10  10  10  75  75  63  68  68  19  19  19  19
 [88]  79  79  59  59  59  59  59  59  49  76  76  77  77  77  60  38  38  85  85 105 105  73  73 106  24  24  24  24 103
[117] 103 103  55 104 104  96  32  32  32  32  64  64  64  97  97  97  97  97  33  34  34  34  34 107 140 140  88  11  11
[146]  11  11  11  11  11  82  82  39  39  35 109 109 109  25  25  25  69  69  69  69  69 123 127 127 127 127 127 162 162
[175] 168 168 168 168 168 168 168 168 144 144 144 144 144 163 163  74 188 175 175  83 151 151 151 151  87  87  26  26  26
[204]  26 167 167 167 130 108 143  99  99 131 131 213  56 191 191 191 191 119 119 100 100 199 199 159 159  40  40 194 194
[233] 194 194 141 141 164  50  50  50 142 142 192 192  12  12 160 160 160 183 183 183 183 190 190 190 196 196 196 196 196
[262] 215 203 236 236 236 112 112 112 112 197 197 197 271 145 145  78  78  78  78 263 264 264 264 198 282  41  41 245 245
[291] 245 221 221 125 125 125 125 125 250 250 250 136 136 287 287 243 292 292 294 209 209  89 231 313 210 210 210 210 210
[320] 146 146 185 217 217 217 258 258 258 258 262 262  80 281 288 315 176 138 286 336 336 173 173 259 259 259 259 337 337
[349] 254 347 211 211 211 334 334 252 252 152 152 152 214 113 113 113 113 113 113 358 295 338 338 232 232  44 237 277 277
[378] 205 205 121 121 344 344 260 384 384 384 378 177 230 230 230 230 332 223 223 351 354 323 323 323 345 345 265 178 240
[407] 297 297 389 389 299 132 233 233 233 233 233 405 405 405 405  98  98 110 139 261 261 261 368 187 187 187 187 390 390
[436] 316 316 253 409 409 298 298 302 436 391 391 391 267 274 274 398 398 410 410 410 410 410 395 434 225 225 349 349 462
[465] 462 355 355 355 355 355 355 429 179 179 179 179 242 242 242  37  37 133 133 309 309 363 473 473  67 460 293 438 438
[494] 321 380 380 385 385 385 482 397 397  14  14  14  14  14 148 148 453  46  46  47  47  47 454 466 466 466 306 496 486
[523] 486 426 474 420 381 430 372 356 339 528 516 516 383 218 386 427 427 427 421 244 244 181 364 455 455 525 525 525 444
[552] 115 224 224 408 477 517 517 513 513 513 513 492 544 544 564 149 149 556 556 557 275 275 270 518 208 406 542 542 300
[581] 503 503 503 503 545 478 548 524 524 581 153 566 566 428 514 500 464 464 373 394 394 448 504 504 582 266 352 352 583
[610] 134 134 134 423 303 303 546 605 587 616 616 600 600 600 588 588 508 497 589 182 627 627 220 150 590 590 614 400 400
[639] 488 604 625 559 570 606 522 461 560 560 561 451 305 330 467 494 630 630 342 601 601 648 158 562 635 452 540 505 519
[668] 571 571 483 597 597 668 665 658 367 273 626 626 620 659 551 551 154 586 655 655 479 506 314 532 673 469 640 681 649

$EXTANT
  [1] FALSE FALSE FALSE FALSE FALSE FALSE FALSE FALSE  TRUE FALSE  TRUE  TRUE FALSE  TRUE FALSE FALSE  TRUE  TRUE FALSE
 [20] FALSE FALSE  TRUE FALSE  TRUE  TRUE  TRUE FALSE FALSE FALSE FALSE  TRUE  TRUE FALSE  TRUE FALSE FALSE  TRUE FALSE
 [39]  TRUE  TRUE FALSE FALSE  TRUE  TRUE FALSE FALSE  TRUE FALSE FALSE FALSE FALSE FALSE  TRUE FALSE FALSE FALSE  TRUE
 [58]  TRUE  TRUE  TRUE FALSE FALSE FALSE  TRUE FALSE FALSE  TRUE FALSE  TRUE FALSE FALSE FALSE  TRUE  TRUE  TRUE FALSE
 [77]  TRUE  TRUE  TRUE  TRUE FALSE FALSE  TRUE FALSE FALSE FALSE FALSE FALSE  TRUE FALSE FALSE FALSE  TRUE  TRUE  TRUE
 [96] FALSE FALSE  TRUE  TRUE  TRUE  TRUE FALSE  TRUE  TRUE FALSE  TRUE FALSE FALSE  TRUE  TRUE FALSE  TRUE  TRUE  TRUE
[115]  TRUE FALSE  TRUE  TRUE  TRUE FALSE FALSE FALSE FALSE FALSE  TRUE  TRUE FALSE  TRUE  TRUE FALSE FALSE  TRUE  TRUE
[134]  TRUE FALSE  TRUE FALSE FALSE  TRUE FALSE FALSE  TRUE FALSE  TRUE  TRUE  TRUE FALSE  TRUE  TRUE  TRUE FALSE  TRUE
[153]  TRUE  TRUE FALSE  TRUE  TRUE  TRUE  TRUE  TRUE  TRUE FALSE FALSE FALSE FALSE  TRUE  TRUE FALSE FALSE FALSE FALSE
[172]  TRUE FALSE FALSE  TRUE FALSE FALSE FALSE  TRUE  TRUE  TRUE  TRUE FALSE FALSE  TRUE  TRUE  TRUE FALSE FALSE  TRUE
[191]  TRUE FALSE FALSE  TRUE  TRUE  TRUE  TRUE FALSE FALSE  TRUE FALSE  TRUE FALSE  TRUE  TRUE FALSE  TRUE  TRUE  TRUE
[210]  TRUE FALSE  TRUE FALSE  TRUE FALSE FALSE  TRUE  TRUE  TRUE  TRUE  TRUE  TRUE  TRUE  TRUE  TRUE  TRUE FALSE  TRUE
[229] FALSE  TRUE FALSE FALSE  TRUE  TRUE FALSE  TRUE  TRUE FALSE FALSE FALSE  TRUE  TRUE  TRUE  TRUE  TRUE  TRUE FALSE
[248]  TRUE  TRUE  TRUE FALSE  TRUE  TRUE FALSE  TRUE  TRUE FALSE  TRUE  TRUE FALSE FALSE  TRUE FALSE  TRUE  TRUE  TRUE
[267]  TRUE  TRUE  TRUE  TRUE  TRUE FALSE  TRUE  TRUE  TRUE  TRUE  TRUE  TRUE  TRUE  TRUE FALSE  TRUE  TRUE  TRUE FALSE
[286] FALSE FALSE FALSE FALSE  TRUE  TRUE FALSE  TRUE FALSE  TRUE  TRUE  TRUE  TRUE  TRUE  TRUE  TRUE  TRUE  TRUE  TRUE
[305]  TRUE  TRUE FALSE FALSE  TRUE  TRUE FALSE  TRUE  TRUE  TRUE  TRUE FALSE  TRUE  TRUE  TRUE  TRUE  TRUE FALSE  TRUE
[324]  TRUE  TRUE  TRUE FALSE  TRUE  TRUE  TRUE  TRUE  TRUE FALSE FALSE  TRUE  TRUE  TRUE  TRUE  TRUE  TRUE  TRUE  TRUE
[343] FALSE FALSE  TRUE  TRUE FALSE FALSE  TRUE FALSE  TRUE  TRUE  TRUE  TRUE  TRUE FALSE  TRUE  TRUE  TRUE FALSE  TRUE
[362] FALSE FALSE  TRUE  TRUE  TRUE  TRUE  TRUE  TRUE  TRUE  TRUE  TRUE  TRUE  TRUE  TRUE FALSE  TRUE  TRUE  TRUE FALSE
[381]  TRUE  TRUE FALSE FALSE FALSE  TRUE  TRUE  TRUE FALSE  TRUE  TRUE  TRUE  TRUE FALSE  TRUE  TRUE FALSE  TRUE  TRUE
[400]  TRUE  TRUE  TRUE  TRUE  TRUE  TRUE  TRUE  TRUE  TRUE  TRUE FALSE  TRUE  TRUE FALSE FALSE  TRUE  TRUE  TRUE  TRUE
[419] FALSE  TRUE FALSE FALSE  TRUE  TRUE  TRUE  TRUE  TRUE  TRUE  TRUE  TRUE  TRUE  TRUE  TRUE FALSE  TRUE FALSE  TRUE
[438]  TRUE  TRUE  TRUE  TRUE  TRUE FALSE  TRUE  TRUE  TRUE  TRUE  TRUE FALSE  TRUE  TRUE  TRUE  TRUE  TRUE  TRUE FALSE
[457]  TRUE  TRUE  TRUE FALSE FALSE  TRUE  TRUE  TRUE  TRUE  TRUE  TRUE  TRUE  TRUE  TRUE  TRUE FALSE  TRUE  TRUE  TRUE
[476]  TRUE FALSE  TRUE  TRUE  TRUE  TRUE  TRUE  TRUE FALSE  TRUE  TRUE FALSE  TRUE  TRUE FALSE  TRUE  TRUE  TRUE  TRUE
[495]  TRUE  TRUE  TRUE  TRUE  TRUE  TRUE FALSE  TRUE  TRUE FALSE  TRUE  TRUE  TRUE  TRUE  TRUE  TRUE FALSE  TRUE  TRUE
[514]  TRUE  TRUE  TRUE  TRUE  TRUE  TRUE  TRUE  TRUE  TRUE  TRUE  TRUE  TRUE  TRUE  TRUE  TRUE  TRUE  TRUE  TRUE  TRUE
[533] FALSE  TRUE  TRUE  TRUE  TRUE  TRUE  TRUE  TRUE FALSE  TRUE  TRUE  TRUE  TRUE  TRUE  TRUE FALSE  TRUE FALSE  TRUE
[552]  TRUE  TRUE  TRUE  TRUE FALSE  TRUE  TRUE  TRUE  TRUE  TRUE  TRUE  TRUE  TRUE  TRUE  TRUE  TRUE  TRUE  TRUE  TRUE
[571]  TRUE  TRUE  TRUE  TRUE  TRUE  TRUE  TRUE  TRUE  TRUE  TRUE  TRUE  TRUE  TRUE  TRUE  TRUE  TRUE  TRUE  TRUE FALSE
[590]  TRUE  TRUE FALSE  TRUE FALSE  TRUE  TRUE  TRUE  TRUE  TRUE  TRUE  TRUE  TRUE FALSE FALSE  TRUE  TRUE  TRUE  TRUE
[609]  TRUE  TRUE FALSE  TRUE  TRUE  TRUE  TRUE  TRUE  TRUE  TRUE  TRUE  TRUE  TRUE FALSE  TRUE  TRUE  TRUE  TRUE  TRUE
[628]  TRUE  TRUE  TRUE  TRUE  TRUE  TRUE  TRUE  TRUE  TRUE  TRUE  TRUE  TRUE  TRUE  TRUE FALSE  TRUE  TRUE  TRUE  TRUE
[647]  TRUE  TRUE  TRUE FALSE  TRUE  TRUE  TRUE FALSE  TRUE  TRUE  TRUE  TRUE  TRUE  TRUE  TRUE  TRUE  TRUE  TRUE  TRUE
[666]  TRUE  TRUE  TRUE  TRUE FALSE  TRUE  TRUE  TRUE  TRUE  TRUE  TRUE  TRUE  TRUE  TRUE FALSE  TRUE  TRUE  TRUE  TRUE
[685]  TRUE  TRUE  TRUE  TRUE  TRUE  TRUE  TRUE  TRUE  TRUE  TRUE  TRUE  TRUE

