
Birth-death simulation object with 624 species and 500 extant species

Details for some species:

Extinction times (NA means extant)
[1] 59.18458 63.16226 59.70131 20.75929       NA 51.46430


Speciation times 
[1] 95.25966 73.99154 72.82382 72.31283 68.73035 64.96090


Species parents (NA for initial)
[1] NA  1  1  1  2  2


Species status (extinct or extant)
[1] "extinct" "extinct" "extinct" "extinct" "extant"  "extinct"


For more details on vector y, try sim$y, with y one of
TE TS PAR EXTANT



$TE
  [1] 59.18458480 63.16225969 59.70130570 20.75929024          NA 51.46429726 41.64759455          NA  2.69173665
 [10]          NA 13.20470715  6.94906777 40.69936169 28.87662124 32.18790564 15.27578323          NA 17.67199170
 [19]          NA 41.36045251 45.90074735  4.04021989 31.65499696          NA          NA          NA  8.89522777
 [28] 37.50660450          NA          NA          NA  3.49417951          NA          NA  9.52061064          NA
 [37]          NA          NA          NA          NA          NA          NA 15.88278176          NA          NA
 [46]          NA          NA          NA          NA 20.00547680 18.75248613 19.62437946 13.08121717          NA
 [55]  1.51102097          NA          NA          NA          NA          NA          NA          NA 25.44807716
 [64]          NA          NA          NA          NA          NA 25.06143294  2.25563365          NA 15.74522656
 [73]          NA  7.76049623          NA          NA          NA 18.50881560 13.51646556          NA          NA
 [82]          NA          NA          NA          NA          NA          NA 19.60098699          NA          NA
 [91]          NA 11.79999547          NA          NA          NA 17.16254675          NA          NA          NA
[100]          NA  8.70918290          NA          NA          NA  3.03640973  1.40033475  3.05362614          NA
[109]          NA          NA          NA 22.03456128          NA          NA          NA          NA 18.69914922
[118]          NA          NA          NA          NA          NA          NA          NA          NA  1.48416703
[127]          NA          NA  5.29758280          NA 15.71316311          NA          NA          NA          NA
[136] 13.41834509          NA  3.54081080          NA  9.69781465 12.88785171          NA  6.08430191 21.51266159
[145]          NA          NA          NA  9.29688317 12.18205214          NA 20.19126476          NA          NA
[154] 13.00068367          NA          NA          NA  0.87636740          NA  6.32822247          NA          NA
[163]          NA  1.35000477          NA 15.08524354          NA          NA  9.79117525          NA          NA
[172]          NA  0.46804306          NA  2.75239564          NA          NA  1.32682249          NA          NA
[181]          NA          NA          NA 11.82948635  6.54124136  3.33625067          NA          NA  5.14177863
[190]          NA          NA          NA          NA          NA          NA          NA          NA          NA
[199]          NA          NA  0.76644751          NA          NA          NA          NA  4.27502523          NA
[208]          NA          NA          NA  0.20496425          NA          NA          NA          NA  3.56209758
[217]          NA          NA          NA  3.44914045          NA          NA          NA          NA          NA
[226]          NA          NA          NA          NA          NA          NA          NA          NA          NA
[235]          NA          NA          NA          NA          NA          NA  8.99093417 11.97560649          NA
[244]          NA  2.70009697          NA          NA          NA          NA  2.02142419          NA          NA
[253]          NA          NA          NA          NA          NA          NA          NA          NA          NA
[262]          NA  7.31654307          NA          NA          NA  1.60597952          NA          NA          NA
[271]          NA          NA  0.96307153          NA  2.55002097          NA          NA          NA          NA
[280]          NA          NA          NA  0.22466838          NA          NA 10.21791569  2.49498952  0.14115407
[289]  2.58397504 10.43262111          NA          NA          NA          NA  6.87642835          NA          NA
[298]          NA          NA          NA          NA          NA          NA          NA          NA          NA
[307]  1.02469560          NA          NA          NA          NA  5.60217504          NA          NA  4.73913124
[316]          NA          NA          NA  0.95782355          NA          NA          NA          NA          NA
[325]          NA          NA          NA          NA          NA  2.93980137          NA 10.42830191          NA
[334]          NA          NA          NA          NA  6.91684194          NA          NA          NA          NA
[343]          NA          NA          NA          NA          NA          NA          NA  3.82737472          NA
[352]          NA  4.79867583          NA  2.40966028          NA  6.50339467          NA          NA  3.04974007
[361]          NA          NA          NA          NA          NA          NA          NA          NA          NA
[370]          NA          NA          NA          NA          NA          NA          NA          NA          NA
[379]  1.30765464          NA          NA  5.93013535          NA          NA          NA          NA          NA
[388]          NA          NA          NA  2.75663183          NA          NA  0.92481825          NA          NA
[397]          NA          NA          NA          NA          NA          NA          NA          NA  2.63154664
[406]  3.31993246          NA          NA          NA          NA          NA  2.42416814          NA          NA
[415]          NA          NA  1.21523950          NA          NA          NA          NA          NA          NA
[424]          NA          NA          NA          NA  3.63126164          NA          NA          NA  3.46331912
[433]          NA          NA  5.33266591          NA          NA          NA          NA          NA          NA
[442]          NA  1.81687916          NA          NA          NA          NA          NA          NA  1.43289123
[451]          NA          NA          NA          NA          NA          NA          NA          NA          NA
[460]          NA          NA          NA          NA          NA          NA  1.11937823          NA  1.69317607
[469]          NA          NA          NA          NA          NA          NA  3.05258627          NA  4.05949279
[478]          NA          NA          NA          NA          NA          NA          NA          NA          NA
[487]          NA          NA          NA          NA          NA          NA          NA          NA          NA
[496]          NA  5.68807346          NA          NA          NA          NA          NA          NA          NA
[505]          NA          NA          NA  0.03270083          NA          NA          NA  2.98795737          NA
[514]          NA          NA          NA          NA          NA          NA          NA          NA          NA
[523]          NA          NA          NA          NA          NA          NA          NA          NA          NA
[532]          NA          NA          NA          NA          NA          NA          NA          NA          NA
[541]          NA          NA          NA          NA          NA          NA          NA          NA          NA
[550]          NA          NA          NA          NA          NA          NA          NA          NA          NA
[559]          NA          NA  0.60224939          NA          NA          NA          NA          NA          NA
[568]          NA          NA  1.68258381          NA          NA          NA          NA          NA          NA
[577]          NA          NA          NA          NA          NA          NA          NA          NA          NA
[586]          NA          NA          NA          NA  0.39365358          NA          NA          NA          NA
[595]          NA          NA          NA          NA          NA          NA          NA          NA          NA
[604]          NA          NA          NA          NA          NA          NA          NA          NA          NA
[613]          NA          NA          NA          NA          NA          NA          NA          NA          NA
[622]          NA          NA          NA

$TS
  [1] 95.259657973 73.991544553 72.823820805 72.312832280 68.730349039 64.960897475 52.649482732 30.114704776
  [9] 29.129233137 25.754584124 22.055604006 64.044838744 43.786450257 43.091198068 38.727858833 34.759110334
 [17] 27.891578427 24.885956273  9.030444344 62.635802634 49.229748655 41.840008403 34.959685012 27.033734904
 [25] 18.253405626 11.226973434 10.451192318 46.847903615 50.563695759 42.213613453 42.977026830  6.171479616
 [33]  2.209093692  1.530198497 41.049872279 37.303637774 24.232001125 22.299320163 16.491004308 15.600081878
 [41] 40.627554109 24.262587341 19.364703415 14.704528140 32.659555878 36.495866705 34.565670932 25.722798681
 [49] 16.825458884 37.298073785 25.882034328 22.518724932 17.612244872 17.410969607 11.036861789  9.585848425
 [57]  8.887800544  4.474293569 36.595300515 28.638449164 32.850477922 31.100938381 26.809405344 22.243551551
 [65]  8.005753860  5.164852503 19.265132678 12.431104400 33.771019991 26.393427315 20.059677550 33.240974092
 [73] 13.449219682 12.205137808  5.536327198 27.648414256 27.454645507 19.290089690 13.730852089  8.640671989
 [81]  5.422234944 23.803469194 10.365935681  4.837668346 25.296091118 19.804055326 20.835039530 19.840419425
 [89]  0.337238815 26.637630227 21.406274423 14.639577204  8.434920317 27.214704328 23.296857927 17.782154353
 [97] 11.039323527 10.428828773 23.907696979 16.650149559 14.075965261 11.373037927  6.497798916  3.713653772
[105] 16.169395733  1.778611814  4.090466992  0.759279465  9.081368369 25.894679928 25.766318755 22.055925336
[113]  4.897957056 16.472728032 14.680789793 13.867534503 21.548779328  0.123551626 16.469032944  4.142642724
[121]  1.988328091 10.996204215  6.005907141 22.768054237 21.351767316 15.917257756 21.902823959 10.094558665
[129]  6.142056165 19.597767139 15.930262261 12.138068648 18.906384430  8.995585438  8.416033562 21.866263695
[137] 13.161234756 12.456994040  0.701965182 21.001460798 18.226407700  1.342473636 19.760723026 21.584783981
[145] 19.046682111  8.141196240  2.351419991 19.183988103 18.391263940 10.898955933 21.414609787 21.388945338
[153]  8.267871584 17.567524214 19.857122431 16.701508920  9.303932788  8.672096667  1.414816972 10.973219684
[161] 10.336475661 15.556557324 14.776854361  8.027085117  0.829599860 19.677038974 16.028144771 15.176518029
[169] 13.925627021 12.897603767  4.330057920  2.593823944  2.063531579 15.216798146 13.908389354 10.492139122
[177] 16.111334568 11.104476372 12.793791921 15.538982075 12.003420591  9.532985269 15.253595351 12.982972978
[185] 16.721888812 14.931247369 14.790787162 17.434581588 13.568604579 17.201671357 13.028526819  9.364036955
[193]  8.848211186  5.300170522 16.644889575 14.486180725  1.932953174 14.269508335  7.337969823  0.670730463
[201] 11.810904232 11.368346486  0.105398261 12.012900185  5.639840831  4.933610472  0.654720286  0.026390739
[209]  7.405306527  6.088624227  2.503152151  2.447099046  0.229596453 12.193088969  0.841370753 13.502711604
[217] 10.719801557  8.868898908  5.456077538  4.821019916 14.551218966  9.493991260  8.995865260  4.094962192
[225]  3.207909974  2.681357200 15.506651347 15.433338284  4.067577160  1.806396802 13.005304497  4.083042985
[233]  4.054383510  0.779744183  2.606888272  9.096225702  3.591701840  2.627549088 12.731775921  9.918412414
[241] 14.668756870 14.309024426 11.404756852  5.702269955  5.502337382 14.660821806 12.741118655  8.060610602
[249]  7.334075224  3.756348086  0.561302085  4.087798080  1.461652933 13.054553373 14.353208981 11.669098409
[257]  9.132086280  6.842278110  6.414597430  4.948452510  9.829972054  9.787327446 10.069369277  9.305040773
[265]  5.793515415  1.488648073  5.851394852  8.744020045 11.522915095 10.644347797  9.970440319  6.339592511
[273]  8.610397775  5.529833426 11.040332806  8.796393561  6.014011675  3.854917928 12.604075856  9.643179765
[281]  8.143361069  2.358368763  7.797208681  4.814684215 12.559609111 12.118969282 12.098045252 10.168331018
[289]  4.628769245 11.513997383  6.316443960  1.570636121  0.971000223  0.464577634  8.892020759  5.854608869
[297] 11.885744995  4.194546084 11.466360087  6.444248038  3.565141296  7.908612236  2.123056226  0.311140492
[305]  6.162916109  3.209230642  2.151096946  0.266056531 11.095887692  4.549303725  6.407682372 11.837158361
[313]  6.578443901  6.134860229 10.879266563  9.688310179  5.546060725  6.330111220  0.978151319  3.168489604
[321]  9.382539764  9.333228041  2.849422504  0.418784105  6.888420437  2.980834441  1.681307313  1.396285234
[329]  0.950208323 10.199544549  4.201131082 11.070942710  2.629011329  7.053960170 10.815837985  9.089516381
[337]  8.767312993  8.698336852  8.141955418  6.931805936  6.594956318  4.951366848  9.978209653  0.001126636
[345]  9.531551455  8.941268920 10.568464593  6.772598128  5.188904790  8.469310232  6.547288537  5.448649769
[353]  7.758157779  5.950433699  4.185460698  0.429780150  8.179034733  2.325799449  0.993709874  8.227394209
[361]  9.158181730  1.475325905  9.105291592  4.955831981  7.050971460  6.725477140  2.262617357  2.569191802
[369]  0.972429846  9.530650426  6.850962525  1.314030230  5.206857654  2.226889892  8.844495689  2.180406893
[377]  8.527605268  6.850644910  8.680212350  2.747493838  1.924579076  8.682819189  5.461302344  1.132432323
[385]  9.025849319  7.744221122  7.622742169  5.856090398  6.196365181  4.690845377  8.141845658  2.161098839
[393]  6.118575449  2.013422933  1.049624558  0.207514243  3.222733649  0.715946650  0.078680002  6.589504939
[401]  6.390733700  0.159285501  3.253625751  0.157203758  8.028755791  7.003961036  1.662771654  1.309457524
[409]  0.639328340  8.502094464  6.004100166  3.963294352  8.355223816  6.605607191  6.500254206  5.787218771
[417]  4.037560601  3.480302577  7.404953281  2.977007700  4.216373468  2.452005314  3.890916977  4.857511602
[425]  2.334850060  0.048223495  0.027744364  4.225973813  0.687303763  8.034713135  2.800576522  3.795275747
[433]  2.057473484  1.430266231  7.390074504  6.687137104  2.712111303  1.727560295  1.347254782  7.508836132
[441]  7.146421681  5.159787642  2.874008546  4.862497892  6.956513059  7.710640564  6.596279693  6.141100651
[449]  6.431424581  3.611585258  7.541904622  6.218032782  0.422780231  0.351117001  2.245472835  7.123770026
[457]  6.470570912  5.690187874  6.720118888  5.340479150  6.863642999  1.766094893  1.662052315  1.124106439
[465]  0.980379537  6.256231305  0.153887128  2.354271356  0.354976555  0.327753812  4.625871592  4.266954617
[473]  5.495038511  4.773176111  4.139282954  5.045924779  4.314321180  1.296924236  1.183828850  3.128996227
[481]  1.592804583  0.670115942  5.644245261  4.333374300  2.143218469  2.301295294  0.178958762  4.631888113
[489]  4.450530176  3.060625035  2.541958796  5.289147314  3.357370281  3.919188932  3.299461766  0.178904802
[497]  5.777163411  2.336060071  1.805544800  2.740910200  0.562904166  0.433082445  2.141510268  4.465756339
[505]  5.886229415  2.962231945  1.077133800  0.608625558  1.044443664  0.092115099  3.633009307  4.645356827
[513]  2.491938862  0.941485438  4.562557700  3.844318733  1.044677594  2.248754774  3.824018576  4.530214416
[521]  1.271112566  4.271128755  3.660585058  2.928301498  5.276993478  5.418417325  1.213834978  0.407546397
[529]  2.111052974  2.576457699  2.786534376  2.364112195  3.328441422  0.309448343  3.640415545  0.218914935
[537]  3.037332663  0.736732319  1.782006727  3.726100110  2.909792693  1.999839562  3.119357100  0.808239424
[545]  3.729171476  1.883379512  0.578886627  2.702527724  0.018461123  1.092862899  3.688745393  1.717226690
[553]  0.034764517  1.346745264  3.310825501  2.281491688  2.846418725  2.712145135  1.698247932  3.146403182
[561]  2.483871811  1.822828666  1.145285297  2.685672509  0.461933475  2.154501749  0.292629296  0.565438004
[569]  0.993085084  2.007499099  1.992384013  0.258414369  1.665613105  2.476817523  2.137153895  1.432197679
[577]  0.086433563  0.016003027  2.285530411  2.048794713  0.739517588  1.989343486  1.520647232  1.116990632
[585]  2.074447368  0.950459780  0.142157411  0.235189140  1.590315987  1.043139392  2.023850542  1.543291996
[593]  1.104505046  1.917489844  0.976156113  0.283082553  2.051135640  0.180165145  1.395531370  0.812093409
[601]  0.502755575  1.450169395  0.822035265  0.349531142  0.348410428  0.088921988  1.123295982  1.298663859
[609]  0.547793992  0.751378145  1.223732514  0.021323254  0.873105777  0.259905365  0.978972972  0.271630469
[617]  0.206336378  0.866357301  0.794601482  0.494999692  0.498951391  0.432873503  0.169680440  0.026217925

$PAR
  [1]  NA   1   1   1   2   2   4   4   4   4   4   5   5   5   5   5   5   5   5  12  12  12  12  12  12  12  12  20   7
 [30]   7  29  29  29  29  28  31  31  30  30  30  22  22  22  22  35  41  41  41  41  15  36  36  36  36  36  36  36  36
 [59]  50  50  59  59  59  59  59  59  46  46  16  16  16  47  47  47  47  69  69  72  61  61  61  45  45  45  62  62   8
 [88]   8   8   9   9  60  60  17  17  17  17  17  76  77  77  77  77  77  94  94  24  24  90  70  70  70  70 110 110 110
[117]  51 111  10  10  10  48  85  18  18  42  37  37  37  99  99  99  82  82  82  95  95  95  95 124 124 124  52  38  38
[146]  38  64  11 127 127 117 151  91 152 125 125 125 125 125 140 140  87  87  87  87  71  71  71  71  71  71  71  71 155
[175]  86  86 143 143 130  67 148 148 149  25 141 141  53 154 154 188 188 188 188 188  54  54  54 190 190 190  49  49  49
[204] 156 156 156 156 156 100 195 195 195 195  39 119 177 177 177 177 177 167 167 167 167 167 167 126 126 126 126  40  40
[233]  40  40 180 227 227 227 174 174 168 168 168 168 168 187 187 187 187 187 187 163 163  44 241 241 241 246 246 246 221
[262] 221 196 196 196 196 255 101 169 175 175 116 216 216  73  73 137 254 191 191 191 191 231 231 184 184 170 170 170 247
[291] 247 247 247 247 239 239 279 279 285 285 285  68  68  68 132 132 132 132 287 287 204 181 181 297 312 201 201 256 256
[320] 269 299 299 299 299 243 243 243 243 243 202 202  26  26 178 309 275 275 275 275 275 275 275  97  97 122 315 335 335
[349] 335 217 217 217 176 176  83  83 161 161 161 330 288 343 271 271 240 261 261 262 262 280 280 280  56 182 345 345 370
[378] 370 321 192 192 322 264 264 361 363 236 236 336 336 109 109  19  19  19  19 385 385 385 223 223 223 346 346  57 218
[407] 218 218 218 193 193 375 276 276 276 276 337 337 268 158  80  80 273 410 410 410 410 350  93 135 413 153 153 153 360
[436] 360 339 339 339 146 146 146 146 248 430 405 164 164 302 302 386 386 386 386 451 440 440 440 249 249 441 441 441 441
[465] 441 456 456 334 365 365 445 445 325 461 461 371 371 371 378 258 258 258 348 348 459 436 414 341 341 341 400 313 313
[494] 351 457 457 300 300 300 449 449 449 259 401 318 466 389 389 393 393 210 123 411 411 354 505 265 458 483 205 205  75
[523]  75 245 473 219 219 352  81 526 460 460 194 492 442 442 476 444 284 474 474 390 488 310  58 171 171 522 522 331 298
[552] 120 120 224 252 232 233 417 494 423 545 523 511 237 237 418 418 555 495 397 225 480 543 490 490 326 506 524 500 500
[581] 172 368 368 491 513 574 212 147 498 486 579 556 455 485 503 503 173 597 121 562 562 438 552 559 292 292 602 328 439
[610] 372 408 608 478 384 464 509 359 293 586 329 610 200 547 596

$EXTANT
  [1] FALSE FALSE FALSE FALSE  TRUE FALSE FALSE  TRUE FALSE  TRUE FALSE FALSE FALSE FALSE FALSE FALSE  TRUE FALSE  TRUE
 [20] FALSE FALSE FALSE FALSE  TRUE  TRUE  TRUE FALSE FALSE  TRUE  TRUE  TRUE FALSE  TRUE  TRUE FALSE  TRUE  TRUE  TRUE
 [39]  TRUE  TRUE  TRUE  TRUE FALSE  TRUE  TRUE  TRUE  TRUE  TRUE  TRUE FALSE FALSE FALSE FALSE  TRUE FALSE  TRUE  TRUE
 [58]  TRUE  TRUE  TRUE  TRUE  TRUE FALSE  TRUE  TRUE  TRUE  TRUE  TRUE FALSE FALSE  TRUE FALSE  TRUE FALSE  TRUE  TRUE
 [77]  TRUE FALSE FALSE  TRUE  TRUE  TRUE  TRUE  TRUE  TRUE  TRUE  TRUE FALSE  TRUE  TRUE  TRUE FALSE  TRUE  TRUE  TRUE
 [96] FALSE  TRUE  TRUE  TRUE  TRUE FALSE  TRUE  TRUE  TRUE FALSE FALSE FALSE  TRUE  TRUE  TRUE  TRUE FALSE  TRUE  TRUE
[115]  TRUE  TRUE FALSE  TRUE  TRUE  TRUE  TRUE  TRUE  TRUE  TRUE  TRUE FALSE  TRUE  TRUE FALSE  TRUE FALSE  TRUE  TRUE
[134]  TRUE  TRUE FALSE  TRUE FALSE  TRUE FALSE FALSE  TRUE FALSE FALSE  TRUE  TRUE  TRUE FALSE FALSE  TRUE FALSE  TRUE
[153]  TRUE FALSE  TRUE  TRUE  TRUE FALSE  TRUE FALSE  TRUE  TRUE  TRUE FALSE  TRUE FALSE  TRUE  TRUE FALSE  TRUE  TRUE
[172]  TRUE FALSE  TRUE FALSE  TRUE  TRUE FALSE  TRUE  TRUE  TRUE  TRUE  TRUE FALSE FALSE FALSE  TRUE  TRUE FALSE  TRUE
[191]  TRUE  TRUE  TRUE  TRUE  TRUE  TRUE  TRUE  TRUE  TRUE  TRUE FALSE  TRUE  TRUE  TRUE  TRUE FALSE  TRUE  TRUE  TRUE
[210]  TRUE FALSE  TRUE  TRUE  TRUE  TRUE FALSE  TRUE  TRUE  TRUE FALSE  TRUE  TRUE  TRUE  TRUE  TRUE  TRUE  TRUE  TRUE
[229]  TRUE  TRUE  TRUE  TRUE  TRUE  TRUE  TRUE  TRUE  TRUE  TRUE  TRUE  TRUE FALSE FALSE  TRUE  TRUE FALSE  TRUE  TRUE
[248]  TRUE  TRUE FALSE  TRUE  TRUE  TRUE  TRUE  TRUE  TRUE  TRUE  TRUE  TRUE  TRUE  TRUE  TRUE FALSE  TRUE  TRUE  TRUE
[267] FALSE  TRUE  TRUE  TRUE  TRUE  TRUE FALSE  TRUE FALSE  TRUE  TRUE  TRUE  TRUE  TRUE  TRUE  TRUE FALSE  TRUE  TRUE
[286] FALSE FALSE FALSE FALSE FALSE  TRUE  TRUE  TRUE  TRUE FALSE  TRUE  TRUE  TRUE  TRUE  TRUE  TRUE  TRUE  TRUE  TRUE
[305]  TRUE  TRUE FALSE  TRUE  TRUE  TRUE  TRUE FALSE  TRUE  TRUE FALSE  TRUE  TRUE  TRUE FALSE  TRUE  TRUE  TRUE  TRUE
[324]  TRUE  TRUE  TRUE  TRUE  TRUE  TRUE FALSE  TRUE FALSE  TRUE  TRUE  TRUE  TRUE  TRUE FALSE  TRUE  TRUE  TRUE  TRUE
[343]  TRUE  TRUE  TRUE  TRUE  TRUE  TRUE  TRUE FALSE  TRUE  TRUE FALSE  TRUE FALSE  TRUE FALSE  TRUE  TRUE FALSE  TRUE
[362]  TRUE  TRUE  TRUE  TRUE  TRUE  TRUE  TRUE  TRUE  TRUE  TRUE  TRUE  TRUE  TRUE  TRUE  TRUE  TRUE  TRUE FALSE  TRUE
[381]  TRUE FALSE  TRUE  TRUE  TRUE  TRUE  TRUE  TRUE  TRUE  TRUE FALSE  TRUE  TRUE FALSE  TRUE  TRUE  TRUE  TRUE  TRUE
[400]  TRUE  TRUE  TRUE  TRUE  TRUE FALSE FALSE  TRUE  TRUE  TRUE  TRUE  TRUE FALSE  TRUE  TRUE  TRUE  TRUE FALSE  TRUE
[419]  TRUE  TRUE  TRUE  TRUE  TRUE  TRUE  TRUE  TRUE  TRUE FALSE  TRUE  TRUE  TRUE FALSE  TRUE  TRUE FALSE  TRUE  TRUE
[438]  TRUE  TRUE  TRUE  TRUE  TRUE FALSE  TRUE  TRUE  TRUE  TRUE  TRUE  TRUE FALSE  TRUE  TRUE  TRUE  TRUE  TRUE  TRUE
[457]  TRUE  TRUE  TRUE  TRUE  TRUE  TRUE  TRUE  TRUE  TRUE FALSE  TRUE FALSE  TRUE  TRUE  TRUE  TRUE  TRUE  TRUE FALSE
[476]  TRUE FALSE  TRUE  TRUE  TRUE  TRUE  TRUE  TRUE  TRUE  TRUE  TRUE  TRUE  TRUE  TRUE  TRUE  TRUE  TRUE  TRUE  TRUE
[495]  TRUE  TRUE FALSE  TRUE  TRUE  TRUE  TRUE  TRUE  TRUE  TRUE  TRUE  TRUE  TRUE FALSE  TRUE  TRUE  TRUE FALSE  TRUE
[514]  TRUE  TRUE  TRUE  TRUE  TRUE  TRUE  TRUE  TRUE  TRUE  TRUE  TRUE  TRUE  TRUE  TRUE  TRUE  TRUE  TRUE  TRUE  TRUE
[533]  TRUE  TRUE  TRUE  TRUE  TRUE  TRUE  TRUE  TRUE  TRUE  TRUE  TRUE  TRUE  TRUE  TRUE  TRUE  TRUE  TRUE  TRUE  TRUE
[552]  TRUE  TRUE  TRUE  TRUE  TRUE  TRUE  TRUE  TRUE  TRUE FALSE  TRUE  TRUE  TRUE  TRUE  TRUE  TRUE  TRUE  TRUE FALSE
[571]  TRUE  TRUE  TRUE  TRUE  TRUE  TRUE  TRUE  TRUE  TRUE  TRUE  TRUE  TRUE  TRUE  TRUE  TRUE  TRUE  TRUE  TRUE  TRUE
[590] FALSE  TRUE  TRUE  TRUE  TRUE  TRUE  TRUE  TRUE  TRUE  TRUE  TRUE  TRUE  TRUE  TRUE  TRUE  TRUE  TRUE  TRUE  TRUE
[609]  TRUE  TRUE  TRUE  TRUE  TRUE  TRUE  TRUE  TRUE  TRUE  TRUE  TRUE  TRUE  TRUE  TRUE  TRUE  TRUE

