
Birth-death simulation object with 595 species and 500 extant species

Details for some species:

Extinction times (NA means extant)
[1] 28.11144 43.91317 26.21621 15.46553 45.20613       NA


Speciation times 
[1] 68.74074 56.33264 51.95582 51.33124 46.31080 44.27686


Species parents (NA for initial)
[1] NA  1  1  1  1  1


Species status (extinct or extant)
[1] "extinct" "extinct" "extinct" "extinct" "extinct" "extant" 


For more details on vector y, try sim$y, with y one of
TE TS PAR EXTANT



$TE
  [1] 28.11144280 43.91317425 26.21620982 15.46552697 45.20612629          NA          NA  3.49085445 43.92602186
 [10]          NA  5.73991126 15.75510549          NA          NA          NA          NA  3.24560928 28.00320363
 [19] 26.68901362          NA          NA          NA          NA          NA          NA          NA          NA
 [28]          NA          NA 12.46307564          NA          NA          NA          NA          NA 19.23621778
 [37] 12.82443128  0.02214125 13.71963835          NA 12.93645429          NA  9.09206594          NA          NA
 [46]          NA 10.73290254  7.42569039  9.88713822  5.68183501          NA          NA          NA          NA
 [55]          NA          NA          NA          NA          NA          NA 11.86775009          NA          NA
 [64]          NA 17.92441109  2.60616326          NA          NA          NA          NA 12.58525792          NA
 [73]          NA          NA          NA          NA 14.14723267  2.51893352          NA          NA          NA
 [82]          NA          NA  0.03179535          NA  5.83560930  0.83976095 19.04998701          NA 18.81376541
 [91]  4.22524484 10.74431773  5.97694196          NA          NA          NA          NA  1.15510809  9.03769659
[100]  2.29660301          NA          NA          NA          NA  9.93532218          NA 11.12825046          NA
[109]          NA          NA  6.19724374          NA          NA          NA 17.15793684 14.02230392          NA
[118]          NA          NA          NA          NA          NA          NA          NA          NA  3.09894964
[127]  7.74430634          NA  4.42756046          NA          NA          NA  1.47271871          NA  6.55575560
[136]          NA          NA          NA  6.56393950          NA 14.10512481          NA  3.60888196          NA
[145]          NA          NA          NA          NA          NA          NA  4.60644049          NA          NA
[154]          NA          NA          NA          NA          NA  6.26727436  2.09088776          NA          NA
[163]          NA  2.42285144          NA          NA          NA          NA          NA          NA          NA
[172]          NA          NA          NA          NA          NA          NA          NA          NA          NA
[181]  9.06308110          NA          NA          NA          NA          NA          NA          NA          NA
[190]          NA          NA          NA          NA          NA          NA          NA          NA          NA
[199]          NA          NA          NA          NA          NA          NA          NA  5.17003871          NA
[208]          NA          NA  7.87417274  2.72899824          NA  0.86428022  7.11918713          NA          NA
[217]          NA          NA          NA          NA          NA          NA          NA          NA          NA
[226]          NA          NA          NA          NA          NA          NA  3.76986663          NA          NA
[235]          NA          NA  6.49496020          NA          NA          NA          NA          NA          NA
[244]          NA          NA          NA          NA          NA          NA          NA          NA          NA
[253]          NA          NA          NA          NA          NA          NA          NA          NA          NA
[262]          NA          NA          NA          NA          NA          NA          NA          NA          NA
[271]          NA          NA          NA          NA          NA          NA          NA          NA          NA
[280]          NA          NA          NA  1.06670739          NA          NA  2.43935149          NA  2.88203965
[289]          NA          NA          NA  1.50698763          NA          NA          NA          NA          NA
[298]          NA          NA  2.29411004          NA          NA  4.15620706          NA          NA          NA
[307]          NA          NA          NA          NA          NA          NA          NA  0.58793375          NA
[316]          NA          NA          NA          NA          NA          NA          NA          NA          NA
[325]  3.16589072          NA          NA          NA          NA          NA  1.97361113  1.09837229          NA
[334]          NA          NA          NA          NA          NA          NA  3.27436072          NA          NA
[343]  5.47857351          NA          NA          NA          NA          NA          NA          NA          NA
[352]          NA          NA          NA  1.20617057          NA          NA  0.33557545          NA          NA
[361]          NA  6.15643147          NA          NA          NA  2.95693599          NA          NA          NA
[370]          NA  2.67834875          NA          NA  6.48308130  1.76732735          NA          NA          NA
[379]          NA  7.11281184          NA          NA          NA          NA          NA          NA          NA
[388]          NA          NA          NA          NA          NA          NA          NA          NA          NA
[397]          NA          NA          NA          NA          NA  2.97953828          NA          NA          NA
[406]          NA          NA          NA          NA          NA          NA          NA          NA          NA
[415]          NA          NA          NA  2.60539204  1.77008118          NA          NA          NA          NA
[424]          NA          NA          NA          NA          NA          NA          NA          NA          NA
[433]          NA          NA          NA          NA          NA          NA          NA          NA          NA
[442]  0.82263676          NA          NA          NA          NA          NA          NA          NA          NA
[451]          NA          NA          NA          NA          NA          NA          NA          NA          NA
[460]          NA          NA          NA          NA          NA          NA          NA          NA          NA
[469]          NA          NA          NA          NA  0.94806050          NA          NA          NA          NA
[478]          NA          NA          NA          NA          NA          NA          NA          NA          NA
[487]          NA          NA          NA          NA          NA          NA          NA          NA          NA
[496]          NA          NA          NA          NA          NA          NA          NA          NA          NA
[505]          NA          NA          NA          NA          NA          NA          NA          NA          NA
[514]          NA          NA          NA          NA          NA          NA          NA  2.61861670          NA
[523]  2.91716295          NA          NA          NA          NA          NA          NA          NA          NA
[532]          NA          NA          NA          NA          NA          NA          NA          NA          NA
[541]          NA  2.25713737          NA  1.15482090          NA          NA          NA          NA          NA
[550]          NA          NA          NA          NA  0.38276267          NA          NA          NA          NA
[559]          NA          NA          NA          NA          NA          NA          NA          NA          NA
[568]          NA          NA          NA          NA          NA          NA          NA          NA          NA
[577]          NA          NA          NA          NA          NA          NA          NA          NA          NA
[586]          NA          NA          NA          NA          NA          NA          NA          NA          NA
[595]          NA

$TS
  [1] 6.874074e+01 5.633264e+01 5.195582e+01 5.133124e+01 4.631080e+01 4.427686e+01 4.042795e+01 3.180154e+01
  [9] 4.634932e+01 4.357546e+01 2.805290e+01 2.719409e+01 2.947966e+01 1.114455e+01 9.447053e+00 6.114335e+00
 [17] 4.301334e+01 3.344764e+01 2.842068e+01 2.741401e+01 2.194917e+01 1.139152e+01 3.696123e+01 2.590928e+01
 [25] 3.489291e+01 3.014888e+01 2.262023e+01 3.142012e+00 2.702086e+01 1.252092e+01 7.692570e+00 3.901972e+00
 [33] 1.579802e+00 9.835636e-01 1.674962e-01 2.235915e+01 1.848697e+01 1.838757e+01 1.810245e+01 1.745469e+01
 [41] 2.087657e+01 1.170903e+01 1.946533e+01 1.290969e+01 6.163524e+00 1.156278e-01 2.721036e+01 2.483616e+01
 [49] 1.568936e+01 2.527397e+01 2.463361e+01 1.583531e+01 1.149228e+01 2.350619e+01 1.677018e+01 8.579224e+00
 [57] 6.903570e+00 1.796787e+01 1.744244e+01 2.644646e+01 1.268969e+01 7.881799e+00 7.705555e+00 5.433499e+00
 [65] 2.002867e+01 1.764860e+01 1.662570e+01 7.255135e+00 5.339430e+00 3.929332e-01 2.380192e+01 9.249835e+00
 [73] 4.286314e+00 1.911142e+01 9.888189e+00 5.846967e+00 1.931517e+01 1.722620e+01 2.310432e+01 1.563066e+01
 [81] 1.007491e+01 6.634704e+00 5.566891e+00 5.166014e+00 2.797791e+00 1.914784e+01 1.484167e+01 2.329447e+01
 [89] 4.219351e+00 2.201972e+01 1.989303e+01 1.730961e+01 1.410344e+01 1.042737e+01 6.267054e+00 1.605066e+00
 [97] 1.973727e+01 2.049091e+01 2.044616e+01 7.275649e+00 6.694334e+00 5.945278e+00 3.536070e+00 1.531709e+01
[105] 2.004521e+01 1.157202e+01 1.730786e+01 1.809327e+01 1.772435e+01 1.171046e+01 1.934792e+01 1.520612e+01
[113] 1.502600e+01 1.003194e+01 1.955421e+01 1.490523e+01 1.113892e+01 1.367052e+00 1.748826e+01 1.066233e+01
[121] 1.081953e+01 1.874453e+01 1.810248e+01 1.470851e+01 1.442629e+01 1.409590e+01 8.580768e+00 8.447609e+00
[129] 6.925483e+00 2.041365e+00 1.284634e+01 7.878796e+00 1.672016e+01 1.496013e+01 8.675663e+00 5.046363e+00
[137] 1.944220e+00 8.891690e-02 1.473281e+01 1.662586e+01 1.443090e+01 8.850857e+00 1.569182e+01 1.468175e+01
[145] 1.284381e+01 1.415912e+01 1.402092e+01 1.124618e+01 5.002490e+00 1.268420e+01 7.258313e+00 1.230162e+01
[153] 1.111102e+01 5.458796e+00 1.052901e+01 1.049358e+01 1.030119e+01 1.170153e+01 9.110886e+00 3.701093e+00
[161] 1.466269e+01 1.501226e+00 1.908718e-01 1.110390e+01 1.171554e+01 1.160056e+01 9.877693e+00 9.499575e+00
[169] 2.883661e+00 3.783817e-01 6.852437e+00 1.009434e+01 9.170278e+00 5.227831e+00 1.376470e+00 1.389364e+01
[177] 1.012018e+01 8.016260e+00 2.802894e+00 1.459236e+01 1.053726e+01 7.012406e+00 1.364623e+01 1.215641e+01
[185] 2.838819e+00 2.048913e-01 1.317570e+01 5.586982e+00 7.635809e+00 7.187688e+00 3.035924e+00 1.378225e+01
[193] 1.132940e+01 1.043204e+01 9.689152e+00 6.389068e+00 4.657282e+00 4.209289e+00 1.226960e+01 7.112588e+00
[201] 7.112025e+00 1.099133e+00 7.938685e-01 1.094332e+01 7.426528e+00 1.349457e+01 1.084161e+01 1.095388e+01
[209] 1.000712e+01 9.509972e+00 5.522989e+00 3.210147e+00 8.483606e+00 7.451429e+00 5.863088e+00 2.970270e+00
[217] 1.253006e+01 1.105473e+01 1.020140e+01 6.933229e+00 6.020715e+00 4.156241e+00 3.251884e+00 3.041245e+00
[225] 2.706692e+00 1.145222e+01 1.114677e+01 8.987320e+00 2.777958e+00 1.813019e+00 1.020773e+01 8.055091e+00
[233] 4.623636e+00 4.446667e+00 2.829243e+00 1.031732e+01 8.633509e+00 3.691273e+00 3.241061e+00 2.946887e+00
[241] 2.271285e+00 1.178907e+01 1.126117e+01 6.196268e+00 3.574175e+00 7.112050e+00 9.196350e+00 8.872356e+00
[249] 7.509214e+00 4.251961e+00 7.542913e+00 5.616002e+00 1.878086e+00 1.099568e+01 5.225058e+00 4.150809e+00
[257] 1.623233e+00 1.384188e+00 8.471448e+00 6.750230e+00 3.868349e+00 3.346965e+00 2.681414e+00 5.277754e+00
[265] 8.398163e+00 1.007589e+01 2.691652e+00 1.187415e+00 2.266063e+00 9.355376e+00 3.008339e+00 2.742086e+00
[273] 8.632949e-01 7.065456e+00 2.691941e-01 1.030675e+01 8.931327e+00 4.738540e+00 1.704354e+00 6.434171e+00
[281] 4.859219e+00 9.375741e-01 8.744996e+00 5.215437e+00 3.039661e+00 9.706588e+00 1.019734e-01 7.169941e+00
[289] 3.329177e+00 2.204377e+00 6.248945e-01 7.048707e+00 8.491202e+00 5.279397e+00 8.538078e+00 6.393001e+00
[297] 1.109875e+00 6.238949e-01 9.087030e+00 9.053791e+00 4.595503e+00 6.391737e+00 7.585017e+00 4.898958e+00
[305] 6.354283e+00 3.234453e+00 2.892518e+00 8.287332e+00 6.680194e+00 4.416832e+00 4.292634e+00 4.216174e+00
[313] 4.364105e-01 8.697133e-01 7.897745e+00 5.286879e-01 7.587993e-02 7.210152e+00 5.368564e+00 4.979071e+00
[321] 4.196992e+00 6.917277e+00 9.380023e+00 5.999034e+00 5.832391e+00 4.713201e+00 1.441648e+00 8.779146e+00
[329] 5.150336e+00 8.669760e-01 4.294210e+00 1.872787e+00 1.297995e+00 5.439074e-01 7.888962e+00 7.723400e+00
[337] 7.702059e+00 1.736623e+00 7.917234e+00 6.907861e+00 6.399894e+00 5.295987e+00 8.627118e+00 6.092076e+00
[345] 4.596437e+00 4.058765e+00 4.649960e+00 2.878804e+00 6.584098e+00 7.581419e+00 6.601067e+00 7.160629e+00
[353] 5.089032e-03 4.890964e-01 7.147450e+00 5.579260e+00 5.536368e+00 4.827829e+00 1.899443e+00 1.636310e+00
[361] 7.180750e+00 6.348532e+00 5.814334e+00 7.017536e+00 5.910699e+00 6.615027e+00 5.491967e+00 3.843378e+00
[369] 7.390225e+00 4.396169e+00 6.616848e+00 4.496859e+00 3.724087e+00 7.363343e+00 3.001852e+00 1.926629e+00
[377] 6.694321e+00 6.750252e+00 1.137214e+00 7.630519e+00 6.338656e+00 1.886689e+00 7.315722e+00 5.722261e+00
[385] 5.576230e+00 4.064910e+00 1.051671e+00 5.843992e+00 5.467652e+00 5.345373e+00 7.296490e+00 1.254895e-01
[393] 2.009839e+00 5.257196e+00 7.361638e+00 6.625092e+00 4.782561e+00 8.059086e-01 6.776795e+00 5.947062e+00
[401] 3.083256e+00 5.680178e+00 4.679268e+00 2.962832e+00 5.479923e+00 4.040506e+00 6.321391e-01 7.018739e+00
[409] 1.585644e+00 1.728051e+00 6.125002e+00 5.476603e+00 4.767742e+00 5.773706e+00 5.299133e+00 5.577792e+00
[417] 6.806105e+00 4.211220e+00 3.091223e+00 2.919531e+00 2.829197e-01 4.563295e+00 3.852594e+00 4.391956e+00
[425] 4.168528e+00 3.711494e+00 1.797769e+00 1.611301e+00 3.718797e-02 5.392342e+00 2.376177e+00 2.333499e+00
[433] 6.371584e+00 3.619277e+00 4.195974e+00 3.698626e+00 4.293147e+00 3.946589e-01 4.065991e+00 2.541886e+00
[441] 1.757848e+00 3.175609e+00 2.796247e+00 1.872291e+00 1.234022e+00 8.738564e-01 4.441040e+00 3.531867e+00
[449] 4.571414e+00 5.047589e+00 5.022227e+00 4.997693e+00 9.112496e-01 3.545323e+00 4.682455e+00 3.219648e+00
[457] 4.816524e+00 5.096570e+00 3.774164e+00 1.072557e+00 1.030356e+00 1.792532e+00 3.924816e+00 3.281718e-02
[465] 2.060325e+00 4.176876e+00 3.765671e+00 5.148995e+00 1.424735e+00 5.571031e-01 4.270809e+00 3.209000e+00
[473] 2.740317e+00 4.052732e+00 2.023187e+00 1.927207e-01 7.999793e-01 2.926786e+00 1.030452e+00 3.960864e+00
[481] 3.960910e+00 3.098983e+00 2.168541e+00 1.640928e+00 1.940945e+00 8.504375e-01 5.292781e-01 3.381696e+00
[489] 4.431601e+00 3.620480e+00 2.829152e+00 1.692453e+00 1.364156e+00 3.626879e-01 1.245228e+00 2.729270e+00
[497] 2.374446e+00 1.049079e+00 1.699418e+00 2.676434e+00 2.495268e+00 2.670870e+00 2.213683e+00 6.433768e-01
[505] 3.721647e+00 2.251745e+00 4.466685e+00 4.094313e+00 3.275319e+00 3.058918e+00 4.377581e-02 1.773246e+00
[513] 1.467302e+00 8.806428e-01 5.094422e-01 3.815736e+00 1.047854e+00 1.958151e+00 1.517209e+00 2.955935e+00
[521] 3.000443e+00 7.015311e-01 3.965881e+00 3.806274e+00 1.544933e+00 2.971029e+00 6.996210e-01 3.566149e+00
[529] 9.531365e-01 1.247720e+00 9.548093e-01 1.565509e+00 9.447349e-01 5.348261e-01 3.828270e+00 4.384055e-01
[537] 3.814815e-01 3.492826e+00 8.938673e-01 2.025510e+00 2.141493e-01 2.600480e+00 1.264419e+00 1.648614e+00
[545] 1.714254e+00 1.689876e+00 3.947263e-01 2.798742e+00 2.540417e+00 2.191970e+00 1.721584e+00 4.034384e-01
[553] 1.992397e+00 1.737142e+00 4.663433e-01 1.793218e+00 1.244616e+00 2.487820e+00 1.700270e-01 5.279066e-01
[561] 8.548276e-02 2.184073e+00 1.775237e+00 1.356544e+00 6.424179e-01 1.877818e+00 5.426095e-01 3.336867e-01
[569] 3.397022e-01 1.409447e+00 1.762795e+00 1.123856e+00 4.015896e-01 1.509810e+00 8.870391e-01 8.674989e-01
[577] 9.309858e-01 1.131603e+00 1.057400e+00 4.712944e-01 9.518748e-01 3.018132e-01 1.281881e+00 2.843046e-01
[585] 1.651116e-01 9.134645e-01 1.061379e+00 4.660713e-01 1.941003e-01 1.465164e-01 1.566204e-05 4.007056e-01
[593] 8.374140e-02 5.685315e-01 4.382272e-01

$PAR
  [1]  NA   1   1   1   1   1   1   1   2   3   3   3   4   6   6   6  10  10  10  10  10  10  17  17   7   7   7   7
 [29]  23  23  23  23  23  23  23  25  25  25  25  25   8   8  26  26  26  26  13  13  13  11  11  11  11  20  20  20
 [57]  20  47  12  29  29  29  29  29  60  60  60  60  60  60  24  24  24  50  50  50  48  48  51  51  51  51  51  51
 [85]  51  71  71  54  54  79  79  79  79  79  79  79  36  90  90  21  21  21  21  41  98  98  99 105 105 105  91  91
[113]  91  91  97  97  97  97  43  43 111  77  86  86  86  86  74  74  74  74 122 122  38 123 123 123 123 108  58 109
[141] 109 109  66  66  66 119 119 119 119  59  59  92  92  78 140 140 140  67  67  67  52  52  52  49  80  80  80  80
[169]  80  80 104 112 112 112 112 113 113 113 113  87  87  87 124 124 124 124 144 144 161 161 161 180 180 180 180 180
[197] 180 180 125 125 125 125 125 146 146  93  93 126 126 126 126 126 147 147 147 147 176 176 176 176 176 192 192 183
[225] 183 206 206 206 187 187  44  44 145 145 150 217 217 217 217 217 217 152 152 152 152 184 242 242 165  42 158 158
[253] 166 106 106 106 106 106  53  53  53  53  53  22 193 243 243 243 148 227 227 227 227 153 153 218 218 218 218 254
[281] 254 208 204 204 204 207 207 121 121 121 121 120 155 155 156 156 156 156  94 236 236 276 231 219 172 172 172 266
[309] 266 266 266  81  81 114  75  75  75 167 167 167 286 195 210 168 168 168  15 323 323 270  72  72  72  72 247 247
[337] 247 247 299 299 299 300 248 248 142 142 328 283 135 343 343  56  56 295 293 293 293 293 293 293 213 128 128 265
[365] 265 232 232 232 178 178 339 339 339 315 315 315 335  62 132 336 336 336  63 337 337 337 337  31  31  31 303 350
[393] 251 205 369 369 369 369 395 395 383 391 391 318 190 361 361 355 201 274 292 408 364 182 182 220 129 322 322 322
[421] 322 340 417 399 399 399 260 260 260 377 377 377 309  82 371 349 280 280 341 341 296 196 305 305  45  45 411 411
[449] 221 400 102 102 102 215  76  76 325 363 363 363 363 414 384 252 416 385 385 211 412 412 154  64  64 390 390 390
[477]  69 342 342 294 394 394 255 329 458 136 136 451 452 452 452 452 452 452 320 304 304 304 278 455 403 197 197 347
[505] 345 449 372 372 447 489 310 424 424 424 437 311  73 471  89 321 256 256 508 508 508 406 406 480 480 463 463 261
[533] 261 261 368 535 535 516 524 467 436 490 490 434 103 488 223 239 239 482 401 401 271 420 420 307 179 548 548 229
[561] 229 500 502 432 432 269 290 253 444 427 556 556 556 563 571 338 279 409 409 532 519 162 469 469 469 564 583 543
[589] 379 460 587 576 330 398 534

$EXTANT
  [1] FALSE FALSE FALSE FALSE FALSE  TRUE  TRUE FALSE FALSE  TRUE FALSE FALSE  TRUE  TRUE  TRUE  TRUE FALSE FALSE FALSE
 [20]  TRUE  TRUE  TRUE  TRUE  TRUE  TRUE  TRUE  TRUE  TRUE  TRUE FALSE  TRUE  TRUE  TRUE  TRUE  TRUE FALSE FALSE FALSE
 [39] FALSE  TRUE FALSE  TRUE FALSE  TRUE  TRUE  TRUE FALSE FALSE FALSE FALSE  TRUE  TRUE  TRUE  TRUE  TRUE  TRUE  TRUE
 [58]  TRUE  TRUE  TRUE FALSE  TRUE  TRUE  TRUE FALSE FALSE  TRUE  TRUE  TRUE  TRUE FALSE  TRUE  TRUE  TRUE  TRUE  TRUE
 [77] FALSE FALSE  TRUE  TRUE  TRUE  TRUE  TRUE FALSE  TRUE FALSE FALSE FALSE  TRUE FALSE FALSE FALSE FALSE  TRUE  TRUE
 [96]  TRUE  TRUE FALSE FALSE FALSE  TRUE  TRUE  TRUE  TRUE FALSE  TRUE FALSE  TRUE  TRUE  TRUE FALSE  TRUE  TRUE  TRUE
[115] FALSE FALSE  TRUE  TRUE  TRUE  TRUE  TRUE  TRUE  TRUE  TRUE  TRUE FALSE FALSE  TRUE FALSE  TRUE  TRUE  TRUE FALSE
[134]  TRUE FALSE  TRUE  TRUE  TRUE FALSE  TRUE FALSE  TRUE FALSE  TRUE  TRUE  TRUE  TRUE  TRUE  TRUE  TRUE FALSE  TRUE
[153]  TRUE  TRUE  TRUE  TRUE  TRUE  TRUE FALSE FALSE  TRUE  TRUE  TRUE FALSE  TRUE  TRUE  TRUE  TRUE  TRUE  TRUE  TRUE
[172]  TRUE  TRUE  TRUE  TRUE  TRUE  TRUE  TRUE  TRUE  TRUE FALSE  TRUE  TRUE  TRUE  TRUE  TRUE  TRUE  TRUE  TRUE  TRUE
[191]  TRUE  TRUE  TRUE  TRUE  TRUE  TRUE  TRUE  TRUE  TRUE  TRUE  TRUE  TRUE  TRUE  TRUE  TRUE FALSE  TRUE  TRUE  TRUE
[210] FALSE FALSE  TRUE FALSE FALSE  TRUE  TRUE  TRUE  TRUE  TRUE  TRUE  TRUE  TRUE  TRUE  TRUE  TRUE  TRUE  TRUE  TRUE
[229]  TRUE  TRUE  TRUE FALSE  TRUE  TRUE  TRUE  TRUE FALSE  TRUE  TRUE  TRUE  TRUE  TRUE  TRUE  TRUE  TRUE  TRUE  TRUE
[248]  TRUE  TRUE  TRUE  TRUE  TRUE  TRUE  TRUE  TRUE  TRUE  TRUE  TRUE  TRUE  TRUE  TRUE  TRUE  TRUE  TRUE  TRUE  TRUE
[267]  TRUE  TRUE  TRUE  TRUE  TRUE  TRUE  TRUE  TRUE  TRUE  TRUE  TRUE  TRUE  TRUE  TRUE  TRUE  TRUE FALSE  TRUE  TRUE
[286] FALSE  TRUE FALSE  TRUE  TRUE  TRUE FALSE  TRUE  TRUE  TRUE  TRUE  TRUE  TRUE  TRUE FALSE  TRUE  TRUE FALSE  TRUE
[305]  TRUE  TRUE  TRUE  TRUE  TRUE  TRUE  TRUE  TRUE  TRUE FALSE  TRUE  TRUE  TRUE  TRUE  TRUE  TRUE  TRUE  TRUE  TRUE
[324]  TRUE FALSE  TRUE  TRUE  TRUE  TRUE  TRUE FALSE FALSE  TRUE  TRUE  TRUE  TRUE  TRUE  TRUE  TRUE FALSE  TRUE  TRUE
[343] FALSE  TRUE  TRUE  TRUE  TRUE  TRUE  TRUE  TRUE  TRUE  TRUE  TRUE  TRUE FALSE  TRUE  TRUE FALSE  TRUE  TRUE  TRUE
[362] FALSE  TRUE  TRUE  TRUE FALSE  TRUE  TRUE  TRUE  TRUE FALSE  TRUE  TRUE FALSE FALSE  TRUE  TRUE  TRUE  TRUE FALSE
[381]  TRUE  TRUE  TRUE  TRUE  TRUE  TRUE  TRUE  TRUE  TRUE  TRUE  TRUE  TRUE  TRUE  TRUE  TRUE  TRUE  TRUE  TRUE  TRUE
[400]  TRUE  TRUE FALSE  TRUE  TRUE  TRUE  TRUE  TRUE  TRUE  TRUE  TRUE  TRUE  TRUE  TRUE  TRUE  TRUE  TRUE  TRUE FALSE
[419] FALSE  TRUE  TRUE  TRUE  TRUE  TRUE  TRUE  TRUE  TRUE  TRUE  TRUE  TRUE  TRUE  TRUE  TRUE  TRUE  TRUE  TRUE  TRUE
[438]  TRUE  TRUE  TRUE  TRUE FALSE  TRUE  TRUE  TRUE  TRUE  TRUE  TRUE  TRUE  TRUE  TRUE  TRUE  TRUE  TRUE  TRUE  TRUE
[457]  TRUE  TRUE  TRUE  TRUE  TRUE  TRUE  TRUE  TRUE  TRUE  TRUE  TRUE  TRUE  TRUE  TRUE  TRUE  TRUE FALSE  TRUE  TRUE
[476]  TRUE  TRUE  TRUE  TRUE  TRUE  TRUE  TRUE  TRUE  TRUE  TRUE  TRUE  TRUE  TRUE  TRUE  TRUE  TRUE  TRUE  TRUE  TRUE
[495]  TRUE  TRUE  TRUE  TRUE  TRUE  TRUE  TRUE  TRUE  TRUE  TRUE  TRUE  TRUE  TRUE  TRUE  TRUE  TRUE  TRUE  TRUE  TRUE
[514]  TRUE  TRUE  TRUE  TRUE  TRUE  TRUE  TRUE FALSE  TRUE FALSE  TRUE  TRUE  TRUE  TRUE  TRUE  TRUE  TRUE  TRUE  TRUE
[533]  TRUE  TRUE  TRUE  TRUE  TRUE  TRUE  TRUE  TRUE  TRUE FALSE  TRUE FALSE  TRUE  TRUE  TRUE  TRUE  TRUE  TRUE  TRUE
[552]  TRUE  TRUE FALSE  TRUE  TRUE  TRUE  TRUE  TRUE  TRUE  TRUE  TRUE  TRUE  TRUE  TRUE  TRUE  TRUE  TRUE  TRUE  TRUE
[571]  TRUE  TRUE  TRUE  TRUE  TRUE  TRUE  TRUE  TRUE  TRUE  TRUE  TRUE  TRUE  TRUE  TRUE  TRUE  TRUE  TRUE  TRUE  TRUE
[590]  TRUE  TRUE  TRUE  TRUE  TRUE  TRUE

