
Birth-death simulation object with 609 species and 500 extant species

Details for some species:

Extinction times (NA means extant)
[1]         NA 43.3822404 45.3610945  4.4632361  0.9796312         NA


Speciation times 
[1] 51.30794 50.35889 46.11996 42.35084 31.59464 13.05880


Species parents (NA for initial)
[1] NA  1  1  1  1  1


Species status (extinct or extant)
[1] "extant"  "extinct" "extinct" "extinct" "extinct" "extant" 


For more details on vector y, try sim$y, with y one of
TE TS PAR EXTANT



$TE
  [1]          NA 43.38224035 45.36109455  4.46323610  0.97963121          NA          NA          NA 18.52665813
 [10] 34.30492297 17.55138339  6.30344722          NA          NA  2.48008305          NA 31.46682084 18.06478489
 [19]          NA 28.14146176  7.25813579          NA          NA          NA          NA          NA          NA
 [28] 29.89105151 17.63943584          NA          NA  0.08824695 24.55420828          NA 18.81121348  4.10767083
 [37]  8.53585497          NA          NA          NA          NA 20.23762832 20.86556354  7.29962571 10.83416690
 [46] 18.63849700 13.54639217          NA          NA          NA          NA 10.41771445          NA 17.13258094
 [55]          NA 22.93264345  8.88319542          NA          NA          NA  6.96176549          NA  6.10518780
 [64]          NA          NA 16.32256109 13.82007399          NA  0.58600428          NA          NA          NA
 [73] 22.66851403 17.82554743          NA 10.22762449          NA          NA          NA          NA          NA
 [82]  5.19220577          NA  4.41487297          NA          NA  2.78742008 14.66616312 16.70897095          NA
 [91]          NA  5.48911007          NA          NA 16.47639304          NA 15.50075243          NA  1.43528002
[100]          NA 17.34447857 13.07409047          NA          NA          NA          NA          NA          NA
[109] 18.58825088          NA          NA          NA 14.72423613          NA          NA  7.00382413          NA
[118]          NA          NA          NA          NA          NA          NA          NA          NA  3.49563234
[127]          NA          NA          NA          NA          NA          NA          NA          NA          NA
[136]          NA          NA          NA          NA          NA          NA          NA          NA          NA
[145]          NA          NA          NA  8.60127833          NA          NA          NA          NA  8.06998103
[154]          NA          NA  8.68860288  4.96467261  5.45886947          NA          NA          NA          NA
[163]          NA          NA          NA          NA          NA          NA          NA          NA          NA
[172]          NA          NA          NA          NA          NA          NA  9.06623284 10.92215319          NA
[181]          NA  5.13141072          NA          NA          NA          NA          NA          NA          NA
[190]          NA  3.42052893  0.47641690          NA          NA  3.62996876          NA          NA  7.95876368
[199]          NA          NA          NA 13.23043851          NA          NA  4.89023007  1.52984994  7.43124632
[208]          NA  5.22315884          NA  1.94186142  7.98110330          NA          NA          NA          NA
[217]  2.61168205 13.41296139  8.01949536          NA          NA  2.78766639          NA          NA          NA
[226]          NA  3.22875244          NA          NA          NA 10.35047538  2.07609150          NA          NA
[235]          NA          NA          NA          NA  2.08623218          NA          NA          NA          NA
[244]          NA          NA          NA          NA          NA          NA          NA          NA          NA
[253]          NA          NA          NA          NA          NA          NA          NA  6.75910221          NA
[262]          NA  5.61312360          NA          NA          NA          NA          NA          NA          NA
[271]          NA          NA          NA  7.40367796          NA          NA          NA          NA          NA
[280]  0.21559272          NA          NA          NA          NA          NA          NA          NA          NA
[289]  2.60517209          NA          NA          NA          NA          NA          NA          NA          NA
[298]          NA          NA          NA          NA          NA  0.66635340          NA          NA          NA
[307]  8.14065715          NA  0.72363210          NA          NA          NA          NA          NA          NA
[316]  2.95364901          NA          NA          NA          NA          NA          NA          NA          NA
[325]          NA          NA          NA  2.07194866          NA          NA          NA          NA          NA
[334]          NA          NA  4.67016030          NA          NA          NA          NA          NA  1.51202112
[343]          NA          NA  5.90987339          NA          NA          NA          NA          NA          NA
[352]          NA          NA          NA          NA          NA          NA          NA          NA          NA
[361]          NA          NA          NA          NA          NA          NA          NA  0.59464934          NA
[370]          NA          NA          NA          NA          NA          NA          NA          NA          NA
[379]          NA          NA          NA          NA          NA          NA          NA  4.99422456          NA
[388]          NA          NA          NA          NA          NA          NA          NA          NA          NA
[397]  6.35863906          NA          NA          NA          NA          NA          NA          NA          NA
[406]          NA          NA  4.98797992          NA  2.12947806          NA          NA  5.13038628          NA
[415]          NA          NA          NA  6.14866055          NA          NA          NA          NA          NA
[424]          NA          NA          NA          NA          NA          NA          NA          NA          NA
[433]          NA          NA          NA          NA          NA          NA          NA          NA          NA
[442]          NA          NA          NA          NA          NA          NA          NA          NA          NA
[451]  3.46502721          NA          NA          NA          NA          NA          NA          NA          NA
[460]          NA          NA          NA  2.88321827          NA          NA          NA          NA          NA
[469]          NA          NA          NA          NA  1.91372376          NA          NA          NA          NA
[478]          NA          NA          NA          NA          NA          NA          NA  0.78682136          NA
[487]  2.82018741          NA          NA          NA          NA          NA          NA          NA          NA
[496]          NA          NA          NA          NA          NA          NA  1.81809322          NA          NA
[505]          NA          NA          NA          NA          NA          NA          NA          NA          NA
[514]          NA          NA          NA          NA          NA          NA          NA          NA          NA
[523]          NA          NA          NA          NA          NA          NA          NA          NA          NA
[532]          NA          NA          NA          NA          NA          NA          NA          NA          NA
[541]          NA          NA          NA          NA          NA          NA          NA          NA          NA
[550]          NA  1.45369969          NA          NA          NA          NA          NA          NA          NA
[559]          NA          NA          NA          NA          NA          NA          NA          NA          NA
[568]          NA          NA          NA          NA          NA          NA          NA          NA          NA
[577]          NA  0.01913081          NA          NA          NA          NA          NA          NA          NA
[586]          NA          NA          NA          NA          NA          NA          NA  0.39535361          NA
[595]          NA          NA          NA          NA          NA          NA          NA          NA          NA
[604]          NA          NA          NA          NA          NA          NA

$TS
  [1] 51.307941575 50.358889967 46.119961334 42.350843276 31.594639276 13.058800504  3.131625272  0.670027800
  [9] 45.331308022 41.025184464 29.772924489 24.148843854 23.153302107 22.233775268 19.572169921 42.195927772
 [17] 40.484858096 27.791625184 12.017647063 39.894454663 24.274216266 17.457512705  6.179714906  5.933346283
 [25]  2.431281354 34.241088128 33.330246286 33.096334206 20.901237810  5.114683107  0.916078822 32.183314771
 [33] 25.351414083 33.039151120 21.742664312 20.771631281 19.386686182 17.616116098 14.014851125  1.519677413
 [41] 31.721755965 27.341093039 27.023651651 26.243753587 24.899309250 24.203545163 21.603567219  9.667804379
 [49] 29.194821185 19.321733788 18.283108860 13.163363808  2.449790832 28.275799042 25.364400576 23.456985949
 [57] 20.446999947 16.424956381 11.794149666  3.455731082 16.413971110 14.683370942  7.676841239  2.756302807
 [65] 25.946010932 21.964427299 25.865014735 20.953350525 16.317282525 18.380440917 15.559029872 11.517596193
 [73] 25.603177819 22.591213083 17.503343760 15.521104690 13.688236730  9.664572313  4.369150957 22.811475836
 [81] 16.523236827 10.220304437 23.888759477 19.122450584 11.264632128 17.128516919 21.189898023 20.563394767
 [89] 16.904423598 15.150375141 10.581787881 10.492643299  1.210969222  9.024251189 20.377792963 19.664693016
 [97] 18.051790009 17.407599239 10.282696820  6.433155261 17.840200680 19.230198603 13.453025717  3.837362049
[105] 19.403601851 10.490950736  9.472396647  0.931582588 19.119754760 18.030120851 15.180034232  4.703811373
[113] 18.044020618 14.872342164 16.945824441 18.662574957 18.431222310 19.396711711 13.839770353  4.291360530
[121]  0.356414591 14.567524432 13.318995327  8.920898514 11.060754425  4.036739867 15.175115796 13.667179729
[129]  3.591717283  1.263735730 18.966216968  5.784431935 18.173011845 16.802033709 14.895116260 14.413095170
[137] 13.982335455 17.563963992 17.407557170 14.947630154 14.574782106  8.460628676  4.587241739  2.599158897
[145]  1.298742474 10.210737274 15.800318365 13.317189767  9.322869601  8.237996844  4.583502497 17.931103532
[153] 11.017196847  6.088216261  3.887392741 14.141265276 12.811288140  8.606846513  0.356621143 11.085494446
[161] 10.772704639  5.572577738  4.801294925  4.691852981  1.811214296 12.727771299  5.286357903  2.415453769
[169] 16.161421889 10.863032665  8.691400509  8.569083472  6.410109316  4.948445211  3.364564086  9.244928162
[177]  6.021223772 15.898041385 13.233648077 11.492137429 10.807627057  5.983152007  1.588954809 16.009445607
[185] 10.707279991  8.516539366  9.297787974  4.430585284 16.015436214 13.868584896 14.042968711 12.389324303
[193]  8.453570655 15.046035729 14.901793947  8.401809421 11.925627373 10.461964334  2.002397188  0.719128487
[201] 15.591749915 14.361652150 10.155585494  6.418095855  6.232497414 14.682345095  9.274745956  8.229575503
[209]  5.770128808  3.850518961  2.560690440 13.007202306  7.337923619  5.868295146 12.905985554 10.955296007
[217]  8.465037510 14.498090837  8.655172733  6.074801909  0.242943978 13.004313881  2.712589848  7.653839907
[225]  9.198871466  9.034396096 11.217478752  6.905267095 11.801513046 11.237665681 14.154282119 13.944677848
[233] 12.187181929 13.902737930  9.193095611 10.645803737  5.787414571 11.526124286  4.630547608  3.196535674
[241]  6.604290431  6.353790386 11.162978978  9.200938400  7.244300828  7.771105668  3.622704544  2.124115317
[249]  0.976145048  7.039425679  0.564542245 13.193513906  9.388061917  6.648337976  4.088293157 11.332540686
[257]  4.498576696  1.493092092  9.983970938  9.822035141  8.524821517  8.008921103  7.046269740  6.650126662
[265] 12.546712578  8.151507214  7.288178405  5.607963748  3.766052389  5.742732922  6.260959375 11.477825846
[273]  2.952410984  8.409034682  4.810148402  8.533935713  4.169921869  3.468467511  1.276568576  0.961478803
[281]  8.052502665  6.270420382  7.734016615  3.435137900  2.204248360  8.523204669  8.334757550 10.178769972
[289]  8.895033971  7.239693522  6.056389531 10.695473780  9.874779794  9.256231875  0.993401308  0.241698713
[297] 10.006573173  2.110932536  0.483025384  0.330078470  5.253983528  1.520060773  1.943371969  6.542207138
[305]  3.883534429 10.554414713  9.032910863  3.860751145  2.037774071  6.436967604  0.665436635  0.258479552
[313]  9.149487030  8.983712204  7.499752898  5.197836665  0.306903205  9.181947788  6.037794876  8.014308858
[321]  6.366042939  7.527655557  3.779722216  6.325557550  7.130464410  7.857750746  5.344378183  3.142039525
[329]  8.890423637  7.292349095  6.567734194  7.976419316  6.546804242  6.522823488  1.178669881  5.020971817
[337]  3.270367337  2.464537991  2.602714433  9.216735196  7.344447863  6.761466845  1.277314433  0.644168968
[345]  8.154080581  4.523434912  7.572772712  0.342768026  8.814743434  7.530679506  4.764040473  8.402871769
[353]  3.851746845  2.731996506  2.906067642  6.826573851  6.482396296  3.943004376  1.470860933  0.940935217
[361]  8.734951655  5.954622718  3.818373695  3.793311624  0.218594397  0.092104140  5.230160723  8.200951230
[369]  4.028056116  5.190871770  3.885291494  4.355454906  2.900606970  2.488671515  1.093474122  2.215095342
[377]  0.141348337  1.332400934  2.974716652  5.398186821  4.098796704  6.928092515  5.472217532  0.338225825
[385]  7.119079612  6.247173299  3.630420061  0.433872868  6.850932113  2.991941064  2.032723088  7.408005972
[393]  5.246872260  6.260781570  3.555520805  5.849885657  6.412691445  5.221605101  3.248965910  7.117241240
[401]  3.622928607  3.961762589  1.737413013  4.543853135  1.382664943  3.384448343  0.383888308  6.324634059
[409]  5.123862219  3.705627474  1.247080361  2.015055587  6.873413945  6.643778947  5.701172782  3.060993876
[417]  6.879006010  6.286653066  4.335479267  1.843783990  5.635569973  2.842255747  5.415339826  5.244527463
[425]  1.836579003  5.701325954  6.510783505  3.875802792  2.111582191  4.041618112  1.715920806  0.959111932
[433]  3.824379370  3.784497420  0.988290620  3.117945994  0.373438029  4.167228627  0.554904445  0.207831963
[441]  2.861693539  6.212804588  2.950288153  1.771565901  0.089273513  5.014674456  6.248902607  1.163575107
[449]  5.841017272  4.648890810  4.064513685  1.966418189  3.332603888  5.733527965  4.264074953  1.201895809
[457]  2.935931821  3.063626839  1.126432181  0.263785446  3.874381886  0.592250793  5.655797817  2.949950245
[465]  3.796009641  0.927894945  0.643569845  0.978325415  3.900889040  4.610499312  2.667616287  0.763566058
[473]  4.254753848  4.154004768  3.776111832  0.324947171  3.596383311  1.477370187  4.978115915  4.351681074
[481]  4.081085376  1.701981151  4.542677094  0.170807421  0.907940401  0.537704256  4.206491204  2.309172542
[489]  0.604982515  3.588160695  1.089878813  0.654882261  1.461908517  1.368969291  4.323667125  3.748414031
[497]  0.084700114  2.188209582  1.776346309  3.033263840  2.302581106  2.229388582  2.716201494  2.553804637
[505]  1.525381368  1.399650499  1.082546668  4.195516276  1.249184470  4.288258607  0.150423254  4.192978200
[513]  2.766545075  3.806659698  1.907568901  2.932548091  0.941226708  1.074490868  3.034393765  2.604719157
[521]  2.962544220  1.098166329  1.045325719  2.489770775  1.776830763  0.004519095  2.655768690  1.942794654
[529]  3.626944603  0.974377716  1.610139906  1.515381431  2.159881198  1.386102768  1.964732307  2.881991517
[537]  0.204720834  3.675902226  1.508844089  2.606528127  0.143474073  3.092825714  1.374890139  0.889955690
[545]  2.960622794  1.102033602  0.229783854  0.413853388  1.445251535  1.037551937  2.061228325  2.879867770
[553]  2.497626644  2.295528355  0.924981070  0.757064049  2.156723868  2.924556391  2.034196920  0.292417614
[561]  2.616993698  1.434700320  2.502712913  1.905923601  1.691065223  0.915731756  0.514294309  2.650597351
[569]  0.219741557  2.324833291  0.362815432  0.112451999  1.058819586  1.817697257  0.492366999  2.583209453
[577]  0.782484033  2.201094946  2.445504432  0.097388156  0.041891595  1.518290753  0.262764040  2.320027917
[585]  0.001675746  1.302569891  0.951273550  0.830609867  1.547436094  0.355781313  1.581003159  1.741465703
[593]  1.055363423  1.501765500  0.666646233  1.624533386  1.408463744  0.432211392  0.333731423  0.732108672
[601]  0.976714518  0.637871419  0.924257545  1.024107963  0.473159633  0.065839501  0.289413340  0.370250923
[609]  0.246604428

$PAR
  [1]  NA   1   1   1   1   1   1   1   2   9   9   9   9   9   9   4   4   4   4  16  16  16  16  16  16  20  20  26  26
 [30]  26  26  27  27  28  34  34  34  34  34  34  32  32  32  32  32  32  32  32  41  41  41  41  41   5   5   5   5   5
 [59]   5   5  49  49  49  49  18  18  42  43  44  65  65  65  67  67  67  67  55  55  55  45  45  21  46  46  12  83  13
 [88]  13  13  13  13  13  13  80  14  14  14  14  14  14  66  87  87  87  68  68  68  68  36  36  36  36  88  88  57  95
[117]  95  96  96  96  96  15  15  15 105 105 118 118 118 118  37  50 102 102 102 131 116 117 117  70  70  70  70  70  70
[146]  51 133 133 133 133 133  97 110 110 110 152 152 152 152  38 138 138 138 138 138  75  75  75  22  22  98  98  98  98
[175]  98 139 115 134 134 134 134 134 134  81  81  81  58  58  61  61  69  69  69 189 189 189 184 184 184 184 178 178 147
[204] 147 147 201 201 201 201 201 201  71  71  71  76 111  90 194 194 194 194 140 140 195 135 135 114 114  62 141 122 218
[233] 136 156 191  39  39 232 232 232 234 234 190 190 190 119 119 119  77 128 128 103 103 103 103 123 123 123 252 252 252
[262] 252 252   6 222 215 157 157 192 233  19 197 197  59  59 238 238 238 238 238  72  72 180 180 180 272 272 256  85 230
[291] 230 227 227 227 160 160 125 125 125 125 216 216 170 161 185 292 236  91  91 306 306 306  92  92  92 106 106 198  99
[320] 146 146 203 203 297 259 293 293 293  48  48  48  78  78  78  78 253 253 253 187 294 294 294 294 294 176 176 340 340
[349] 244 244 244 225 225 225 235 313 313 313 313 313 226 226 226 226 226 226 314 124 124 289 289 171 171 171 171 172 276
[378] 261 193 352 352 196 196 287 368 368 281 281 262 262 262 332 326 246 246 283  63 224 347 350 350 322 322 315 315 392
[407] 341 330 330 245 245 325 385 400 400 400 263 382 382 228 389 389 356 356 241 331 333 333 333 304 304 304 334 334 334
[436] 427 427 357 100 100 321 242 242 242 242 408 271 394 205 442 154 177 362  24  24  24 214 396 396 396 449 132 454 454
[465] 426 426 426 415 421 383 383 423 380 380 327 301 393 424 398 398 398 370 409 409 446 446 479 479 479 163 351 164 450
[494] 450 239 143 143 404 404 346 346 346 257 257 257 188 372 480 480 495 120 510 510 455 508 277 277 438 474 381 481 430
[523] 430 402 402 402 371 305 353 353 104 433 514 465 323 475 269 496 496 387 387 247 247 247 477 129 490 278  60  60 284
[552] 406 406 175 175 453 399 436 436 436 390 390 379 521 521 521 545 558 558 373 373 373 552 441  64 223 471 568 540 520
[581] 520 144 579  25 570 584 584 488 498 498 429 559 412 165 525 499 591 582 258 494 378 279 491 518 588 472 489 462 388

$EXTANT
  [1]  TRUE FALSE FALSE FALSE FALSE  TRUE  TRUE  TRUE FALSE FALSE FALSE FALSE  TRUE  TRUE FALSE  TRUE FALSE FALSE  TRUE
 [20] FALSE FALSE  TRUE  TRUE  TRUE  TRUE  TRUE  TRUE FALSE FALSE  TRUE  TRUE FALSE FALSE  TRUE FALSE FALSE FALSE  TRUE
 [39]  TRUE  TRUE  TRUE FALSE FALSE FALSE FALSE FALSE FALSE  TRUE  TRUE  TRUE  TRUE FALSE  TRUE FALSE  TRUE FALSE FALSE
 [58]  TRUE  TRUE  TRUE FALSE  TRUE FALSE  TRUE  TRUE FALSE FALSE  TRUE FALSE  TRUE  TRUE  TRUE FALSE FALSE  TRUE FALSE
 [77]  TRUE  TRUE  TRUE  TRUE  TRUE FALSE  TRUE FALSE  TRUE  TRUE FALSE FALSE FALSE  TRUE  TRUE FALSE  TRUE  TRUE FALSE
 [96]  TRUE FALSE  TRUE FALSE  TRUE FALSE FALSE  TRUE  TRUE  TRUE  TRUE  TRUE  TRUE FALSE  TRUE  TRUE  TRUE FALSE  TRUE
[115]  TRUE FALSE  TRUE  TRUE  TRUE  TRUE  TRUE  TRUE  TRUE  TRUE  TRUE FALSE  TRUE  TRUE  TRUE  TRUE  TRUE  TRUE  TRUE
[134]  TRUE  TRUE  TRUE  TRUE  TRUE  TRUE  TRUE  TRUE  TRUE  TRUE  TRUE  TRUE  TRUE  TRUE FALSE  TRUE  TRUE  TRUE  TRUE
[153] FALSE  TRUE  TRUE FALSE FALSE FALSE  TRUE  TRUE  TRUE  TRUE  TRUE  TRUE  TRUE  TRUE  TRUE  TRUE  TRUE  TRUE  TRUE
[172]  TRUE  TRUE  TRUE  TRUE  TRUE  TRUE FALSE FALSE  TRUE  TRUE FALSE  TRUE  TRUE  TRUE  TRUE  TRUE  TRUE  TRUE  TRUE
[191] FALSE FALSE  TRUE  TRUE FALSE  TRUE  TRUE FALSE  TRUE  TRUE  TRUE FALSE  TRUE  TRUE FALSE FALSE FALSE  TRUE FALSE
[210]  TRUE FALSE FALSE  TRUE  TRUE  TRUE  TRUE FALSE FALSE FALSE  TRUE  TRUE FALSE  TRUE  TRUE  TRUE  TRUE FALSE  TRUE
[229]  TRUE  TRUE FALSE FALSE  TRUE  TRUE  TRUE  TRUE  TRUE  TRUE FALSE  TRUE  TRUE  TRUE  TRUE  TRUE  TRUE  TRUE  TRUE
[248]  TRUE  TRUE  TRUE  TRUE  TRUE  TRUE  TRUE  TRUE  TRUE  TRUE  TRUE  TRUE FALSE  TRUE  TRUE FALSE  TRUE  TRUE  TRUE
[267]  TRUE  TRUE  TRUE  TRUE  TRUE  TRUE  TRUE FALSE  TRUE  TRUE  TRUE  TRUE  TRUE FALSE  TRUE  TRUE  TRUE  TRUE  TRUE
[286]  TRUE  TRUE  TRUE FALSE  TRUE  TRUE  TRUE  TRUE  TRUE  TRUE  TRUE  TRUE  TRUE  TRUE  TRUE  TRUE  TRUE FALSE  TRUE
[305]  TRUE  TRUE FALSE  TRUE FALSE  TRUE  TRUE  TRUE  TRUE  TRUE  TRUE FALSE  TRUE  TRUE  TRUE  TRUE  TRUE  TRUE  TRUE
[324]  TRUE  TRUE  TRUE  TRUE FALSE  TRUE  TRUE  TRUE  TRUE  TRUE  TRUE  TRUE FALSE  TRUE  TRUE  TRUE  TRUE  TRUE FALSE
[343]  TRUE  TRUE FALSE  TRUE  TRUE  TRUE  TRUE  TRUE  TRUE  TRUE  TRUE  TRUE  TRUE  TRUE  TRUE  TRUE  TRUE  TRUE  TRUE
[362]  TRUE  TRUE  TRUE  TRUE  TRUE  TRUE FALSE  TRUE  TRUE  TRUE  TRUE  TRUE  TRUE  TRUE  TRUE  TRUE  TRUE  TRUE  TRUE
[381]  TRUE  TRUE  TRUE  TRUE  TRUE FALSE  TRUE  TRUE  TRUE  TRUE  TRUE  TRUE  TRUE  TRUE  TRUE  TRUE FALSE  TRUE  TRUE
[400]  TRUE  TRUE  TRUE  TRUE  TRUE  TRUE  TRUE  TRUE FALSE  TRUE FALSE  TRUE  TRUE FALSE  TRUE  TRUE  TRUE  TRUE FALSE
[419]  TRUE  TRUE  TRUE  TRUE  TRUE  TRUE  TRUE  TRUE  TRUE  TRUE  TRUE  TRUE  TRUE  TRUE  TRUE  TRUE  TRUE  TRUE  TRUE
[438]  TRUE  TRUE  TRUE  TRUE  TRUE  TRUE  TRUE  TRUE  TRUE  TRUE  TRUE  TRUE  TRUE FALSE  TRUE  TRUE  TRUE  TRUE  TRUE
[457]  TRUE  TRUE  TRUE  TRUE  TRUE  TRUE FALSE  TRUE  TRUE  TRUE  TRUE  TRUE  TRUE  TRUE  TRUE  TRUE FALSE  TRUE  TRUE
[476]  TRUE  TRUE  TRUE  TRUE  TRUE  TRUE  TRUE  TRUE  TRUE FALSE  TRUE FALSE  TRUE  TRUE  TRUE  TRUE  TRUE  TRUE  TRUE
[495]  TRUE  TRUE  TRUE  TRUE  TRUE  TRUE  TRUE FALSE  TRUE  TRUE  TRUE  TRUE  TRUE  TRUE  TRUE  TRUE  TRUE  TRUE  TRUE
[514]  TRUE  TRUE  TRUE  TRUE  TRUE  TRUE  TRUE  TRUE  TRUE  TRUE  TRUE  TRUE  TRUE  TRUE  TRUE  TRUE  TRUE  TRUE  TRUE
[533]  TRUE  TRUE  TRUE  TRUE  TRUE  TRUE  TRUE  TRUE  TRUE  TRUE  TRUE  TRUE  TRUE  TRUE  TRUE  TRUE  TRUE  TRUE FALSE
[552]  TRUE  TRUE  TRUE  TRUE  TRUE  TRUE  TRUE  TRUE  TRUE  TRUE  TRUE  TRUE  TRUE  TRUE  TRUE  TRUE  TRUE  TRUE  TRUE
[571]  TRUE  TRUE  TRUE  TRUE  TRUE  TRUE  TRUE FALSE  TRUE  TRUE  TRUE  TRUE  TRUE  TRUE  TRUE  TRUE  TRUE  TRUE  TRUE
[590]  TRUE  TRUE  TRUE FALSE  TRUE  TRUE  TRUE  TRUE  TRUE  TRUE  TRUE  TRUE  TRUE  TRUE  TRUE  TRUE  TRUE  TRUE  TRUE
[609]  TRUE

