
Birth-death simulation object with 625 species and 500 extant species

Details for some species:

Extinction times (NA means extant)
[1] 16.10763 27.27507 19.86527       NA       NA       NA


Speciation times 
[1] 65.10954 58.45680 57.75052 43.63818 19.85374 51.98048


Species parents (NA for initial)
[1] NA  1  1  1  1  2


Species status (extinct or extant)
[1] "extinct" "extinct" "extinct" "extant"  "extant"  "extant" 


For more details on vector y, try sim$y, with y one of
TE TS PAR EXTANT



$TE
  [1] 16.10763358 27.27507005 19.86527014          NA          NA          NA          NA          NA 12.45136890
 [10]          NA  6.02809856 33.06732575 16.92451312          NA 14.50505301 28.68617528 17.03113472 18.94614754
 [19] 14.82229671          NA          NA          NA          NA 22.97379832  0.29846912 11.32442707          NA
 [28]          NA          NA          NA  8.75462546 13.94463818          NA          NA 25.61269081  3.73300896
 [37]  9.18756436          NA          NA  1.97976694          NA 17.89241849 23.99774742          NA          NA
 [46]  1.84803158 17.84234699          NA          NA  0.02621708          NA          NA          NA          NA
 [55] 26.67668087          NA          NA          NA          NA  5.57866315          NA          NA          NA
 [64]          NA          NA          NA          NA 15.71676567          NA          NA          NA          NA
 [73]          NA 25.51501876 14.42998370          NA  0.88530349 15.77962575 15.76475060 19.12262601 19.33345632
 [82] 12.88691022          NA          NA  2.81603665  4.28423971 12.13336404  2.60488548          NA 17.96846232
 [91]          NA          NA          NA  3.93331782          NA          NA 19.81893477 22.65024851 19.82292805
[100]          NA          NA          NA  2.93247693          NA  1.51394432          NA          NA 15.55929607
[109]          NA 13.94085348  2.35816657          NA          NA 18.52118635          NA          NA          NA
[118]          NA  4.31525784          NA          NA          NA          NA 23.35229671 15.00904359          NA
[127]          NA          NA          NA          NA 17.57318237          NA          NA          NA  0.92001832
[136]          NA          NA          NA          NA          NA          NA          NA          NA          NA
[145]          NA          NA  3.35995456          NA          NA 13.86746314 16.04840752 17.30266986          NA
[154]          NA          NA          NA          NA          NA          NA          NA          NA  8.48316313
[163]          NA  6.95812248          NA  0.13773512          NA  4.64509549          NA          NA          NA
[172]  0.24862632          NA          NA          NA          NA          NA 11.49724195          NA          NA
[181]          NA  4.14996052          NA          NA          NA  7.88949097          NA          NA          NA
[190]  7.24117883          NA          NA 14.43573803          NA          NA          NA 10.04059185          NA
[199] 11.29089801          NA          NA          NA          NA          NA          NA          NA  7.45526560
[208]  5.00196157 13.20385435          NA          NA  3.22490994  5.99548686          NA  1.76250637          NA
[217]          NA          NA          NA  7.22704213          NA          NA  5.81702726          NA          NA
[226]          NA  9.31486706  3.80788642          NA          NA          NA          NA          NA  0.49878175
[235] 11.50204280          NA          NA          NA  4.12915297          NA          NA  0.74000280  0.89428820
[244]          NA          NA          NA          NA          NA          NA          NA          NA          NA
[253]          NA          NA          NA          NA          NA          NA  1.85198420          NA          NA
[262]          NA          NA          NA          NA  8.33049302  9.52506164          NA          NA  5.03198294
[271]          NA  5.33625375          NA          NA          NA          NA          NA          NA          NA
[280]  6.19427437          NA 10.60464555          NA          NA          NA          NA          NA          NA
[289]          NA          NA          NA          NA          NA          NA          NA          NA  6.12558597
[298]          NA          NA          NA          NA          NA          NA  6.77630075          NA          NA
[307]  7.56449699          NA          NA  8.34868623          NA          NA          NA          NA          NA
[316]          NA          NA          NA          NA          NA  1.21409818          NA          NA  7.04214094
[325]          NA  2.14762902          NA          NA  1.42481318  8.64597238          NA          NA          NA
[334]          NA          NA          NA  2.26234603  3.96809022          NA          NA  5.19764262          NA
[343]          NA          NA          NA          NA          NA          NA          NA  4.02551301          NA
[352]          NA          NA          NA          NA          NA          NA          NA          NA          NA
[361]          NA          NA          NA          NA          NA          NA          NA          NA          NA
[370]          NA          NA          NA          NA  5.30782306          NA          NA          NA          NA
[379]          NA          NA          NA          NA  3.97446497          NA          NA          NA          NA
[388]          NA          NA          NA          NA          NA          NA          NA          NA          NA
[397]          NA          NA  4.02544814          NA          NA          NA          NA          NA          NA
[406]  3.94676693          NA          NA          NA  1.72509324          NA          NA          NA          NA
[415]  1.34706423  0.11510489          NA  1.85649532          NA          NA          NA          NA          NA
[424]          NA          NA          NA          NA          NA          NA          NA          NA          NA
[433]          NA          NA          NA          NA  0.17452895          NA          NA          NA          NA
[442]          NA          NA          NA          NA          NA          NA          NA          NA          NA
[451]          NA          NA          NA          NA          NA          NA  1.75355152          NA          NA
[460]          NA          NA          NA          NA          NA          NA          NA          NA          NA
[469]          NA          NA          NA          NA          NA          NA          NA          NA          NA
[478]          NA          NA          NA          NA          NA          NA          NA          NA          NA
[487]          NA          NA          NA          NA          NA          NA          NA          NA          NA
[496]          NA          NA          NA          NA          NA          NA          NA          NA          NA
[505]          NA          NA  0.12945887          NA          NA          NA          NA          NA          NA
[514]          NA          NA          NA          NA          NA          NA          NA          NA          NA
[523]  2.01562012          NA          NA          NA          NA          NA          NA          NA          NA
[532]          NA          NA          NA          NA          NA          NA          NA          NA          NA
[541]          NA          NA          NA  1.08946073          NA          NA          NA          NA          NA
[550]          NA          NA          NA          NA          NA          NA          NA          NA  1.68064059
[559]          NA          NA          NA          NA          NA          NA          NA          NA          NA
[568]          NA          NA          NA          NA          NA          NA          NA          NA          NA
[577]          NA          NA          NA          NA          NA          NA  1.03791979          NA          NA
[586]          NA          NA          NA          NA          NA          NA          NA          NA          NA
[595]          NA          NA          NA          NA          NA          NA          NA          NA          NA
[604]          NA          NA          NA          NA          NA          NA  0.46529208          NA          NA
[613]          NA          NA          NA          NA  0.23684832          NA          NA          NA          NA
[622]          NA          NA          NA          NA

$TS
  [1] 6.510954e+01 5.845680e+01 5.775052e+01 4.363818e+01 1.985374e+01 5.198048e+01 4.671337e+01 3.799742e+01
  [9] 3.662758e+01 5.676731e+01 5.264452e+01 4.686338e+01 4.642269e+01 2.574879e+01 2.111445e+01 5.047639e+01
 [17] 2.811686e+01 2.603459e+01 1.992358e+01 1.519838e+01 1.067162e+01 1.017705e+01 2.203501e+00 3.983219e+01
 [25] 2.598810e+01 2.134421e+01 2.101911e+01 2.497334e+01 1.266819e+01 5.162476e-01 3.880593e+01 3.766331e+01
 [33] 4.229792e+01 3.690986e+01 3.272699e+01 1.378634e+01 1.307513e+01 8.098524e+00 6.640871e+00 3.386037e+00
 [41] 4.502423e-01 3.534121e+01 3.439256e+01 2.396835e+01 1.895921e+01 1.839747e+01 1.784826e+01 6.448336e+00
 [49] 3.535505e+00 2.800733e+01 1.025431e+01 9.958459e+00 7.684011e+00 5.293939e-01 3.059047e+01 3.221144e+01
 [57] 2.583943e+01 2.498179e+01 1.472141e+01 1.891820e+01 1.471365e+01 1.280684e+01 9.994134e+00 7.550712e+00
 [65] 8.484471e-02 3.225176e+01 2.188016e+01 2.179657e+01 2.097440e+01 6.623511e+00 4.765040e+00 3.005344e+00
 [73] 9.237448e-01 2.590650e+01 2.794259e+01 2.432529e+01 2.211986e+01 2.129562e+01 3.220050e+01 3.232601e+01
 [81] 2.650924e+01 2.893727e+01 2.085207e+01 8.580594e+00 6.118889e+00 3.106359e+01 2.728002e+01 2.157245e+01
 [89] 1.815600e+01 2.626868e+01 3.016726e+01 1.231314e+01 2.005125e+01 1.780951e+01 8.997360e+00 2.699820e+01
 [97] 2.397793e+01 2.372042e+01 2.300006e+01 2.253178e+01 1.957844e+01 1.916094e+01 2.450153e+01 2.945018e+00
[105] 2.109733e+01 1.565706e+01 1.485864e+01 1.915814e+01 2.583997e+01 2.540130e+01 6.484698e+00 5.084430e+00
[113] 5.788771e-01 2.563747e+01 4.304184e+00 1.395823e+01 6.982787e-01 1.172946e+01 2.145991e+01 1.193908e+01
[121] 5.717290e+00 4.987045e+00 4.088009e+00 2.476586e+01 1.651738e+01 3.326866e+00 1.866121e+01 1.733082e+01
[129] 3.765060e+00 2.256519e+01 2.157686e+01 2.018225e+01 7.456078e+00 1.070690e+00 2.022833e+01 1.744037e+01
[137] 8.237227e+00 3.175189e+00 1.413226e+01 1.299851e+01 1.226285e+01 9.776722e+00 6.095841e+00 2.361010e+00
[145] 2.064914e+01 1.301055e+01 3.613773e+00 1.615001e+01 1.759557e+01 1.572028e+01 2.016172e+01 1.775048e+01
[153] 1.679887e+01 1.055219e+01 5.297860e+00 1.531877e+01 1.516567e+01 4.573416e+00 1.779997e+00 1.455562e+01
[161] 1.413931e+01 1.257769e+01 9.649680e+00 8.361593e+00 7.143477e+00 7.247319e+00 1.334603e+00 1.041339e+01
[169] 6.508795e+00 5.509834e+00 1.912780e+01 1.465906e+01 1.315122e+00 1.705865e+01 1.307884e+01 1.105203e+01
[177] 8.097158e-01 1.684918e+01 1.714913e+01 1.437522e+01 5.917149e+00 5.304378e+00 1.431375e+01 1.214518e+01
[185] 8.715221e+00 1.667090e+01 1.841089e+01 1.793674e+01 1.030303e+01 7.275333e+00 3.562605e+00 1.556606e+01
[193] 1.508141e+01 3.920924e+00 1.945360e+00 1.576787e+01 1.576463e+01 1.524680e+01 1.413825e+01 7.383926e+00
[201] 4.396707e+00 1.600679e+01 8.126697e+00 1.164954e+01 6.075923e+00 5.179725e+00 1.199936e+01 5.490745e+00
[209] 1.358865e+01 5.826734e+00 4.454056e+00 1.750569e+01 1.063927e+01 4.227704e+00 1.304379e+01 1.877812e+00
[217] 1.053948e+00 1.319447e+01 9.641362e+00 1.389694e+01 7.316432e+00 1.445026e+01 1.023032e+01 1.255541e+01
[225] 9.890105e+00 1.259584e+01 1.135096e+01 8.053326e+00 3.553590e+00 1.435284e+00 6.157837e-01 9.220582e+00
[233] 1.480021e+01 1.350788e+01 1.408406e+01 1.324509e+01 1.489419e+01 1.125126e+01 1.167378e+01 1.166789e+01
[241] 8.497705e+00 7.777355e+00 2.462539e+00 2.501301e+00 1.166979e+01 9.126543e+00 9.095666e+00 4.232446e+00
[249] 5.721145e-01 7.956300e+00 6.029398e+00 3.954540e+00 4.018806e-01 2.885423e+00 2.401002e+00 1.435522e+01
[257] 1.147944e+01 1.111940e+01 9.061751e+00 7.411479e+00 5.576683e+00 7.518050e+00 4.347982e+00 1.938625e+00
[265] 1.178401e+01 1.092337e+01 1.408582e+01 1.048931e+01 7.583465e+00 1.379642e+01 1.254580e+01 1.125260e+01
[273] 8.859997e+00 5.202508e+00 1.017758e+01 8.709985e+00 1.001317e+01 7.821328e+00 6.368725e+00 1.268085e+01
[281] 1.263774e+01 1.078483e+01 3.360033e+00 6.933073e+00 9.630168e+00 3.900033e+00 1.927928e+00 6.147845e+00
[289] 3.967287e+00 1.251218e+01 7.728755e+00 2.174678e+00 6.419320e+00 3.387954e+00 4.148467e+00 1.196519e+01
[297] 1.134871e+01 1.134830e+01 6.452757e+00 3.183244e+00 1.155149e+01 2.874856e+00 1.690370e+00 1.123867e+01
[305] 1.024526e+01 9.853791e+00 1.181184e+01 1.836159e+00 2.211242e-02 1.108400e+01 5.805205e+00 5.674743e-01
[313] 1.107482e+01 9.754444e+00 1.078488e+01 8.757519e+00 4.011174e+00 5.078143e+00 8.632389e+00 6.196530e+00
[321] 1.085600e+01 9.914519e+00 7.765119e+00 1.084324e+01 9.503404e+00 7.892847e+00 7.708412e+00 7.191981e+00
[329] 9.067366e+00 9.057921e+00 6.235360e+00 4.157329e+00 3.603627e+00 2.983560e+00 7.903423e-01 1.043960e+01
[337] 5.701490e+00 7.147918e+00 6.110796e+00 1.031553e+01 7.329241e+00 9.022425e+00 3.304153e+00 8.939212e+00
[345] 8.549283e+00 5.614939e+00 3.597765e+00 2.766810e-01 7.958723e+00 5.951138e+00 2.332722e+00 1.227676e+00
[353] 8.944309e+00 8.601541e+00 3.226379e+00 3.462952e+00 6.451648e+00 5.814350e+00 5.645552e+00 3.191763e-01
[361] 7.112286e+00 5.055251e+00 2.152117e+00 1.292818e+00 9.597664e+00 6.668670e+00 7.720013e-01 8.293331e+00
[369] 9.142003e+00 3.574060e-01 4.335603e+00 2.777879e+00 2.000546e+00 5.335601e+00 5.816435e-01 7.578359e+00
[377] 3.439290e+00 1.242225e-01 5.980502e+00 3.610948e+00 7.106696e+00 3.556691e-01 8.432695e+00 4.451440e+00
[385] 3.626684e+00 4.733938e+00 7.486889e+00 3.366309e+00 2.035444e+00 6.913794e+00 5.502571e+00 4.206232e+00
[393] 7.185825e+00 8.805628e-01 7.661445e+00 4.315124e+00 2.840243e+00 8.545825e+00 4.718042e+00 2.013962e+00
[401] 5.612219e+00 1.677517e+00 4.381991e-01 7.455556e+00 6.100727e+00 5.192375e+00 1.354471e+00 5.012190e+00
[409] 5.813572e+00 5.468309e+00 2.184408e+00 7.493708e+00 2.013550e+00 7.416424e+00 5.793248e+00 2.860114e+00
[417] 2.315967e+00 6.279548e+00 3.117710e+00 7.205016e+00 6.971398e+00 2.180250e+00 2.553863e+00 6.313345e+00
[425] 4.230758e+00 6.124380e+00 5.666285e+00 4.827680e+00 2.597965e+00 6.678571e+00 6.217009e+00 5.567903e-01
[433] 4.572778e+00 1.110896e+00 1.995902e+00 5.321574e+00 6.271725e+00 2.706154e+00 3.165937e+00 2.243930e+00
[441] 3.401661e+00 1.924379e+00 6.793381e+00 6.070673e+00 4.739497e+00 2.492938e+00 2.603860e+00 4.189098e-01
[449] 1.441160e+00 8.583889e-01 2.181818e+00 2.026511e+00 4.446810e+00 3.796926e+00 3.321721e+00 2.076855e+00
[457] 3.665007e+00 5.476099e+00 5.512283e+00 5.871442e+00 5.456853e+00 5.162570e+00 5.317744e+00 1.313099e-01
[465] 3.272993e+00 8.976565e-01 1.383873e+00 4.312527e+00 1.374289e+00 2.163311e+00 5.844772e+00 5.147796e+00
[473] 5.563583e+00 4.351450e+00 2.908830e+00 5.249356e+00 4.644632e+00 5.223405e+00 3.426792e+00 2.201164e+00
[481] 3.789000e+00 4.858618e+00 3.819262e+00 4.989828e-01 1.286983e+00 1.165607e+00 8.040502e-02 1.878622e+00
[489] 5.255632e+00 5.481215e+00 3.022243e+00 1.217201e+00 2.574326e+00 8.739931e-02 2.939503e+00 5.021194e+00
[497] 1.931291e+00 2.031928e+00 1.553697e+00 3.189540e+00 2.565047e+00 2.092334e+00 1.685393e+00 3.966628e+00
[505] 3.538420e+00 4.256566e+00 5.030763e+00 4.367944e+00 4.959091e+00 4.056401e+00 3.812185e+00 1.317849e+00
[513] 2.820435e+00 7.837471e-01 1.967211e+00 1.604510e+00 3.495469e+00 3.897558e-01 3.177761e-01 7.530462e-02
[521] 1.374416e+00 1.078101e+00 3.669563e+00 2.262272e+00 2.129760e+00 4.897859e-01 2.029957e+00 2.799996e+00
[529] 1.605259e+00 3.175008e+00 3.319990e+00 1.923924e+00 5.778434e-04 1.228135e+00 3.538647e+00 7.992199e-01
[537] 3.027129e+00 5.034502e-01 7.197906e-01 2.633330e+00 3.328349e+00 3.254402e+00 2.062840e+00 1.557463e+00
[545] 3.697035e+00 2.044383e+00 2.866127e+00 2.469346e+00 2.150901e+00 2.976883e+00 3.024810e+00 8.862268e-01
[553] 2.960598e-03 3.333963e-01 9.740731e-01 1.813224e-02 1.148693e+00 3.304664e+00 5.431763e-01 2.033145e+00
[561] 4.662224e-01 2.178889e+00 7.759903e-01 1.989413e+00 1.425903e+00 1.982966e+00 2.363730e+00 2.758973e+00
[569] 1.706194e+00 2.324141e+00 9.923682e-01 1.964954e+00 1.793381e+00 6.634905e-01 4.848208e-01 2.162255e-01
[577] 3.544835e-02 2.070548e+00 5.170585e-01 2.363380e+00 2.148340e+00 3.144305e-01 1.107889e+00 2.224580e+00
[585] 5.967957e-02 1.920544e+00 8.629991e-01 1.301681e+00 7.211672e-01 1.011540e+00 7.378996e-02 5.917697e-01
[593] 9.184628e-01 1.185848e+00 8.710057e-01 6.961314e-01 1.239912e+00 1.741536e+00 1.756113e+00 1.336738e+00
[601] 3.100496e-01 1.951116e-01 3.689193e-01 7.074613e-01 1.150748e+00 7.244887e-01 5.112346e-01 1.191647e+00
[609] 1.212279e+00 5.808328e-01 2.979790e-01 8.327853e-01 3.689331e-01 1.012808e+00 5.098255e-01 2.839702e-02
[617] 5.558240e-01 3.188147e-02 5.502333e-01 8.796708e-02 4.315479e-01 5.390129e-02 1.295964e-01 4.670796e-01
[625] 8.449055e-04

$PAR
  [1]  NA   1   1   1   1   2   2   2   2   3   3   3   3   3   3  10  10  10  10  10  10  10  10  11  11  11  11   6   6
 [30]   6  12  12   7   7   7   7   7   7   7   7   7   4   4   4   4   4   4   4   4  33  33  33  33  33  24  31  31  31
 [59]  31   8   8   8   8   8   8  32  32  32  32  34  34  34  34   9  42  42  42  42  43  35  80  66  66  66  66  56  56
 [88]  56  56  79  86  86  91  91  91  82  82  82  82  82  82  82  17  50  75  75  75  87  96  96  96  96  96  81  25 109
[117] 109  57  14  14  14  14  14  58  58  58 103 103  76  97  97 100 100 100  77  77  77  77  67  67  67  67  67  67  88
[146]  88  88 119  26  15 105 105 105 105  27  69  69  69  69  83  83  83  83  83  83 145 145 135 135 135 132 132 132 151
[175]  93  93  93  19 101 101 101 101 102 102 102 108 171 171 171 171 171  45  45  45  45  60  60 127 127 127 127 187 187
[204]  46  46  46  89  89 188  94  94 152 149 149 212 136 136 128 128 179 174 153 153 186 186 148 148 202 202 202 202 196
[233] 197 197 106 106 192 192 156 156 156  20  20 157 237 237 237 237 237 107 107 107 107 233 233  59  59  59 172 160 160
[262] 222 222 222 180 180 256 183 161 139 139 139 139 139 220 220 270 270 270  36  36  36 234 236 175 175 175 146 140  62
[291]  62  62 280  29 281 226 226 162 224 271  92 141 141 184 184 184 207 120 120 265 265 118 239 245 240 240 240 204 301
[320] 257 227 227 298 238 238 304 304 304 310 310 313 313 313 313 176 321  21 213 213 154 154 268 268 336 336 336 336 336
[349] 168 189  51 305 223 275 275  22  63  63  63  63  52 225 306 306 142 314 314 163 285 285 365 365 365 325 325 232 232
[378] 232 369 369 246 246 247 247 247 329 342 342 342 353 273 273 316 316 185 276 276 354 354  84 398 368 368 203  38 349
[407] 250 326 278 278 278 242 242 291 327 327 395 269 376  64  64  64 262 412 412 133 404 414 260 420 420 420 328 328 393
[436] 338 165 165 361 361 381 381 421 421 390 443 430 430  70  70 169 169 111 357 357 357  48 293 279 331 426 426  85 339
[465] 405 405 205 444 444 251 350 350 181 181 181 460 471 358 358 409 415 121 121 121 427 427 359 346 401 261 261 459 391
[494] 391 490 458 458 461 461 436 463 155 155 489 489 476 478 478 274 206 462 462 112 112 318 318 496 408 408 122 428 428
[523]  71 158 158 158 433 453 201 508 263 396 506 248 214 295 123 317 289 194 286 483 511 511 454 454 481 545 545 385 333
[552] 347 191 535 505  49 517 479 441 541 455 558 465 138 530 439 550 475 302 547 397 513 528 528 372 568 438 429 429 548
[581] 580 580 351 570 524 440  23 411 363 581 456 543 527 435 566 572 264 497 442 573 159 303 499 230 565 565 469 600 173
[610] 352 352 609 609 434 434 434 134 555 536 563 574 375 526 575 601

$EXTANT
  [1] FALSE FALSE FALSE  TRUE  TRUE  TRUE  TRUE  TRUE FALSE  TRUE FALSE FALSE FALSE  TRUE FALSE FALSE FALSE FALSE FALSE
 [20]  TRUE  TRUE  TRUE  TRUE FALSE FALSE FALSE  TRUE  TRUE  TRUE  TRUE FALSE FALSE  TRUE  TRUE FALSE FALSE FALSE  TRUE
 [39]  TRUE FALSE  TRUE FALSE FALSE  TRUE  TRUE FALSE FALSE  TRUE  TRUE FALSE  TRUE  TRUE  TRUE  TRUE FALSE  TRUE  TRUE
 [58]  TRUE  TRUE FALSE  TRUE  TRUE  TRUE  TRUE  TRUE  TRUE  TRUE FALSE  TRUE  TRUE  TRUE  TRUE  TRUE FALSE FALSE  TRUE
 [77] FALSE FALSE FALSE FALSE FALSE FALSE  TRUE  TRUE FALSE FALSE FALSE FALSE  TRUE FALSE  TRUE  TRUE  TRUE FALSE  TRUE
 [96]  TRUE FALSE FALSE FALSE  TRUE  TRUE  TRUE FALSE  TRUE FALSE  TRUE  TRUE FALSE  TRUE FALSE FALSE  TRUE  TRUE FALSE
[115]  TRUE  TRUE  TRUE  TRUE FALSE  TRUE  TRUE  TRUE  TRUE FALSE FALSE  TRUE  TRUE  TRUE  TRUE  TRUE FALSE  TRUE  TRUE
[134]  TRUE FALSE  TRUE  TRUE  TRUE  TRUE  TRUE  TRUE  TRUE  TRUE  TRUE  TRUE  TRUE FALSE  TRUE  TRUE FALSE FALSE FALSE
[153]  TRUE  TRUE  TRUE  TRUE  TRUE  TRUE  TRUE  TRUE  TRUE FALSE  TRUE FALSE  TRUE FALSE  TRUE FALSE  TRUE  TRUE  TRUE
[172] FALSE  TRUE  TRUE  TRUE  TRUE  TRUE FALSE  TRUE  TRUE  TRUE FALSE  TRUE  TRUE  TRUE FALSE  TRUE  TRUE  TRUE FALSE
[191]  TRUE  TRUE FALSE  TRUE  TRUE  TRUE FALSE  TRUE FALSE  TRUE  TRUE  TRUE  TRUE  TRUE  TRUE  TRUE FALSE FALSE FALSE
[210]  TRUE  TRUE FALSE FALSE  TRUE FALSE  TRUE  TRUE  TRUE  TRUE FALSE  TRUE  TRUE FALSE  TRUE  TRUE  TRUE FALSE FALSE
[229]  TRUE  TRUE  TRUE  TRUE  TRUE FALSE FALSE  TRUE  TRUE  TRUE FALSE  TRUE  TRUE FALSE FALSE  TRUE  TRUE  TRUE  TRUE
[248]  TRUE  TRUE  TRUE  TRUE  TRUE  TRUE  TRUE  TRUE  TRUE  TRUE  TRUE FALSE  TRUE  TRUE  TRUE  TRUE  TRUE  TRUE FALSE
[267] FALSE  TRUE  TRUE FALSE  TRUE FALSE  TRUE  TRUE  TRUE  TRUE  TRUE  TRUE  TRUE FALSE  TRUE FALSE  TRUE  TRUE  TRUE
[286]  TRUE  TRUE  TRUE  TRUE  TRUE  TRUE  TRUE  TRUE  TRUE  TRUE  TRUE FALSE  TRUE  TRUE  TRUE  TRUE  TRUE  TRUE FALSE
[305]  TRUE  TRUE FALSE  TRUE  TRUE FALSE  TRUE  TRUE  TRUE  TRUE  TRUE  TRUE  TRUE  TRUE  TRUE  TRUE FALSE  TRUE  TRUE
[324] FALSE  TRUE FALSE  TRUE  TRUE FALSE FALSE  TRUE  TRUE  TRUE  TRUE  TRUE  TRUE FALSE FALSE  TRUE  TRUE FALSE  TRUE
[343]  TRUE  TRUE  TRUE  TRUE  TRUE  TRUE  TRUE FALSE  TRUE  TRUE  TRUE  TRUE  TRUE  TRUE  TRUE  TRUE  TRUE  TRUE  TRUE
[362]  TRUE  TRUE  TRUE  TRUE  TRUE  TRUE  TRUE  TRUE  TRUE  TRUE  TRUE  TRUE FALSE  TRUE  TRUE  TRUE  TRUE  TRUE  TRUE
[381]  TRUE  TRUE FALSE  TRUE  TRUE  TRUE  TRUE  TRUE  TRUE  TRUE  TRUE  TRUE  TRUE  TRUE  TRUE  TRUE  TRUE  TRUE FALSE
[400]  TRUE  TRUE  TRUE  TRUE  TRUE  TRUE FALSE  TRUE  TRUE  TRUE FALSE  TRUE  TRUE  TRUE  TRUE FALSE FALSE  TRUE FALSE
[419]  TRUE  TRUE  TRUE  TRUE  TRUE  TRUE  TRUE  TRUE  TRUE  TRUE  TRUE  TRUE  TRUE  TRUE  TRUE  TRUE  TRUE  TRUE FALSE
[438]  TRUE  TRUE  TRUE  TRUE  TRUE  TRUE  TRUE  TRUE  TRUE  TRUE  TRUE  TRUE  TRUE  TRUE  TRUE  TRUE  TRUE  TRUE  TRUE
[457] FALSE  TRUE  TRUE  TRUE  TRUE  TRUE  TRUE  TRUE  TRUE  TRUE  TRUE  TRUE  TRUE  TRUE  TRUE  TRUE  TRUE  TRUE  TRUE
[476]  TRUE  TRUE  TRUE  TRUE  TRUE  TRUE  TRUE  TRUE  TRUE  TRUE  TRUE  TRUE  TRUE  TRUE  TRUE  TRUE  TRUE  TRUE  TRUE
[495]  TRUE  TRUE  TRUE  TRUE  TRUE  TRUE  TRUE  TRUE  TRUE  TRUE  TRUE  TRUE FALSE  TRUE  TRUE  TRUE  TRUE  TRUE  TRUE
[514]  TRUE  TRUE  TRUE  TRUE  TRUE  TRUE  TRUE  TRUE  TRUE FALSE  TRUE  TRUE  TRUE  TRUE  TRUE  TRUE  TRUE  TRUE  TRUE
[533]  TRUE  TRUE  TRUE  TRUE  TRUE  TRUE  TRUE  TRUE  TRUE  TRUE  TRUE FALSE  TRUE  TRUE  TRUE  TRUE  TRUE  TRUE  TRUE
[552]  TRUE  TRUE  TRUE  TRUE  TRUE  TRUE FALSE  TRUE  TRUE  TRUE  TRUE  TRUE  TRUE  TRUE  TRUE  TRUE  TRUE  TRUE  TRUE
[571]  TRUE  TRUE  TRUE  TRUE  TRUE  TRUE  TRUE  TRUE  TRUE  TRUE  TRUE  TRUE FALSE  TRUE  TRUE  TRUE  TRUE  TRUE  TRUE
[590]  TRUE  TRUE  TRUE  TRUE  TRUE  TRUE  TRUE  TRUE  TRUE  TRUE  TRUE  TRUE  TRUE  TRUE  TRUE  TRUE  TRUE  TRUE  TRUE
[609]  TRUE FALSE  TRUE  TRUE  TRUE  TRUE  TRUE  TRUE FALSE  TRUE  TRUE  TRUE  TRUE  TRUE  TRUE  TRUE  TRUE

