
Birth-death simulation object with 615 species and 500 extant species

Details for some species:

Extinction times (NA means extant)
[1]       NA       NA 9.184323       NA       NA       NA


Speciation times 
[1] 47.821816 46.139866 21.939437  9.586028  8.061550  7.536414


Species parents (NA for initial)
[1] NA  1  1  1  1  1


Species status (extinct or extant)
[1] "extant"  "extant"  "extinct" "extant"  "extant"  "extant" 


For more details on vector y, try sim$y, with y one of
TE TS PAR EXTANT



$TE
  [1]         NA         NA  9.1843229         NA         NA         NA         NA 13.1316781  8.6141914         NA
 [11] 17.8668275         NA         NA 11.7748243         NA 24.0214070 14.9859854         NA         NA         NA
 [21]         NA         NA         NA         NA         NA         NA 13.3127032         NA  7.2103092         NA
 [31]         NA 25.9185510 12.1681496         NA  5.9917617         NA         NA         NA         NA         NA
 [41] 10.3288528         NA         NA  2.2937381         NA         NA  5.0250707  0.1884020         NA         NA
 [51] 19.6786209         NA         NA         NA  1.0066735         NA 13.5180762         NA         NA         NA
 [61]         NA         NA         NA         NA         NA         NA         NA         NA         NA  3.4811818
 [71]         NA         NA         NA         NA         NA 11.4285565         NA         NA  3.5355548         NA
 [81] 10.3500544  1.7985160         NA 13.3391466         NA  7.8338713         NA         NA         NA         NA
 [91]         NA         NA         NA  8.4649868         NA         NA         NA  8.1712952         NA         NA
[101]         NA 19.2678133         NA  5.5855062         NA         NA         NA  7.4274021  9.2653612         NA
[111] 18.3135626         NA         NA         NA         NA         NA         NA  9.5481331         NA         NA
[121]         NA         NA  1.2244499         NA         NA         NA  5.2305957         NA  5.9809589         NA
[131]         NA         NA         NA         NA         NA         NA 17.5283570         NA         NA  6.2374834
[141]         NA         NA         NA         NA         NA  9.3853869         NA         NA         NA         NA
[151]         NA         NA         NA  8.9899439         NA         NA         NA         NA  3.5407577         NA
[161]         NA  4.0381264  3.9301151         NA         NA         NA         NA  7.0297862         NA  0.8550528
[171]         NA         NA  2.5938014         NA         NA         NA  9.5720667         NA         NA  5.8754953
[181]         NA         NA         NA 10.0413844         NA         NA         NA  7.2459661  0.1739132         NA
[191]         NA  1.8171097         NA         NA         NA         NA         NA         NA  3.0869191         NA
[201]         NA  4.1363435 12.1030091         NA  9.6265544         NA         NA         NA  5.7081419  0.3288295
[211]         NA         NA         NA         NA         NA         NA         NA         NA         NA         NA
[221]         NA  4.8383745         NA         NA         NA         NA         NA         NA         NA         NA
[231]  4.7361141         NA  1.9502786         NA         NA         NA  8.4290780         NA         NA         NA
[241]         NA  4.2375784  9.7166333         NA         NA  4.1974115         NA  2.7354822         NA         NA
[251]         NA  1.7707075  0.6416993         NA         NA         NA         NA 10.0114672         NA         NA
[261]         NA  0.9154674         NA         NA         NA         NA         NA  6.7397347         NA         NA
[271]  7.7631566         NA         NA  8.3024833  5.1710918         NA         NA  9.9079188         NA  2.9815362
[281]         NA         NA 10.6446027         NA         NA         NA         NA         NA         NA         NA
[291]  5.1681138         NA  3.7687116  7.0959042         NA         NA         NA         NA         NA  0.5415467
[301]         NA         NA         NA         NA         NA         NA         NA         NA         NA         NA
[311]         NA         NA         NA         NA         NA         NA         NA         NA         NA         NA
[321]         NA         NA  3.1725971         NA         NA         NA         NA         NA         NA         NA
[331]         NA         NA         NA         NA         NA         NA         NA         NA         NA         NA
[341]         NA         NA         NA         NA         NA         NA         NA         NA  7.6413733         NA
[351]         NA         NA         NA  7.8082682         NA         NA         NA         NA         NA  2.1895466
[361]         NA         NA         NA  8.8139693         NA         NA         NA         NA  4.7137604  5.8602336
[371]         NA         NA         NA         NA         NA         NA         NA  3.6509903         NA         NA
[381]  2.4590204         NA         NA         NA         NA         NA         NA  0.1214460         NA         NA
[391]         NA         NA         NA  1.5094324         NA         NA         NA         NA         NA         NA
[401]         NA         NA         NA  1.6918273         NA  2.4514190         NA         NA         NA         NA
[411]         NA         NA         NA         NA  1.4717668         NA         NA         NA         NA         NA
[421]         NA         NA  1.7590083         NA         NA         NA         NA         NA         NA  0.5632668
[431]         NA         NA         NA         NA         NA         NA         NA         NA         NA         NA
[441]         NA         NA         NA         NA  1.5489862         NA         NA         NA         NA         NA
[451]         NA         NA         NA         NA         NA         NA         NA  3.8381468         NA  0.5870929
[461]         NA         NA         NA  3.3236820         NA  0.8871020         NA         NA         NA         NA
[471]         NA         NA         NA         NA         NA         NA         NA         NA         NA         NA
[481]         NA         NA  0.3083890         NA         NA         NA         NA         NA         NA         NA
[491]         NA         NA         NA         NA  2.2656988  3.4544536         NA         NA  2.0311393         NA
[501]         NA         NA         NA         NA  0.3984355  0.2609831         NA         NA         NA         NA
[511]         NA         NA         NA         NA         NA         NA         NA         NA         NA  0.0440240
[521]         NA         NA         NA         NA         NA         NA         NA         NA         NA         NA
[531]         NA         NA         NA         NA         NA         NA         NA         NA         NA         NA
[541]         NA         NA         NA         NA         NA         NA         NA         NA         NA         NA
[551]         NA         NA         NA         NA  1.0363582         NA         NA  1.7266091         NA  2.0651961
[561]  1.2918887         NA         NA         NA         NA  1.7344475         NA         NA         NA         NA
[571]         NA         NA         NA         NA         NA         NA         NA         NA         NA         NA
[581]         NA         NA         NA         NA         NA         NA         NA         NA         NA         NA
[591]         NA         NA         NA         NA         NA         NA         NA         NA         NA         NA
[601]         NA         NA         NA         NA         NA         NA         NA         NA         NA         NA
[611]         NA         NA         NA         NA         NA

$TS
  [1] 47.821816389 46.139865878 21.939437481  9.586028051  8.061549898  7.536414473  1.672600373 45.655694315
  [9] 44.133659571  8.483966238 38.367076452 25.115658473 24.543210868 22.274353548 22.077198314 24.894067375
 [17] 24.239198415 19.023298102 37.672558075 28.238489105 27.744515403 25.815483871 24.070717481 13.655803218
 [25] 27.536619477 25.896658170 21.160463359 20.997866187 18.370141620  3.167616176 27.475646576 27.287934695
 [33] 26.069224021 25.428290055 22.792198433 20.663683296 13.933141914  8.242764487  4.418469968  3.893152979
 [41] 19.578981478 20.420797054 13.503936637 20.335521279 19.279893942 22.566299340 13.044815066  6.631437248
 [49]  6.154177273 25.739536290 25.568827528 20.623368730 12.126454985  7.156089476 23.283438325 18.252343718
 [57] 15.239020326 16.603614683  4.229530996 24.012098129 13.589698451 12.990826775 11.905672101  1.626037401
 [65]  0.319388092 19.265996504  8.385879642  0.599704242 12.978432154 15.451076285 14.841579344 13.336530609
 [73]  8.667753222  8.510973819  5.864293641 17.378931103  9.687325643  6.035626525 22.186046179 18.903520518
 [81] 17.102803687  7.296890141  6.054482422 19.928177314  4.860856899 13.384904244 12.568028216 11.952530740
 [89] 14.973484798  9.746919071 17.231926752 15.169839834 11.873350665  8.793220058 21.507260207 20.949974801
 [97] 10.611394736  9.628941843  8.199254667  4.151910794  0.808628587 20.898440465 16.878688171 16.314516234
[105]  9.979535807  9.961475688 18.905353924 13.756557569  9.810849923  6.422045781 19.713150903  9.717944072
[113]  5.751224327  4.818729643  3.951905006  3.264542586 13.223138932 12.361701654 16.924804528  8.732177557
[121]  8.467031190  3.640077189  3.174479836 18.633183281 18.519477341 14.926309838 10.074576172  6.481385137
[129] 18.241600336 13.414944656  4.374068568 14.417303192 11.716003425 18.689188651  0.903884362  0.474869850
[137] 18.284652057 10.713424861  9.702995977  6.963802300  5.253322733  4.210719800  3.388386807 16.118657753
[145] 13.033411001 18.319818384 10.650123054 17.792262715 14.789925226 13.124178718 11.303617566  0.659556351
[153] 17.990772865 15.189336969 14.086806587 15.205689617 11.968015236  7.190488566  8.559933800  7.893986931
[161]  6.039938518 17.324731408 15.205606972  6.900318389  2.878971263  1.365382952 13.587401900 13.087395235
[169] 12.461162644  8.982416089 15.413002451  7.815354741 15.597128896 12.847685103 10.984641529 13.801128286
[177] 13.510572142  6.373161435  2.032752422  8.933625187 12.268991723  5.661251475  4.418597630 11.723785692
[185]  9.864721100  5.128873620 14.348522652  7.883652485 10.220619566  3.988883695  7.307802108  4.260192872
[193] 15.158271520 11.385643758  4.101192972  3.398650942  0.050052571  3.024385194  9.257903194  8.239428272
[201]  6.335004041  5.048365627 14.795396515 13.898233432 13.312202315  5.983166737  1.106771294 14.035849825
[209] 12.258248915  7.586510668  2.833441004  1.601360027  0.842675912 11.809046895  4.793401140  3.401296303
[217] 10.522674712  8.996507659  8.203753679  3.612496599  1.813846097  9.170050538  1.131673610  0.761501008
[225]  2.135706627  0.002007288 10.950431219 12.911766295 10.858431651 10.689640636  9.071127998  7.100825874
[233]  3.877677555 12.516315174 10.726502915  2.531362977 11.681260549  1.878338751 10.721608590  1.227067701
[241]  0.717022919  9.946559842 12.735556785  2.023241411  0.105377417 10.897245121 12.964848294  6.731321145
[249]  9.735908075 10.070210003  2.395104157 11.464976234 10.036472180  2.392890362  2.146550684 11.761665603
[257]  6.654326835 11.564485140  6.946090568 11.109779114  9.427340290  5.810850366  1.248229972 11.774769988
[265]  9.622476300  8.032040932  0.642743484  7.945871336  7.378374570  1.219851733  9.737180164  7.556455809
[273]  4.537386488  8.804042747  8.078956218  6.446938581  2.090037648 11.406313466  4.987709918  3.493673631
[281]  1.086747607  0.779964863 11.609005122  5.862037457 11.319507364 10.930330978  2.262443231  1.675321115
[289] 10.646130061  8.024835224  6.594137087  5.524148868  4.168096200  8.910975037 10.322071181  6.456975196
[297] 11.222406594  0.201622500 10.317128821  5.371359902  6.047646743  5.039395039  2.208587735  3.430141881
[305]  3.342286456  2.376677252  8.913905583  5.818097012  8.854033290  1.929125069  3.987598834  1.233458613
[313]  6.912866064  5.557759055  5.372719976  4.568302576  2.187634542 10.282486985  8.399620317  1.698840829
[321] 10.137153416  3.954455895  3.784792441  3.124833108  2.447749172  2.189509817  9.534653861  5.804407204
[329]  8.987733645  8.165611618  3.964356395  3.875386294  0.145323409  9.213874231  7.588759015  6.359185075
[337]  5.519882429  5.930397062  4.564462354  9.196414747  7.645745278  6.813617459  6.470602674  0.620047417
[345]  7.995227062  3.020442094  1.251642772  1.148489586  9.613734259  5.639888289  0.029946841  8.914194724
[353]  3.814261475  9.225523985  3.212575287  2.308342754  2.381248656  7.210509050  7.204246641  3.994367535
[361]  8.203452451  8.388336414  4.744297059  9.066096804  7.167447672  1.318066622  8.052576624  6.579869151
[369]  8.767219475  5.913447561  0.954301194  4.743610763  1.843867957  0.819185681  3.857037175  0.146983936
[377]  7.599308577  4.597489769  0.280226770  7.844002819  8.212673434  0.027448530  3.094260537  4.142759821
[385]  6.321825852  5.858197244  5.527439595  4.375814499  0.006686149  1.795548460  4.663832264  5.829341740
[393]  1.860048649  1.595939630  7.176892236  6.359628170  6.167273948  5.486669308  2.744818714  7.240710405
[401]  7.021034218  5.560277929  4.072971294  1.851452317  4.632926223  4.900365453  2.853543337  2.610380192
[409]  3.845694650  1.291387915  6.517519083  1.119511293  6.875854236  3.952646377  6.794754092  4.726796500
[417]  2.328105834  0.466482426  5.004639288  1.385700532  3.727024423  4.275580431  3.292608467  0.271775004
[425]  6.600980352  4.523256808  4.623621742  4.436500275  3.688024293  0.811485679  6.616944074  4.434794497
[433]  2.757017221  2.287079880  4.802156311  1.204799217  0.762464305  0.324034374  5.633339066  4.641609846
[441]  3.952449327  6.466888797  6.073434682  4.959230220  3.559236280  2.551636052  1.116875930  3.908621422
[449]  2.736026175  3.968889754  3.152802573  2.553104197  2.156351762  0.720767538  2.235598335  3.071675331
[457]  2.175695159  4.922975342  2.152111165  1.126744774  3.037453508  3.713466927  2.601842707  5.322668365
[465]  3.448827381  2.797438544  1.198392608  4.584362562  3.587551331  2.800592472  0.136195241  0.245540206
[473]  5.437761766  3.737091466  1.686740422  4.428684440  1.190040911  5.746338205  0.840986848  1.121300282
[481]  5.513071503  3.180968444  2.531038666  4.392270079  1.025545138  0.115528929  0.090615601  5.126341445
[489]  4.898219788  2.229498310  3.892970422  2.726245419  1.010836833  4.395536555  4.150380404  4.834989670
[497]  0.828014274  5.022751462  4.746959309  2.317228893  0.753743084  4.768686566  4.812100192  1.527821131
[505]  3.705837177  2.598294869  2.398265933  3.303668808  3.872121252  2.486460556  2.916352730  2.243304898
[513]  1.350415787  0.243523999  3.789094715  1.445014773  0.001597624  3.120454927  1.443968512  3.138059407
[521]  3.025638026  0.864965836  1.526679132  0.342596159  1.971157458  4.000951942  0.406866288  0.503466298
[529]  0.113687421  1.892150209  2.476626685  0.048190070  3.456314253  1.710345021  0.380519938  0.238744510
[537]  3.202844016  2.280056656  0.210121083  1.261033299  0.177761591  3.151440694  2.396323245  3.639491632
[545]  0.581410496  1.880487315  2.780075781  1.592912525  1.342652253  0.023102427  1.345549588  1.303125259
[553]  1.473122631  1.679479876  1.270965797  2.554412052  1.200039429  2.434543536  2.630904456  2.408305866
[561]  1.745631690  1.401124797  2.698330662  2.512857145  0.807258079  2.360102317  1.280218155  0.568733041
[569]  0.517604314  0.681986125  1.997805848  0.624058066  0.944728692  0.917552188  1.443992824  0.977865941
[577]  1.546516391  2.423511573  0.521228665  0.586117034  0.834140043  1.595356042  0.355346703  2.121810243
[585]  1.564919292  1.692710895  1.212305814  1.273292949  0.628524814  1.458312372  1.827606358  0.817971904
[593]  0.265398483  0.895475775  0.150617374  0.640261128  0.569153924  1.345706319  0.557518088  1.045263755
[601]  0.221378040  0.764868268  0.860551507  1.144237620  0.834449019  0.280291924  0.229410835  0.069346081
[609]  0.248888271  0.401466973  0.085032384  0.225362008  0.154958452  0.455991687  0.040382424

$PAR
  [1]  NA   1   1   1   1   1   1   2   2   2   8   8   8   8   8   9   9   9  11  11  11  11  11  19  20  20  20  20
 [29]  20  20  21  21  21  21  21  21  21  21  21  21  25  31  31  33  33  26  26  26  26  22  22  22  22  22  50  50
 [57]  50  34  34  12  12  12  12  12  12  13  13  13  23  60  60  60  60  60  60  55  55  55  35  35  35  35  35  46
 [85]  46  14  14  14  79  79  15  15  15  15   3   3   3  95  95  95  95  27  27  27  28  28  96  96  96  96  36  36
[113]  36  36  36  36  52  52  42  42  42  42  42  44  44  44  44  44  84  45  45  66  66  18  18  18  80  80  80  80
[141]  80  80  80 134 134 124 124 125 125 125 125 125  29  29  29  56 129 129 153 153 153 148 148 148 148 148 162 162
[169] 162 162  91  91  81  81  81 119 119 119 119  58 173 173 173  70  70  70 171 171 156 156 163 163  92  92  92 193
[197] 193  89 126 126 126 126  71  71  71  71  71 203 149 149 149 132 132 187 187 187 208 208 208 208 208  37 204 204
[225] 176 176  24  61  61  61  61  61  61 167 167 167 177  43 130 130 130  86  72  72  72 205 117 117  47 145 145  62
[253]  62  62  62 228 228 174 174  87  87  87 234 169 181 181 181 209 209  53  88  88  88  63  63  93  93 214 264 264
[281] 264 264 256 256 133 133 133 133 283 252 252 252 252 194 285 285 151 151 297 297 260 260 260 175 175 175 286 286
[309] 229 229 235 235 239 230 230 289 289  97  97  97 217 217 217 295 295 295 299 299 321 127 250 250 250 253 253 106
[337] 106 242 242 185 185 185 185  90 249 112 112 112 139 139 139  98 265 349   4   4 327 261 261 261 199 340 340 231
[365] 231 329 170 180 307 307 309 369 120  73  74  74  10  10 121 319 362 362  38 200 381 219 219 219 361  99   5 367
[393] 290 345 268 160 380 380 380 172 172 172 172 341 377 335 335 335 210 272   6   6 269 269 191 191 400 400 358 358
[421] 359 158 158 158 395 395 365  54 259 259 164 164 164 164 413 413 257  48 291 368 368 128 128 343 442 442 276 110
[449] 178 336 201 201 201 385 397  49  49 443 443  83 301  78  78 206 206 206 206 338 338 338  75 284 392 392 392 262
[477] 328 113 113 478 182 350 350 387 292 292 292 398 398 315 300 300 300 464 464 488 488 202 202 279 279 444 458  85
[505] 496 114 114 215 363 416 440 440 427 427 468 316 426 432  39 484 484 484 100 384 195 403 403 526 526 190 414 441
[533] 115 115 115  40 491 233 509 353 353 515 515 474 474 421 429 465 196 196 116 355 537 482 123 451 451 518 383 383
[561] 456 521 198 346 511 407 211 547 399 449 492 559 408 463 556 452 236 564 510 500 538 512 512 326 225 584 584 277
[589] 571 525 310 546 320 554 288   7 548 519 166 598 598 551 410 540 312 312 348 604 485 603 282 437 501 418 418

$EXTANT
  [1]  TRUE  TRUE FALSE  TRUE  TRUE  TRUE  TRUE FALSE FALSE  TRUE FALSE  TRUE  TRUE FALSE  TRUE FALSE FALSE  TRUE  TRUE
 [20]  TRUE  TRUE  TRUE  TRUE  TRUE  TRUE  TRUE FALSE  TRUE FALSE  TRUE  TRUE FALSE FALSE  TRUE FALSE  TRUE  TRUE  TRUE
 [39]  TRUE  TRUE FALSE  TRUE  TRUE FALSE  TRUE  TRUE FALSE FALSE  TRUE  TRUE FALSE  TRUE  TRUE  TRUE FALSE  TRUE FALSE
 [58]  TRUE  TRUE  TRUE  TRUE  TRUE  TRUE  TRUE  TRUE  TRUE  TRUE  TRUE  TRUE FALSE  TRUE  TRUE  TRUE  TRUE  TRUE FALSE
 [77]  TRUE  TRUE FALSE  TRUE FALSE FALSE  TRUE FALSE  TRUE FALSE  TRUE  TRUE  TRUE  TRUE  TRUE  TRUE  TRUE FALSE  TRUE
 [96]  TRUE  TRUE FALSE  TRUE  TRUE  TRUE FALSE  TRUE FALSE  TRUE  TRUE  TRUE FALSE FALSE  TRUE FALSE  TRUE  TRUE  TRUE
[115]  TRUE  TRUE  TRUE FALSE  TRUE  TRUE  TRUE  TRUE FALSE  TRUE  TRUE  TRUE FALSE  TRUE FALSE  TRUE  TRUE  TRUE  TRUE
[134]  TRUE  TRUE  TRUE FALSE  TRUE  TRUE FALSE  TRUE  TRUE  TRUE  TRUE  TRUE FALSE  TRUE  TRUE  TRUE  TRUE  TRUE  TRUE
[153]  TRUE FALSE  TRUE  TRUE  TRUE  TRUE FALSE  TRUE  TRUE FALSE FALSE  TRUE  TRUE  TRUE  TRUE FALSE  TRUE FALSE  TRUE
[172]  TRUE FALSE  TRUE  TRUE  TRUE FALSE  TRUE  TRUE FALSE  TRUE  TRUE  TRUE FALSE  TRUE  TRUE  TRUE FALSE FALSE  TRUE
[191]  TRUE FALSE  TRUE  TRUE  TRUE  TRUE  TRUE  TRUE FALSE  TRUE  TRUE FALSE FALSE  TRUE FALSE  TRUE  TRUE  TRUE FALSE
[210] FALSE  TRUE  TRUE  TRUE  TRUE  TRUE  TRUE  TRUE  TRUE  TRUE  TRUE  TRUE FALSE  TRUE  TRUE  TRUE  TRUE  TRUE  TRUE
[229]  TRUE  TRUE FALSE  TRUE FALSE  TRUE  TRUE  TRUE FALSE  TRUE  TRUE  TRUE  TRUE FALSE FALSE  TRUE  TRUE FALSE  TRUE
[248] FALSE  TRUE  TRUE  TRUE FALSE FALSE  TRUE  TRUE  TRUE  TRUE FALSE  TRUE  TRUE  TRUE FALSE  TRUE  TRUE  TRUE  TRUE
[267]  TRUE FALSE  TRUE  TRUE FALSE  TRUE  TRUE FALSE FALSE  TRUE  TRUE FALSE  TRUE FALSE  TRUE  TRUE FALSE  TRUE  TRUE
[286]  TRUE  TRUE  TRUE  TRUE  TRUE FALSE  TRUE FALSE FALSE  TRUE  TRUE  TRUE  TRUE  TRUE FALSE  TRUE  TRUE  TRUE  TRUE
[305]  TRUE  TRUE  TRUE  TRUE  TRUE  TRUE  TRUE  TRUE  TRUE  TRUE  TRUE  TRUE  TRUE  TRUE  TRUE  TRUE  TRUE  TRUE FALSE
[324]  TRUE  TRUE  TRUE  TRUE  TRUE  TRUE  TRUE  TRUE  TRUE  TRUE  TRUE  TRUE  TRUE  TRUE  TRUE  TRUE  TRUE  TRUE  TRUE
[343]  TRUE  TRUE  TRUE  TRUE  TRUE  TRUE FALSE  TRUE  TRUE  TRUE  TRUE FALSE  TRUE  TRUE  TRUE  TRUE  TRUE FALSE  TRUE
[362]  TRUE  TRUE FALSE  TRUE  TRUE  TRUE  TRUE FALSE FALSE  TRUE  TRUE  TRUE  TRUE  TRUE  TRUE  TRUE FALSE  TRUE  TRUE
[381] FALSE  TRUE  TRUE  TRUE  TRUE  TRUE  TRUE FALSE  TRUE  TRUE  TRUE  TRUE  TRUE FALSE  TRUE  TRUE  TRUE  TRUE  TRUE
[400]  TRUE  TRUE  TRUE  TRUE FALSE  TRUE FALSE  TRUE  TRUE  TRUE  TRUE  TRUE  TRUE  TRUE  TRUE FALSE  TRUE  TRUE  TRUE
[419]  TRUE  TRUE  TRUE  TRUE FALSE  TRUE  TRUE  TRUE  TRUE  TRUE  TRUE FALSE  TRUE  TRUE  TRUE  TRUE  TRUE  TRUE  TRUE
[438]  TRUE  TRUE  TRUE  TRUE  TRUE  TRUE  TRUE FALSE  TRUE  TRUE  TRUE  TRUE  TRUE  TRUE  TRUE  TRUE  TRUE  TRUE  TRUE
[457]  TRUE FALSE  TRUE FALSE  TRUE  TRUE  TRUE FALSE  TRUE FALSE  TRUE  TRUE  TRUE  TRUE  TRUE  TRUE  TRUE  TRUE  TRUE
[476]  TRUE  TRUE  TRUE  TRUE  TRUE  TRUE  TRUE FALSE  TRUE  TRUE  TRUE  TRUE  TRUE  TRUE  TRUE  TRUE  TRUE  TRUE  TRUE
[495] FALSE FALSE  TRUE  TRUE FALSE  TRUE  TRUE  TRUE  TRUE  TRUE FALSE FALSE  TRUE  TRUE  TRUE  TRUE  TRUE  TRUE  TRUE
[514]  TRUE  TRUE  TRUE  TRUE  TRUE  TRUE FALSE  TRUE  TRUE  TRUE  TRUE  TRUE  TRUE  TRUE  TRUE  TRUE  TRUE  TRUE  TRUE
[533]  TRUE  TRUE  TRUE  TRUE  TRUE  TRUE  TRUE  TRUE  TRUE  TRUE  TRUE  TRUE  TRUE  TRUE  TRUE  TRUE  TRUE  TRUE  TRUE
[552]  TRUE  TRUE  TRUE FALSE  TRUE  TRUE FALSE  TRUE FALSE FALSE  TRUE  TRUE  TRUE  TRUE FALSE  TRUE  TRUE  TRUE  TRUE
[571]  TRUE  TRUE  TRUE  TRUE  TRUE  TRUE  TRUE  TRUE  TRUE  TRUE  TRUE  TRUE  TRUE  TRUE  TRUE  TRUE  TRUE  TRUE  TRUE
[590]  TRUE  TRUE  TRUE  TRUE  TRUE  TRUE  TRUE  TRUE  TRUE  TRUE  TRUE  TRUE  TRUE  TRUE  TRUE  TRUE  TRUE  TRUE  TRUE
[609]  TRUE  TRUE  TRUE  TRUE  TRUE  TRUE  TRUE

