
Birth-death simulation object with 657 species and 500 extant species

Details for some species:

Extinction times (NA means extant)
[1] 65.63045 63.22535 22.69404       NA 27.22709       NA


Speciation times 
[1] 75.08489 66.73826 64.28959 58.32586 51.86366 46.82340


Species parents (NA for initial)
[1] NA  1  2  3  3  3


Species status (extinct or extant)
[1] "extinct" "extinct" "extinct" "extant"  "extinct" "extant" 


For more details on vector y, try sim$y, with y one of
TE TS PAR EXTANT



$TE
  [1] 65.630449739 63.225346514 22.694038063           NA 27.227091190           NA           NA 21.500646137
  [9]  1.860007111  9.747861217 25.561556463           NA           NA           NA  2.033848595 32.601998347
 [17] 19.046850760 35.836468559 21.685242065           NA 19.395260225 25.332821328 17.062911495           NA
 [25]           NA           NA 14.821448854 28.653595418 32.540707880           NA           NA  8.112712033
 [33] 17.695800165           NA           NA           NA           NA           NA           NA           NA
 [41]           NA 29.648064983  0.588601074 11.710272350 12.819239140 37.956269623 29.492505970 19.728323412
 [49] 15.772449339 22.037176758 10.817096811           NA           NA 26.050518202  8.210785277  8.413297564
 [57] 17.171689560  5.540490241           NA  1.644532113 25.136380543 33.760001834 11.742986864 10.550374088
 [65] 10.679315742           NA  9.798464355           NA 20.978565790 13.435204639  2.618720313  3.792978264
 [73]           NA 13.997098571           NA           NA           NA           NA 20.407667550 19.141707081
 [81] 13.779784302           NA           NA 15.130260491 16.816032455           NA 14.044304959 22.706293677
 [89]  9.121838151           NA           NA 10.740407832           NA           NA 21.914405110 11.885238537
 [97]  5.183043965           NA           NA           NA           NA           NA           NA 13.595340920
[105]           NA           NA           NA           NA           NA           NA 19.949768659           NA
[113]           NA           NA           NA           NA           NA           NA  5.264442348           NA
[121]           NA           NA  1.729322462           NA           NA           NA  5.798975575           NA
[129]           NA           NA           NA           NA           NA           NA 13.412435056           NA
[137]  6.289851404           NA 13.615729388  0.941607046           NA           NA           NA  7.961680192
[145]  1.458030462  9.181667715           NA           NA  3.388885143           NA           NA           NA
[153]           NA  0.599986469 15.459703778           NA           NA           NA           NA           NA
[161]           NA           NA  4.709756841           NA           NA  5.483228061           NA           NA
[169]           NA           NA           NA           NA           NA           NA           NA           NA
[177]  7.897402858           NA           NA           NA           NA           NA           NA           NA
[185]           NA           NA           NA           NA  8.186736560           NA           NA           NA
[193]           NA  0.945988703           NA  0.548451970           NA           NA           NA           NA
[201]           NA 11.025609960  8.775661604  2.302170107           NA           NA           NA  5.357551567
[209]           NA           NA           NA  7.634083276           NA           NA  7.493359088  3.894308526
[217]           NA           NA           NA 11.997468750  3.971044537           NA           NA           NA
[225]           NA           NA  7.583762750  6.610992476           NA           NA 10.856481524           NA
[233]           NA           NA 11.286964311  4.511128415           NA           NA  2.475739977           NA
[241]           NA           NA           NA           NA           NA           NA           NA           NA
[249]           NA           NA           NA           NA           NA           NA           NA           NA
[257]  6.286944091           NA           NA           NA           NA           NA 12.463114822  1.943375145
[265]           NA           NA           NA  4.092252174           NA  4.380568368           NA           NA
[273]           NA           NA           NA  9.196875696           NA           NA           NA           NA
[281]  8.392341632           NA           NA           NA           NA  3.056213493           NA  3.059176565
[289]           NA  1.839433512           NA           NA           NA  2.213775885           NA           NA
[297]  2.792266970  0.955748041  4.798501953           NA           NA           NA  5.960079923           NA
[305]           NA           NA           NA           NA           NA           NA           NA           NA
[313]           NA           NA  0.438731745           NA  8.398596315           NA           NA  2.240440829
[321]           NA           NA           NA           NA           NA  8.601645108           NA           NA
[329]           NA           NA 11.021738295           NA  3.880198687  8.303744417           NA  5.321768735
[337]  0.006152954           NA           NA           NA           NA           NA  0.004167547           NA
[345]  1.297829962           NA           NA           NA           NA  1.996277163           NA           NA
[353]           NA           NA           NA           NA           NA           NA           NA           NA
[361]           NA  4.741161253           NA           NA           NA           NA  4.567393477           NA
[369]           NA           NA           NA           NA           NA           NA           NA           NA
[377]  7.225238270           NA           NA           NA           NA           NA  1.987919087           NA
[385]           NA           NA           NA           NA           NA           NA           NA           NA
[393]           NA           NA           NA  0.717392775  6.282382787           NA           NA           NA
[401]           NA           NA           NA  2.439711243           NA           NA           NA           NA
[409]           NA           NA           NA           NA  0.054388946  1.889129226           NA  0.806480267
[417]           NA           NA           NA           NA           NA           NA  4.352140846           NA
[425]           NA           NA           NA           NA           NA           NA           NA  5.247964402
[433]           NA           NA           NA           NA           NA           NA           NA           NA
[441]           NA           NA           NA           NA  0.946483057           NA           NA  1.607347564
[449]           NA  0.716819611           NA           NA           NA           NA           NA           NA
[457]  2.836898516  3.725933698           NA           NA           NA           NA           NA           NA
[465]           NA           NA           NA           NA  3.445213198           NA           NA  0.296409740
[473]           NA           NA  5.229421412           NA  2.179170989           NA           NA           NA
[481]           NA           NA           NA           NA           NA           NA           NA           NA
[489]  0.806903309           NA           NA           NA           NA           NA           NA           NA
[497]           NA           NA           NA           NA           NA           NA           NA           NA
[505]           NA           NA           NA  0.584939929           NA  3.556901971           NA           NA
[513]           NA           NA           NA           NA           NA           NA           NA           NA
[521]           NA           NA           NA           NA           NA           NA           NA           NA
[529]           NA           NA           NA           NA           NA           NA           NA           NA
[537]           NA           NA           NA           NA           NA  0.839682681  2.377844552           NA
[545]           NA           NA           NA           NA           NA           NA           NA           NA
[553]           NA           NA           NA  3.437538154  0.088809277  0.506694842           NA           NA
[561]           NA           NA           NA           NA           NA           NA           NA           NA
[569]           NA           NA           NA           NA           NA           NA           NA           NA
[577]           NA           NA           NA           NA  2.851828868           NA           NA  2.201799778
[585]           NA           NA           NA           NA           NA           NA           NA           NA
[593]           NA  0.808460986           NA           NA           NA  1.166942354           NA  1.710687104
[601]           NA           NA           NA           NA           NA           NA           NA           NA
[609]           NA           NA           NA           NA           NA           NA           NA           NA
[617]           NA           NA           NA           NA           NA           NA           NA           NA
[625]           NA           NA           NA           NA           NA           NA           NA           NA
[633]           NA           NA           NA           NA           NA           NA           NA           NA
[641]           NA           NA           NA           NA           NA           NA           NA           NA
[649]           NA           NA           NA           NA           NA           NA           NA           NA
[657]           NA

$TS
  [1] 75.08488781 66.73826427 64.28959123 58.32586322 51.86365664 46.82340391 31.67175997 24.66462851 22.78389719
 [10] 33.95279048 32.90638077 24.79226777 23.10108039 11.91143249  4.12709758 48.08984662 47.00679662 41.68991864
 [19] 46.71452368 44.85833640 37.32452081 43.14713857 32.92982201 22.22106959 15.85831064 12.53756487 33.08472799
 [28] 40.95261877 38.32571011 24.17327569 22.32018209 21.79723807 20.26023226 17.51518538 13.91472345 13.38013150
 [37] 11.85184225  9.49722674  6.64252600  5.42884133  4.73946972 33.11691851 31.41628847 26.65843221 40.34013697
 [46] 39.93902997 39.34500054 32.56457288 24.74515934 24.02272466 21.18167319 35.46791773 38.05195109 38.02926418
 [55] 36.97557458 21.25313886 21.07840886 19.11033808 11.87482825 33.74643960 27.75898900 34.65876654 29.63703626
 [64] 33.13097844 26.18989567 21.74900368 10.86000917  8.97732874 32.24518324 14.22820060 13.47744936  4.29837371
 [73]  4.16308394 23.38060470 21.41531299 16.06386339 11.99907211 11.99351533 31.03195042 30.17988100 16.52286482
 [82] 29.62001896 24.05136163 23.34381637 21.55446334 29.29747176 30.98345708 25.58489354 25.31948907  3.17651556
 [91] 22.82112239 11.98068209  4.96390606  0.85379908 24.50545490 24.60146415 19.73588075 19.47680465 12.50936912
[100] 24.76245468 20.39799402 25.24716099 22.94690868 20.91951645 16.88059258 16.30888014 13.60161243  9.26078351
[109]  6.01013904  1.24724624 24.59628589 21.16982830  7.12230923  6.60353691  3.31005458  3.59752884  2.53678574
[118] 23.58008898  9.61115250  7.96840108  7.94365117  4.19932538  3.97636369  1.24681362 18.38932075 15.26416964
[127] 13.09744211 14.45146168 12.82705608 12.56126475 11.27786284 10.03562909  0.66666133 16.17571398 16.01060608
[136] 14.65240134 19.04593651 22.37016482 15.18018340  9.65304875  0.87690635  3.67469787  4.09546169 19.80033569
[145] 16.66439281 16.52913083 15.13737437 14.01106090  7.01165056 21.50829262 16.09646367  6.43941417  3.29468570
[154]  2.77888511 16.23606322 14.40354434  9.46166798  8.75192123  5.67493458  4.24262214 19.89403185  8.25366471
[163] 10.88917641 21.20751566 16.10452374 14.41910437  5.33819915  1.00122583 20.45546295 12.89791995 12.03281075
[172] 17.27402620 20.45001965 14.81124042  1.50713633  1.40587927 19.97474944 19.56935478 15.81252409 10.89971744
[181] 10.72741100  1.67675512 17.81449398 10.11896269  9.70965927  6.04256097 12.87229525 19.52178649 18.33012496
[190]  6.80849808 17.48432742 14.73976842 13.88802841  6.77192553  3.85797271 14.49258818 12.39242496  9.99478695
[199] 11.36631706  5.85085851 10.08496875 11.14559962 10.29577482  8.28703370  6.71246769  6.26849317  4.67320876
[208] 14.11931092  9.07187404  2.22669238 11.95400810 10.22148097  5.75037853  8.04488039 15.35493294 11.69022639
[217]  8.89692036  7.52223242  1.48698618 15.82136742  6.97771263 13.51973373 13.40311481  3.47821421 13.96131138
[226]  7.45318839 13.83873348  7.68193403 13.11895367 11.50530018 15.63064163 15.07303995 13.25099590 13.09456576
[235] 15.13866056  9.51626559  9.08267467  7.42993936 14.81100542 13.92156194 13.40835213  8.16771717  7.85832865
[244] 14.65894773 10.15642302  4.78162348 11.95527616  9.88786116  3.99921680  1.13975874 14.73167479  7.21990124
[253] 10.07694252  6.95389691  1.01079178  4.73897806 14.25480265  7.18736487  4.40304450 12.91037584 10.05502804
[262]  0.81979671 13.71077634  9.48092028  2.60727000  1.91248072  5.93490190 13.38993525  9.34833095  7.94211223
[271]  2.01957567  1.04694250 11.34938169 11.19537555 10.19022842 11.83203355 10.53457709  5.54156650  3.17140993
[280]  1.43794736  9.87801441  4.35086385 11.70028376 10.64396828  9.84281652 13.34747210  1.26213875 11.76698140
[289]  1.09545027 11.23257187  5.48434526 10.03807158  8.41395780  6.28566507  8.59866315  6.38441764 11.18189371
[298] 13.31377617  7.18917758  6.21689812  3.26277190 11.55076380 10.87696365  0.07472962  2.82459951 12.63214325
[307] 10.21071903  2.85706158  9.59885454 12.15986703 10.06316387  6.62443969 10.29613761  9.82189324  7.35834078
[316]  4.82626633 10.90667722  9.70771138  0.50908088  6.50164518  5.15988424  4.01970157  3.48419919  3.18507375
[325]  2.17725568 10.36203616 10.96246197  6.06772043  8.60790285  7.12045959 11.45034658  4.30606058 11.30957768
[334] 10.94270654  9.85992680  9.10001202  8.40538175  7.03637955  6.43150148  5.11348719  7.30042087  0.84432034
[343]  8.19324958 10.23882280  5.12645469  7.46006732 10.05507603  9.58033842  4.80162599  4.36124510  6.40717444
[352]  3.83388902  9.13487031  9.18360657  5.43592183  0.21599895  4.96840458  3.68675370  6.58090468  7.96762827
[361]  1.16724333  8.13779907  6.91089635  3.72189387  2.78615347  0.51982760  9.04907391  6.82665172  6.16345989
[370]  3.81258133  1.53923697  2.68457388  2.40192701  0.33105698  7.00344169  7.33017397  9.22956500  8.35516304
[379]  1.72812575  1.39792379  6.95718962  1.55464494  2.75496116  9.15677394  8.09453385  6.55169070  5.55115357
[388]  8.22576810  6.19898175  6.90728370  5.33810958  8.98670832  4.23161608  3.85480535  9.02709822  1.35696612
[397]  7.00503208  2.97698465  8.06580002  6.64835034  2.43659812  0.36181919  7.02872412  4.49571509  5.46487116
[406]  5.10106876  8.20851391  7.99006776  6.18967973  7.47924651  8.31872258  7.74570526  6.27831636  2.05155657
[415]  0.21663724  4.87779585  3.44418823  2.35690776  3.17550507  2.49540361  4.02569845  8.27798900  6.53477842
[424]  3.83757530  3.58752209  0.32983080  6.88705401  5.30034774  6.73791913  6.29573893  6.23237975  7.72228736
[433]  7.16772316  0.91033355  6.04349829  0.97427956  3.73356037  2.23226088  2.22710517  1.66222361  7.13886906
[442]  5.68005497  3.05664649  2.84810960  6.21353728  2.13860808  3.46797012  2.77269081  1.89814050  7.14211923
[451]  4.78877262  5.96877594  3.72416708  6.58600044  4.04689143  3.30989077  2.86457223  3.82841443  5.85174264
[460]  2.11523407  1.70429273  6.51595581  4.06706289  3.79409934  3.56280747  0.98660433  1.70806054  6.38915553
[469]  4.99274613  2.25004600  1.21283184  0.71387053  3.34395592  5.96782340  6.47192333  1.11257905  6.27529446
[478]  4.12479882  3.98423679  2.91601212  2.09948317  4.20157573  4.14559681  3.89940770  3.12595848  6.49726150
[487]  5.29221946  0.22561208  5.26043015  4.22957562  0.08612698  4.46457814  2.52212502  0.01946135  4.62820477
[496]  3.53792356  0.57986909  5.43283049  5.38174151  4.95778029  3.27239005  4.13475524  5.17307918  2.78755276
[505]  6.15873407  5.78989941  4.61472405  0.64222954  3.37209961  5.02310798  3.70370737  3.35455643  3.00930102
[514]  3.17940674  1.50480679  2.84915689  5.67328715  1.51284380  2.82917518  4.40601219  1.57510495  1.48700006
[523]  3.38079542  3.35728991  1.24475538  3.86060160  2.58066578  1.58040508  0.88393215  3.78981874  0.78186261
[532]  5.01925893  3.65604980  2.54808188  2.38209636  4.51909899  0.96501708  0.58295289  4.71871065  2.23025317
[541]  1.11391996  4.26339369  3.73368390  2.91183389  2.59979351  3.32320484  0.40763930  1.57857197  3.41154130
[550]  4.58302196  0.75138259  1.03846623  1.97446565  0.37777717  3.72739644  3.67815862  0.36306546  3.78414137
[559]  3.33917913  1.92860678  2.73735252  2.41822401  1.06626557  4.21481631  1.79092204  0.13639387  2.53251018
[568]  1.96059262  1.72293698  3.51400758  2.90849862  3.73635335  1.80378916  3.70002741  2.41680639  1.53045666
[577]  2.80911576  1.49559129  3.75269607  2.56432619  3.49152280  2.22262818  1.05300592  2.60942010  3.66970090
[586]  0.06304068  1.18981050  0.41030310  1.74403609  0.70200953  2.88274650  0.01372321  3.00431036  1.67845774
[595]  1.47329693  1.04021548  1.57907250  2.60081947  2.51126308  1.79449701  0.77713132  1.59424378  2.28260738
[604]  1.60568104  1.87062218  1.74987699  2.79997794  2.48834441  0.67641521  0.47824094  2.59934348  2.66301164
[613]  0.78655582  2.66136214  1.32730888  1.84934856  1.61865053  1.78266001  1.01870538  1.93914659  1.01510052
[622]  1.44835374  2.10735704  2.01143280  1.87139389  1.07770096  1.66243544  1.07869815  1.88251111  0.75867067
[631]  1.27558469  1.49807711  0.70351565  1.45388048  0.77223462  1.43550989  0.75742519  0.11657732  1.57501682
[640]  1.09639986  0.35192131  0.47108322  0.69109263  0.38830647  0.88384249  1.16824988  0.87466927  0.67687057
[649]  0.71624705  0.83761925  0.61236508  0.51209557  0.49651891  0.50947441  0.65793422  0.16461808  0.49384918

$PAR
  [1]  NA   1   2   3   3   3   3   3   3   4   4   4   4   4   4   5   5   5  16  16  17   6   6   6   6   6  19  20
 [29]  20  20  20  20  20  20  20  20  20  20  20  20  20  22  22  22  18  45  45  45  45  45  45  47  29  29  29  53
 [57]  53  53  53  54  54  21  21  55  55  55  55  55  52  52  52  52  52  60  64  64  64  64  42  42  27  23  23  23
 [85]  23  69   7   7   7   7  43  43  43  43  87  80  80  82  82  86  86  65  89  89  89  89  89 102 102 102  12  12
[113]  12  12  12 100 100 111  30  30  30  30  30  30  83  83  83 118 118 118 118 118 118  74  74  74  84  13  13  13
[141]  13 103  91   9   9   9   9   9   9 138 138 138 138 138  31  31  31  31  31  31  24  24  32  66 150 150 150 150
[169]  75  75  75 164 104 169 169 169 173 173 173 101 101 101 177 177 177 161 144  97  97  97 178 178 178 178 178  58
[197]  58  58 125 125 189 183 183 183 183 183 183  34  34  34 191 191 191 172 105 105 105 105 105 145 145 106 106 106
[225] 134 134 165 151  76  76 135 135  25  25 179 179 179 179 231 231 215 215 215 235 147 147 232 232 232 232 239 239
[253] 192 251 251 244 136 136 136 196 196 196 128 128 128 128 166 156 156 156 156 156 257 257 257 208 225 225 225 225
[281] 240 240  35  35  35 193 193 227 222 241 241 223 223 223 268 268  36 286 286 286 286 233 233 233 229 127 234 260
[309] 170 187 129 129 130 130 130 130  26  99  99 171 171 171 171 171 171  77  78  78 247 247 211 211  14 288 288 288
[337] 288 283 283 216 302 302 230 333 333 290 297 297 297 297 327 327 180 163 181 284 277 313 307 275 245 184 184 184
[365] 201 201 253 347 347 347 347 292 292 132 285 314 185 185 185 185 318 318 140 119 309 309 309 348 348 236 236  38
[393]  38  38 157 157 269 269 377 354 354 354 384 384 353 237 367 367 392  68 217 217 217 329 329 293 293 293 337 337
[421] 378 411 411 422 422 422 162 362 399 399 399 214 214 214 408 408 121 243 243 243 412 412 412 412 432 218 346 346
[449] 226 238 238 315 315 376 376 258 433 450 441 441 113 338 338 338 338 338 403 375 375 375 381 381 390 427 190 190
[477] 194 429 429 429 400  39  39 312 114 423 423 462 320 486 152 351 351 430 294 294 413 477 477 477 206 431 300 300
[505] 445 389 389 389 369 505 505 435 435 186 459 200 442 442 517 387 278 278 291 405 405  40  40  40  40 167 391 428
[533] 428 428 428 487 487 487 503 340 340 532 532  93 500 416 316 349 256 539 539 507 536 520 259 259 259 282 282 282
[561] 542 542 160 393 393 564 122 122 122 478 455 421 421 322 322 249 424 352 370 464 572 437 453 364 556 116 425 425
[589] 570 570 323 323 224 549 512 512 473 153 153 153 153 301 324 324 513 513 480 571 571 591 444 577 154 561 265 598
[617] 598 599 420 608 608 418 470 470 540 540 582 481 271 560 449 606 589 379 467 627 627 440 617 528 639 578 219 595
[645] 634 636 396 287 124 289 628 596 650 613 635 635 655

$EXTANT
  [1] FALSE FALSE FALSE  TRUE FALSE  TRUE  TRUE FALSE FALSE FALSE FALSE  TRUE  TRUE  TRUE FALSE FALSE FALSE FALSE FALSE
 [20]  TRUE FALSE FALSE FALSE  TRUE  TRUE  TRUE FALSE FALSE FALSE  TRUE  TRUE FALSE FALSE  TRUE  TRUE  TRUE  TRUE  TRUE
 [39]  TRUE  TRUE  TRUE FALSE FALSE FALSE FALSE FALSE FALSE FALSE FALSE FALSE FALSE  TRUE  TRUE FALSE FALSE FALSE FALSE
 [58] FALSE  TRUE FALSE FALSE FALSE FALSE FALSE FALSE  TRUE FALSE  TRUE FALSE FALSE FALSE FALSE  TRUE FALSE  TRUE  TRUE
 [77]  TRUE  TRUE FALSE FALSE FALSE  TRUE  TRUE FALSE FALSE  TRUE FALSE FALSE FALSE  TRUE  TRUE FALSE  TRUE  TRUE FALSE
 [96] FALSE FALSE  TRUE  TRUE  TRUE  TRUE  TRUE  TRUE FALSE  TRUE  TRUE  TRUE  TRUE  TRUE  TRUE FALSE  TRUE  TRUE  TRUE
[115]  TRUE  TRUE  TRUE  TRUE FALSE  TRUE  TRUE  TRUE FALSE  TRUE  TRUE  TRUE FALSE  TRUE  TRUE  TRUE  TRUE  TRUE  TRUE
[134]  TRUE FALSE  TRUE FALSE  TRUE FALSE FALSE  TRUE  TRUE  TRUE FALSE FALSE FALSE  TRUE  TRUE FALSE  TRUE  TRUE  TRUE
[153]  TRUE FALSE FALSE  TRUE  TRUE  TRUE  TRUE  TRUE  TRUE  TRUE FALSE  TRUE  TRUE FALSE  TRUE  TRUE  TRUE  TRUE  TRUE
[172]  TRUE  TRUE  TRUE  TRUE  TRUE FALSE  TRUE  TRUE  TRUE  TRUE  TRUE  TRUE  TRUE  TRUE  TRUE  TRUE  TRUE FALSE  TRUE
[191]  TRUE  TRUE  TRUE FALSE  TRUE FALSE  TRUE  TRUE  TRUE  TRUE  TRUE FALSE FALSE FALSE  TRUE  TRUE  TRUE FALSE  TRUE
[210]  TRUE  TRUE FALSE  TRUE  TRUE FALSE FALSE  TRUE  TRUE  TRUE FALSE FALSE  TRUE  TRUE  TRUE  TRUE  TRUE FALSE FALSE
[229]  TRUE  TRUE FALSE  TRUE  TRUE  TRUE FALSE FALSE  TRUE  TRUE FALSE  TRUE  TRUE  TRUE  TRUE  TRUE  TRUE  TRUE  TRUE
[248]  TRUE  TRUE  TRUE  TRUE  TRUE  TRUE  TRUE  TRUE  TRUE FALSE  TRUE  TRUE  TRUE  TRUE  TRUE FALSE FALSE  TRUE  TRUE
[267]  TRUE FALSE  TRUE FALSE  TRUE  TRUE  TRUE  TRUE  TRUE FALSE  TRUE  TRUE  TRUE  TRUE FALSE  TRUE  TRUE  TRUE  TRUE
[286] FALSE  TRUE FALSE  TRUE FALSE  TRUE  TRUE  TRUE FALSE  TRUE  TRUE FALSE FALSE FALSE  TRUE  TRUE  TRUE FALSE  TRUE
[305]  TRUE  TRUE  TRUE  TRUE  TRUE  TRUE  TRUE  TRUE  TRUE  TRUE FALSE  TRUE FALSE  TRUE  TRUE FALSE  TRUE  TRUE  TRUE
[324]  TRUE  TRUE FALSE  TRUE  TRUE  TRUE  TRUE FALSE  TRUE FALSE FALSE  TRUE FALSE FALSE  TRUE  TRUE  TRUE  TRUE  TRUE
[343] FALSE  TRUE FALSE  TRUE  TRUE  TRUE  TRUE FALSE  TRUE  TRUE  TRUE  TRUE  TRUE  TRUE  TRUE  TRUE  TRUE  TRUE  TRUE
[362] FALSE  TRUE  TRUE  TRUE  TRUE FALSE  TRUE  TRUE  TRUE  TRUE  TRUE  TRUE  TRUE  TRUE  TRUE FALSE  TRUE  TRUE  TRUE
[381]  TRUE  TRUE FALSE  TRUE  TRUE  TRUE  TRUE  TRUE  TRUE  TRUE  TRUE  TRUE  TRUE  TRUE  TRUE FALSE FALSE  TRUE  TRUE
[400]  TRUE  TRUE  TRUE  TRUE FALSE  TRUE  TRUE  TRUE  TRUE  TRUE  TRUE  TRUE  TRUE FALSE FALSE  TRUE FALSE  TRUE  TRUE
[419]  TRUE  TRUE  TRUE  TRUE FALSE  TRUE  TRUE  TRUE  TRUE  TRUE  TRUE  TRUE  TRUE FALSE  TRUE  TRUE  TRUE  TRUE  TRUE
[438]  TRUE  TRUE  TRUE  TRUE  TRUE  TRUE  TRUE FALSE  TRUE  TRUE FALSE  TRUE FALSE  TRUE  TRUE  TRUE  TRUE  TRUE  TRUE
[457] FALSE FALSE  TRUE  TRUE  TRUE  TRUE  TRUE  TRUE  TRUE  TRUE  TRUE  TRUE FALSE  TRUE  TRUE FALSE  TRUE  TRUE FALSE
[476]  TRUE FALSE  TRUE  TRUE  TRUE  TRUE  TRUE  TRUE  TRUE  TRUE  TRUE  TRUE  TRUE FALSE  TRUE  TRUE  TRUE  TRUE  TRUE
[495]  TRUE  TRUE  TRUE  TRUE  TRUE  TRUE  TRUE  TRUE  TRUE  TRUE  TRUE  TRUE  TRUE FALSE  TRUE FALSE  TRUE  TRUE  TRUE
[514]  TRUE  TRUE  TRUE  TRUE  TRUE  TRUE  TRUE  TRUE  TRUE  TRUE  TRUE  TRUE  TRUE  TRUE  TRUE  TRUE  TRUE  TRUE  TRUE
[533]  TRUE  TRUE  TRUE  TRUE  TRUE  TRUE  TRUE  TRUE  TRUE FALSE FALSE  TRUE  TRUE  TRUE  TRUE  TRUE  TRUE  TRUE  TRUE
[552]  TRUE  TRUE  TRUE  TRUE FALSE FALSE FALSE  TRUE  TRUE  TRUE  TRUE  TRUE  TRUE  TRUE  TRUE  TRUE  TRUE  TRUE  TRUE
[571]  TRUE  TRUE  TRUE  TRUE  TRUE  TRUE  TRUE  TRUE  TRUE  TRUE FALSE  TRUE  TRUE FALSE  TRUE  TRUE  TRUE  TRUE  TRUE
[590]  TRUE  TRUE  TRUE  TRUE FALSE  TRUE  TRUE  TRUE FALSE  TRUE FALSE  TRUE  TRUE  TRUE  TRUE  TRUE  TRUE  TRUE  TRUE
[609]  TRUE  TRUE  TRUE  TRUE  TRUE  TRUE  TRUE  TRUE  TRUE  TRUE  TRUE  TRUE  TRUE  TRUE  TRUE  TRUE  TRUE  TRUE  TRUE
[628]  TRUE  TRUE  TRUE  TRUE  TRUE  TRUE  TRUE  TRUE  TRUE  TRUE  TRUE  TRUE  TRUE  TRUE  TRUE  TRUE  TRUE  TRUE  TRUE
[647]  TRUE  TRUE  TRUE  TRUE  TRUE  TRUE  TRUE  TRUE  TRUE  TRUE  TRUE

