
Birth-death simulation object with 585 species and 500 extant species

Details for some species:

Extinction times (NA means extant)
[1] 35.33880 84.96865       NA 28.64623 28.84589       NA


Speciation times 
[1] 87.74878 86.06662 52.00603 43.26123 39.91197 36.17584


Species parents (NA for initial)
[1] NA  1  1  1  1  1


Species status (extinct or extant)
[1] "extinct" "extinct" "extant"  "extinct" "extinct" "extant" 


For more details on vector y, try sim$y, with y one of
TE TS PAR EXTANT



$TE
  [1] 35.33879989 84.96865417          NA 28.64623021 28.84589256          NA 19.09555072 21.03426191          NA
 [10] 10.43899873          NA          NA          NA          NA 14.18104942          NA  8.93764440          NA
 [19]  8.07257849 15.93747773          NA 26.49359592          NA          NA          NA          NA          NA
 [28]          NA 19.16175986          NA          NA          NA          NA          NA 22.07060515 20.37219046
 [37]  9.84052226          NA          NA          NA          NA          NA  7.27168845  4.22933219          NA
 [46]  7.30281806          NA          NA  7.92416487          NA          NA          NA          NA          NA
 [55]  7.46632387          NA          NA          NA          NA 13.60703956          NA          NA          NA
 [64]          NA          NA          NA          NA  4.34319629          NA          NA          NA          NA
 [73]          NA          NA          NA          NA          NA          NA  4.53019067          NA  3.57981667
 [82]          NA  1.76096397  7.09512347          NA          NA 11.33545776  0.89297092 12.66723414  8.93525443
 [91] 13.90305422          NA          NA          NA          NA 10.07785363  6.18823253          NA          NA
[100]  7.99664593          NA          NA          NA          NA          NA          NA          NA          NA
[109]          NA  2.52286528          NA          NA          NA          NA          NA          NA          NA
[118]  9.28718942          NA          NA          NA          NA          NA          NA          NA          NA
[127]  6.23026800          NA          NA          NA          NA          NA          NA          NA  6.21333757
[136]          NA          NA          NA          NA          NA          NA          NA          NA          NA
[145]  7.65713473          NA          NA          NA          NA          NA  5.09184929          NA          NA
[154]          NA          NA          NA          NA  4.92898876  3.72336117  7.96184043          NA  4.21236354
[163]          NA          NA  7.21864350  0.47768033          NA          NA          NA          NA          NA
[172]  9.22613596          NA          NA          NA          NA          NA          NA          NA  0.66673566
[181]          NA          NA          NA  2.06944744          NA  1.85111748          NA          NA          NA
[190]          NA  1.90201457          NA          NA          NA          NA          NA          NA          NA
[199]          NA          NA          NA  1.37856276          NA          NA          NA  0.29893711          NA
[208]          NA  9.65260458          NA          NA          NA          NA          NA          NA          NA
[217]          NA  5.84265851          NA          NA          NA  5.96164444          NA          NA  1.31532862
[226]          NA          NA  4.71309223          NA          NA          NA          NA          NA          NA
[235]          NA          NA          NA          NA          NA  0.75369336          NA          NA          NA
[244]          NA          NA          NA          NA          NA          NA          NA          NA  4.89001643
[253]          NA          NA          NA          NA          NA  6.00958428          NA          NA          NA
[262]          NA          NA          NA          NA          NA          NA          NA          NA          NA
[271]          NA          NA          NA          NA          NA          NA          NA          NA          NA
[280]          NA          NA  4.19565060          NA          NA          NA          NA          NA          NA
[289]          NA          NA          NA          NA  2.67182942          NA          NA          NA          NA
[298]          NA          NA          NA          NA          NA  3.36155952          NA          NA          NA
[307]          NA          NA          NA          NA          NA          NA  5.00834009          NA          NA
[316]          NA          NA          NA          NA          NA          NA          NA          NA          NA
[325]          NA          NA          NA          NA          NA          NA          NA          NA          NA
[334]  2.60407785          NA          NA  0.26834723          NA  2.30925008          NA          NA          NA
[343]          NA          NA          NA          NA          NA          NA          NA          NA  7.29815257
[352]  0.07340535          NA          NA          NA          NA          NA          NA          NA          NA
[361]          NA  0.61054084          NA          NA          NA          NA          NA          NA          NA
[370]          NA  1.73939746          NA          NA          NA          NA          NA          NA          NA
[379]          NA  0.62498933          NA          NA          NA          NA          NA          NA          NA
[388]          NA          NA          NA          NA          NA          NA          NA          NA          NA
[397]          NA          NA          NA          NA          NA          NA          NA          NA          NA
[406]          NA          NA          NA          NA          NA          NA          NA          NA          NA
[415]  2.66370794          NA          NA          NA          NA          NA          NA          NA  4.26324387
[424]          NA          NA          NA          NA          NA          NA          NA          NA  2.26613885
[433]  2.16853926          NA          NA          NA          NA          NA          NA          NA          NA
[442]          NA          NA          NA          NA          NA          NA          NA          NA          NA
[451]          NA  2.55765942          NA          NA          NA          NA          NA          NA          NA
[460]          NA          NA          NA          NA          NA          NA          NA          NA          NA
[469]          NA          NA          NA          NA          NA          NA          NA          NA          NA
[478]          NA          NA          NA          NA          NA          NA          NA          NA          NA
[487]          NA          NA          NA          NA          NA          NA  1.14004545          NA          NA
[496]          NA          NA          NA          NA          NA          NA          NA          NA          NA
[505]          NA          NA          NA          NA          NA  2.19804954          NA          NA          NA
[514]          NA          NA          NA          NA          NA          NA          NA          NA          NA
[523]          NA          NA  1.40570812          NA          NA          NA          NA          NA          NA
[532]          NA          NA          NA          NA          NA  1.58245793          NA          NA          NA
[541]          NA          NA          NA          NA          NA          NA          NA          NA          NA
[550]          NA          NA          NA          NA          NA          NA          NA          NA          NA
[559]          NA          NA          NA          NA          NA          NA  0.37257537          NA          NA
[568]          NA          NA          NA          NA          NA          NA          NA          NA          NA
[577]          NA  0.33687380          NA          NA          NA          NA          NA          NA          NA

$TS
  [1] 87.748778471 86.066616807 52.006025884 43.261233569 39.911969421 36.175842911 43.603418189 24.291922327
  [9] 17.562858404 11.873122360 10.563647447  9.175664234  8.701269612  6.264708528 31.479995919 25.149923353
 [17] 24.962934961 22.779841244 22.256017152 19.645602763 19.616089357 40.380165443 39.416815918 31.455942459
 [25] 35.911355922 29.918926107 28.294387457  6.377591620 30.108434080 21.538600986  6.837036695  4.447406942
 [33] 18.870118683 16.442075487 28.200896411 20.883609086 16.875166098 25.808753424 22.154603864  9.542402546
 [41]  1.140862885 21.179156223 16.892648474  9.963434790 20.194970446 13.897586956  8.824589874 21.541852963
 [49] 21.387065966 15.893196188 17.226487145 10.081325116  5.527602046 13.825042184 10.195373768 17.046971074
 [57] 11.296615050  1.855939998 21.012285387 20.249699025  1.025960015  0.835926446  7.334502032  2.467609560
 [65]  1.419298691 21.096299518 20.352814946  9.164971418 14.078363793 13.890273175  9.197890134 20.562325196
 [73] 14.913511663  8.954582538  8.032496951  5.673137063 10.499863066 10.346332987 10.296908559  5.900555642
 [81]  4.373750628  0.573710788 16.098279710 11.430816259  4.634024543 19.045825523 16.752425697 15.668680484
 [89] 14.221745624 18.242682600 16.126101402 16.101381654 14.441596592  0.069878871 17.649375814 16.528420697
 [97] 12.157880582 10.759704278 10.694911265  8.629029447  5.105515870  5.023020314 17.881518572 14.976938744
[105] 10.676598339 10.573206078  9.389511819  2.070906755  2.052040801 10.907732943  1.187249878 10.365918498
[113]  8.095454102  5.411847924  2.921255914  1.234764970  0.249164351 10.381098051  1.658266983  2.247886077
[121]  2.018362980 15.391048439 14.104199547 13.639857578  9.856239876 15.632477139 13.550093624 13.493530178
[129] 14.864300246 12.995466339  1.312403903  9.603269216  5.690815472  9.878544488  8.847241894  5.660346306
[137]  3.871206721  2.639032432  4.595998577 13.944218846 13.110135354 11.301567553 10.512817940 14.888978574
[145]  8.735387755  5.711518660  4.715424845  7.245432839  3.363333240  0.152236943 14.762260907 12.100206127
[153]  9.189988773 14.806663445  2.812579029  0.776517717 12.525987396 11.650445341  9.195306058  8.581351225
[161]  6.683345588  5.971803742 12.639048117  7.478223211 14.087034422 11.149804229 10.557547093  6.600274127
[169]  6.499047635  2.544468168  0.842659240 12.302273327 10.382560973  6.712438137  3.315661781  1.717026458
[177]  5.734195016  4.988054538  4.629462317  0.919130877  0.592019353 11.976965631  9.734054092  7.825133818
[185]  8.461473240 11.656309124 11.342295938  8.291620782  2.439230145 11.358372395  8.251628168  6.588581775
[193]  6.079380761  4.959067721  4.434931309  1.387335172  1.251990952 10.061385730  8.834091947  7.453656565
[201]  8.516629964  5.511826848  4.208922440 12.229294406 12.207631750  7.514646549 12.127272736 11.511668344
[209] 10.991705409  5.269871681  1.853845234  9.298563072  3.023926776  2.752416821  8.757919258  3.695194082
[217]  2.855448880  9.699418586  9.060475886  8.489464317  7.538089789  7.710732142  3.120548659 10.386631033
[225] 11.334578041 11.422533323  7.219190367 10.791617757 10.628302215  5.973656061 10.894883689  6.114005123
[233]  7.137881542  5.726042231  0.912109434  3.451012954  6.410069895  3.676847877  7.871612844  6.535250469
[241]  5.673572394 10.003192558  4.890323795  9.951245477  9.435138907  0.674413268  5.377716554  8.769769735
[249]  5.319259673  3.338500347  8.981639709  8.269506504  9.753591726  9.226944548  3.424852489  2.567583131
[257]  0.506922781  7.024062722  6.804696738  6.695202105  3.262801938  4.253984211  7.117922779  9.900547709
[265]  8.761794635  5.763698414  3.917155233  1.670904132  2.102797451  0.760782951  0.243500931  4.074732949
[273]  0.809143176  6.586383114  7.727516348  9.404086634  9.124383359  6.481293201  1.828478668  2.416010054
[281]  7.718706466  5.815773466  4.521455307  2.418580973  7.796703025  9.278701247  7.100851277  5.106257479
[289]  2.866792895  1.927515985  0.551427534  9.154716949  6.691255185  2.152129158  1.149005354  0.668054366
[297]  6.849265142  6.984026785  4.674432205  1.885504340  9.372202326  3.712382168  6.777576927  3.465796893
[305]  5.117814751  2.891869103  5.730528970  8.665846400  4.860768360  3.820134362  7.134624104  2.189237418
[313]  7.514862323  5.979795325  1.607601744  0.371603807  5.626770189  3.190350269  0.609333978  5.503242053
[321]  4.456003603  4.065618450  3.171387964  2.168430086  6.631156810  0.178946558  7.044928184  5.142321178
[329]  4.256530184  2.334687005  0.796945023  0.654078835  8.030362704  4.089819950  3.946572008  7.883166436
[337]  0.776788944  5.575062187  8.267349832  7.624668816  1.491501179  4.673102563  7.791668296  4.740332672
[345]  0.729390830  7.810522059  5.588993735  0.205634657  8.249414979  8.213434152  7.434533913  8.035000508
[353]  1.078019377  6.955397876  5.500396192  4.199890467  4.112156245  6.303250681  0.742313683  7.771569989
[361]  5.786948803  5.497779235  2.615604083  3.510764945  3.082988561  0.705189282  5.322959639  5.305104623
[369]  3.802032247  7.565686852  6.102709640  1.634481068  0.534526046  7.095216385  5.061347852  5.035234281
[377]  3.155860728  1.629290293  2.454384893  2.411422647  2.198539388  1.842153113  6.966238275  4.915063662
[385]  4.198319253  1.546675447  0.740518944  5.181897951  4.701368081  2.350122360  0.273228712  6.232506269
[393]  4.275766801  4.790899405  1.251291030  3.937074282  3.103748351  0.832383811  6.062925974  3.634072791
[401]  2.517439207  5.983222583  5.617718332  1.648076798  0.570094331  5.233671462  4.684244179  4.363895794
[409]  0.526880024  6.099896841  4.008444342  4.042801881  6.037918740  3.227844520  4.448219451  4.095086492
[417]  6.035248216  3.640104595  0.902517727  4.385701283  1.598853275  3.803415722  4.309483481  0.647532676
[425]  5.009339674  0.209510670  4.521477690  3.335022481  0.633587746  0.247634464  4.386857108  3.753877531
[433]  2.580945312  1.019985240  4.591381872  4.023147053  0.601419983  2.868993997  2.568343005  3.075882696
[441]  2.217184957  1.902043479  0.689328197  4.050698436  4.364369446  3.138907760  4.501853715  2.901968161
[449]  5.195329277  0.408551329  5.155441308  4.207161854  0.144333001  4.188299741  1.403996170  0.489177931
[457]  0.439180689  0.069361785  5.267592757  4.038213389  0.810164478  2.407977705  2.898464266  0.964370703
[465]  3.143282960  1.037529417  0.058965984  4.692978918  3.270067880  3.788701184  0.195373139  4.638402875
[473]  1.853731681  0.179494679  4.501646625  2.484885938  4.767717532  4.011585289  3.131921120  1.001882500
[481]  3.633531584  2.405644453  3.175771263  0.721248872  0.293163063  4.281453765  3.978690277  2.972208691
[489]  2.562286489  3.419874874  4.097524798  3.494586737  3.348765390  2.651206274  0.907311464  1.407271837
[497]  2.542113642  3.364319107  3.377772984  3.300380171  1.719608389  0.095315628  3.147460553  1.324364285
[505]  2.843308779  1.841738415  0.026331164  3.528447235  3.146485989  3.414542145  0.127153585  1.541532071
[513]  0.330996092  0.941867491  2.648311569  1.268936706  0.711444320  2.117478469  1.872032648  2.512023053
[521]  1.166839759  1.056612190  3.058959546  2.674802062  1.533612650  1.407434276  1.233542356  0.727859782
[529]  0.110103194  2.523111467  0.771864814  0.692601239  1.410589413  2.349363604  0.126297035  2.566164673
[537]  2.682867780  1.554756974  1.282138561  2.096586460  2.058215752  2.574725598  2.290597097  1.064559890
[545]  2.662091199  1.921343037  0.180589942  1.602453022  1.518203609  0.103806247  1.689113060  0.036081081
[553]  1.372537485  0.106852499  1.436137929  1.157893182  0.209306410  0.756110766  1.735725394  1.263686869
[561]  0.224490432  0.355043195  1.304425954  0.936940799  2.058299734  1.998745111  0.932195065  0.107164967
[569]  0.181797746  1.563199512  0.513781875  0.401234493  1.343483711  1.126006914  0.132396484  0.732148097
[577]  0.569502749  0.377096861  0.002713737  0.106740175  0.609851632  0.627592668  0.464847272  0.450395702
[585]  0.555635964

$PAR
  [1]  NA   1   1   1   1   1   3   3   3   3   3   3   3   3   7   7   7   7   7   7   7   4   4   4   5  23  23  23
 [29]   6   6  25  25  15  15  24  29  26  27  27  27  27  38  38  38  16  16  16  17  17  17  18  18  18  19  19  39
 [57]  39  39  48  48  48  48  30  30  30  49  49  49  42  42  42  66  66  66  66  66  59  59  59  59  59  72  67  67
 [85]  67  60  60  60  45  20  21  21  21  21  86  86  86  86  86  86  86  86  33  33  33  33  33  33  33  90 103  95
[113]  95  95  95  95  95   9  51  56  56  43  43  43  43  87  96  96  34  34  34  92  92  83  83  83  83  83  50  88
[141]  88  88  88 122 122 122 122 104 104 104  73  73  73 144 144 144 129 129 129 129 154 154 151 151 123 123 123 123
[169] 123 123 123 165 165  69  69  69 140 140 140 140 140  46  46  46  70  54  54  54  54 124 124 124 124 124 124 124
[197] 124 127 127 127 128 128 128 141 141 141 130 130 130 130 130 163 163 163 157 157 157 205 205 205  97 207 207 152
[225]  10 186 186 208 208 208  84 226 190 190 190 187 142 142 166 166 166 231 231  99  99  99 229 106 106 106  11  11
[253] 167 167 167 167 167 143 143 143 143  77 224 173 173 173 173 173 112 112 112  78  78  79  55  52  52  52  52 198
[281] 242 242 242 242  44 244 244 244 244 244 264 134 134 134 134 134 125 253 253 253 183 183 218 132  40  40 245 276
[309] 276 276 107 301 212 212 212 212 286 254  71 153  12  12  12  12  68 292 277 219 219 219 251 251  74 199 199  47
[337] 265 215  13  13  13 308 220 185 185 188 188 188 339 191 349 350 350 113 352 352 352  75  75 239 346 285 285 343
[365] 343 275 281 281 281 340 340 340 340 221 206 200 200 200  63 148 227 233 311 311 263 263 263 287 287 374 327 258
[393] 383 354 354 297 297 174 260 260 260 293 161 161 161 325 325 192 274 169 278  28 358 358  14  14 232 232 232 410
[421] 410 193 399 399 417 402 230 230 230 230 162  80  80  80 361 361 361 266 177 234 234 234 146 133 241 241  76  76
[449] 136 136 317 403 347  53  53 355 355 355 362 247 249 210 459 459 406 406 406 388 328 305 305 288 288 101 102 384
[477] 243 344 344 468 407 407 342 472 472 139 139 427 283 475 195 195 431 408 408 393 262 452 385 385 385 385 357 357
[505] 491 491 416 272 272 460 460 436 411 335 396 267 137 310 310 302 216 481 364 255 255 490 498 498 428 500 500 469
[533] 261 483 503 509 465 446 365 440 523 213 463 463 306 505 505 138 138 138 489 489 530 401 189 189 462 482 390 330
[561] 330 120 441 324 108 108 565 473 382 279 268 315 512 455 196 504 504 560 395 514 235  62 532 437  82

$EXTANT
  [1] FALSE FALSE  TRUE FALSE FALSE  TRUE FALSE FALSE  TRUE FALSE  TRUE  TRUE  TRUE  TRUE FALSE  TRUE FALSE  TRUE FALSE
 [20] FALSE  TRUE FALSE  TRUE  TRUE  TRUE  TRUE  TRUE  TRUE FALSE  TRUE  TRUE  TRUE  TRUE  TRUE FALSE FALSE FALSE  TRUE
 [39]  TRUE  TRUE  TRUE  TRUE FALSE FALSE  TRUE FALSE  TRUE  TRUE FALSE  TRUE  TRUE  TRUE  TRUE  TRUE FALSE  TRUE  TRUE
 [58]  TRUE  TRUE FALSE  TRUE  TRUE  TRUE  TRUE  TRUE  TRUE  TRUE FALSE  TRUE  TRUE  TRUE  TRUE  TRUE  TRUE  TRUE  TRUE
 [77]  TRUE  TRUE FALSE  TRUE FALSE  TRUE FALSE FALSE  TRUE  TRUE FALSE FALSE FALSE FALSE FALSE  TRUE  TRUE  TRUE  TRUE
 [96] FALSE FALSE  TRUE  TRUE FALSE  TRUE  TRUE  TRUE  TRUE  TRUE  TRUE  TRUE  TRUE  TRUE FALSE  TRUE  TRUE  TRUE  TRUE
[115]  TRUE  TRUE  TRUE FALSE  TRUE  TRUE  TRUE  TRUE  TRUE  TRUE  TRUE  TRUE FALSE  TRUE  TRUE  TRUE  TRUE  TRUE  TRUE
[134]  TRUE FALSE  TRUE  TRUE  TRUE  TRUE  TRUE  TRUE  TRUE  TRUE  TRUE FALSE  TRUE  TRUE  TRUE  TRUE  TRUE FALSE  TRUE
[153]  TRUE  TRUE  TRUE  TRUE  TRUE FALSE FALSE FALSE  TRUE FALSE  TRUE  TRUE FALSE FALSE  TRUE  TRUE  TRUE  TRUE  TRUE
[172] FALSE  TRUE  TRUE  TRUE  TRUE  TRUE  TRUE  TRUE FALSE  TRUE  TRUE  TRUE FALSE  TRUE FALSE  TRUE  TRUE  TRUE  TRUE
[191] FALSE  TRUE  TRUE  TRUE  TRUE  TRUE  TRUE  TRUE  TRUE  TRUE  TRUE FALSE  TRUE  TRUE  TRUE FALSE  TRUE  TRUE FALSE
[210]  TRUE  TRUE  TRUE  TRUE  TRUE  TRUE  TRUE  TRUE FALSE  TRUE  TRUE  TRUE FALSE  TRUE  TRUE FALSE  TRUE  TRUE FALSE
[229]  TRUE  TRUE  TRUE  TRUE  TRUE  TRUE  TRUE  TRUE  TRUE  TRUE  TRUE FALSE  TRUE  TRUE  TRUE  TRUE  TRUE  TRUE  TRUE
[248]  TRUE  TRUE  TRUE  TRUE FALSE  TRUE  TRUE  TRUE  TRUE  TRUE FALSE  TRUE  TRUE  TRUE  TRUE  TRUE  TRUE  TRUE  TRUE
[267]  TRUE  TRUE  TRUE  TRUE  TRUE  TRUE  TRUE  TRUE  TRUE  TRUE  TRUE  TRUE  TRUE  TRUE  TRUE FALSE  TRUE  TRUE  TRUE
[286]  TRUE  TRUE  TRUE  TRUE  TRUE  TRUE  TRUE FALSE  TRUE  TRUE  TRUE  TRUE  TRUE  TRUE  TRUE  TRUE  TRUE FALSE  TRUE
[305]  TRUE  TRUE  TRUE  TRUE  TRUE  TRUE  TRUE  TRUE FALSE  TRUE  TRUE  TRUE  TRUE  TRUE  TRUE  TRUE  TRUE  TRUE  TRUE
[324]  TRUE  TRUE  TRUE  TRUE  TRUE  TRUE  TRUE  TRUE  TRUE  TRUE FALSE  TRUE  TRUE FALSE  TRUE FALSE  TRUE  TRUE  TRUE
[343]  TRUE  TRUE  TRUE  TRUE  TRUE  TRUE  TRUE  TRUE FALSE FALSE  TRUE  TRUE  TRUE  TRUE  TRUE  TRUE  TRUE  TRUE  TRUE
[362] FALSE  TRUE  TRUE  TRUE  TRUE  TRUE  TRUE  TRUE  TRUE FALSE  TRUE  TRUE  TRUE  TRUE  TRUE  TRUE  TRUE  TRUE FALSE
[381]  TRUE  TRUE  TRUE  TRUE  TRUE  TRUE  TRUE  TRUE  TRUE  TRUE  TRUE  TRUE  TRUE  TRUE  TRUE  TRUE  TRUE  TRUE  TRUE
[400]  TRUE  TRUE  TRUE  TRUE  TRUE  TRUE  TRUE  TRUE  TRUE  TRUE  TRUE  TRUE  TRUE  TRUE  TRUE FALSE  TRUE  TRUE  TRUE
[419]  TRUE  TRUE  TRUE  TRUE FALSE  TRUE  TRUE  TRUE  TRUE  TRUE  TRUE  TRUE  TRUE FALSE FALSE  TRUE  TRUE  TRUE  TRUE
[438]  TRUE  TRUE  TRUE  TRUE  TRUE  TRUE  TRUE  TRUE  TRUE  TRUE  TRUE  TRUE  TRUE  TRUE FALSE  TRUE  TRUE  TRUE  TRUE
[457]  TRUE  TRUE  TRUE  TRUE  TRUE  TRUE  TRUE  TRUE  TRUE  TRUE  TRUE  TRUE  TRUE  TRUE  TRUE  TRUE  TRUE  TRUE  TRUE
[476]  TRUE  TRUE  TRUE  TRUE  TRUE  TRUE  TRUE  TRUE  TRUE  TRUE  TRUE  TRUE  TRUE  TRUE  TRUE  TRUE  TRUE FALSE  TRUE
[495]  TRUE  TRUE  TRUE  TRUE  TRUE  TRUE  TRUE  TRUE  TRUE  TRUE  TRUE  TRUE  TRUE  TRUE  TRUE FALSE  TRUE  TRUE  TRUE
[514]  TRUE  TRUE  TRUE  TRUE  TRUE  TRUE  TRUE  TRUE  TRUE  TRUE  TRUE FALSE  TRUE  TRUE  TRUE  TRUE  TRUE  TRUE  TRUE
[533]  TRUE  TRUE  TRUE  TRUE FALSE  TRUE  TRUE  TRUE  TRUE  TRUE  TRUE  TRUE  TRUE  TRUE  TRUE  TRUE  TRUE  TRUE  TRUE
[552]  TRUE  TRUE  TRUE  TRUE  TRUE  TRUE  TRUE  TRUE  TRUE  TRUE  TRUE  TRUE  TRUE FALSE  TRUE  TRUE  TRUE  TRUE  TRUE
[571]  TRUE  TRUE  TRUE  TRUE  TRUE  TRUE  TRUE FALSE  TRUE  TRUE  TRUE  TRUE  TRUE  TRUE  TRUE

