
Birth-death simulation object with 823 species and 500 extant species

Details for some species:

Extinction times (NA means extant)
[1] 100.96044  87.60871  58.69682  98.77760  73.73133 103.39281


Speciation times 
[1] 115.4125 113.7321 106.3827 108.0023 102.8556 104.8421


Species parents (NA for initial)
[1] NA  1  1  2  2  4


Species status (extinct or extant)
[1] "extinct" "extinct" "extinct" "extinct" "extinct" "extinct"


For more details on vector y, try sim$y, with y one of
TE TS PAR EXTANT



$TE
  [1] 100.96044111  87.60871068  58.69681539  98.77760461  73.73133397 103.39280753  84.16243835  83.36143195
  [9]  44.78447747  94.32136123  71.57949497  83.69717457  75.15374307  79.02308375  84.08198637  64.67794976
 [17]  76.06408586           NA  74.18493117  72.08396289  75.94456466  75.41082537  61.12461438  47.28670512
 [25]  76.46388848  79.06057427           NA  57.44462593           NA  14.53447665  13.57148468  49.91218621
 [33]  51.29752107  69.70337746  42.50013937  52.80975035  20.97100196  62.13160962  53.76514702  69.19651926
 [41]  40.49270131  40.00084035  63.55388134  51.68191676  46.20786774           NA  16.45816121  29.68331818
 [49]  18.04663537           NA           NA  57.86518626  55.12848273           NA  51.95505548  67.37653481
 [57]  57.59758582  45.17262568  51.24302387  50.02250397  36.43341025           NA  61.42605481   6.27723341
 [65]  50.62163033  48.27882483  14.56526346  22.74390169  45.96908884           NA  37.20421987           NA
 [73]  44.73708914  40.30235598  26.87707990  38.07675573           NA  24.60415193   9.43876155  19.38278964
 [81]           NA  40.35090778  36.49101035  37.63653460  20.72251652           NA  19.32271119           NA
 [89]           NA           NA  47.53033227  37.36160964  16.57710494  35.94902087  30.52315091   8.47430570
 [97]  21.82574244  36.13745521  24.52563027  24.49673866  21.69168774           NA           NA           NA
[105]  18.74801710  25.10247949  47.46895314  43.01728992   5.93410538  40.36761311           NA  38.43022029
[113]  36.82040714           NA  40.72875500  35.79726611  38.98067394  36.48647796           NA           NA
[121]           NA   7.05361813           NA  20.53918190           NA  37.03313749  42.07161863           NA
[129]           NA           NA           NA  18.19795803  29.93169587   2.48924942   0.60464972  26.20388039
[137]  29.60136807  42.36654995  11.98687791  35.36670447           NA  13.09246319  25.07823024   7.23812902
[145]   5.42369089  29.05522228  39.64678966           NA   7.78260673           NA           NA  19.22182813
[153]  11.46810732  19.60350644  10.99946702           NA  17.93506776           NA           NA   2.66206452
[161]  14.15835299   7.27682672           NA  16.42204328           NA   7.12113760  14.05876169  35.37825695
[169]  35.40471241   6.93119659           NA   9.50453667           NA  30.11224891           NA           NA
[177]           NA           NA           NA           NA  10.83334362  15.55667780   7.43414926  29.14867570
[185]   1.82063698           NA           NA  25.40719080  17.99067019   0.38822028  37.61578319  37.01043239
[193]           NA           NA           NA   3.38415978           NA  27.53307905           NA   0.83659734
[201]  28.55269210  30.47535013  19.03715655           NA           NA  20.64849307   9.37012269           NA
[209]           NA           NA  31.78078012  11.60943435           NA  13.31372679  22.07194696           NA
[217]   1.37742928  12.38873769           NA           NA           NA           NA   8.20678096           NA
[225]   5.00986299   0.06217626           NA           NA   7.29113954  18.67304053           NA           NA
[233]  15.35435374   5.64702477           NA           NA           NA  12.09958910   1.38734523           NA
[241]   6.71314276   6.17483339           NA           NA           NA           NA   1.76486157           NA
[249]           NA           NA           NA   4.44691805  19.57856035           NA  13.23575474           NA
[257]  28.56505229           NA  11.28346707  12.53707845   2.18468296   8.82438686           NA           NA
[265]           NA           NA           NA           NA           NA  19.37364282           NA   3.05661635
[273]           NA  23.80928624  14.08881968           NA  16.22979057  16.81976111   6.79156015           NA
[281]  14.30738693           NA   8.02463530   9.76837117           NA  21.27767135  13.04857001  17.42093405
[289]           NA  21.03414670   7.07346523           NA  25.03188619   2.19695398   3.65464813  25.11136088
[297]  18.44569347           NA   7.24653111           NA           NA           NA   8.31550368           NA
[305]   2.64340304           NA           NA           NA           NA   1.85340958           NA  16.87160376
[313]           NA  18.94562631           NA           NA           NA           NA           NA           NA
[321]  13.60057548   8.05944694           NA           NA   0.19056055           NA           NA           NA
[329]   6.35584122   4.07219158           NA  15.75226600           NA           NA  15.68009946           NA
[337]  19.41287339           NA           NA           NA           NA   6.54912343   2.54769678           NA
[345]           NA  12.42358510   3.59623658   8.46869360           NA           NA   3.78815275  12.79172292
[353]           NA           NA           NA   6.22775964           NA  15.28796505           NA           NA
[361]           NA           NA           NA           NA           NA   9.63736584   7.27643819           NA
[369]   2.57157595  10.83200254           NA           NA           NA   4.67013179           NA           NA
[377]   0.70298654           NA   4.54310951  11.37636876           NA           NA           NA           NA
[385]           NA           NA  11.66913657  14.70485990           NA           NA   3.63487418           NA
[393]   8.17317263   1.71698638           NA           NA           NA           NA           NA   1.51123281
[401]   5.52624209           NA           NA           NA           NA           NA           NA           NA
[409]           NA  11.03995166           NA           NA           NA           NA   6.34984736           NA
[417]   1.91667726           NA           NA           NA  16.09093817  10.52266162   2.93865916           NA
[425]           NA           NA   7.87750385           NA           NA           NA           NA           NA
[433]           NA  14.91959589           NA  13.67007792  12.01885030   1.58980033           NA           NA
[441]   4.87909491           NA   2.27255404           NA   9.56240580           NA   8.65977963   7.47397498
[449]           NA           NA           NA   8.18665155  12.46431289           NA           NA  16.35406453
[457]           NA           NA           NA           NA           NA   9.37471334           NA           NA
[465]           NA   3.97121167           NA           NA           NA  17.10100191           NA  13.57272438
[473]           NA           NA   6.75063567           NA           NA           NA           NA           NA
[481]   3.83362141           NA   5.09355312           NA           NA           NA  11.46939458   7.98158727
[489]           NA           NA           NA           NA           NA   1.25398331   6.15175950           NA
[497]           NA           NA           NA           NA           NA           NA           NA           NA
[505]           NA           NA   7.67336296           NA           NA           NA           NA           NA
[513]   2.59696127           NA   1.21564870           NA           NA           NA           NA           NA
[521]           NA   5.80260688           NA           NA           NA           NA           NA           NA
[529]           NA   7.46627942           NA           NA           NA           NA           NA  10.02486249
[537]           NA  12.51223078           NA           NA           NA  13.91853064           NA           NA
[545]   3.06512505           NA           NA           NA           NA           NA           NA           NA
[553]           NA           NA           NA   3.34312862           NA           NA   2.07164810   0.93551613
[561]           NA   5.30246165           NA           NA           NA           NA           NA   3.69861864
[569]           NA           NA           NA           NA           NA           NA           NA           NA
[577]   5.20049123           NA   7.35074017           NA           NA           NA   8.16211153   4.19161940
[585]           NA           NA           NA           NA           NA           NA           NA           NA
[593]  11.85627389           NA   0.02355156           NA           NA           NA           NA           NA
[601]   2.19767981           NA           NA           NA           NA           NA   1.24453588           NA
[609]           NA           NA           NA           NA           NA   4.43190669   7.03651200           NA
[617]   3.39672483           NA           NA           NA   2.92940706           NA           NA           NA
[625]           NA           NA           NA   9.13658333           NA   1.90829230           NA           NA
[633]   4.19404490           NA   0.85746276           NA           NA  10.41249254   7.34680613           NA
[641]           NA           NA           NA   3.77382120   1.71074045           NA   3.84783178           NA
[649]           NA   2.64403734           NA           NA           NA           NA   1.95917952           NA
[657]           NA           NA           NA           NA           NA           NA           NA           NA
[665]           NA   9.18531630   5.11330138           NA           NA           NA           NA           NA
[673]   0.08066681           NA           NA   5.01731218           NA           NA           NA   3.28940115
[681]           NA           NA           NA           NA   3.73041083   2.77267210           NA           NA
[689]           NA           NA   0.63822206           NA   3.96854354           NA           NA           NA
[697]           NA           NA   2.19044674           NA           NA           NA           NA           NA
[705]           NA   4.83851535   6.83351924           NA           NA           NA           NA   4.40429204
[713]           NA           NA           NA           NA   1.05319577           NA           NA           NA
[721]           NA           NA   3.92351311   1.04860468   2.97731570           NA           NA           NA
[729]           NA           NA           NA           NA           NA           NA           NA           NA
[737]           NA           NA           NA           NA           NA           NA           NA           NA
[745]           NA           NA           NA           NA           NA           NA           NA           NA
[753]           NA           NA           NA           NA   4.54294430           NA           NA           NA
[761]   4.50029592           NA           NA           NA           NA           NA           NA           NA
[769]           NA           NA           NA           NA           NA   4.88110756           NA           NA
[777]           NA           NA           NA           NA           NA           NA           NA           NA
[785]   1.65762419           NA           NA           NA           NA           NA           NA           NA
[793]           NA           NA           NA           NA           NA           NA           NA           NA
[801]           NA           NA           NA           NA           NA           NA           NA           NA
[809]           NA           NA           NA           NA           NA           NA           NA           NA
[817]           NA           NA           NA           NA           NA           NA           NA

$TS
  [1] 1.154125e+02 1.137321e+02 1.063827e+02 1.080023e+02 1.028556e+02 1.048421e+02 1.026379e+02 9.033950e+01
  [9] 6.812409e+01 1.010639e+02 9.291896e+01 8.591711e+01 8.406890e+01 8.526963e+01 8.478876e+01 8.521872e+01
 [17] 8.458039e+01 8.278768e+01 7.827619e+01 8.725668e+01 8.204237e+01 7.921004e+01 7.814505e+01 6.565692e+01
 [25] 8.402370e+01 8.188594e+01 7.364404e+01 7.363991e+01 3.244745e+01 3.087050e+01 2.230315e+01 8.172981e+01
 [33] 8.171811e+01 7.331091e+01 5.051307e+01 7.199729e+01 7.131562e+01 6.305137e+01 5.388917e+01 7.018398e+01
 [41] 6.860235e+01 6.235214e+01 7.174125e+01 6.313906e+01 4.658720e+01 4.468367e+01 4.331015e+01 3.864530e+01
 [49] 2.593574e+01 8.001939e+00 4.069891e+00 6.808213e+01 6.478249e+01 3.906564e+01 5.345643e+01 6.755158e+01
 [57] 6.276095e+01 4.904671e+01 6.110521e+01 6.068685e+01 5.925169e+01 5.236836e+01 6.265097e+01 5.874085e+01
 [65] 6.236290e+01 5.069680e+01 4.878414e+01 4.805046e+01 5.521161e+01 5.817686e+01 5.231563e+01 5.414150e+01
 [73] 5.042064e+01 4.995494e+01 4.792893e+01 3.881443e+01 3.217715e+01 2.837597e+01 2.396916e+01 1.966489e+01
 [81] 6.437210e+00 5.210253e+01 5.042278e+01 4.574242e+01 4.573693e+01 3.802125e+01 3.706446e+01 1.812552e+01
 [89] 1.209153e+01 9.383450e+00 5.400982e+01 4.400513e+01 3.698405e+01 3.650893e+01 3.201506e+01 3.131902e+01
 [97] 2.920367e+01 5.213951e+01 4.575293e+01 3.385174e+01 2.760086e+01 2.627084e+01 1.635177e+01 1.375578e+01
[105] 3.832894e+01 3.759534e+01 4.824347e+01 4.803932e+01 3.770875e+01 4.885827e+01 4.635749e+01 4.823383e+01
[113] 3.896562e+01 3.890480e+01 4.597119e+01 4.206383e+01 4.089214e+01 4.219249e+01 3.826756e+01 3.421946e+01
[121] 2.332636e+01 2.129626e+01 2.096116e+01 4.341852e+01 4.485482e+01 4.026094e+01 4.726609e+01 2.910477e+01
[129] 1.312454e+01 1.069876e+01 4.556714e+01 4.476113e+01 4.044853e+01 3.965585e+01 2.591684e+01 4.066408e+01
[137] 4.557665e+01 4.547363e+01 3.727521e+01 3.636847e+01 3.069447e+01 2.760326e+01 2.980169e+01 2.559716e+01
[145] 2.211281e+01 4.414141e+01 4.435936e+01 2.311423e+01 2.218576e+01 2.028639e+01 1.828362e+01 2.236739e+01
[153] 2.235261e+01 2.139620e+01 1.221692e+01 2.265277e+00 3.518746e+01 3.362832e+01 2.508656e+01 3.925980e+01
[161] 2.430876e+01 1.983778e+01 1.941850e+01 3.713598e+01 3.628320e+01 3.228464e+01 3.940980e+01 4.022763e+01
[169] 3.693835e+01 3.204094e+01 1.140849e+01 1.103796e+01 7.087909e+00 3.093721e+01 2.093141e+01 1.902000e+01
[177] 1.431586e+01 8.949189e+00 3.704873e+00 3.253552e+01 3.230868e+01 3.072302e+01 2.371256e+01 3.590110e+01
[185] 3.151263e+01 7.993438e+00 5.677563e-01 3.100945e+01 3.681154e+01 2.406065e+01 3.768705e+01 3.760570e+01
[193] 3.269640e+01 2.772108e+01 2.570182e+01 5.791106e+00 4.340526e+00 3.259948e+01 1.329050e+01 1.055747e+01
[201] 3.515670e+01 3.486406e+01 3.353323e+01 3.165257e+01 1.745834e+01 2.792210e+01 2.411626e+01 3.579695e+01
[209] 2.549320e+01 2.214605e+01 3.672628e+01 3.128452e+01 2.195248e+01 1.792880e+01 2.444063e+01 2.056254e+01
[217] 2.738550e+01 2.616298e+01 2.545719e+01 1.352150e+01 8.487459e+00 8.383182e+00 3.549494e+01 3.009364e+01
[225] 2.134305e+01 1.408609e+01 1.578447e+01 9.769769e+00 2.285602e+01 1.944512e+01 1.807037e+01 2.605192e+01
[233] 2.586988e+01 2.127996e+01 1.522800e+01 1.854205e+01 1.639719e+00 3.059886e+01 2.392970e+01 1.614094e+01
[241] 1.335204e+01 7.319437e+00 3.913444e+00 2.901992e+00 3.214288e+01 2.157701e-01 1.878740e+01 1.834358e+01
[249] 1.732497e+01 4.894911e+00 1.727737e+01 1.159708e+01 2.431008e+01 2.139909e+01 1.855515e+01 1.020141e+01
[257] 3.045107e+01 1.848616e+00 1.412036e+01 1.381537e+01 1.344882e+01 1.102945e+01 9.865831e+00 8.055128e+00
[265] 7.144803e+00 2.773492e+01 1.456535e+01 1.443363e+01 1.889032e+01 2.750063e+01 7.893910e+00 6.439822e+00
[273] 2.366507e+00 2.897446e+01 2.620801e+01 2.945699e+01 2.757893e+01 2.204025e+01 2.193891e+01 2.757812e+01
[281] 2.631664e+01 2.116050e+01 1.505369e+01 1.298906e+01 7.922556e+00 3.016757e+01 2.840087e+01 2.264602e+01
[289] 2.074512e+01 2.614899e+01 1.349546e+01 5.674097e+00 2.537532e+01 2.124460e+01 8.672781e+00 2.869190e+01
[297] 1.875417e+01 1.023222e+01 9.315796e+00 6.570197e+00 2.624514e+01 2.010158e+01 2.772258e+01 2.250237e+01
[305] 8.712506e+00 5.608879e+00 7.633580e-01 8.550206e+00 5.359198e+00 2.333402e+01 2.251790e+01 2.048597e+01
[313] 2.321996e+01 2.637671e+01 2.567780e+01 2.262909e+01 2.058187e+01 1.731107e+01 2.264151e+01 2.154840e+01
[321] 1.984874e+01 1.896516e+01 4.156379e+00 1.566585e+01 8.313192e+00 2.554336e+01 1.868420e+01 9.989591e+00
[329] 8.162004e+00 1.682701e+01 2.264391e+01 1.673725e+01 2.605588e+00 2.508267e+01 1.950338e+01 2.239405e+01
[337] 2.057484e+01 1.594556e+01 6.997516e-01 2.124896e+01 1.970001e+01 1.721254e+01 1.978434e+01 1.116962e+00
[345] 2.400035e+01 2.090826e+01 1.778519e+01 1.386658e+01 3.860080e+00 8.517709e-01 1.351745e+01 1.302084e+01
[353] 1.635125e+01 1.175152e+01 9.068567e+00 1.010321e+01 1.213748e+00 2.378502e+01 1.355149e+01 4.415195e+00
[361] 5.845916e-01 2.224114e+01 1.583319e+01 1.429089e+01 1.268287e+01 1.085863e+01 1.003256e+01 1.295589e+00
[369] 1.588943e+01 1.254005e+01 5.284672e+00 1.939722e+01 1.829198e+01 7.318662e+00 2.853859e+00 1.460219e+01
[377] 1.234071e+01 2.014575e+01 1.861306e+01 1.723112e+01 2.041652e+01 1.822010e+01 7.963788e+00 1.928337e+01
[385] 1.397894e+01 5.647272e+00 1.480524e+01 1.472628e+01 5.657917e+00 3.816771e+00 1.763841e+01 1.573925e+01
[393] 1.061054e+01 1.997894e+01 3.673751e+00 1.781342e+00 2.204289e+01 2.015436e+01 1.342554e+01 1.452227e+01
[401] 1.049632e+01 1.012988e+01 1.718594e-01 5.960436e+00 2.005528e+01 1.489174e+01 7.658091e+00 2.003497e+01
[409] 2.636830e+00 1.928416e+01 1.227373e+01 1.020654e+01 1.710047e+00 1.734533e+01 9.784177e+00 1.723004e+01
[417] 6.231563e+00 8.454217e+00 5.301047e+00 1.930250e+01 1.723895e+01 1.318795e+01 1.348927e+01 1.074644e+01
[425] 1.839393e+00 1.879359e-01 1.681187e+01 7.432597e+00 6.591494e+00 1.353452e+01 1.409590e+01 1.640555e+01
[433] 1.453046e+01 1.723852e+01 9.125218e+00 1.849248e+01 1.523964e+01 2.792552e+00 1.552369e+01 4.262696e-01
[441] 9.517994e+00 9.290305e+00 3.203016e+00 1.152114e+01 9.838255e+00 8.599984e+00 9.539870e+00 7.718644e+00
[449] 7.155708e+00 2.654833e+00 3.554856e-01 1.875328e+01 1.678420e+01 8.610072e+00 4.503714e+00 1.715729e+01
[457] 1.112395e+01 3.316776e+00 2.987202e+00 1.915524e-01 1.761060e+01 1.337721e+01 1.863499e+00 1.662874e+01
[465] 9.042626e+00 6.441566e+00 2.850884e+00 1.984465e+00 1.107120e+01 1.767815e+01 8.956974e+00 1.821396e+01
[473] 7.708231e+00 3.159606e+00 1.729150e+01 1.775241e+01 7.083370e-01 5.189769e+00 5.032901e+00 1.554211e+01
[481] 1.404576e+01 9.847793e-01 1.381163e+01 1.225060e+01 1.685134e+01 1.566764e+01 1.185098e+01 1.002010e+01
[489] 3.654550e+00 8.356712e-01 1.641000e+01 1.073058e+01 3.238712e-01 1.202422e+01 6.861736e+00 1.681671e+01
[497] 1.268938e+01 8.715588e+00 6.688955e+00 5.338164e+00 4.230698e+00 4.180664e+00 1.007701e+01 6.740869e+00
[505] 5.951167e+00 2.250990e+00 1.591354e+01 1.494449e+01 9.811402e+00 2.674273e+00 1.755759e+01 1.703379e+01
[513] 1.568947e+01 8.734446e+00 2.482403e+00 1.634402e+01 1.116445e+01 3.917923e+00 2.367699e-01 8.477784e+00
[521] 1.228963e+01 1.017481e+01 6.148201e+00 1.118163e+00 1.609664e+01 1.210573e+01 1.191923e+01 7.895169e+00
[529] 9.512946e+00 1.639551e+01 1.389522e+01 1.199774e+01 1.060359e+01 9.446420e-01 2.290946e+00 1.036617e+01
[537] 6.876773e+00 1.678156e+01 1.229877e+01 8.877311e-01 1.229156e+01 1.513139e+01 9.073613e+00 9.135417e+00
[545] 9.035959e+00 7.483030e+00 5.323930e+00 2.931986e+00 1.549395e+01 1.179036e+01 7.286230e-01 1.778783e-01
[553] 7.756251e+00 9.171991e+00 7.963304e+00 4.854520e+00 8.260774e+00 5.489565e+00 4.761900e+00 3.564118e+00
[561] 8.461333e+00 7.575862e+00 2.192743e+00 4.726776e+00 8.533802e+00 2.197586e+00 1.197885e+01 1.378478e+01
[569] 1.349839e+01 1.244610e+01 9.530433e+00 9.413250e+00 6.931043e+00 4.252497e+00 2.844182e+00 1.388488e+01
[577] 1.266717e+01 1.200099e+01 1.364519e+01 8.409571e+00 2.371124e+00 2.802328e-01 1.382843e+01 6.741213e+00
[585] 4.823040e+00 1.318940e+01 1.092616e+01 8.338502e+00 1.024599e-01 7.248132e+00 1.074722e+01 9.632299e+00
[593] 1.223143e+01 1.121888e+01 1.060055e+01 2.216564e+00 4.967030e+00 4.074337e+00 1.891246e+00 1.017202e+00
[601] 7.707511e+00 1.057996e+01 1.961595e+00 5.237717e+00 1.023315e+00 5.179431e+00 9.937537e+00 8.361436e+00
[609] 1.221666e+01 1.017584e+01 1.126328e+01 1.060990e+01 1.261995e+01 1.098888e+01 8.597037e+00 7.349235e+00
[617] 5.822769e+00 1.814658e+00 6.166634e-01 1.387025e-01 1.245386e+01 1.190395e+01 9.704344e+00 5.262874e+00
[625] 1.270693e+01 4.532464e+00 1.250895e+01 1.180400e+01 9.131748e+00 5.348665e+00 1.056576e+01 7.723396e+00
[633] 6.084910e+00 1.162573e+01 1.580947e+00 1.093871e+01 1.160986e+01 1.126532e+01 8.987304e+00 1.655614e+00
[641] 5.132263e+00 3.285555e+00 2.236845e+00 9.482529e+00 7.670541e+00 5.612196e+00 7.344482e+00 3.696980e+00
[649] 1.031739e+01 4.389477e+00 4.857104e+00 4.664587e+00 2.379360e+00 2.671915e-01 8.293140e+00 8.947560e+00
[657] 7.658620e+00 7.774379e+00 1.060983e+00 1.014293e+01 7.522082e+00 2.553324e+00 4.077825e-01 3.157583e+00
[665] 7.775912e+00 1.069338e+01 1.039256e+01 5.092261e+00 2.276989e+00 1.850537e+00 6.183453e+00 4.905202e+00
[673] 6.753780e+00 9.000536e+00 9.435901e+00 1.013400e+01 2.605653e+00 2.354443e-01 5.257146e+00 5.657772e+00
[681] 4.932802e+00 4.444179e+00 6.971433e+00 1.337221e+00 7.298217e+00 6.940475e+00 7.409779e+00 6.364561e+00
[689] 7.316536e+00 1.455181e+00 8.630662e+00 7.263944e+00 4.967395e+00 4.780791e+00 7.861633e+00 9.381624e+00
[697] 6.696700e+00 1.831373e+00 8.003430e+00 4.074881e+00 1.228716e+00 2.715771e+00 8.660158e+00 4.731210e+00
[705] 2.853809e+00 6.993599e+00 8.377475e+00 7.930518e-01 5.282493e+00 7.846411e+00 3.907562e+00 6.871740e+00
[713] 8.619539e+00 4.319957e+00 3.021515e+00 1.094083e+00 8.733610e+00 8.339407e+00 4.414820e+00 2.676297e+00
[721] 8.589836e+00 5.009980e+00 6.960736e+00 5.257041e+00 3.601585e+00 6.131989e+00 5.164500e+00 6.922816e-01
[729] 3.700641e+00 2.661501e+00 4.477225e+00 7.721868e+00 6.009135e+00 3.424152e+00 2.509018e+00 6.986310e+00
[737] 2.581413e+00 6.642762e+00 1.448955e+00 1.442858e-01 3.902323e+00 1.996574e+00 2.974789e+00 5.471922e+00
[745] 4.521127e-01 3.992340e+00 9.599978e-01 4.417405e+00 5.602865e+00 2.936481e+00 1.540384e+00 5.303291e+00
[753] 4.398110e+00 4.062349e+00 2.697919e+00 1.307022e+00 5.734418e+00 2.041362e+00 2.123890e+00 1.670137e+00
[761] 5.128741e+00 3.626613e+00 2.524787e+00 3.427742e+00 4.314272e+00 5.577381e+00 2.373343e+00 3.122454e+00
[769] 6.279197e+00 1.559470e+00 1.231611e+00 4.218004e+00 4.702113e+00 5.540655e+00 1.240316e+00 2.347946e+00
[777] 2.760579e+00 2.474377e+00 4.080895e+00 2.643197e+00 1.205952e+00 5.254787e+00 2.268013e+00 2.082449e+00
[785] 2.555630e+00 8.250662e-01 3.209451e-03 3.323015e+00 6.316005e-01 2.950444e+00 9.850197e-01 3.132256e+00
[793] 3.694181e+00 2.816530e-01 3.108990e+00 2.886967e+00 1.865238e+00 3.066179e+00 1.511517e-02 4.399311e-01
[801] 1.439232e+00 3.162996e+00 1.418420e+00 2.108794e+00 1.976968e+00 1.893645e+00 4.076067e-01 2.152235e+00
[809] 1.171547e+00 2.196951e+00 6.266691e-02 9.605015e-01 1.568995e+00 1.822185e+00 1.903007e-01 1.000400e+00
[817] 1.016269e+00 1.316478e+00 9.381792e-01 2.623403e-01 4.878515e-01 1.752551e-01 2.805472e-02

$PAR
  [1]  NA   1   1   2   2   4   3   3   3   5   5   5   5   7   7  11  11  11  11   8  20  14  16  16  17  17  18  18
 [29]  18  18  18  26  26  32  32  33  33  33  33  23  23  23  27  27  27  27  27  27  27  27  27  28  43  37  41   9
 [57]   9   9  24  24  53  44  38  57  63  65  42  42  60  61  61  64  64  64  64  64  64  64  64  64  64  70  70  70
 [85]  70  70  70  70  70  70  69  72  72  72  72  72  72  55  62  62  62  62  62  62  71  71  98  98  98  82  82  83
[113]  83  83  73  74  74  67  67  67  67  67  67 112  68  68  75  75 111 111 115  99  99  99  99  84  85  85  85  85
[141]  85  85 131 131 131 138 132 132 132 132 132  46  46  46  46  46 146 146 124  47  47  47  47 116 116 136 133 126
[169] 134 134 134 134 134 167 167 160 160 160 160  54  54  54  54 114 114 114 114  48 105 105 119 119 119 119 119 119
[197] 119  86  86  86 109 109 109 109 109 106 139 164 164 164  93  93  93  93 189 189 165 165 165 165 165 165 208 208
[225] 208 208 223 223 157 157 157 120 120 120 120 158 158 203 203 193 193 193 193 193 180 180  29  29  29  29 181 181
[253] 166 166 166 166  77  77 245 245 245 245 245 245 245 170 170 170 204 185 185 185 185 188 188  30  30  30 182 141
[281] 141 141 141 141 141 238 238 238 238 286 224 224 143 276 276 128 128 128 128 128 287 287  78 206 266 266 266 194
[309] 194 142 142 142 101 280 280 280 280 280 217 217 217 217 217 281 102 301 301 301 301 275 290 232 232  49  49 135
[337] 135 135 135 233 233 233 195 195 315 315 315 315 315 315 144 144 326 326 326 209 209 219 219 219 219 159 159 159
[365] 159 159 159 334 161 207 190 345 345 345 345  79  79 358 358 358 183 183 183 310 310 310 121 121 121 121 313 313
[393] 313 148 148 148 288 288 331 319 319 316 316 311 304 336 336 362 362 149 149 210 210 145 145 397 397 213 213 279
[421] 279 254 123 123 123 123 175 175 175 346 289 317 317 216 381 150 150 150 398 398 378 378 302 405 405 405 408 408
[449] 408 408 408 321 321 343 343 341 341 341 341 341 163 163 163 420 420 420 420 420 410 384 384 176 176 176 322 269
[477] 269 247 247 452 452 327 379 236 436 436 248 248 248 373 151 151 151 382 382 472  88  88  88  88  88  88 231 231
[505] 231 231 476 476 476 476 391 461 205 205 205 414 414 414 414 249 318 318 318 318 475 475 251 251 342 512 512 512
[533] 512 512 485 330 330 496 496 496 427 464 464 491 491 491 432 432 530 516 516 516 240 525 338 338 369 369 369 369
[561] 227 392 392 513 486 486 480 439 439 439 439 439 439 439 549 283 283 283 508 508 508 508 406 406 376 267 267 433
[589] 433 177 364 431 226 226 385 385 531 531 531 531 483 568 359 430 220 569 291 261 399 399 462 462 241 241 241 241
[617] 199 199 199 199 586 586 586 586 422 129 284 497 365 613 621 621 621 539 541 521 411 484 484 484 609 609 609 494
[645] 494 494 578 578 567 527 622 622 622 622 550 354 634 444 444 171 611 611 611 469 614 587 587 587 587 591 424 424
[673] 130 393 533 602 602 602 631 200 200 200 667 298 412 412 256 522 660 402 488 328 328 607 263 509 509 228 592 675
[701] 572  90 544 544 435 355 465 465 545 674 674 471 178 656 656 656 514 514 514 717 305 691 454 454 454 308 221 561
[729] 580 325 557 186 528 528 528 271 271 695 710 710 665 658 601 661 546 616 616 685 692 590 449 265 265 736 736 683
[757] 723 537 673 673 504 504 697 499 429 300 300 272 688 523 726 196 386 766 766 558 371 709 624 624 624 724 724 724
[785] 478 606 641 668 682 719 719 197 765 754 349 390 390 179 648 489 734 458 642 459 375 510 510 780 662 515 767 273
[813] 643 810 563 258 803 684 756 701 659 654 678

$EXTANT
  [1] FALSE FALSE FALSE FALSE FALSE FALSE FALSE FALSE FALSE FALSE FALSE FALSE FALSE FALSE FALSE FALSE FALSE  TRUE FALSE
 [20] FALSE FALSE FALSE FALSE FALSE FALSE FALSE  TRUE FALSE  TRUE FALSE FALSE FALSE FALSE FALSE FALSE FALSE FALSE FALSE
 [39] FALSE FALSE FALSE FALSE FALSE FALSE FALSE  TRUE FALSE FALSE FALSE  TRUE  TRUE FALSE FALSE  TRUE FALSE FALSE FALSE
 [58] FALSE FALSE FALSE FALSE  TRUE FALSE FALSE FALSE FALSE FALSE FALSE FALSE  TRUE FALSE  TRUE FALSE FALSE FALSE FALSE
 [77]  TRUE FALSE FALSE FALSE  TRUE FALSE FALSE FALSE FALSE  TRUE FALSE  TRUE  TRUE  TRUE FALSE FALSE FALSE FALSE FALSE
 [96] FALSE FALSE FALSE FALSE FALSE FALSE  TRUE  TRUE  TRUE FALSE FALSE FALSE FALSE FALSE FALSE  TRUE FALSE FALSE  TRUE
[115] FALSE FALSE FALSE FALSE  TRUE  TRUE  TRUE FALSE  TRUE FALSE  TRUE FALSE FALSE  TRUE  TRUE  TRUE  TRUE FALSE FALSE
[134] FALSE FALSE FALSE FALSE FALSE FALSE FALSE  TRUE FALSE FALSE FALSE FALSE FALSE FALSE  TRUE FALSE  TRUE  TRUE FALSE
[153] FALSE FALSE FALSE  TRUE FALSE  TRUE  TRUE FALSE FALSE FALSE  TRUE FALSE  TRUE FALSE FALSE FALSE FALSE FALSE  TRUE
[172] FALSE  TRUE FALSE  TRUE  TRUE  TRUE  TRUE  TRUE  TRUE FALSE FALSE FALSE FALSE FALSE  TRUE  TRUE FALSE FALSE FALSE
[191] FALSE FALSE  TRUE  TRUE  TRUE FALSE  TRUE FALSE  TRUE FALSE FALSE FALSE FALSE  TRUE  TRUE FALSE FALSE  TRUE  TRUE
[210]  TRUE FALSE FALSE  TRUE FALSE FALSE  TRUE FALSE FALSE  TRUE  TRUE  TRUE  TRUE FALSE  TRUE FALSE FALSE  TRUE  TRUE
[229] FALSE FALSE  TRUE  TRUE FALSE FALSE  TRUE  TRUE  TRUE FALSE FALSE  TRUE FALSE FALSE  TRUE  TRUE  TRUE  TRUE FALSE
[248]  TRUE  TRUE  TRUE  TRUE FALSE FALSE  TRUE FALSE  TRUE FALSE  TRUE FALSE FALSE FALSE FALSE  TRUE  TRUE  TRUE  TRUE
[267]  TRUE  TRUE  TRUE FALSE  TRUE FALSE  TRUE FALSE FALSE  TRUE FALSE FALSE FALSE  TRUE FALSE  TRUE FALSE FALSE  TRUE
[286] FALSE FALSE FALSE  TRUE FALSE FALSE  TRUE FALSE FALSE FALSE FALSE FALSE  TRUE FALSE  TRUE  TRUE  TRUE FALSE  TRUE
[305] FALSE  TRUE  TRUE  TRUE  TRUE FALSE  TRUE FALSE  TRUE FALSE  TRUE  TRUE  TRUE  TRUE  TRUE  TRUE FALSE FALSE  TRUE
[324]  TRUE FALSE  TRUE  TRUE  TRUE FALSE FALSE  TRUE FALSE  TRUE  TRUE FALSE  TRUE FALSE  TRUE  TRUE  TRUE  TRUE FALSE
[343] FALSE  TRUE  TRUE FALSE FALSE FALSE  TRUE  TRUE FALSE FALSE  TRUE  TRUE  TRUE FALSE  TRUE FALSE  TRUE  TRUE  TRUE
[362]  TRUE  TRUE  TRUE  TRUE FALSE FALSE  TRUE FALSE FALSE  TRUE  TRUE  TRUE FALSE  TRUE  TRUE FALSE  TRUE FALSE FALSE
[381]  TRUE  TRUE  TRUE  TRUE  TRUE  TRUE FALSE FALSE  TRUE  TRUE FALSE  TRUE FALSE FALSE  TRUE  TRUE  TRUE  TRUE  TRUE
[400] FALSE FALSE  TRUE  TRUE  TRUE  TRUE  TRUE  TRUE  TRUE  TRUE FALSE  TRUE  TRUE  TRUE  TRUE FALSE  TRUE FALSE  TRUE
[419]  TRUE  TRUE FALSE FALSE FALSE  TRUE  TRUE  TRUE FALSE  TRUE  TRUE  TRUE  TRUE  TRUE  TRUE FALSE  TRUE FALSE FALSE
[438] FALSE  TRUE  TRUE FALSE  TRUE FALSE  TRUE FALSE  TRUE FALSE FALSE  TRUE  TRUE  TRUE FALSE FALSE  TRUE  TRUE FALSE
[457]  TRUE  TRUE  TRUE  TRUE  TRUE FALSE  TRUE  TRUE  TRUE FALSE  TRUE  TRUE  TRUE FALSE  TRUE FALSE  TRUE  TRUE FALSE
[476]  TRUE  TRUE  TRUE  TRUE  TRUE FALSE  TRUE FALSE  TRUE  TRUE  TRUE FALSE FALSE  TRUE  TRUE  TRUE  TRUE  TRUE FALSE
[495] FALSE  TRUE  TRUE  TRUE  TRUE  TRUE  TRUE  TRUE  TRUE  TRUE  TRUE  TRUE FALSE  TRUE  TRUE  TRUE  TRUE  TRUE FALSE
[514]  TRUE FALSE  TRUE  TRUE  TRUE  TRUE  TRUE  TRUE FALSE  TRUE  TRUE  TRUE  TRUE  TRUE  TRUE  TRUE FALSE  TRUE  TRUE
[533]  TRUE  TRUE  TRUE FALSE  TRUE FALSE  TRUE  TRUE  TRUE FALSE  TRUE  TRUE FALSE  TRUE  TRUE  TRUE  TRUE  TRUE  TRUE
[552]  TRUE  TRUE  TRUE  TRUE FALSE  TRUE  TRUE FALSE FALSE  TRUE FALSE  TRUE  TRUE  TRUE  TRUE  TRUE FALSE  TRUE  TRUE
[571]  TRUE  TRUE  TRUE  TRUE  TRUE  TRUE FALSE  TRUE FALSE  TRUE  TRUE  TRUE FALSE FALSE  TRUE  TRUE  TRUE  TRUE  TRUE
[590]  TRUE  TRUE  TRUE FALSE  TRUE FALSE  TRUE  TRUE  TRUE  TRUE  TRUE FALSE  TRUE  TRUE  TRUE  TRUE  TRUE FALSE  TRUE
[609]  TRUE  TRUE  TRUE  TRUE  TRUE FALSE FALSE  TRUE FALSE  TRUE  TRUE  TRUE FALSE  TRUE  TRUE  TRUE  TRUE  TRUE  TRUE
[628] FALSE  TRUE FALSE  TRUE  TRUE FALSE  TRUE FALSE  TRUE  TRUE FALSE FALSE  TRUE  TRUE  TRUE  TRUE FALSE FALSE  TRUE
[647] FALSE  TRUE  TRUE FALSE  TRUE  TRUE  TRUE  TRUE FALSE  TRUE  TRUE  TRUE  TRUE  TRUE  TRUE  TRUE  TRUE  TRUE  TRUE
[666] FALSE FALSE  TRUE  TRUE  TRUE  TRUE  TRUE FALSE  TRUE  TRUE FALSE  TRUE  TRUE  TRUE FALSE  TRUE  TRUE  TRUE  TRUE
[685] FALSE FALSE  TRUE  TRUE  TRUE  TRUE FALSE  TRUE FALSE  TRUE  TRUE  TRUE  TRUE  TRUE FALSE  TRUE  TRUE  TRUE  TRUE
[704]  TRUE  TRUE FALSE FALSE  TRUE  TRUE  TRUE  TRUE FALSE  TRUE  TRUE  TRUE  TRUE FALSE  TRUE  TRUE  TRUE  TRUE  TRUE
[723] FALSE FALSE FALSE  TRUE  TRUE  TRUE  TRUE  TRUE  TRUE  TRUE  TRUE  TRUE  TRUE  TRUE  TRUE  TRUE  TRUE  TRUE  TRUE
[742]  TRUE  TRUE  TRUE  TRUE  TRUE  TRUE  TRUE  TRUE  TRUE  TRUE  TRUE  TRUE  TRUE  TRUE  TRUE FALSE  TRUE  TRUE  TRUE
[761] FALSE  TRUE  TRUE  TRUE  TRUE  TRUE  TRUE  TRUE  TRUE  TRUE  TRUE  TRUE  TRUE FALSE  TRUE  TRUE  TRUE  TRUE  TRUE
[780]  TRUE  TRUE  TRUE  TRUE  TRUE FALSE  TRUE  TRUE  TRUE  TRUE  TRUE  TRUE  TRUE  TRUE  TRUE  TRUE  TRUE  TRUE  TRUE
[799]  TRUE  TRUE  TRUE  TRUE  TRUE  TRUE  TRUE  TRUE  TRUE  TRUE  TRUE  TRUE  TRUE  TRUE  TRUE  TRUE  TRUE  TRUE  TRUE
[818]  TRUE  TRUE  TRUE  TRUE  TRUE  TRUE

