
Birth-death simulation object with 786 species and 500 extant species

Details for some species:

Extinction times (NA means extant)
[1] 62.97391 77.01387 63.76386 59.44695 32.63179 59.25459


Speciation times 
[1] 99.92174 84.52205 81.48202 80.22550 72.04353 66.81779


Species parents (NA for initial)
[1] NA  1  1  1  1  1


Species status (extinct or extant)
[1] "extinct" "extinct" "extinct" "extinct" "extinct" "extinct"


For more details on vector y, try sim$y, with y one of
TE TS PAR EXTANT



$TE
  [1] 62.9739082 77.0138669 63.7638582 59.4469491 32.6317888 59.2545920 12.8508587 48.0262679 48.5281892  5.4735442
 [11] 47.9294607 35.9666286         NA  8.2515244 50.6830814 39.9408368 25.0932848 30.8865408  9.1668166 59.1754652
 [21] 47.6120689         NA 12.1626777         NA 63.4303783 59.0608110 32.2301804 14.9253053 44.0121221 42.1814758
 [31] 61.6328304 62.6560128 43.2575810         NA 52.4736242 22.5064917 36.4668298 25.0395265 23.9699568         NA
 [41] 29.7581968 20.9136787 31.5569633         NA 17.1320581 25.6483413  8.7062914 10.0661367 28.7750922  2.6923303
 [51] 22.6654037         NA         NA         NA  9.6997546 41.5184726 35.3749200 35.7116588 22.9623756 19.7004123
 [61]         NA 10.8379884 14.7955993         NA 34.2477633 39.1645169 18.2441746 27.0641787         NA  5.1509741
 [71] 10.0454557         NA  5.7621153         NA  8.9514244         NA 29.1285958         NA 13.0464280         NA
 [81]         NA 40.4783451         NA  9.0048741         NA         NA         NA 36.0728365 19.4872810         NA
 [91] 16.4749338         NA         NA         NA         NA         NA 20.7466888 34.7745727 22.6982068 12.9350627
[101]  4.6615790         NA 12.6305567         NA         NA 29.2559341         NA         NA 17.1053343 20.1486530
[111]         NA 14.3872939         NA         NA         NA 32.4912826  8.8827119 35.5673420 28.1338506  8.9150338
[121]         NA  6.9191947 25.0430055  4.2397629 22.2784170 41.2347743  5.2137315 18.9658934 11.9529926 33.7254109
[131] 33.8908475         NA         NA 15.0900020 16.5853505         NA 28.3247880 32.1025949         NA 16.4831915
[141]         NA         NA 25.9468337         NA         NA         NA         NA 16.3785968 15.1627499 31.0185224
[151] 24.3770284 32.9182247         NA 34.6232592 34.8426747 17.3836505  7.9017988         NA  2.6411496  4.2612795
[161] 21.8848749 26.1319035  3.9919540 12.9575336 30.9323594         NA         NA 15.6623034 17.7953285         NA
[171] 17.8307526         NA  8.9696559         NA         NA  3.4580040  4.2553128  1.3933166 19.3779527  9.8079547
[181]         NA  9.5034121         NA 32.7248879         NA  1.1205545         NA         NA 16.1023739         NA
[191]  2.0120743         NA         NA  5.3210820 24.8469035         NA         NA  9.1996532         NA         NA
[201]         NA 13.7562979 21.1700186  2.2147623 11.3087942 15.1079058 11.0188506  7.2543388         NA 17.6976812
[211] 16.9902289  7.4792653         NA 21.4396485         NA 11.2765569 11.2690181         NA 15.7046090  3.9692809
[221] 16.6167050  1.5498313         NA         NA 24.7187388         NA         NA         NA 18.7142678 12.1159621
[231]         NA         NA         NA 25.7953677         NA 23.4057295  9.9472002         NA         NA  0.4040254
[241] 14.5683294 14.6237170 16.6534840 15.1027326         NA  3.3821042 23.6083792 17.7224675         NA  5.9548671
[251]  5.8494175         NA         NA         NA         NA         NA         NA 21.5850695 14.0742720         NA
[261]         NA 14.2894741  9.3206274         NA         NA         NA         NA         NA         NA         NA
[271] 13.7715058         NA         NA         NA 13.5100995  7.5558423  9.1397800 10.0223176         NA         NA
[281]  3.9948055  9.2571745         NA         NA         NA         NA         NA         NA 19.7139282         NA
[291] 18.9014956 18.4097400         NA 10.0019513         NA         NA         NA         NA  5.9822954  2.5674996
[301]         NA  3.4009749         NA         NA         NA 20.0629430         NA         NA         NA         NA
[311]         NA         NA         NA  9.2123055         NA         NA  4.9192167         NA         NA         NA
[321]         NA  4.0485497         NA         NA         NA         NA         NA 11.1247356         NA         NA
[331]         NA         NA         NA 10.7863195         NA  5.2929794         NA         NA 10.8435761 18.5235777
[341]         NA         NA 13.8281546  7.3480966         NA         NA         NA  4.2757053         NA         NA
[351]         NA         NA         NA 20.4849464         NA  0.1297060  8.2451107         NA         NA         NA
[361]         NA         NA  3.9552573  7.6913499         NA         NA         NA  2.7030635  1.2451221         NA
[371]         NA 17.0302705  8.3181749         NA         NA         NA         NA         NA  2.4366113         NA
[381]         NA         NA         NA         NA 11.5421842         NA  6.2876034         NA  7.3364477         NA
[391]         NA         NA         NA         NA         NA  3.5104115         NA 18.9785900         NA         NA
[401] 10.1550659  7.4414778  5.6760310  5.8898148         NA  4.6636896         NA         NA         NA 14.2080097
[411]  2.9875529 17.2115920         NA         NA         NA         NA 17.4356363         NA         NA         NA
[421]         NA         NA         NA         NA         NA         NA         NA         NA         NA         NA
[431]         NA         NA         NA 12.7989481  3.1997686         NA         NA  9.7151120         NA         NA
[441]         NA         NA         NA  4.6268061         NA  9.7273866         NA         NA         NA         NA
[451]         NA         NA  9.8255361  7.9351219         NA         NA         NA         NA         NA         NA
[461]         NA 12.2122244  0.1816949         NA         NA 10.6595589         NA         NA         NA         NA
[471]         NA 12.0807489         NA  1.0856917         NA         NA 13.8317134 13.0364658         NA         NA
[481]         NA         NA         NA         NA  5.8446978         NA  2.5000236         NA         NA         NA
[491]         NA         NA 11.2723631         NA  5.3415512  1.3114685         NA         NA  2.3336108         NA
[501]         NA         NA  9.0129290         NA         NA         NA         NA         NA         NA  3.3396515
[511]         NA  4.0673020         NA         NA         NA         NA         NA         NA         NA  7.1035106
[521]         NA         NA         NA  1.9787547 10.3390846         NA         NA         NA         NA         NA
[531]         NA         NA         NA         NA         NA  2.7984115         NA         NA  1.3365061  8.3351390
[541]         NA         NA         NA         NA         NA         NA         NA  2.6267970  1.6720301         NA
[551]         NA         NA         NA         NA         NA         NA         NA  3.3509280  0.1389394         NA
[561]         NA         NA  6.3723802         NA  2.3717144  3.3491340         NA         NA  8.9793821         NA
[571]         NA         NA  4.4020496         NA         NA         NA         NA         NA         NA         NA
[581]         NA         NA  7.5299336  1.1053171         NA         NA         NA  0.7757336         NA         NA
[591]         NA         NA         NA  0.4743496         NA         NA  1.5485821  9.7315240         NA         NA
[601]         NA         NA         NA         NA         NA         NA         NA         NA         NA         NA
[611]         NA  8.8488792         NA         NA  0.6380159         NA         NA         NA         NA         NA
[621]         NA         NA         NA  0.8541469         NA  5.6821755         NA         NA         NA         NA
[631]  1.3833083         NA         NA         NA  7.6137991         NA         NA         NA         NA  4.3514451
[641]  4.6727821         NA  2.4323043         NA         NA         NA         NA         NA         NA         NA
[651]  3.1161873         NA  3.3909869         NA         NA         NA         NA         NA         NA         NA
[661]         NA         NA         NA         NA         NA         NA         NA         NA         NA         NA
[671]         NA         NA         NA         NA  4.7246150         NA         NA         NA         NA  2.6718664
[681]         NA         NA         NA         NA         NA  1.9088193         NA         NA         NA         NA
[691]         NA         NA         NA         NA  5.0607244         NA         NA         NA  0.3412298         NA
[701]         NA         NA         NA         NA         NA  2.8845263         NA         NA  0.5314321         NA
[711]         NA         NA         NA         NA         NA         NA         NA         NA         NA         NA
[721]         NA  2.5295242         NA         NA         NA         NA         NA         NA         NA         NA
[731]         NA         NA         NA  3.0092243         NA         NA         NA         NA         NA         NA
[741]         NA         NA         NA         NA         NA         NA         NA         NA         NA         NA
[751]         NA         NA         NA         NA         NA         NA         NA         NA         NA         NA
[761]  0.2751122  1.3264083         NA         NA         NA         NA         NA         NA  1.2167950         NA
[771]         NA         NA         NA         NA         NA         NA         NA         NA         NA         NA
[781]         NA         NA         NA         NA         NA         NA

$TS
  [1] 99.92173533 84.52204724 81.48202329 80.22549705 72.04353057 66.81779208 80.68678159 64.77828177 76.40349100
 [10] 71.10215434 69.81187894 58.03700043 24.53950955 61.54494783 61.50120281 52.92531350 45.12930198 38.71358974
 [19] 34.70421343 63.30930620 61.20212814 37.99758503 27.00413586 23.79128508 64.98354799 59.65746507 55.57308234
 [28] 49.78845362 49.52865651 49.35197581 62.82028168 64.26921928 61.02751277 57.15483583 55.84377352 51.23672875
 [37] 43.15296280 34.55056737 25.12009033 11.47323892 51.84096769 49.65749387 46.76165017 46.73232126 56.99543657
 [46] 49.26050241 48.52319068 46.45190833 35.49341981 28.77775391 28.07043229 18.35017488 34.88496818 25.97223262
 [55] 20.60221953 46.13065172 41.35369771 46.74549435 34.88596356 31.98152469 47.12058821 30.32501898 21.91364815
 [64] 18.28377397 44.63509503 42.98918250 40.35328012 31.19109932 27.56125919 21.89526619 48.69344962 47.14648010
 [73] 46.95082248 46.49765746 48.04837068 13.64381237 45.15436405 40.83506620 39.17425674 19.52169848  9.53882584
 [82] 42.37222114 19.25984162 18.60159007  9.73839799 36.06641854  3.17075359 44.97654231 39.12889627 14.47343114
 [91] 40.16636156 30.38852484 23.50797374 14.39132276  6.69686584 32.81265233 39.11414213 36.15450254 22.97603767
[100] 17.36144484 13.31109617  4.38489816 38.75245068 29.62470964 10.76198837 46.20171477 40.15618876 36.83416726
[109] 27.16897682 25.00776331 21.01677499 19.86314680 16.62929966 13.81065767 10.45990380 45.05116364 42.40395469
[118] 40.97278331 39.95702345 38.36126024 34.49402617 32.13596795 34.92654441 33.09806216 40.11508056 41.84508083
[127] 38.01027758 37.56334030 33.94830262 38.80224074 39.92189233 25.75805462 25.42569818 25.03862711 17.77086791
[136]  7.82965755 40.17057420 39.46061964 38.13477466 28.40093347 23.79724145 16.56878867 26.67887757 23.62752113
[145]  9.88462755  3.25810432 36.35878030 34.39430344 25.64170039 39.89792626 38.33921620 33.39018193 32.40758175
[154] 38.90603574 36.05713162 32.38642661 23.98744394 34.43071340 33.44070731 28.59392211 38.55838332 26.37415111
[163] 23.13870507 19.91567149 37.30326803 34.79882322 28.26867871 24.07124927 19.50239537 18.84313495 27.05074417
[172] 24.57212813 16.20859819 14.87881255 13.99272386  6.35970017 25.48187146 10.90613427 25.72428570 16.74148230
[181]  4.16283874 30.50227594 36.00471870 34.54347844  3.76625436  1.58448664 29.36061562 24.91225265 30.52641675
[190] 11.82691599  9.90820483  6.64699721 30.08991639 29.64852511 27.58125396  5.91656414 32.48648384 31.32598021
[199] 15.28669967 13.13729928 11.25642371 33.66753220 22.01004686 24.69804184 17.25636147 28.79691449 27.11587453
[208] 23.99199334 15.62085499 25.83280549 19.75593574 12.56859108  7.30453141 31.94774198 23.57360223 18.23011580
[217] 33.22757524 20.57259823 17.53898725 16.89380125 30.23148169 26.42943870 25.98354976 24.79132294 30.79008516
[226] 15.07330276  6.03817532 32.30303640 23.01310285 15.07789441 12.06691701 14.01385924  3.74656367 27.25690990
[235] 29.23238914 24.87072874 22.18095896  5.53883339  2.87890412 28.24448741 23.69510136 31.90206087 24.51449453
[244] 16.75923635 21.76814461 29.61739570 30.31357384 21.20979197 19.57725127 11.44476808 23.72809227 22.49999793
[253] 11.10808103  3.50104836 18.90475276 18.10483375 23.21592269 28.71715405 25.56965424 20.10740557 12.92351801
[262] 23.68189378 19.83246339 10.67898583  6.85074521  0.42428748 26.47802167 26.06239806  4.27168446  9.79848684
[271] 24.26812671  2.97505800 24.10941875 17.78053068 13.56020404 12.13701619 11.26802856 22.07146436 12.57665140
[280]  1.62838619 27.22606026 10.01528612  2.85128931  0.60655650 18.39203243 15.63610732 21.25359562 23.36487110
[289] 21.48792628 16.90181002 24.09937966 21.47089473  7.60908223 23.76634673  7.49351624  6.18354998  9.34548165
[298] 18.85777037 12.22352571  7.94738984 25.01458699  8.49185726  1.09478760 19.76732234 22.99098772 22.15520563
[307] 11.20022697  8.19434465  9.30574760 18.32467659  6.21724909  1.14322848 24.25348500 21.03397697  9.87777506
[316]  6.57245856 19.19119256  7.70252872  1.49434259 16.09542126 15.52766852 13.56959783 12.52934626  2.85928017
[325]  4.55688649  3.80839278 19.76146277 19.25054399 15.13672416 14.23797103  5.95682975 22.62705484 23.58305252
[334] 16.16647724 12.10631307  8.74950902 13.94050541  9.71037445 15.04995385 19.44776407 12.27275170  6.24836179
[343] 20.23865465 19.16729502 14.85818515 11.37668922  5.48390036  4.79434315  3.41888869 18.12245446  5.63338424
[352]  4.66691298  8.59300821 22.52180333 15.41964689 12.94363806  8.53093973 18.82503710 11.46956153  5.20464930
[361]  3.76687877  2.48737757 20.31215332 15.88411287 22.81375439 17.92954222 17.98442441  7.03411543  7.01197188
[370] 22.54284201 21.36814536 20.25351525 12.98674502 21.97061174 20.63076544 19.14311286  4.53062129  1.37980749
[379] 10.78143779  9.93898504  9.15768566  8.97403467 21.62106801 14.05191894 12.38990398  2.29978978 17.62850066
[388] 17.20786551  9.80335569  6.88588073 13.02281669  2.01913830  1.87747282  0.52030855  5.41619126  4.79282062
[397] 20.60496385 20.21082836 14.68310974 20.59937845 13.29905924 19.00783298 11.86331657  9.79553706  1.87533391
[406] 15.40918390 10.16301363  6.44452594 17.00289314 17.86414872 19.67730685 18.30334180  6.45754768  1.79525118
[415] 10.88130146  4.79416184 17.90288490 14.95259263  1.87035790  2.68708739  1.77479565 17.85829684 18.37019597
[424] 11.45565434 11.09151928 11.72880303 10.51791824  2.13895504 17.90816503  9.81526089  4.45884221  9.77673715
[433]  9.26967393 14.06413899 11.06869235 10.33346463 13.19286244 10.93698447 14.80991828 14.57223016  2.40449009
[442]  1.82271120 17.83745736 17.38025984  6.52810512 12.51571963 10.83835444  9.92680131  3.66090250 16.56909892
[451] 10.37360637  5.17098165 18.04389778 17.02096190  7.97457010  8.85340265  8.08856591  7.77163917  3.86197351
[460] 13.74691214  3.88582140 15.65230657 12.06146617 10.74976774  7.54675326 12.76747692 15.73669058 14.33979502
[469] 11.38163121  6.11968409  0.78159676 13.00181003 10.59075210  1.18168486 17.16087072 15.79176780 14.69303970
[478] 14.37888527 12.43333935 10.85426305 10.79145176  9.80228225  1.65457515  8.78955582  9.45855665  0.74559698
[487] 12.94183939 10.61673685 12.83189102 11.70148140 12.04637074 15.31609637 15.41626536  9.55879563  5.65368662
[496]  4.18754058  6.91861443  1.74934443  9.96096054  7.97338337  6.65506537  3.60193823 12.36698370  0.32717683
[505]  9.22181506  1.77133569  0.94610485  0.25076675  8.16410574  7.63881553  6.56262661 14.05566229  5.27005320
[514]  7.56625027  1.10447548  5.20745765  2.99850623  8.62693445 13.58911052 13.16239149  8.24360122  1.83090261
[523] 13.02713196 12.87448801 10.43995240  9.99038259  5.55566331  7.95001273  7.82343277  4.38786243  8.15818040
[532]  2.84509395  5.87570573  8.16689889  4.83139323 11.30681461  9.71455827  6.00431348  5.36882045 11.52829305
[541]  4.00767372 11.55587445  9.45529314  7.03043363  2.77524368  8.81678361  1.10025979 12.76873114 11.03691544
[550]  4.15064774  9.21672563  5.62366226  0.02645087  4.61538301 12.12843959  6.33979908  4.45268210  9.02099970
[559]  6.52134157  5.50283497  2.22904841 11.28547234  6.63064980  5.69936040  8.05219203  6.31701547 10.40799896
[568]  3.60308909 11.29340639  2.63767668  6.84757420  8.97162127  8.29851378  9.16231620  8.42452663  5.51946842
[577]  4.94694377  1.56206960 11.03906679  0.03069362  2.33563480  9.47150767  7.87157551  2.27914301 10.27974651
[586]  2.56499371  7.87060379 10.11592982  6.15489903  6.92595207  3.44910809  3.87034178  2.28861265  9.94579095
[595]  4.75789579  5.74354700  2.62890437 10.02280071  6.05869345 10.02506359  2.60956513  5.83278340  7.26695474
[604]  2.66851808  0.72072965  3.49317675  8.85026607  6.38712783  6.61732622  6.26691923  5.18827604  9.60383657
[613]  6.82033967  6.56415420  8.95047728  8.05398284  7.41757967  4.56348700  0.32331815  7.54502831  7.85132971
[622]  6.72488038  8.67200736  4.74851027  2.31557445  8.56138129  5.60991505  1.15313326  5.25758807  5.96198416
[631]  5.07187918  5.54602372  2.00337654  0.18650615  8.80108210  3.31334235  3.29634962  2.37906186  8.33192885
[640]  8.02457977  6.03282556  5.83139754  3.54067286  5.57106077  3.99522186  2.75443129  1.69633227  7.46571238
[649]  0.73529633  5.49063071  7.72120794  2.93319700  7.92220639  5.40624901  3.53351290  1.87932637  0.93408530
[658]  0.24969981  6.26809409  5.67414854  7.64161654  5.66464679  0.46273241  3.18046146  4.51560197  5.45804839
[667]  7.54888742  6.80931617  4.08372492  2.06918573  6.36680236  0.06132772  3.62603932  3.59052357  6.88544325
[676]  6.50507378  6.67150637  3.40246596  2.91159094  3.86536697  1.83076386  1.50450486  4.99732264  4.47835519
[685]  2.30851492  2.03941573  5.61352808  0.12056753  1.66830977  1.37875260  1.02903215  6.06695676  0.75844970
[694]  3.97429382  5.10616407  2.26418966  2.69692608  4.44535601  3.93287814  2.49562301  0.32312783  4.15790130
[703]  2.98194796  4.79734906  4.53268297  5.62115256  1.18885677  2.89154080  3.91962220  2.03165814  4.74315024
[712]  3.37487944  2.92520341  1.92571812  0.32681532  0.49343032  4.49106603  4.10996191  3.14640115  1.90765316
[721]  0.47691446  5.04743412  3.79906536  3.39808242  2.40867689  3.68484526  2.70055914  4.69769335  3.00333816
[730]  2.75151502  2.15053487  2.82245372  1.40203175  3.85318849  1.78611216  3.74717846  3.78757326  0.51729561
[739]  3.93775857  2.26677714  1.57121233  3.19984283  0.15612167  3.08987385  3.26332671  1.56232680  0.60749130
[748]  0.42295095  3.49804576  2.31946295  3.05371621  2.14118597  0.31909586  1.59060802  0.01763313  1.28850780
[757]  1.08082236  2.24335619  1.61644691  0.21059685  2.20451626  1.44189447  1.15930048  2.41993372  2.51416906
[766]  1.76965775  0.51531432  0.17832174  1.79574918  2.20093461  0.95958259  1.75025633  0.67152403  0.61763802
[775]  0.05495320  0.28368626  0.58660769  1.46037956  0.31886052  1.66581609  0.09057730  0.53821666  0.45131541
[784]  0.08316812  0.53106656  0.64648007

$PAR
  [1]  NA   1   1   1   1   1   3   3   7   7   7   7   7   4   4   9   5   5   5  10  10  10  10  10  11  11  11  11
 [29]  11  11   6  25  14  14  14  14  14  14  14  14  21  21  33  33  34  34  34  34  34  34  34  34  45  45  45  16
 [57]  41  36  36  36  28  28  28  28  42  42  42  42  42  42  46  46  46  46  71  71  47  47  47  47  47  75  75  75
 [85]  75  72  72  61  61  61  73  73  73  73  73  43  58  58  44  44  44  44  74  74  74  48  48  48  48  48  48  48
[113]  48  48  48 106 106 106 106 106 106 106  77  17 116  88  65 117 117  57 118  78  78  78  78  78  67 137  91  91
[141]  91  91 107 107 107 107 125 125 125 119 119 119 119 131 131 138  79  97  97  97 154 103 103 103 120 120 120 120
[169] 120 120 151 139 139 139 139 139 127 127  22  22  22 128 108 108 108 108 147 147  86  86  86  86 183 183 183 183
[197] 123 123  53  53  53 166 166  19  19  38 121 121 121 158 158 158 158 148 148 148 202 202 202 202 217 217 124 124
[225]  96  96  96 197 197 197 197 153 153 156 228 228 228 228 228 122 122 214 214 242 198  68 189 189 189 182  92  92
[253]  92  92 221 221 193 194 194 194 194 104 104 104 104 104 246 187 187 235 206  50 258 160 160 160 160 240 240 240
[281] 195  69  69  69 281 281 207 267 267 267 222 222 222 268 268 268 223  54  54  54 210 132 132 179 149 149 177 177
[309] 133 301 301 301 188 188 188 188 224 224 224 204 204 204 204 204 172 172 271 271 313 273 273 168 208 208 208 208
[337] 157  24 294 251 251 251 262 262 144 144 144 144 144 333 333 333  93 288 288 288 288 257 257 257 257 257 163 163
[365] 229 305 365 365 365 332 332 332 332 370 370 370 370 370 252 252 252 252 203 374 374 374  63  70  70  70 245 245
[393] 245 245 383 383 292 371 371 287 287 314 314 314 111 375 375 397  55 400 218 218 218 218 260 260 164 112 304 327
[421] 327 211 411 411 411 249 249 249  80  80  80  83  83 317 317 317 344 344 376 376 376 376 402 402 255 170 170 170
[449] 170 358 358 358 285 285 285 423 310  64  64 216 350 256 256 367 367 366 410 422 422 443 443 274 274 274 219 219
[477] 100 388 388 388 388 388 388 475 409 409 113 113 450 450 142 334 320 320 320 476 286 286 209 209 209 209 321 321
[505] 355 355 355 355 406 199 329 230 226 418 439 399 399 440  90  90  90  90  94 434 337 114 460  76  76  76 519 519
[533] 322 101 101 437 437 437 437 520 523 373 356 487 487 261 261 524 524 524 489 489 489 548 279 279 279 212 323 323
[561] 555 335 335 231 463 463 491 491 190 490 542 359 359 250 250 469 536 562 253 253 579 178 480 480 447 481 379 105
[589] 105 264 264 488 488 473 473 436 585 407 407 588 588 600 526 526 526 499 380 380 448 448 191 145 145 145 430 430
[617] 482 482 482 270 404 404 432  85  85 537 537 338  81 582 297 309 505 551 574 574 381 382 615 615 615 615 607 546
[645] 484 484 484 336 623 518 534 534 509 509 509 509 457 616 640 500 300 587 587 621 458 318 510 510 510 293 465 465
[673] 620 620 295 590 390 265 668 677 192 192 609 609 614 511 559 676 413 413 408 608 608 176 556 659 610 342 311 311
[701] 589 692 692 599 630 331 533 602 662 662 687 644 644 632 238 650 666 666 395 395 654 539 360 360 360 611 611 631
[729] 631 631 683 577 577 535 416 325 377 698 181 181 718 669 694 723 233 233 673 568 502 655 254 591 591 724 703 713
[757] 708 239 239 239 324 545 545 727 697 570 586 764 750 740 740 770 731 731 752 714 656 769 421 772 759 707 515 547
[785] 657 605

$EXTANT
  [1] FALSE FALSE FALSE FALSE FALSE FALSE FALSE FALSE FALSE FALSE FALSE FALSE  TRUE FALSE FALSE FALSE FALSE FALSE FALSE
 [20] FALSE FALSE  TRUE FALSE  TRUE FALSE FALSE FALSE FALSE FALSE FALSE FALSE FALSE FALSE  TRUE FALSE FALSE FALSE FALSE
 [39] FALSE  TRUE FALSE FALSE FALSE  TRUE FALSE FALSE FALSE FALSE FALSE FALSE FALSE  TRUE  TRUE  TRUE FALSE FALSE FALSE
 [58] FALSE FALSE FALSE  TRUE FALSE FALSE  TRUE FALSE FALSE FALSE FALSE  TRUE FALSE FALSE  TRUE FALSE  TRUE FALSE  TRUE
 [77] FALSE  TRUE FALSE  TRUE  TRUE FALSE  TRUE FALSE  TRUE  TRUE  TRUE FALSE FALSE  TRUE FALSE  TRUE  TRUE  TRUE  TRUE
 [96]  TRUE FALSE FALSE FALSE FALSE FALSE  TRUE FALSE  TRUE  TRUE FALSE  TRUE  TRUE FALSE FALSE  TRUE FALSE  TRUE  TRUE
[115]  TRUE FALSE FALSE FALSE FALSE FALSE  TRUE FALSE FALSE FALSE FALSE FALSE FALSE FALSE FALSE FALSE FALSE  TRUE  TRUE
[134] FALSE FALSE  TRUE FALSE FALSE  TRUE FALSE  TRUE  TRUE FALSE  TRUE  TRUE  TRUE  TRUE FALSE FALSE FALSE FALSE FALSE
[153]  TRUE FALSE FALSE FALSE FALSE  TRUE FALSE FALSE FALSE FALSE FALSE FALSE FALSE  TRUE  TRUE FALSE FALSE  TRUE FALSE
[172]  TRUE FALSE  TRUE  TRUE FALSE FALSE FALSE FALSE FALSE  TRUE FALSE  TRUE FALSE  TRUE FALSE  TRUE  TRUE FALSE  TRUE
[191] FALSE  TRUE  TRUE FALSE FALSE  TRUE  TRUE FALSE  TRUE  TRUE  TRUE FALSE FALSE FALSE FALSE FALSE FALSE FALSE  TRUE
[210] FALSE FALSE FALSE  TRUE FALSE  TRUE FALSE FALSE  TRUE FALSE FALSE FALSE FALSE  TRUE  TRUE FALSE  TRUE  TRUE  TRUE
[229] FALSE FALSE  TRUE  TRUE  TRUE FALSE  TRUE FALSE FALSE  TRUE  TRUE FALSE FALSE FALSE FALSE FALSE  TRUE FALSE FALSE
[248] FALSE  TRUE FALSE FALSE  TRUE  TRUE  TRUE  TRUE  TRUE  TRUE FALSE FALSE  TRUE  TRUE FALSE FALSE  TRUE  TRUE  TRUE
[267]  TRUE  TRUE  TRUE  TRUE FALSE  TRUE  TRUE  TRUE FALSE FALSE FALSE FALSE  TRUE  TRUE FALSE FALSE  TRUE  TRUE  TRUE
[286]  TRUE  TRUE  TRUE FALSE  TRUE FALSE FALSE  TRUE FALSE  TRUE  TRUE  TRUE  TRUE FALSE FALSE  TRUE FALSE  TRUE  TRUE
[305]  TRUE FALSE  TRUE  TRUE  TRUE  TRUE  TRUE  TRUE  TRUE FALSE  TRUE  TRUE FALSE  TRUE  TRUE  TRUE  TRUE FALSE  TRUE
[324]  TRUE  TRUE  TRUE  TRUE FALSE  TRUE  TRUE  TRUE  TRUE  TRUE FALSE  TRUE FALSE  TRUE  TRUE FALSE FALSE  TRUE  TRUE
[343] FALSE FALSE  TRUE  TRUE  TRUE FALSE  TRUE  TRUE  TRUE  TRUE  TRUE FALSE  TRUE FALSE FALSE  TRUE  TRUE  TRUE  TRUE
[362]  TRUE FALSE FALSE  TRUE  TRUE  TRUE FALSE FALSE  TRUE  TRUE FALSE FALSE  TRUE  TRUE  TRUE  TRUE  TRUE FALSE  TRUE
[381]  TRUE  TRUE  TRUE  TRUE FALSE  TRUE FALSE  TRUE FALSE  TRUE  TRUE  TRUE  TRUE  TRUE  TRUE FALSE  TRUE FALSE  TRUE
[400]  TRUE FALSE FALSE FALSE FALSE  TRUE FALSE  TRUE  TRUE  TRUE FALSE FALSE FALSE  TRUE  TRUE  TRUE  TRUE FALSE  TRUE
[419]  TRUE  TRUE  TRUE  TRUE  TRUE  TRUE  TRUE  TRUE  TRUE  TRUE  TRUE  TRUE  TRUE  TRUE  TRUE FALSE FALSE  TRUE  TRUE
[438] FALSE  TRUE  TRUE  TRUE  TRUE  TRUE FALSE  TRUE FALSE  TRUE  TRUE  TRUE  TRUE  TRUE  TRUE FALSE FALSE  TRUE  TRUE
[457]  TRUE  TRUE  TRUE  TRUE  TRUE FALSE FALSE  TRUE  TRUE FALSE  TRUE  TRUE  TRUE  TRUE  TRUE FALSE  TRUE FALSE  TRUE
[476]  TRUE FALSE FALSE  TRUE  TRUE  TRUE  TRUE  TRUE  TRUE FALSE  TRUE FALSE  TRUE  TRUE  TRUE  TRUE  TRUE FALSE  TRUE
[495] FALSE FALSE  TRUE  TRUE FALSE  TRUE  TRUE  TRUE FALSE  TRUE  TRUE  TRUE  TRUE  TRUE  TRUE FALSE  TRUE FALSE  TRUE
[514]  TRUE  TRUE  TRUE  TRUE  TRUE  TRUE FALSE  TRUE  TRUE  TRUE FALSE FALSE  TRUE  TRUE  TRUE  TRUE  TRUE  TRUE  TRUE
[533]  TRUE  TRUE  TRUE FALSE  TRUE  TRUE FALSE FALSE  TRUE  TRUE  TRUE  TRUE  TRUE  TRUE  TRUE FALSE FALSE  TRUE  TRUE
[552]  TRUE  TRUE  TRUE  TRUE  TRUE  TRUE FALSE FALSE  TRUE  TRUE  TRUE FALSE  TRUE FALSE FALSE  TRUE  TRUE FALSE  TRUE
[571]  TRUE  TRUE FALSE  TRUE  TRUE  TRUE  TRUE  TRUE  TRUE  TRUE  TRUE  TRUE FALSE FALSE  TRUE  TRUE  TRUE FALSE  TRUE
[590]  TRUE  TRUE  TRUE  TRUE FALSE  TRUE  TRUE FALSE FALSE  TRUE  TRUE  TRUE  TRUE  TRUE  TRUE  TRUE  TRUE  TRUE  TRUE
[609]  TRUE  TRUE  TRUE FALSE  TRUE  TRUE FALSE  TRUE  TRUE  TRUE  TRUE  TRUE  TRUE  TRUE  TRUE FALSE  TRUE FALSE  TRUE
[628]  TRUE  TRUE  TRUE FALSE  TRUE  TRUE  TRUE FALSE  TRUE  TRUE  TRUE  TRUE FALSE FALSE  TRUE FALSE  TRUE  TRUE  TRUE
[647]  TRUE  TRUE  TRUE  TRUE FALSE  TRUE FALSE  TRUE  TRUE  TRUE  TRUE  TRUE  TRUE  TRUE  TRUE  TRUE  TRUE  TRUE  TRUE
[666]  TRUE  TRUE  TRUE  TRUE  TRUE  TRUE  TRUE  TRUE  TRUE FALSE  TRUE  TRUE  TRUE  TRUE FALSE  TRUE  TRUE  TRUE  TRUE
[685]  TRUE FALSE  TRUE  TRUE  TRUE  TRUE  TRUE  TRUE  TRUE  TRUE FALSE  TRUE  TRUE  TRUE FALSE  TRUE  TRUE  TRUE  TRUE
[704]  TRUE  TRUE FALSE  TRUE  TRUE FALSE  TRUE  TRUE  TRUE  TRUE  TRUE  TRUE  TRUE  TRUE  TRUE  TRUE  TRUE  TRUE FALSE
[723]  TRUE  TRUE  TRUE  TRUE  TRUE  TRUE  TRUE  TRUE  TRUE  TRUE  TRUE FALSE  TRUE  TRUE  TRUE  TRUE  TRUE  TRUE  TRUE
[742]  TRUE  TRUE  TRUE  TRUE  TRUE  TRUE  TRUE  TRUE  TRUE  TRUE  TRUE  TRUE  TRUE  TRUE  TRUE  TRUE  TRUE  TRUE  TRUE
[761] FALSE FALSE  TRUE  TRUE  TRUE  TRUE  TRUE  TRUE FALSE  TRUE  TRUE  TRUE  TRUE  TRUE  TRUE  TRUE  TRUE  TRUE  TRUE
[780]  TRUE  TRUE  TRUE  TRUE  TRUE  TRUE  TRUE

