
Birth-death simulation object with 820 species and 500 extant species

Details for some species:

Extinction times (NA means extant)
[1]  65.30993  88.70729 100.27776  61.48846  83.19021  65.12643


Speciation times 
[1] 108.71932 105.27536 103.45875  94.23549  88.10846  76.66396


Species parents (NA for initial)
[1] NA  1  1  1  1  1


Species status (extinct or extant)
[1] "extinct" "extinct" "extinct" "extinct" "extinct" "extinct"


For more details on vector y, try sim$y, with y one of
TE TS PAR EXTANT



$TE
  [1]  65.30992647  88.70729185 100.27776470  61.48846051  83.19020575  65.12642667  72.64675421  78.87921166
  [9]  82.11843060  84.15497433  56.93475929  72.07564878  75.39790735  59.26354157  73.30416679  51.98365454
 [17]  47.30895838  71.21598072  48.47673403  70.48219244  72.86117323  69.33234144  62.71106238  30.80432970
 [25]  26.23467113  51.75004277  64.80444971  54.31657137  64.13700037  26.98552098           NA  64.31748437
 [33]  67.41338956  55.17722779  48.56589800  60.06509435  45.55350794  47.74106813  55.81917206  49.76885684
 [41]  50.62200412  68.30541466  62.09856619  42.56335991  67.75706398  68.17424156  44.66712397           NA
 [49]  21.27761020  67.45398863  42.50863044  56.04014307  27.33607189           NA           NA   4.44792811
 [57]           NA           NA           NA  48.36500468  56.88578612  57.17990498  60.70249454  44.61591266
 [65]  34.22582432  34.94398513  51.53281612  21.57244888  60.65143203  58.04034279           NA           NA
 [73]  47.20771283  37.34525128  53.10208142  44.55826992  53.05873579  43.78788083           NA           NA
 [81]  50.01051568  26.48969449  48.39134690  32.70140540  27.50388292  32.25265035           NA  45.90746290
 [89]  41.73273973   5.14302970  45.53391303  34.47637284  20.92336650  52.93408350  25.63965746  15.40225657
 [97]  41.57600172  32.08500321  33.09664556   8.05047365   9.28443032  17.72150785  34.57160546   4.03735744
[105]           NA           NA           NA           NA  37.22410761  40.16899225           NA   6.90379431
[113]   1.72045892           NA  27.99432152  20.82282433   0.50628132   3.97039847           NA  45.29401457
[121]  45.97019295  22.80964620   9.30842858           NA           NA   0.12383311           NA  28.24611412
[129]  28.95010528  31.46017155  22.78166460           NA  45.26121215  42.32885601  16.65802502   7.95535853
[137]   7.93702127   6.38754898           NA           NA   4.83931289           NA  44.77852138           NA
[145]  31.96230372  35.20824791  27.27690304           NA           NA  39.58409528  10.37349868  19.29193776
[153]  21.61157676   2.56646480           NA  22.28820665   2.77212877           NA   7.35219424           NA
[161]           NA   9.29009397           NA   2.45753014   6.74719600           NA  11.06649827           NA
[169]   8.14453622  25.02203733  27.68191831           NA           NA   1.53664540           NA  40.02083063
[177]  30.70491689  27.63019049   4.83053388           NA           NA           NA           NA  34.73073274
[185]  26.19649277  27.01931436           NA           NA   1.10029306   3.94955406           NA           NA
[193]           NA   1.89000687           NA           NA   0.40965830           NA           NA           NA
[201]           NA  15.02855281  32.60710743  22.42820942  14.09205568   2.35737937           NA   0.21100584
[209]  23.85421557  27.32954004  16.14263591           NA   2.31262281           NA           NA  31.44185443
[217]   5.29189343   4.56497441   0.12243095           NA           NA           NA  24.34918032   1.27184513
[225]           NA   6.84046156  21.57755900  24.32653055  10.66949283  10.60755546   9.79454244  26.18461225
[233]   4.71129146           NA           NA  25.17389050           NA  24.92400102  13.17196374           NA
[241]           NA  15.21227348           NA           NA           NA  28.25565370   6.49353596   7.02978412
[249]           NA           NA  20.86415905   6.33478024           NA   6.65947563           NA           NA
[257]  15.80886871           NA           NA           NA           NA           NA           NA  20.65217838
[265]   2.61865123           NA   3.62418918  15.62674857  14.10501876           NA           NA  26.07704854
[273]           NA  14.75855295  14.51604213  15.83683103  12.40419373  11.27125107           NA           NA
[281]           NA   5.92875645   1.03107740           NA           NA           NA           NA  21.40095309
[289]           NA           NA           NA           NA           NA           NA           NA           NA
[297]           NA   6.73939422           NA   3.07732065           NA  16.35907571  21.12877105  16.49286104
[305]  16.01434668           NA           NA  15.65134378           NA  10.23103572   6.57481166   7.26925106
[313]           NA  16.00458820           NA  19.19879681           NA           NA  13.47146792           NA
[321]           NA           NA           NA           NA  20.58061688           NA           NA           NA
[329]  18.18083430           NA   0.64862743  12.00779324           NA  14.58820842           NA  14.65962738
[337]   3.19673541           NA           NA           NA           NA   7.58792562           NA   6.77545807
[345]           NA           NA   4.36825716  18.21465519           NA           NA           NA           NA
[353]           NA   6.12995929           NA           NA           NA           NA           NA           NA
[361]           NA           NA   7.25308287           NA   8.99881965           NA           NA           NA
[369]           NA           NA           NA           NA           NA   3.77972665           NA   6.12216609
[377]   4.53580107   3.47802743           NA           NA   2.20063103           NA           NA   9.76137006
[385]   9.01318182  11.55146970           NA           NA           NA   4.25322454           NA   8.36411821
[393]           NA           NA   5.06487321   7.51604283           NA   2.94568227   0.29053478  13.82467898
[401]           NA           NA   7.32458921   0.07248100           NA           NA  15.15425796           NA
[409]           NA   6.96336033           NA   7.12387412  11.97815273           NA           NA           NA
[417]           NA           NA           NA           NA           NA  11.17535296           NA           NA
[425]           NA           NA           NA           NA           NA           NA           NA   5.27084394
[433]  14.73165628           NA           NA  14.13335979   9.55617767           NA   3.79244536   5.60091774
[441]   6.52574606           NA           NA           NA           NA           NA           NA           NA
[449]   3.51245740           NA  14.77684153           NA           NA   3.87454919   4.28436941           NA
[457]           NA   9.90019626           NA           NA           NA           NA           NA           NA
[465]  13.61301942  13.14268194           NA           NA           NA           NA   4.42865301           NA
[473]           NA           NA   0.52306132           NA   3.54298210           NA  13.92010503           NA
[481]           NA           NA   0.75045996           NA           NA           NA           NA           NA
[489]           NA           NA   2.45865857           NA  12.20121458           NA   4.71933921           NA
[497]           NA           NA           NA   5.08835717   2.53239096           NA           NA           NA
[505]           NA           NA           NA           NA           NA           NA  12.07949126           NA
[513]           NA           NA           NA           NA           NA           NA   8.89915518           NA
[521]           NA   0.28966255           NA  12.72475231           NA           NA   1.25834175           NA
[529]   1.13406962           NA           NA  10.51529455           NA   3.69812797           NA           NA
[537]   3.94013121           NA           NA           NA           NA           NA   7.96726689   9.86836136
[545]           NA   5.69743546   0.92264396           NA           NA           NA           NA           NA
[553]           NA           NA           NA           NA           NA           NA   2.46693653           NA
[561]           NA           NA           NA           NA           NA           NA           NA   0.51523524
[569]           NA           NA           NA           NA           NA           NA   2.71356405           NA
[577]           NA           NA           NA           NA           NA   1.51317273           NA   3.60769230
[585]   1.25361416           NA           NA           NA           NA           NA           NA           NA
[593]           NA           NA           NA           NA           NA           NA           NA           NA
[601]  11.94487885           NA           NA           NA           NA           NA           NA           NA
[609]           NA           NA           NA           NA           NA           NA           NA           NA
[617]   3.95758290           NA   3.02704486           NA           NA           NA           NA           NA
[625]   0.40867092           NA           NA           NA   6.98025279           NA           NA           NA
[633]           NA           NA           NA   8.28593694           NA           NA           NA   6.99558441
[641]           NA           NA           NA           NA           NA           NA           NA           NA
[649]   2.36388898           NA           NA           NA           NA           NA           NA           NA
[657]           NA           NA           NA   3.09420195   4.46356214           NA           NA   4.57254190
[665]           NA   1.41032701           NA           NA           NA           NA           NA           NA
[673]           NA           NA           NA           NA           NA           NA           NA           NA
[681]           NA           NA           NA           NA           NA   0.53614497           NA           NA
[689]           NA   6.80142163           NA   1.54099797   4.66509949           NA   1.40740562           NA
[697]           NA           NA   2.69923539           NA           NA           NA           NA           NA
[705]           NA           NA           NA           NA           NA   0.93677205           NA   0.36296384
[713]           NA           NA           NA           NA   1.60257972           NA   0.27072686           NA
[721]           NA   1.82543494           NA           NA           NA           NA           NA           NA
[729]           NA           NA           NA           NA           NA           NA           NA           NA
[737]   0.13966257           NA           NA           NA           NA           NA           NA           NA
[745]           NA           NA           NA           NA           NA           NA           NA           NA
[753]           NA           NA           NA           NA           NA   0.76455041   2.23268177           NA
[761]   2.46658334   1.89310275           NA           NA           NA           NA           NA           NA
[769]           NA   0.81599166           NA           NA           NA           NA           NA           NA
[777]           NA           NA           NA   0.07118787           NA           NA           NA           NA
[785]           NA           NA           NA           NA           NA           NA           NA           NA
[793]           NA           NA   1.00884017   1.12991512           NA           NA           NA           NA
[801]           NA           NA           NA           NA           NA           NA           NA           NA
[809]           NA           NA           NA           NA           NA           NA           NA           NA
[817]           NA           NA           NA           NA

$TS
  [1] 1.087193e+02 1.052754e+02 1.034588e+02 9.423549e+01 8.810846e+01 7.666396e+01 7.334403e+01 8.973455e+01
  [9] 8.894160e+01 8.816221e+01 8.741136e+01 8.541833e+01 7.588144e+01 6.757787e+01 7.955541e+01 8.301493e+01
 [17] 8.664535e+01 8.534744e+01 6.104521e+01 8.630888e+01 7.437248e+01 7.038764e+01 6.669708e+01 5.804142e+01
 [25] 7.059760e+01 8.532329e+01 7.521425e+01 7.739615e+01 6.990535e+01 5.976065e+01 6.928029e+01 6.648823e+01
 [33] 7.061384e+01 5.535851e+01 7.531347e+01 7.355347e+01 7.213503e+01 6.744868e+01 6.703793e+01 6.220240e+01
 [41] 5.952928e+01 7.301792e+01 6.930910e+01 6.501835e+01 7.077484e+01 7.016043e+01 5.347867e+01 4.871661e+01
 [49] 2.996250e+01 6.941178e+01 6.096436e+01 5.977926e+01 5.289418e+01 4.430268e+01 2.931685e+01 2.624141e+01
 [57] 1.541670e+01 8.713610e+00 7.139210e+00 6.634934e+01 5.879725e+01 6.423406e+01 6.326586e+01 6.593542e+01
 [65] 6.247120e+01 6.033021e+01 5.423113e+01 4.484618e+01 6.343481e+01 6.026410e+01 5.204265e+01 4.547647e+01
 [73] 5.705939e+01 5.863354e+01 5.582202e+01 5.851675e+01 5.620730e+01 5.535875e+01 5.250696e+01 3.770635e+01
 [81] 5.240900e+01 2.783956e+01 5.824587e+01 5.612421e+01 4.903532e+01 5.066460e+01 4.959154e+01 4.804104e+01
 [89] 4.505809e+01 3.273923e+01 4.804843e+01 3.897824e+01 3.814175e+01 5.519656e+01 4.755733e+01 4.527574e+01
 [97] 4.775348e+01 3.477596e+01 3.476524e+01 2.940408e+01 2.813051e+01 5.070469e+01 3.830406e+01 9.747679e+00
[105] 5.985364e+00 2.801821e+00 5.072084e+01 5.071098e+01 5.041396e+01 4.166292e+01 3.396808e+01 2.251861e+01
[113] 4.318273e+00 1.604515e+00 3.283533e+01 2.276676e+01 2.268542e+01 1.733663e+01 6.377522e+00 4.737854e+01
[121] 4.668195e+01 2.506000e+01 2.380202e+01 1.664747e+01 1.159934e+01 9.716524e+00 7.774912e+00 3.313995e+01
[129] 3.768407e+01 4.636288e+01 4.128498e+01 3.923349e+01 4.951240e+01 4.817389e+01 2.951754e+01 2.671654e+01
[137] 2.454372e+01 1.744047e+01 1.203542e+01 1.154793e+01 9.747880e+00 5.960473e+00 4.753725e+01 3.785653e+01
[145] 3.532433e+01 3.550715e+01 3.509088e+01 2.190891e+01 1.241801e+00 4.493451e+01 4.209137e+01 4.131333e+01
[153] 3.541261e+01 4.458316e+01 2.733109e+01 2.653966e+01 2.441423e+01 2.291773e+01 9.841559e+00 5.914266e+00
[161] 4.034256e+00 4.291085e+01 4.223594e+01 4.045814e+01 2.529663e+01 2.467017e+01 2.782399e+01 2.326176e+01
[169] 2.284689e+01 3.973630e+01 3.570282e+01 3.467569e+01 2.257068e+01 1.672852e+01 4.078088e+01 4.038035e+01
[177] 3.998063e+01 3.542528e+01 9.547798e+00 8.646497e+00 4.207314e+00 3.271666e+00 3.303732e+01 4.204092e+01
[185] 3.297296e+01 3.250927e+01 2.621992e+01 2.049059e+01 1.048707e+01 9.016269e+00 3.227469e+01 4.110922e+01
[193] 2.339267e+01 3.552931e+01 3.422093e+01 2.413561e+01 1.722331e+01 1.691141e+01 9.720178e+00 3.475577e+01
[201] 2.895833e+01 3.559107e+01 3.371976e+01 2.920395e+01 1.947567e+01 1.808742e+01 1.462781e+01 1.296322e+01
[209] 2.941734e+01 3.259098e+01 2.878256e+01 5.105466e+00 3.997840e+00 2.095458e+00 4.216858e-01 3.145915e+01
[217] 2.995542e+01 2.235939e+01 2.232289e+01 1.158263e+01 7.996708e+00 7.513281e+00 3.336249e+01 2.363867e+01
[225] 1.887761e+01 1.416479e+01 3.262293e+01 2.725351e+01 2.483327e+01 1.607002e+01 3.471667e+01 2.696290e+01
[233] 1.550769e+01 1.263194e+01 3.438738e+01 2.572145e+01 2.204125e+01 3.327451e+01 2.780418e+01 1.806201e+01
[241] 3.070784e+01 2.567660e+01 1.682580e+01 6.780562e+00 6.275286e+00 3.349119e+01 1.756483e+01 7.876707e+00
[249] 4.748068e+00 8.457810e-01 2.862613e+01 2.341897e+01 1.394144e+01 9.599811e+00 5.488604e+00 2.563604e+01
[257] 2.910105e+01 1.691873e+01 1.600736e+01 1.555613e+01 1.006751e+01 2.869466e+01 2.709484e+01 2.275919e+01
[265] 2.137378e+01 1.812048e+01 2.945286e+01 2.533421e+01 2.874777e+01 2.838018e+01 6.029488e+00 3.046409e+01
[273] 2.605920e-01 2.292448e+01 2.665095e+01 2.407678e+01 1.654313e+01 1.223447e+01 1.125414e+01 1.117303e+01
[281] 7.653710e+00 2.516374e+01 2.075573e+01 1.409602e+01 9.831242e+00 8.158134e+00 2.402265e+01 2.161868e+01
[289] 1.742718e+01 2.918385e+01 2.588212e+01 1.803130e+01 1.703554e+01 6.645489e+00 5.483226e+00 2.906698e+00
[297] 2.621033e+01 2.521180e+01 1.206158e+01 1.120118e+01 8.676095e-01 2.845561e+01 2.793415e+01 2.581901e+01
[305] 2.543143e+01 2.642396e+01 2.633084e+01 1.576010e+01 2.675126e+01 2.213762e+01 1.914018e+01 1.528978e+01
[313] 2.516894e+01 2.202578e+01 1.785425e+01 2.353455e+01 1.447438e+01 1.699592e+00 1.562005e+01 1.362476e+01
[321] 1.219892e+01 2.298503e+00 3.070433e-01 2.552329e+01 2.392570e+01 7.725039e-01 1.664015e+01 4.145971e+00
[329] 2.196439e+01 1.250269e+01 1.628527e+01 1.235947e+01 2.376240e+01 2.066955e+01 5.501205e+00 2.285048e+01
[337] 1.590999e+01 1.292129e+01 1.222686e+01 2.851169e+00 1.553006e+01 1.337061e+01 1.240455e+01 6.970622e+00
[345] 5.022121e+00 3.952309e+00 1.631366e+01 2.276354e+01 2.332166e+01 1.332425e+01 2.384328e+01 7.067954e+00
[353] 2.157579e+01 1.810327e+01 1.495214e+01 1.493709e+01 4.667427e+00 2.149952e+01 2.055194e+01 1.229844e+01
[361] 2.043176e+01 1.820096e+01 1.169650e+01 1.848396e+00 2.001058e+01 1.773098e+01 1.366638e+01 1.317431e+01
[369] 9.348869e+00 7.623349e+00 2.186332e+01 1.209596e+01 1.167878e+01 6.462263e+00 5.648824e+00 1.312599e+01
[377] 7.339919e+00 1.823422e+01 1.617538e+01 7.037786e+00 5.362542e+00 4.148618e+00 5.039739e-01 1.648896e+01
[385] 1.632521e+01 1.339877e+01 6.019895e+00 4.731331e-02 1.506397e+01 8.327257e+00 1.961482e+01 1.509639e+01
[393] 1.962250e+01 5.735671e+00 2.253845e+01 1.378773e+01 7.468556e+00 6.879918e+00 2.130106e+01 1.964125e+01
[401] 1.948201e+01 2.701598e+00 1.448088e+01 1.438718e+01 1.013498e+01 1.967698e+01 1.637431e+01 1.185416e+01
[409] 1.556073e+01 1.075559e+01 2.153980e+01 1.626293e+01 1.276997e+01 6.896286e+00 1.573458e+01 6.887986e+00
[417] 9.698882e+00 7.035691e+00 1.687867e+01 5.154699e+00 2.002905e+01 1.609767e+01 1.228424e+01 4.868383e+00
[425] 2.076213e+00 1.377643e-01 1.069008e+01 8.250437e+00 3.070824e+00 1.784291e+01 5.673618e+00 1.722243e+01
[433] 1.719246e+01 7.663273e+00 9.150289e+00 1.541265e+01 1.596823e+01 1.158703e+01 1.130101e+01 8.992610e+00
[441] 1.327046e+01 7.872427e-01 1.099101e+01 1.786254e+01 1.407534e+01 7.578154e+00 1.277346e+01 1.052554e+01
[449] 1.469371e+01 5.589824e+00 1.673038e+01 1.236664e+00 1.600273e+01 1.674464e+01 1.266295e+01 1.060231e+01
[457] 9.012463e+00 1.282020e+01 8.765558e+00 3.346511e+00 2.635401e+00 4.150144e+00 3.788881e+00 2.500612e+00
[465] 1.688548e+01 1.477023e+01 1.634265e+01 1.739129e+01 4.868045e+00 2.253084e+00 8.743307e+00 7.662569e+00
[473] 6.746293e+00 2.992036e+00 7.012484e-01 1.365439e+01 1.200603e+01 7.273752e+00 1.572978e+01 1.570921e+01
[481] 1.371577e+01 1.241323e+01 7.114586e+00 3.219538e+00 2.559733e+00 1.537751e+01 7.097937e+00 1.562189e+01
[489] 8.692372e+00 3.334438e+00 1.498777e+01 1.671151e+00 1.422014e+01 9.558097e+00 8.772858e+00 4.598584e+00
[497] 1.251496e+01 9.005758e+00 4.053568e+00 6.536937e+00 1.419009e+01 1.383788e+01 1.599177e+01 1.268957e+01
[505] 1.133628e+01 9.599260e+00 3.293593e+00 1.925290e+00 8.800817e+00 8.703596e+00 1.457502e+01 4.065522e+00
[513] 1.267298e+01 1.060969e+01 7.422023e+00 1.454630e+01 7.323715e+00 7.300859e+00 1.093322e+01 1.545422e+01
[521] 4.995608e+00 1.548747e+01 8.857517e-01 1.545430e+01 9.070697e+00 5.251857e+00 2.322880e+00 1.780673e+00
[529] 8.672551e+00 1.316279e+00 4.569118e-01 1.175314e+01 6.398619e+00 1.055145e+01 9.219747e+00 1.062047e+01
[537] 1.251792e+01 4.407570e+00 1.091365e+01 6.581105e+00 1.932051e+00 1.010951e+01 1.062579e+01 1.459893e+01
[545] 3.469438e+00 8.835771e+00 6.935808e+00 3.251320e+00 1.451274e+01 1.071615e+01 6.563488e+00 3.978092e-01
[553] 3.195315e+00 1.222299e+01 6.885118e+00 1.862562e+00 1.246429e+01 4.857089e+00 1.320920e+01 4.820121e+00
[561] 1.371775e+01 9.661280e+00 4.707627e+00 3.707928e+00 3.091362e+00 1.339442e+01 1.159077e+01 1.040148e+01
[569] 6.285355e+00 3.190283e+00 1.758433e+00 4.596521e+00 1.211196e+01 3.314154e+00 1.183738e+01 9.871778e+00
[577] 7.136437e+00 4.760455e+00 2.016902e+00 1.192112e+01 1.003433e+01 1.025991e+01 9.008855e+00 7.446818e+00
[585] 6.887019e+00 9.611594e+00 8.822845e+00 5.702693e+00 8.357023e+00 8.081757e+00 7.373283e+00 5.318348e+00
[593] 3.563671e+00 9.589046e+00 8.615997e+00 5.103884e+00 6.638349e+00 3.781502e+00 4.548333e+00 3.210353e-01
[601] 1.206820e+01 9.386598e+00 7.770901e+00 2.249219e+00 8.270711e+00 7.709353e+00 1.149573e+01 4.729605e+00
[609] 2.847434e+00 6.037778e+00 3.980592e+00 6.094514e+00 5.653205e+00 5.774219e-01 7.824253e+00 5.748014e+00
[617] 1.175086e+01 1.154982e+01 1.071953e+01 7.729573e+00 1.066880e+01 6.713658e-01 5.181436e+00 5.635404e+00
[625] 9.061471e+00 5.120506e+00 7.936721e+00 5.852954e+00 1.030035e+01 7.712992e+00 1.648767e-01 1.038712e+01
[633] 8.886002e+00 7.234847e-01 2.433521e+00 9.394660e+00 4.994046e+00 8.147802e+00 4.416958e+00 7.613925e+00
[641] 7.764402e+00 4.553833e+00 7.247217e+00 2.423715e+00 1.078840e+00 5.543198e+00 2.611420e+00 9.927359e+00
[649] 6.784686e+00 4.148493e+00 2.077900e+00 8.447214e+00 6.958771e+00 4.932233e+00 1.251555e+00 1.354332e+00
[657] 4.129935e+00 8.097219e+00 6.163307e+00 3.614771e+00 6.114113e+00 7.137082e+00 5.909076e+00 7.398190e+00
[665] 6.520812e+00 4.154601e+00 2.307905e+00 1.625411e-01 8.286137e+00 4.889169e-01 8.898844e+00 4.027350e+00
[673] 8.319021e+00 5.696875e+00 8.607573e+00 7.594699e+00 7.556602e+00 4.761179e+00 4.564113e+00 8.257597e+00
[681] 6.176240e+00 5.455322e+00 7.725470e+00 5.051586e+00 5.021164e+00 4.055114e+00 3.378692e+00 4.125487e+00
[689] 4.868219e+00 7.914969e+00 5.103859e+00 3.484525e+00 6.547082e+00 6.380893e+00 6.883325e+00 1.285401e+00
[697] 3.587555e+00 7.518751e+00 3.115024e+00 7.113271e+00 5.485035e+00 6.154429e-01 6.290084e+00 3.004985e-01
[705] 5.738074e+00 4.638113e+00 5.273135e-01 5.903950e+00 6.229523e+00 1.946790e+00 1.233097e+00 1.246207e+00
[713] 7.095934e+00 4.285375e+00 1.516704e+00 3.215246e+00 1.720773e+00 2.180268e+00 2.718370e+00 4.820773e+00
[721] 2.537127e+00 2.175146e+00 5.638230e+00 4.694344e+00 6.091732e+00 5.289083e+00 4.894106e+00 4.858407e+00
[729] 3.626467e+00 2.048172e+00 3.303387e+00 3.558181e+00 4.823642e-01 5.859691e+00 3.049227e+00 1.223385e+00
[737] 1.037008e+00 2.094976e+00 1.066285e+00 4.679941e+00 3.955605e+00 1.143042e-01 3.365906e+00 3.254338e+00
[745] 4.383763e+00 4.322796e+00 6.193955e-01 1.835998e+00 2.304416e+00 1.750322e+00 3.302397e+00 1.913193e-02
[753] 1.658245e-01 7.701010e-01 1.859652e+00 3.544853e+00 3.253955e+00 2.783550e+00 4.704268e+00 2.797839e+00
[761] 3.135983e+00 4.481644e+00 3.679862e+00 2.484840e+00 8.810572e-01 2.563531e+00 9.148965e-03 3.585729e+00
[769] 2.499252e+00 3.656125e+00 1.721372e+00 3.543303e+00 2.883690e+00 1.767629e-01 3.660314e+00 2.553194e-01
[777] 2.631886e+00 2.860237e+00 3.486691e+00 6.861712e-01 4.475386e-02 3.260134e+00 1.593385e+00 5.452218e-01
[785] 2.781425e+00 1.043272e-02 3.117896e+00 2.909436e+00 2.213863e+00 4.937911e-01 2.279395e+00 2.620098e+00
[793] 2.741817e+00 1.801308e+00 2.537545e+00 2.083654e+00 1.904106e+00 2.283444e+00 1.287911e+00 1.422296e-02
[801] 1.358531e+00 1.851513e+00 3.192320e-01 1.652113e+00 2.167166e-01 1.160135e+00 1.422714e+00 4.085156e-01
[809] 1.674843e+00 9.315032e-01 1.194478e+00 7.818866e-02 2.665714e-01 3.981180e-01 1.184675e+00 5.179773e-01
[817] 9.009841e-01 8.270227e-01 2.759026e-01 2.587870e-01

$PAR
  [1]  NA   1   1   1   1   1   1   4   4   4   4   4   4   4   8   9   5   5  11  17  17  17  17  17  20  12  18  26
 [29]  26  26  16  16  28  28   6   6   6   6  35  35  35  27  36  36  37  45  25  25  25  29  31  31  31  31  31  31
 [57]  31  31  31  14  39  23  23  60  60  60  60  64  44  44  44  44  65  19  51  66  66  66  66  66  30  30  61  74
 [85]  76  83  24  24  24  24  84  84  84  34  47  47  53  53  53  53  53  79  79  79  79  79  81  81  71  71  71  71
[113]  71  71 107 107 107 107 107 108 108 108 108 108 108 108 108 102  86 109 109 109  87  87  87  87  87  87  87  87
[141]  87  87 133  85  85  48  48  48  48  97  95  95 130  72  72  72  72  72  72  72  72  96  96  96  96  96  68  68
[169]  68 154 154 154 154 154  54  54  54  54  54  54  54  54 162 163 163 163 163 163 163 163 151 110 152 192 192 192
[197] 192 192 192 175 175 164 164 164 164 164 164 164 170 132 132 132 132 132 132  93  93 144 144 144 144 144  80  80
[225]  80  80 202 202 202 202 194 194 194 194 153 153 153 145 200 200 231 231 231 172 172 235 235 195 195 195 111 111
[253] 111 111 111 223 128 183 183 183 183 185 185  90  90  90 227 227 210 186 191 241 241  49 217 217 217 217 217 217
[281] 217 135 135 267 267 267 209 100 100  55  55  55  55  55  55  55 204 290 290 290 290 257 257 257 257 201 201 201
[309] 269 269 269 269 251 251 302 270 270 270 167 167 155 155 155 228 263 263 309 309 136 136 306 306 307 307 307  56
[337]  56  56 187 187 297 291 291 291 291 291 256 324 268 165 298 298 313 313 313 313 313 282 282 282 229 229 229 166
[365] 137 157 157 157 157 157 196 196 196 196 196 287 287 351 351 351 351 351 351 123 123 123 333 333 224 224 252 252
[393] 193 193 349 349 349 349 158 158 336 117 173 173 173 395 395 395 112 112 218 218 218 218 219 219 237 237 314 148
[421] 371 371 371 371 371 371 353 353 353 411 411 358 358 358 265 399 334 188 188 188 361 361 421 406 406 406 393 393
[449] 391 391 401 401 205 311 378 362 362 206 206 206 206 240 240 292 315 315 430 366 366 366 247 247 138 289 289 468
[477] 468 468 118 118 197 197 197 197 197 293 293 258 258 258 419 419 243 454 174 174 124 124 124 327 277 384 407 347
[505] 347 331 331 331 412 412 379 379 230 259 259 453 503 503 437 337 337 415 415 479 480 480 480 480 488 488 409 260
[533] 260 341 233 522  57  57 486 486 486 312 392 491 355 356 356 356 207 207 207 516 549 317 317 317 493 501 284 284
[561] 445 445 445 445 445 396 396 396 561 561 561 481 367 476 559 368 368 368 368 376 376 208 208 338 338 447 447 447
[589] 504 504 504 504 234 497 557 557 343 343 360 423 278 339 339 339 554 554 573 573 573 372 372 299 139 139 477 477
[617] 408 408 617 363 373 373 567 220 618 618 505 505 300 280 280 443 443 443 539 410 619 550 456 534 448 189 629 582
[645] 405 542 261 581 581 581 199 586 586 506 506 594 494 535 535 535 435 525 525 625 457 457 457 457 583 583 498 498
[673] 440 633 546 509 459 459 471  58  58 529 595 595 652 652 669 605 680 638 658 627 127 127 603 603 683 630 630 281
[701] 281 281 446 397 515 591 591 377 478  59 483 700 487 713 418 653 416 585 555 473 540 551 500 374 533 533 694 694
[729] 694 694 725 271 142 160 160 708 628 616 431 723 624 646 592 726 623 623 623 626 691 691 345 685 521 469 728 560
[757] 678 678 249 608 759 740 740 706 706 496 599 746 666 382 382 650 650 650 328 657 512 686 741 775 756 545 545 743
[785] 731 731 507 757 548 548 570 787 699 565 461 461 721 635 635 322 791 425 425 579 508 755 528 528 571 771 114 783
[813] 801 656 799 736 815 301 704 273

$EXTANT
  [1] FALSE FALSE FALSE FALSE FALSE FALSE FALSE FALSE FALSE FALSE FALSE FALSE FALSE FALSE FALSE FALSE FALSE FALSE FALSE
 [20] FALSE FALSE FALSE FALSE FALSE FALSE FALSE FALSE FALSE FALSE FALSE  TRUE FALSE FALSE FALSE FALSE FALSE FALSE FALSE
 [39] FALSE FALSE FALSE FALSE FALSE FALSE FALSE FALSE FALSE  TRUE FALSE FALSE FALSE FALSE FALSE  TRUE  TRUE FALSE  TRUE
 [58]  TRUE  TRUE FALSE FALSE FALSE FALSE FALSE FALSE FALSE FALSE FALSE FALSE FALSE  TRUE  TRUE FALSE FALSE FALSE FALSE
 [77] FALSE FALSE  TRUE  TRUE FALSE FALSE FALSE FALSE FALSE FALSE  TRUE FALSE FALSE FALSE FALSE FALSE FALSE FALSE FALSE
 [96] FALSE FALSE FALSE FALSE FALSE FALSE FALSE FALSE FALSE  TRUE  TRUE  TRUE  TRUE FALSE FALSE  TRUE FALSE FALSE  TRUE
[115] FALSE FALSE FALSE FALSE  TRUE FALSE FALSE FALSE FALSE  TRUE  TRUE FALSE  TRUE FALSE FALSE FALSE FALSE  TRUE FALSE
[134] FALSE FALSE FALSE FALSE FALSE  TRUE  TRUE FALSE  TRUE FALSE  TRUE FALSE FALSE FALSE  TRUE  TRUE FALSE FALSE FALSE
[153] FALSE FALSE  TRUE FALSE FALSE  TRUE FALSE  TRUE  TRUE FALSE  TRUE FALSE FALSE  TRUE FALSE  TRUE FALSE FALSE FALSE
[172]  TRUE  TRUE FALSE  TRUE FALSE FALSE FALSE FALSE  TRUE  TRUE  TRUE  TRUE FALSE FALSE FALSE  TRUE  TRUE FALSE FALSE
[191]  TRUE  TRUE  TRUE FALSE  TRUE  TRUE FALSE  TRUE  TRUE  TRUE  TRUE FALSE FALSE FALSE FALSE FALSE  TRUE FALSE FALSE
[210] FALSE FALSE  TRUE FALSE  TRUE  TRUE FALSE FALSE FALSE FALSE  TRUE  TRUE  TRUE FALSE FALSE  TRUE FALSE FALSE FALSE
[229] FALSE FALSE FALSE FALSE FALSE  TRUE  TRUE FALSE  TRUE FALSE FALSE  TRUE  TRUE FALSE  TRUE  TRUE  TRUE FALSE FALSE
[248] FALSE  TRUE  TRUE FALSE FALSE  TRUE FALSE  TRUE  TRUE FALSE  TRUE  TRUE  TRUE  TRUE  TRUE  TRUE FALSE FALSE  TRUE
[267] FALSE FALSE FALSE  TRUE  TRUE FALSE  TRUE FALSE FALSE FALSE FALSE FALSE  TRUE  TRUE  TRUE FALSE FALSE  TRUE  TRUE
[286]  TRUE  TRUE FALSE  TRUE  TRUE  TRUE  TRUE  TRUE  TRUE  TRUE  TRUE  TRUE FALSE  TRUE FALSE  TRUE FALSE FALSE FALSE
[305] FALSE  TRUE  TRUE FALSE  TRUE FALSE FALSE FALSE  TRUE FALSE  TRUE FALSE  TRUE  TRUE FALSE  TRUE  TRUE  TRUE  TRUE
[324]  TRUE FALSE  TRUE  TRUE  TRUE FALSE  TRUE FALSE FALSE  TRUE FALSE  TRUE FALSE FALSE  TRUE  TRUE  TRUE  TRUE FALSE
[343]  TRUE FALSE  TRUE  TRUE FALSE FALSE  TRUE  TRUE  TRUE  TRUE  TRUE FALSE  TRUE  TRUE  TRUE  TRUE  TRUE  TRUE  TRUE
[362]  TRUE FALSE  TRUE FALSE  TRUE  TRUE  TRUE  TRUE  TRUE  TRUE  TRUE  TRUE FALSE  TRUE FALSE FALSE FALSE  TRUE  TRUE
[381] FALSE  TRUE  TRUE FALSE FALSE FALSE  TRUE  TRUE  TRUE FALSE  TRUE FALSE  TRUE  TRUE FALSE FALSE  TRUE FALSE FALSE
[400] FALSE  TRUE  TRUE FALSE FALSE  TRUE  TRUE FALSE  TRUE  TRUE FALSE  TRUE FALSE FALSE  TRUE  TRUE  TRUE  TRUE  TRUE
[419]  TRUE  TRUE  TRUE FALSE  TRUE  TRUE  TRUE  TRUE  TRUE  TRUE  TRUE  TRUE  TRUE FALSE FALSE  TRUE  TRUE FALSE FALSE
[438]  TRUE FALSE FALSE FALSE  TRUE  TRUE  TRUE  TRUE  TRUE  TRUE  TRUE FALSE  TRUE FALSE  TRUE  TRUE FALSE FALSE  TRUE
[457]  TRUE FALSE  TRUE  TRUE  TRUE  TRUE  TRUE  TRUE FALSE FALSE  TRUE  TRUE  TRUE  TRUE FALSE  TRUE  TRUE  TRUE FALSE
[476]  TRUE FALSE  TRUE FALSE  TRUE  TRUE  TRUE FALSE  TRUE  TRUE  TRUE  TRUE  TRUE  TRUE  TRUE FALSE  TRUE FALSE  TRUE
[495] FALSE  TRUE  TRUE  TRUE  TRUE FALSE FALSE  TRUE  TRUE  TRUE  TRUE  TRUE  TRUE  TRUE  TRUE  TRUE FALSE  TRUE  TRUE
[514]  TRUE  TRUE  TRUE  TRUE  TRUE FALSE  TRUE  TRUE FALSE  TRUE FALSE  TRUE  TRUE FALSE  TRUE FALSE  TRUE  TRUE FALSE
[533]  TRUE FALSE  TRUE  TRUE FALSE  TRUE  TRUE  TRUE  TRUE  TRUE FALSE FALSE  TRUE FALSE FALSE  TRUE  TRUE  TRUE  TRUE
[552]  TRUE  TRUE  TRUE  TRUE  TRUE  TRUE  TRUE FALSE  TRUE  TRUE  TRUE  TRUE  TRUE  TRUE  TRUE  TRUE FALSE  TRUE  TRUE
[571]  TRUE  TRUE  TRUE  TRUE FALSE  TRUE  TRUE  TRUE  TRUE  TRUE  TRUE FALSE  TRUE FALSE FALSE  TRUE  TRUE  TRUE  TRUE
[590]  TRUE  TRUE  TRUE  TRUE  TRUE  TRUE  TRUE  TRUE  TRUE  TRUE  TRUE FALSE  TRUE  TRUE  TRUE  TRUE  TRUE  TRUE  TRUE
[609]  TRUE  TRUE  TRUE  TRUE  TRUE  TRUE  TRUE  TRUE FALSE  TRUE FALSE  TRUE  TRUE  TRUE  TRUE  TRUE FALSE  TRUE  TRUE
[628]  TRUE FALSE  TRUE  TRUE  TRUE  TRUE  TRUE  TRUE FALSE  TRUE  TRUE  TRUE FALSE  TRUE  TRUE  TRUE  TRUE  TRUE  TRUE
[647]  TRUE  TRUE FALSE  TRUE  TRUE  TRUE  TRUE  TRUE  TRUE  TRUE  TRUE  TRUE  TRUE FALSE FALSE  TRUE  TRUE FALSE  TRUE
[666] FALSE  TRUE  TRUE  TRUE  TRUE  TRUE  TRUE  TRUE  TRUE  TRUE  TRUE  TRUE  TRUE  TRUE  TRUE  TRUE  TRUE  TRUE  TRUE
[685]  TRUE FALSE  TRUE  TRUE  TRUE FALSE  TRUE FALSE FALSE  TRUE FALSE  TRUE  TRUE  TRUE FALSE  TRUE  TRUE  TRUE  TRUE
[704]  TRUE  TRUE  TRUE  TRUE  TRUE  TRUE FALSE  TRUE FALSE  TRUE  TRUE  TRUE  TRUE FALSE  TRUE FALSE  TRUE  TRUE FALSE
[723]  TRUE  TRUE  TRUE  TRUE  TRUE  TRUE  TRUE  TRUE  TRUE  TRUE  TRUE  TRUE  TRUE  TRUE FALSE  TRUE  TRUE  TRUE  TRUE
[742]  TRUE  TRUE  TRUE  TRUE  TRUE  TRUE  TRUE  TRUE  TRUE  TRUE  TRUE  TRUE  TRUE  TRUE  TRUE  TRUE FALSE FALSE  TRUE
[761] FALSE FALSE  TRUE  TRUE  TRUE  TRUE  TRUE  TRUE  TRUE FALSE  TRUE  TRUE  TRUE  TRUE  TRUE  TRUE  TRUE  TRUE  TRUE
[780] FALSE  TRUE  TRUE  TRUE  TRUE  TRUE  TRUE  TRUE  TRUE  TRUE  TRUE  TRUE  TRUE  TRUE  TRUE FALSE FALSE  TRUE  TRUE
[799]  TRUE  TRUE  TRUE  TRUE  TRUE  TRUE  TRUE  TRUE  TRUE  TRUE  TRUE  TRUE  TRUE  TRUE  TRUE  TRUE  TRUE  TRUE  TRUE
[818]  TRUE  TRUE  TRUE

