
Birth-death simulation object with 791 species and 500 extant species

Details for some species:

Extinction times (NA means extant)
[1] 87.91287 91.03229 78.05660 85.09448 57.84816 54.29693


Speciation times 
[1] 111.52100 103.10332 100.47488  94.50096  92.38470  85.77814


Species parents (NA for initial)
[1] NA  1  1  3  4  4


Species status (extinct or extant)
[1] "extinct" "extinct" "extinct" "extinct" "extinct" "extinct"


For more details on vector y, try sim$y, with y one of
TE TS PAR EXTANT



$TE
  [1] 87.91286899 91.03228910 78.05659551 85.09448302 57.84815806 54.29693444 42.73750357 63.45505010 28.91978588
 [10] 39.38339398 55.09204120 50.50251383 51.57380725 52.69866730 37.48093770 52.69640950 53.58001779 34.69399608
 [19] 28.32500888 33.65009030 31.95802452  7.37001333          NA 10.93023223 52.57761594 47.28865146 50.80791395
 [28] 44.76917809 48.46450027 36.70234025 47.20535407 50.02017440 34.84915351 12.79182848 37.25514451 40.00186191
 [37] 45.49218036          NA 17.88384367 20.96986772 29.57788521 39.59909538          NA 26.53300042 24.84338108
 [46]          NA 16.46802362 10.41397305          NA 50.39590520 35.64113436          NA 17.79759934 17.32640658
 [55]          NA 49.80371187 20.54896194 41.44939288 34.36728513          NA 48.55822681 38.18746812 33.65194571
 [64]          NA 29.08843172 35.26502717 40.32963728 14.71453766  5.70582289          NA 22.97362821 14.53034779
 [73]  2.46033680          NA 45.33944230 24.11614901 25.46938120  6.85495912          NA          NA 27.09902766
 [82] 14.11592188          NA 10.36289566          NA 43.23085755 39.08541738 13.10338576          NA          NA
 [91]          NA 37.65798002  2.98564012 32.31990296 23.73295960 38.20466750 28.70045169 33.77359017          NA
[100]  7.53520660 24.39519829          NA  1.57593038 26.07734121  2.19471745 17.64001790 19.88611321 14.36204223
[109] 30.57804683  9.08909051          NA  2.97098270 33.91895581 20.53731389          NA          NA 21.97499698
[118] 12.64568114 22.69319656          NA          NA  6.08087829  5.38424812          NA          NA          NA
[127]          NA 32.54638865          NA 30.21354691 29.66633769  0.87604994 24.04387816          NA          NA
[136]  0.14373471  4.65278063          NA          NA  1.29968023 35.18601965 26.37441068 12.17288468 26.65332296
[145] 25.73454477 13.09816078          NA          NA 30.06499818 33.67294593          NA          NA          NA
[154]          NA          NA          NA          NA          NA 26.82257552          NA          NA 15.42347406
[163]          NA          NA 19.65873021 10.95636539          NA  6.19619457          NA          NA          NA
[172] 23.27605541          NA 20.58572906  7.71900784          NA  6.82330765 21.21127424          NA          NA
[181] 25.44172509          NA          NA          NA 14.30195953          NA 11.59380921          NA          NA
[190]  8.40831694          NA          NA 17.33138336 10.99908508          NA  8.99349317 25.64012188 10.64981054
[199]  6.46734964          NA 26.06921437          NA          NA          NA          NA 11.59733023 20.54963215
[208]          NA          NA          NA          NA          NA          NA  0.43960230  1.07318626 14.47510313
[217]          NA  3.66405085  1.83764665  0.69509603          NA 23.62327965 20.67619707 13.73126525          NA
[226] 13.65946659          NA          NA          NA          NA          NA          NA 25.12125440 12.82818872
[235]          NA          NA          NA  4.94470404 14.22348467  5.08182339          NA  1.85846122          NA
[244]          NA  8.64069487  6.54853782          NA          NA          NA  6.75894807 12.58702592          NA
[253]          NA          NA          NA          NA 13.88616888 17.54872186          NA  5.36893622          NA
[262]  9.25485937          NA          NA 21.23235732          NA          NA  5.88458407 10.42327215  1.80570734
[271]  5.59090480  5.44227975          NA          NA  7.81184146 19.89337718 21.37795057  4.53359542          NA
[280]          NA 10.02117216          NA          NA  7.23302659          NA          NA  0.30405600          NA
[289]  9.66636718 18.18610720 11.79850785          NA          NA  5.68280618          NA          NA          NA
[298]          NA          NA          NA          NA          NA          NA          NA          NA          NA
[307]          NA          NA 18.19625665          NA          NA          NA          NA  2.79994052  3.77505084
[316]          NA 17.10665967  8.86766571          NA          NA          NA          NA          NA          NA
[325]          NA 10.65289903          NA 12.34705971          NA          NA  2.28589540  8.56359273          NA
[334]          NA          NA          NA  3.75557887          NA 11.64115741  4.15066618          NA          NA
[343]          NA          NA          NA          NA  8.28779154          NA 10.84769398  6.29743806          NA
[352]          NA          NA  1.72793978          NA          NA          NA          NA  2.99427132          NA
[361]  5.46049875          NA          NA 12.82375502 13.34117156  0.59386164          NA          NA          NA
[370]          NA  4.25564644          NA          NA 14.08677680          NA 10.11603150          NA          NA
[379]  4.66883072 10.59152190          NA          NA 13.43665459  0.05372450  2.52188407          NA          NA
[388] 19.93476453          NA          NA          NA          NA          NA          NA          NA          NA
[397] 14.11900276 11.25200039          NA  7.64906681          NA          NA          NA  6.73629555          NA
[406]  9.81345696 13.37100312 10.45725017 11.96710376  4.51036092  2.12245080          NA  0.63115870          NA
[415] 17.92307464          NA          NA          NA 14.64640955  7.91792358 11.83145283          NA  8.63696888
[424]  9.81175265          NA          NA          NA          NA          NA          NA  3.68308033  5.87642143
[433]  4.86177782  1.32439864          NA          NA          NA          NA          NA  4.53908328          NA
[442]          NA          NA  8.08591190  8.32833471          NA          NA          NA 13.80507474          NA
[451]          NA          NA          NA          NA          NA  6.48395753          NA  8.39388885          NA
[460]  1.61525933  9.26042768  9.31175136  6.74199909 10.23917120          NA          NA  2.04339955          NA
[469]          NA  2.34715601  3.84591762  0.28549081          NA          NA          NA          NA          NA
[478]  2.99389205  4.10688017          NA          NA  5.35408404          NA          NA  4.79204286          NA
[487]          NA          NA  5.01201920          NA  7.51210558  3.42642822          NA          NA          NA
[496]          NA  9.79515285          NA  5.52383246          NA          NA          NA          NA          NA
[505]  0.85541712          NA  3.64330960          NA  1.85235948  4.34574895          NA  4.77104399          NA
[514]          NA          NA  0.52655868          NA 11.81445857          NA          NA  3.94167800          NA
[523]          NA          NA          NA          NA          NA          NA          NA          NA  1.66119462
[532]  7.79645643          NA  4.52175472          NA          NA          NA          NA 10.37006678          NA
[541]  5.37183810          NA  8.15002551          NA          NA          NA          NA          NA          NA
[550]          NA          NA          NA          NA          NA          NA  4.72692516          NA          NA
[559]  4.62373933          NA          NA          NA          NA          NA          NA  0.31143025          NA
[568]          NA          NA          NA          NA          NA          NA          NA          NA          NA
[577]  6.22605141          NA          NA          NA          NA          NA          NA          NA          NA
[586]          NA          NA          NA  2.31503388          NA          NA          NA          NA          NA
[595]          NA          NA          NA          NA          NA          NA          NA          NA  0.09274928
[604]          NA          NA          NA          NA          NA          NA          NA          NA  0.20385601
[613]          NA          NA          NA          NA          NA          NA          NA  3.88740455          NA
[622]          NA          NA          NA          NA          NA          NA          NA          NA          NA
[631]  0.42686924          NA          NA          NA          NA          NA          NA          NA  6.47605182
[640]          NA          NA          NA  0.72692729  7.77043022          NA          NA          NA  1.50271087
[649]          NA          NA  1.62317571          NA          NA          NA          NA  0.62689008          NA
[658]          NA          NA          NA          NA  6.50575084          NA          NA          NA          NA
[667]          NA          NA          NA          NA          NA  3.80362458          NA          NA          NA
[676]          NA          NA  0.36886196          NA          NA          NA          NA          NA          NA
[685]          NA          NA          NA          NA          NA          NA          NA          NA          NA
[694]          NA          NA          NA          NA          NA          NA          NA          NA          NA
[703]          NA          NA  4.25856127          NA          NA          NA          NA          NA          NA
[712]          NA  0.02010783          NA          NA          NA          NA          NA          NA          NA
[721]          NA          NA          NA          NA          NA          NA          NA          NA  1.41100846
[730]          NA          NA  3.15951264          NA  4.43432747          NA          NA          NA  1.35809383
[739]          NA          NA          NA          NA          NA          NA          NA          NA          NA
[748]          NA          NA          NA          NA          NA          NA          NA          NA          NA
[757]          NA          NA          NA          NA          NA          NA          NA          NA          NA
[766]          NA          NA          NA          NA          NA          NA          NA          NA          NA
[775]          NA          NA          NA          NA          NA          NA          NA          NA          NA
[784]          NA          NA          NA          NA          NA          NA          NA          NA

$TS
  [1] 1.115210e+02 1.031033e+02 1.004749e+02 9.450096e+01 9.238470e+01 8.577814e+01 7.534732e+01 6.444550e+01
  [9] 5.931940e+01 7.323989e+01 7.240294e+01 5.084192e+01 5.971512e+01 5.296017e+01 4.213098e+01 5.912177e+01
 [17] 5.893128e+01 5.854207e+01 5.217668e+01 5.802886e+01 5.689232e+01 4.906980e+01 3.477868e+01 5.585630e+01
 [25] 5.731999e+01 5.834486e+01 5.815597e+01 5.348538e+01 4.867481e+01 4.827972e+01 5.196337e+01 5.485673e+01
 [33] 5.282879e+01 5.262488e+01 5.161991e+01 5.026122e+01 4.990812e+01 4.888486e+01 3.804403e+01 5.127817e+01
 [41] 4.769461e+01 4.768105e+01 4.212772e+01 3.576377e+01 3.304027e+01 2.974672e+01 1.760083e+01 1.554477e+01
 [49] 1.239477e+01 5.152539e+01 3.841836e+01 3.788930e+01 3.446370e+01 2.072570e+01 1.440138e+01 4.985115e+01
 [57] 4.900002e+01 4.690415e+01 4.435251e+01 4.000355e+01 5.150260e+01 4.200832e+01 4.943504e+01 4.831587e+01
 [65] 4.554360e+01 4.554155e+01 4.601315e+01 3.827935e+01 3.317068e+01 2.515740e+01 2.337900e+01 2.325702e+01
 [73] 1.401133e+01 1.001185e+01 4.562216e+01 3.064351e+01 2.907226e+01 2.540572e+01 4.606723e+01 3.476734e+01
 [81] 3.451973e+01 2.236267e+01 2.057735e+01 1.510685e+01 2.189144e+00 4.596270e+01 4.298164e+01 2.953431e+01
 [89] 1.132395e+01 7.621923e+00 2.418791e+00 3.914453e+01 4.591749e+01 4.211009e+01 4.166294e+01 4.111010e+01
 [97] 3.791421e+01 3.654582e+01 1.700730e+01 4.062670e+01 3.351485e+01 3.725480e+00 4.380489e+01 4.097124e+01
[105] 3.274810e+01 3.113038e+01 4.227092e+01 3.836987e+01 3.932266e+01 3.349967e+01 7.419703e+00 4.708331e+00
[113] 3.672197e+01 2.542292e+01 2.332612e+01 2.258718e+01 3.590296e+01 2.749829e+01 2.291462e+01 2.122117e+01
[121] 1.920878e+01 1.862167e+01 1.431896e+01 1.305985e+01 1.195082e+01 2.256898e+00 1.238882e+00 3.364204e+01
[129] 2.642519e+01 4.101277e+01 3.898715e+01 3.159677e+01 2.847629e+01 3.807988e+01 3.066646e+01 2.064951e+01
[137] 2.040882e+01 1.599657e+01 1.458508e+01 7.605468e+00 3.706471e+01 3.644717e+01 3.488937e+01 3.714208e+01
[145] 2.880692e+01 1.691683e+01 3.472073e+01 2.739100e+01 3.553535e+01 3.507764e+01 2.596988e+01 1.728479e+01
[153] 1.678886e+01 1.542740e+01 1.928869e+00 2.514728e+01 2.229950e+01 1.932546e+01 2.935353e+01 3.223972e+01
[161] 3.180627e+01 3.488495e+01 2.844318e+01 3.638386e+01 3.480852e+01 2.828769e+01 2.633135e+01 1.865614e+01
[169] 7.352996e+00 3.066412e+00 3.461597e+01 3.194701e+01 1.636142e+01 3.368427e+01 3.159155e+01 2.988414e+01
[177] 2.899488e+01 2.811510e+01 1.775352e+01 2.944723e+01 2.830914e+01 1.310571e+01 2.982128e+01 2.886269e+01
[185] 2.193091e+01 2.095499e+01 1.892337e+01 1.599737e+01 9.845024e+00 8.539129e+00 3.437997e+01 3.081668e+01
[193] 2.940160e+01 1.263638e+01 9.619203e+00 9.001142e+00 2.566606e+01 2.197183e+01 1.886047e+01 2.622220e+00
[201] 3.072893e+01 1.259197e+01 1.149247e+01 9.140395e-01 2.091591e+01 1.658141e+01 2.075368e+01 5.721325e+00
[209] 3.120336e+01 3.024077e+01 1.467721e+01 2.982615e+01 2.577518e+01 5.099144e+00 2.981213e+01 3.082412e+01
[217] 2.035093e+01 1.346390e+01 2.290146e+01 1.819977e+01 1.511299e+01 2.766637e+01 2.506754e+01 1.740830e+01
[225] 1.502008e+01 2.369713e+01 2.185088e+01 5.756345e+00 2.157689e+01 2.416444e+01 1.630289e+01 1.377753e+01
[233] 2.640173e+01 1.594247e+01 1.729950e+01 8.847938e+00 1.501959e+00 2.156870e+01 1.937753e+01 1.409968e+01
[241] 1.011667e+01 9.042911e+00 4.862025e+00 3.403742e+00 2.972776e+01 1.706975e+01 6.333243e+00 3.709276e-01
[249] 1.101658e+01 2.858109e+01 2.395797e+01 1.993078e+01 1.131584e+01 1.049685e+01 5.658971e+00 3.694669e+00
[257] 2.755879e+01 2.328708e+01 1.973784e+01 1.737750e+01 4.312844e+00 2.797461e+01 2.241774e+01 1.163785e+01
[265] 2.836199e+01 2.781857e+01 7.828956e+00 2.204150e+01 1.919124e+01 1.903772e+01 9.767045e+00 5.478967e+00
[273] 5.226114e-01 2.654539e+01 2.572358e+01 2.406202e+01 2.393789e+01 2.044144e+01 2.238344e+01 2.566698e+01
[281] 2.094707e+01 2.330115e+01 1.303005e+00 1.037551e+01 2.174293e+01 1.484309e+01 2.405206e+01 2.184951e+01
[289] 2.017836e+01 2.005890e+01 1.802399e+01 1.703264e+01 2.303246e+01 1.940903e+01 6.964331e+00 6.525692e+00
[297] 2.825188e+00 2.050217e+00 1.649089e+01 8.742409e+00 8.556407e+00 2.521737e+01 5.138963e+00 2.521141e+01
[305] 2.286194e+01 1.207416e+01 6.398884e+00 1.012789e+00 2.354320e+01 1.560959e+01 1.009420e+01 1.678811e+00
[313] 1.244499e+00 5.350286e+00 1.030367e+01 5.751871e+00 2.343240e+01 1.427792e+01 2.221176e+01 2.268362e+01
[321] 2.168201e+01 1.997308e+01 1.050988e+01 1.746208e+01 1.717528e+01 1.531084e+01 4.728571e+00 2.061422e+01
[329] 1.129835e+01 2.013437e+00 2.058285e+01 1.097140e+01 9.888475e+00 1.566283e+01 2.633677e+00 3.826717e-01
[337] 2.089078e+01 1.896560e+01 1.601448e+01 1.007959e+01 7.123143e+00 5.035258e+00 4.804936e+00 2.880079e+00
[345] 7.075654e-01 1.973512e+01 2.157521e+01 1.429478e+01 1.136171e+01 1.456273e+01 1.714580e+01 1.107567e+01
[353] 7.710585e+00 7.139723e+00 1.363386e+01 1.300932e+01 3.156503e-01 1.238108e+01 1.799634e+01 1.444312e+01
[361] 1.120979e+01 2.581537e+00 8.665441e+00 1.759344e+01 1.416365e+01 5.539937e+00 1.626661e+01 1.597105e+01
[369] 1.625326e-01 1.883847e+01 8.020470e+00 6.226887e+00 2.701762e+00 2.033500e+01 2.064571e+01 1.129412e+01
[377] 7.183790e+00 1.609727e+01 1.459726e+01 1.232233e+01 7.092260e+00 1.108314e+00 1.550670e+01 1.172397e+01
[385] 1.001771e+01 2.074035e+01 1.638148e+01 2.020173e+01 1.760403e+01 1.639876e+01 6.071489e+00 6.768329e+00
[393] 3.205458e+00 8.284764e+00 5.476285e-03 1.681544e+01 1.660750e+01 1.458508e+01 1.708336e+01 1.131171e+01
[401] 4.499883e-01 1.594548e+01 1.380966e+01 1.262876e+01 6.212464e+00 1.762599e+01 1.690203e+01 1.623687e+01
[409] 1.353887e+01 1.518003e+01 1.411185e+01 2.132234e+00 1.327654e+01 1.333461e+01 1.886229e+01 1.245603e+01
[417] 8.210800e+00 6.805935e+00 1.784850e+01 8.457786e+00 1.691999e+01 1.638801e+01 9.429891e+00 1.644856e+01
[425] 9.610884e+00 4.787932e+00 1.505300e+01 1.185869e+01 8.370999e+00 7.699373e+00 9.344409e+00 8.366905e+00
[433] 7.680340e+00 1.328727e+01 1.431160e+01 1.436530e+01 1.504886e+01 1.386222e+01 1.307624e+01 4.574055e+00
[441] 4.429342e+00 3.785144e+00 1.113386e+01 9.889091e+00 8.864160e+00 6.532797e+00 8.230938e+00 7.510292e+00
[449] 1.615320e+01 1.375196e+01 1.288407e+01 2.086267e-01 1.546226e-01 1.485042e+01 2.052118e+00 1.045990e+01
[457] 6.948896e+00 1.295141e+01 4.716450e+00 4.492264e+00 1.421707e+01 1.419812e+01 1.307122e+01 1.024798e+01
[465] 1.095908e+01 7.659908e+00 3.109041e+00 7.084518e-01 1.406439e+01 1.057285e+01 7.065384e+00 5.162449e+00
[473] 2.813774e+00 1.341829e+00 1.494677e+01 1.047241e+01 1.614587e+01 1.048204e+01 1.595147e+01 3.210740e-02
[481] 1.166264e+01 7.137603e+00 6.663104e+00 8.282673e+00 1.154459e+01 7.525006e+00 1.424693e+01 1.345204e+01
[489] 6.375929e+00 9.984347e+00 8.099128e+00 8.989369e+00 8.293298e+00 7.055445e+00 8.412511e+00 1.413352e+01
[497] 1.339276e+01 1.163294e+01 9.831471e+00 2.983881e+00 2.869738e+00 2.432342e+00 1.367466e+01 3.090797e+00
[505] 6.646038e+00 7.924445e-01 1.209644e+01 1.263115e+01 1.002995e+01 6.101766e+00 7.786413e+00 5.573621e+00
[513] 1.366060e+01 2.251092e+00 1.243472e+01 3.478098e+00 1.129606e+01 1.231154e+01 9.412602e+00 1.385078e+01
[521] 1.299842e+01 1.299696e+01 1.356467e+01 1.118863e+01 5.597709e+00 3.936661e+00 6.239977e+00 1.339108e+01
[529] 5.151378e+00 3.005474e+00 1.062676e+01 8.400760e+00 6.433047e+00 1.016261e+01 7.196987e+00 5.824712e+00
[537] 1.972419e+00 1.332810e+01 1.357880e+01 6.737697e+00 5.415788e+00 1.213065e+01 8.891301e+00 5.423468e+00
[545] 8.183827e+00 7.395157e+00 1.264568e+01 3.311107e+00 1.078777e+01 5.493612e+00 5.348820e+00 1.156793e+01
[553] 1.093138e+01 1.084077e+01 4.716864e+00 7.492645e+00 8.022948e+00 2.624000e+00 8.522978e+00 6.577454e+00
[561] 1.264446e+01 1.181390e+01 7.348779e+00 8.941424e-01 1.190183e+01 1.004725e+01 7.932695e+00 5.565247e+00
[569] 3.140143e-01 1.244722e+01 1.061243e+01 3.019034e+00 7.795536e+00 7.121537e+00 6.825484e+00 6.444479e+00
[577] 9.559727e+00 7.125338e+00 3.702326e+00 2.021942e+00 1.008093e+01 8.639221e+00 3.008109e+00 1.405070e-01
[585] 9.529396e+00 2.884304e+00 1.191586e+00 1.182001e+01 1.125025e+01 1.118977e+01 2.410230e+00 3.904670e+00
[593] 4.997129e+00 3.952523e-01 9.570473e-01 8.886181e-01 1.096770e+01 8.869627e+00 8.283963e+00 7.090748e+00
[601] 1.713444e+00 8.067044e+00 7.673442e+00 1.119523e+01 1.114340e+00 3.667817e-02 9.816632e+00 7.214880e+00
[609] 4.106975e+00 9.720045e+00 9.787436e+00 9.406967e-01 8.502927e+00 4.296893e+00 3.532122e+00 2.075307e+00
[617] 6.493848e+00 1.268920e+00 2.141160e+00 8.334074e+00 3.934727e+00 5.403446e+00 6.884891e+00 5.615114e+00
[625] 2.824587e+00 5.061740e-01 5.808578e+00 6.111558e-01 7.178753e+00 6.251903e+00 5.358556e+00 5.163212e+00
[633] 9.503609e+00 8.185877e+00 1.785699e+00 8.842042e+00 4.526396e+00 3.657738e+00 9.257259e+00 5.709985e+00
[641] 7.517481e+00 2.291515e-01 1.477991e+00 8.275564e+00 6.453147e+00 6.869843e+00 6.635677e-01 8.886461e+00
[649] 3.980068e+00 7.251615e+00 5.606072e+00 7.465324e+00 3.681873e+00 1.452485e-01 4.476392e+00 3.612896e+00
[657] 8.130071e+00 1.048336e+00 5.691523e+00 8.440741e+00 5.401531e+00 8.092482e+00 3.951867e+00 7.848419e+00
[665] 5.500801e+00 6.645079e+00 1.397733e+00 7.410890e+00 6.849907e+00 1.937105e+00 2.211357e+00 5.518213e+00
[673] 7.826227e+00 3.055706e+00 6.449488e+00 5.754490e+00 5.948763e+00 1.004999e+00 2.089236e+00 6.098020e+00
[681] 3.858698e+00 1.819769e+00 3.128085e+00 4.513208e+00 2.520790e+00 6.307862e+00 1.617780e+00 4.802788e+00
[689] 4.609426e+00 6.296854e+00 3.763282e+00 3.379967e+00 5.877472e+00 2.489249e+00 2.272465e+00 1.954613e+00
[697] 1.083959e+00 1.201957e+00 2.815532e+00 6.736586e+00 5.010108e+00 1.907930e+00 5.274074e+00 4.852834e+00
[705] 5.500601e+00 2.116410e+00 2.132981e+00 3.919702e+00 5.461896e+00 2.851686e+00 5.191417e+00 2.964295e+00
[713] 1.403086e+00 6.076555e+00 3.705359e+00 5.065778e+00 2.726294e+00 1.725030e+00 1.851085e-01 1.240530e+00
[721] 2.445456e+00 3.771526e+00 2.287100e+00 2.173787e-01 3.757505e+00 1.276565e+00 3.747926e+00 1.010273e+00
[729] 3.436738e+00 2.888733e-01 1.580309e+00 4.542125e+00 1.803055e+00 5.454735e+00 4.110863e+00 3.871826e+00
[737] 9.960369e-01 3.904968e+00 4.469255e+00 3.416478e+00 3.069088e+00 1.296521e-01 4.561740e+00 1.935964e+00
[745] 4.183480e+00 2.305980e+00 3.353707e+00 3.108818e+00 1.072183e+00 3.636184e+00 8.011002e-01 2.192621e+00
[753] 3.632691e-01 3.262462e+00 3.873430e+00 3.215103e+00 1.239809e+00 1.472640e+00 1.474311e+00 8.920979e-02
[761] 3.209839e+00 2.833084e+00 2.246692e+00 1.015113e+00 2.314614e+00 1.801770e+00 2.160216e+00 1.693297e+00
[769] 4.067396e-01 1.125613e+00 2.219451e+00 9.355248e-01 2.237741e+00 2.426001e+00 1.701038e+00 2.217097e+00
[777] 8.888838e-01 1.703341e+00 1.836734e+00 1.116674e+00 8.378545e-01 7.091933e-01 2.030643e+00 9.184668e-01
[785] 7.489675e-01 1.481658e+00 1.662193e+00 9.333030e-01 1.179014e+00 4.606600e-01 5.704739e-01

$PAR
  [1]  NA   1   1   3   4   4   5   5   6   7   7   7  10  10  10  11  13  13  13   9   9   9   9  16  17  18  18  26
 [29]  26  26  27  20  20  20  20  20  20  20  20  24  24  24  24  24  24  24  24  24  24  32  34  34  34  34  34  19
 [57]  35  35  35  35  50  40  36  36  37  37  63  22  22  22  22  22  22  22  57  57  57  57  38  38  38  38  38  38
 [85]  38  64  64  64  64  64  64  41  42  42  42  42  79  79  79  67  93  93  65  65  65  65  66  66  59 103 103 103
[113] 107 107 107 107  43  43  43  43  43  43  43  43  43  43  43  95  95  96 130 130 104 100 100 100 100 100  60  60
[141] 131 131 131 108 108 108  68  68 134 134 134 134 134 134 134  39  39  39  97  52  52 144 144 142 142 142 164 164
[169] 164 164 117 143 143 162 162 162 162 162 162  23  23  23  80  80  80  80  80  80  80  80 147 147 147 147 147 147
[197] 171 171 171 171  81 191 191 191 174 110  69  69 105 105 105 160 160 160 172 161 161 161 132 132 132 175 175 175
[225] 175 209 209 209 106 216 216 192 135 135 210 210 210 176 176 176 176 176 176 176 212 212 212 212 183 215 215 215
[253] 215 215 215 215  88  88  88  88 180 193 193 177 184 184 250 163 163 163 163 163 163 265 265 265 166 166 266 257
[281] 257 118 148 274 129 129 167 167 167 167 167 167 151 151 151 151 151 151 213 275 275 280 280  78 302 302 302 302
[309] 304  70  70  70  70 156 230 230 287 287 226 309 309 317 115 282 282 282 282  72 293 293 219 219 219 305 305 305
[337] 320 320 320 320 320 320 320 320 320 116 279 279 279  82 157 157 157 157 319 319 319 268 227 227 227 227 288 285
[365] 285 285 321 321 321 229 229 229 229 238 120 120 120 186 186 186 186 186 281 205 205 337 337 386 386 386 386 136
[393] 331  83  83 278 137 137 259 259 259 294 294 294 294 158 158 158 158 121 121 121 269 270 338 338 338 338 199 199
[421] 370 370 370 168 220 220 291 359 359 359 179 179 179 406 389 364 324 324 324 324 324 324 235 235 235 235 152 152
[449] 325 325 325 399 399 246 292  99  99 153 153 153 299 424 424 390 387 173 173 173 231 231 231 231 231 231 367 367
[477] 408 408 477 477 339 188 188 138 368 368 479 479 479 402 402 334 310 310 410 221 221  84 427 225 225 225 475 475
[505] 454 454 286 379 379 379 139 139 360 360  55  55 436 123 435 348 348 348 318 318 487 487 496 411 469 469  73  73
[533]  73 520 403 403 403 232 513 355 523 218 488 488 528 538 434 434 182 182 182 439 439 439 439 463 124 124 356 356
[561] 522 522 522 522 451 451 451 547 547 561 561 561 404 404 404 202 416 416 416 416 570 570 515 515 358 358 358 380
[589] 542 542 542 507 306 306 565 565 384 481 498 552 552 485 253 400 329 329 604 604 604 524 249 465 553 553 553 554
[617] 531 571 254 478 478 476 456 311 311 311 581 581 340 566 566 566 385 385 333 189 189 189 607 607 611 611 610 195
[645] 425 577 585 423 431 639 242 648 598 598 236 236 636 636 300 301 559 495 429 432 493 484 484 447 417 634 545 657
[673] 602 557 371 371 267 267 673 573 511 353 603  90 140 448 448 546 546 650 650 650 608 608 377 377 377 629 578 341
[701] 341 341 574 471 295 295 457 623 646 669 575 418 392 505 560 296 617 533 533 247 372 680 680 677 627 676 316 624
[729] 651 568 366 665 665 709 709 709 711 472 529 214 716 716 343 688 327 459 689 637 684 460 655 614 745 735 609 609
[757] 526 442 653 638 740 692 754 761 683 683 741 741 674 530 712 501 710 625 558 685 502 774 765 763 773  85 767 619
[785] 707 155 778 778 759 127 785

$EXTANT
  [1] FALSE FALSE FALSE FALSE FALSE FALSE FALSE FALSE FALSE FALSE FALSE FALSE FALSE FALSE FALSE FALSE FALSE FALSE FALSE
 [20] FALSE FALSE FALSE  TRUE FALSE FALSE FALSE FALSE FALSE FALSE FALSE FALSE FALSE FALSE FALSE FALSE FALSE FALSE  TRUE
 [39] FALSE FALSE FALSE FALSE  TRUE FALSE FALSE  TRUE FALSE FALSE  TRUE FALSE FALSE  TRUE FALSE FALSE  TRUE FALSE FALSE
 [58] FALSE FALSE  TRUE FALSE FALSE FALSE  TRUE FALSE FALSE FALSE FALSE FALSE  TRUE FALSE FALSE FALSE  TRUE FALSE FALSE
 [77] FALSE FALSE  TRUE  TRUE FALSE FALSE  TRUE FALSE  TRUE FALSE FALSE FALSE  TRUE  TRUE  TRUE FALSE FALSE FALSE FALSE
 [96] FALSE FALSE FALSE  TRUE FALSE FALSE  TRUE FALSE FALSE FALSE FALSE FALSE FALSE FALSE FALSE  TRUE FALSE FALSE FALSE
[115]  TRUE  TRUE FALSE FALSE FALSE  TRUE  TRUE FALSE FALSE  TRUE  TRUE  TRUE  TRUE FALSE  TRUE FALSE FALSE FALSE FALSE
[134]  TRUE  TRUE FALSE FALSE  TRUE  TRUE FALSE FALSE FALSE FALSE FALSE FALSE FALSE  TRUE  TRUE FALSE FALSE  TRUE  TRUE
[153]  TRUE  TRUE  TRUE  TRUE  TRUE  TRUE FALSE  TRUE  TRUE FALSE  TRUE  TRUE FALSE FALSE  TRUE FALSE  TRUE  TRUE  TRUE
[172] FALSE  TRUE FALSE FALSE  TRUE FALSE FALSE  TRUE  TRUE FALSE  TRUE  TRUE  TRUE FALSE  TRUE FALSE  TRUE  TRUE FALSE
[191]  TRUE  TRUE FALSE FALSE  TRUE FALSE FALSE FALSE FALSE  TRUE FALSE  TRUE  TRUE  TRUE  TRUE FALSE FALSE  TRUE  TRUE
[210]  TRUE  TRUE  TRUE  TRUE FALSE FALSE FALSE  TRUE FALSE FALSE FALSE  TRUE FALSE FALSE FALSE  TRUE FALSE  TRUE  TRUE
[229]  TRUE  TRUE  TRUE  TRUE FALSE FALSE  TRUE  TRUE  TRUE FALSE FALSE FALSE  TRUE FALSE  TRUE  TRUE FALSE FALSE  TRUE
[248]  TRUE  TRUE FALSE FALSE  TRUE  TRUE  TRUE  TRUE  TRUE FALSE FALSE  TRUE FALSE  TRUE FALSE  TRUE  TRUE FALSE  TRUE
[267]  TRUE FALSE FALSE FALSE FALSE FALSE  TRUE  TRUE FALSE FALSE FALSE FALSE  TRUE  TRUE FALSE  TRUE  TRUE FALSE  TRUE
[286]  TRUE FALSE  TRUE FALSE FALSE FALSE  TRUE  TRUE FALSE  TRUE  TRUE  TRUE  TRUE  TRUE  TRUE  TRUE  TRUE  TRUE  TRUE
[305]  TRUE  TRUE  TRUE  TRUE FALSE  TRUE  TRUE  TRUE  TRUE FALSE FALSE  TRUE FALSE FALSE  TRUE  TRUE  TRUE  TRUE  TRUE
[324]  TRUE  TRUE FALSE  TRUE FALSE  TRUE  TRUE FALSE FALSE  TRUE  TRUE  TRUE  TRUE FALSE  TRUE FALSE FALSE  TRUE  TRUE
[343]  TRUE  TRUE  TRUE  TRUE FALSE  TRUE FALSE FALSE  TRUE  TRUE  TRUE FALSE  TRUE  TRUE  TRUE  TRUE FALSE  TRUE FALSE
[362]  TRUE  TRUE FALSE FALSE FALSE  TRUE  TRUE  TRUE  TRUE FALSE  TRUE  TRUE FALSE  TRUE FALSE  TRUE  TRUE FALSE FALSE
[381]  TRUE  TRUE FALSE FALSE FALSE  TRUE  TRUE FALSE  TRUE  TRUE  TRUE  TRUE  TRUE  TRUE  TRUE  TRUE FALSE FALSE  TRUE
[400] FALSE  TRUE  TRUE  TRUE FALSE  TRUE FALSE FALSE FALSE FALSE FALSE FALSE  TRUE FALSE  TRUE FALSE  TRUE  TRUE  TRUE
[419] FALSE FALSE FALSE  TRUE FALSE FALSE  TRUE  TRUE  TRUE  TRUE  TRUE  TRUE FALSE FALSE FALSE FALSE  TRUE  TRUE  TRUE
[438]  TRUE  TRUE FALSE  TRUE  TRUE  TRUE FALSE FALSE  TRUE  TRUE  TRUE FALSE  TRUE  TRUE  TRUE  TRUE  TRUE  TRUE FALSE
[457]  TRUE FALSE  TRUE FALSE FALSE FALSE FALSE FALSE  TRUE  TRUE FALSE  TRUE  TRUE FALSE FALSE FALSE  TRUE  TRUE  TRUE
[476]  TRUE  TRUE FALSE FALSE  TRUE  TRUE FALSE  TRUE  TRUE FALSE  TRUE  TRUE  TRUE FALSE  TRUE FALSE FALSE  TRUE  TRUE
[495]  TRUE  TRUE FALSE  TRUE FALSE  TRUE  TRUE  TRUE  TRUE  TRUE FALSE  TRUE FALSE  TRUE FALSE FALSE  TRUE FALSE  TRUE
[514]  TRUE  TRUE FALSE  TRUE FALSE  TRUE  TRUE FALSE  TRUE  TRUE  TRUE  TRUE  TRUE  TRUE  TRUE  TRUE  TRUE FALSE FALSE
[533]  TRUE FALSE  TRUE  TRUE  TRUE  TRUE FALSE  TRUE FALSE  TRUE FALSE  TRUE  TRUE  TRUE  TRUE  TRUE  TRUE  TRUE  TRUE
[552]  TRUE  TRUE  TRUE  TRUE FALSE  TRUE  TRUE FALSE  TRUE  TRUE  TRUE  TRUE  TRUE  TRUE FALSE  TRUE  TRUE  TRUE  TRUE
[571]  TRUE  TRUE  TRUE  TRUE  TRUE  TRUE FALSE  TRUE  TRUE  TRUE  TRUE  TRUE  TRUE  TRUE  TRUE  TRUE  TRUE  TRUE FALSE
[590]  TRUE  TRUE  TRUE  TRUE  TRUE  TRUE  TRUE  TRUE  TRUE  TRUE  TRUE  TRUE  TRUE FALSE  TRUE  TRUE  TRUE  TRUE  TRUE
[609]  TRUE  TRUE  TRUE FALSE  TRUE  TRUE  TRUE  TRUE  TRUE  TRUE  TRUE FALSE  TRUE  TRUE  TRUE  TRUE  TRUE  TRUE  TRUE
[628]  TRUE  TRUE  TRUE FALSE  TRUE  TRUE  TRUE  TRUE  TRUE  TRUE  TRUE FALSE  TRUE  TRUE  TRUE FALSE FALSE  TRUE  TRUE
[647]  TRUE FALSE  TRUE  TRUE FALSE  TRUE  TRUE  TRUE  TRUE FALSE  TRUE  TRUE  TRUE  TRUE  TRUE FALSE  TRUE  TRUE  TRUE
[666]  TRUE  TRUE  TRUE  TRUE  TRUE  TRUE FALSE  TRUE  TRUE  TRUE  TRUE  TRUE FALSE  TRUE  TRUE  TRUE  TRUE  TRUE  TRUE
[685]  TRUE  TRUE  TRUE  TRUE  TRUE  TRUE  TRUE  TRUE  TRUE  TRUE  TRUE  TRUE  TRUE  TRUE  TRUE  TRUE  TRUE  TRUE  TRUE
[704]  TRUE FALSE  TRUE  TRUE  TRUE  TRUE  TRUE  TRUE  TRUE FALSE  TRUE  TRUE  TRUE  TRUE  TRUE  TRUE  TRUE  TRUE  TRUE
[723]  TRUE  TRUE  TRUE  TRUE  TRUE  TRUE FALSE  TRUE  TRUE FALSE  TRUE FALSE  TRUE  TRUE  TRUE FALSE  TRUE  TRUE  TRUE
[742]  TRUE  TRUE  TRUE  TRUE  TRUE  TRUE  TRUE  TRUE  TRUE  TRUE  TRUE  TRUE  TRUE  TRUE  TRUE  TRUE  TRUE  TRUE  TRUE
[761]  TRUE  TRUE  TRUE  TRUE  TRUE  TRUE  TRUE  TRUE  TRUE  TRUE  TRUE  TRUE  TRUE  TRUE  TRUE  TRUE  TRUE  TRUE  TRUE
[780]  TRUE  TRUE  TRUE  TRUE  TRUE  TRUE  TRUE  TRUE  TRUE  TRUE  TRUE  TRUE

