
Birth-death simulation object with 907 species and 500 extant species

Details for some species:

Extinction times (NA means extant)
[1] 132.97406 121.38706  69.12477 129.16063 133.03789 118.44807


Speciation times 
[1] 147.9414 138.0168 136.9329 136.7767 133.4663 124.4437


Species parents (NA for initial)
[1] NA  1  1  3  3  3


Species status (extinct or extant)
[1] "extinct" "extinct" "extinct" "extinct" "extinct" "extinct"


For more details on vector y, try sim$y, with y one of
TE TS PAR EXTANT



$TE
  [1] 132.97405723 121.38705610  69.12476537 129.16062638 133.03789143 118.44806969  85.77041850 105.75189218
  [9]  39.92625013  72.65452639 117.64466422  99.00278928  85.30250038 103.38784279  94.74536625  93.94964994
 [17]  95.73547999  71.50926168  34.71556732  79.54548475  77.70696734  82.79513052  80.70532097  76.07340894
 [25]  85.55190902  91.95300749  88.58445421  48.94627958  55.72940784  22.56746193           NA   1.62244153
 [33]           NA  22.33762394  30.94742753  34.10210198  74.86986608  63.67278765  38.95831950  82.89871714
 [41]  69.90581691  77.72127764  57.49152490  71.34555237  36.32419722  27.14970396  28.79614134  30.13106055
 [49]  42.56545832  20.45999107  74.02338513  61.34906598  26.95836333  22.53681076           NA  45.15412992
 [57]  71.86161083  73.18356147  16.83140308           NA  47.99299879  79.03489838  36.43673185  75.87102352
 [65]  79.85989939  73.78621764  11.61984002  44.63001020  57.78763710  47.84596188  41.50745557  19.79401782
 [73]  43.87952141  36.62794618  29.10399030  66.93299208  52.65386181  44.94862725  36.33930691  29.64632047
 [81]           NA  37.75737830  43.88561171  11.45563357  34.52212725  30.58401290  27.64340240   0.55273786
 [89]  33.76085945  45.56807900  34.50304009  24.94641518  24.13043142  38.57833279  39.31208326   7.48089147
 [97]           NA           NA  48.00847047  17.91263145  38.72776537  18.96624009  33.29770671           NA
[105]  20.53570494  30.57836711  24.63699761  17.64006894  39.01147326  44.66709135  48.15114270  47.38692131
[113]   5.40171098           NA  29.62790401           NA           NA  36.62376055  52.35505237  33.41763728
[121]  41.24242053  11.29112414  37.53724742  30.80454012  48.12873627           NA  46.20798079           NA
[129]  39.83346962  39.57333554  25.14198158  40.30419307  34.63464891   7.34289576  10.64631642  20.67964060
[137]           NA  20.21244979  38.55453622  40.22178736  20.94425747   9.75586343  22.32295281  34.21819216
[145]   8.33683694  18.60805981   9.43965575  44.90293208  30.19017448  22.40675080  20.51532323   2.40397649
[153]           NA   8.90351453  33.40009787  28.07809662  19.35442290  42.43979692           NA           NA
[161]           NA  23.72709343  25.93919429  11.66792351           NA           NA  20.51569947  15.26856379
[169]           NA           NA  31.71103618           NA  12.23489855  44.24849191  23.32325864           NA
[177]           NA  35.59747919  21.83376682  37.23073489  34.45471286  26.22163549           NA  36.27656275
[185]  24.95001504  11.95918627   4.01889408  37.18761332  41.12992133           NA           NA   6.75513649
[193]           NA           NA           NA           NA           NA  20.12924388   4.79460116  26.94385592
[201]  15.41129876   6.76226416           NA  30.03850265  11.36339163           NA           NA           NA
[209]   4.06588548           NA  12.67930439  14.96035835           NA           NA           NA           NA
[217]  13.64105469  21.84663582   3.51389478           NA  13.94453680  20.10936011           NA  19.10003102
[225]   8.37389875   9.38293261  28.13529126  32.73803123           NA  16.11881285  25.48721136   0.42938378
[233]  10.48462242   4.22414301  36.35084118           NA  31.97736889  20.07349172  10.48247432  31.98009306
[241]  22.86006555  38.76828821  26.07681598  10.19939231   7.81680338           NA  20.72908748   9.88718107
[249]   4.59529472  16.74534953  22.78062884  15.16570925  10.80116804           NA           NA  24.23529408
[257]  16.74882834  11.18983941  21.09044037           NA           NA           NA  31.65428970  18.77073890
[265]   7.29235984           NA           NA           NA           NA           NA           NA  31.07373136
[273]  23.16819210   3.67036129  16.54599050   5.99585862  28.80242045           NA   9.97396801   4.77306612
[281]  21.45958695           NA           NA           NA           NA           NA           NA  29.35331745
[289]           NA  21.54770953           NA           NA   8.46823212           NA  15.60264862  17.88110812
[297]  12.52666216           NA           NA  18.28861432           NA   9.09873897  19.86813509  11.67292164
[305]           NA   2.72470936  27.39499342  14.73325643           NA   3.45701169   4.97939043   0.75886465
[313]           NA  16.23623585   5.30896392           NA           NA   5.26478556  23.82863393  18.41623535
[321]  26.23945014  14.71076536           NA  15.51057719           NA           NA           NA  16.88735366
[329]           NA   6.72847552           NA   4.24062745           NA  15.73847686   4.07741923           NA
[337]  22.95857057           NA   3.17725887  17.57631719           NA           NA   6.01794212           NA
[345]  24.04442807  21.93835574           NA           NA  18.46228352           NA           NA           NA
[353]           NA  17.59669377  13.56127442   8.83384897  13.14488726   8.79266312   8.14264329           NA
[361]           NA           NA           NA  15.24640806  12.15089740           NA           NA           NA
[369]           NA  18.01429174           NA  24.14204376   6.19345666   6.55560890           NA           NA
[377]   0.17350534  16.31594490   1.51845298           NA   7.85629463  13.12169701           NA  15.83430921
[385]  12.51076585   8.44405786           NA           NA           NA  19.14272716  11.08726688           NA
[393]           NA  22.75902694           NA           NA           NA           NA   5.88659532           NA
[401]  15.64197180           NA           NA   9.62056834           NA   9.02066729           NA  11.25176354
[409]  13.51714819           NA           NA           NA   1.41868645           NA           NA           NA
[417]  11.54218077  14.96409249           NA   1.73682796   5.88114105           NA           NA   8.28463955
[425]           NA           NA           NA           NA   8.78759753           NA   7.74388997           NA
[433]           NA   5.98181153   4.36255697  13.72748766   8.75009353   1.07566698           NA           NA
[441]           NA           NA           NA           NA   3.94433259           NA           NA   2.58616769
[449]           NA           NA           NA  13.92693293           NA   7.24801390   1.38907714  15.35533897
[457]           NA           NA   5.08847309           NA           NA  14.40633198           NA           NA
[465]           NA   8.08308799   4.67288302   2.61072742           NA           NA  12.44120658           NA
[473]   9.91381879           NA   8.62359418           NA           NA           NA           NA  13.55494669
[481]  10.44794325   4.71191621  12.30677536           NA           NA           NA           NA           NA
[489]  12.85177722   3.57026065           NA   5.42842700           NA           NA           NA   0.78813592
[497]           NA   4.93596976           NA           NA           NA           NA           NA           NA
[505]           NA           NA           NA           NA   4.29059085           NA           NA           NA
[513]           NA           NA  16.47418732           NA  16.29993674   6.94557489           NA   2.21281389
[521]           NA   2.08161218   7.20128632           NA           NA  12.97100890           NA  10.56422616
[529]           NA           NA  18.00356691  13.87594747   1.61148992   5.16767146           NA           NA
[537]   9.90435441           NA   0.29919137   2.39257431           NA  11.60966590           NA           NA
[545]           NA           NA           NA           NA  16.43502111           NA           NA   2.24446345
[553]           NA   4.97277602   0.07273834           NA           NA           NA           NA   7.21137354
[561]  10.89050833   1.88987665           NA           NA           NA           NA           NA  10.38475037
[569]  11.42884082           NA           NA           NA           NA           NA           NA           NA
[577]  16.62001230  10.85154144           NA   8.59787163           NA           NA  10.07541917   7.23575009
[585]           NA           NA   3.88566181           NA           NA           NA           NA           NA
[593]           NA           NA           NA           NA   2.91565002   0.66088211   5.84703986           NA
[601]   5.32106785           NA           NA   5.30026759   9.82322578           NA           NA           NA
[609]           NA   0.35076908   0.17491207   3.25057147           NA   9.02045036   2.98950931           NA
[617]           NA           NA           NA  13.44862348           NA           NA   5.43095848           NA
[625]           NA   7.40049259           NA           NA           NA   2.46310307           NA   0.74874845
[633]           NA           NA           NA           NA           NA   3.67232024   5.45733688           NA
[641]           NA           NA   6.59382792           NA           NA           NA           NA   9.42112032
[649]           NA   2.59473457           NA           NA           NA           NA           NA           NA
[657]           NA           NA           NA           NA           NA   7.01846255           NA           NA
[665]           NA           NA   7.83615825   4.00691735           NA   7.86822515           NA           NA
[673]           NA           NA   4.95546685           NA           NA           NA   3.15414227           NA
[681]           NA           NA   1.75883047           NA           NA   2.43144019           NA           NA
[689]   9.16745581           NA   1.30361734           NA           NA           NA           NA           NA
[697]           NA           NA           NA           NA           NA   4.71860185           NA           NA
[705]           NA           NA           NA           NA           NA   0.71224851           NA           NA
[713]           NA           NA           NA           NA           NA           NA   1.96908435           NA
[721]           NA           NA   6.13140907   4.21264874           NA           NA           NA           NA
[729]           NA   3.73532590           NA           NA           NA           NA           NA           NA
[737]           NA           NA           NA           NA           NA           NA           NA           NA
[745]           NA           NA           NA           NA           NA           NA           NA   2.45091695
[753]           NA           NA           NA   0.10386346           NA           NA           NA           NA
[761]   6.49904799           NA           NA   1.21937364           NA           NA           NA           NA
[769]           NA           NA   2.62027767           NA           NA           NA           NA           NA
[777]           NA           NA           NA           NA   7.11569148           NA           NA           NA
[785]   4.80804945           NA           NA           NA           NA           NA           NA           NA
[793]   0.11147455           NA           NA           NA           NA           NA           NA           NA
[801]           NA           NA           NA           NA           NA           NA           NA   3.99157355
[809]           NA   1.69900472           NA           NA           NA           NA           NA           NA
[817]   0.20285181           NA           NA           NA           NA           NA           NA           NA
[825]           NA           NA           NA           NA           NA           NA           NA           NA
[833]           NA           NA           NA           NA           NA           NA           NA   0.69518884
[841]           NA           NA   0.09460093           NA           NA           NA           NA           NA
[849]           NA           NA           NA           NA           NA           NA           NA           NA
[857]           NA           NA           NA           NA           NA           NA           NA           NA
[865]           NA           NA           NA           NA           NA           NA   1.70045867           NA
[873]           NA           NA           NA           NA           NA           NA           NA           NA
[881]           NA           NA           NA           NA           NA           NA           NA           NA
[889]           NA           NA           NA           NA           NA           NA           NA   0.27982878
[897]           NA           NA           NA           NA           NA           NA           NA           NA
[905]           NA           NA           NA

$TS
  [1] 147.94136596 138.01682177 136.93286459 136.77670973 133.46630007 124.44370337 122.66400660 121.10471076
  [9]  90.02791515  78.22058263 121.83652079 112.96594606 111.88793061 107.77793668  97.62943191 108.55252243
 [17] 104.60243752  91.79020447  95.53864540 107.76386988  92.19904006  86.78917984  85.35798191  80.82963275
 [25] 100.96528810 100.25963884  95.77386058  83.73480721  64.67624726  51.80546380  51.32691846  44.26475114
 [33]  44.02423939  38.07567672  37.08766385  35.49023959  78.87972669  88.09002808  87.99761593  83.81206320
 [41]  81.85630602  83.43972890  82.10019221  77.40343007  66.06457827  66.04999712  58.52620369  56.44474352
 [49]  52.89392535  45.80186520  77.95363573  80.28753851  60.66098114  46.11390275  43.21514535  82.54778787
 [57]  72.85511041  77.92632241  67.30736082  59.49108619  64.56271480  80.32904433  72.41281232  76.44091093
 [65]  80.11434691  74.73546422  73.59840383  72.37488616  62.90010967  56.32397782  46.03774263  29.53351582
 [73]  53.79004596  45.32091816  38.92698000  68.53842544  57.15350960  56.24765188  46.88249540  30.19659415
 [81]  23.05054489  56.59656250  51.61887465  47.03943914  43.42417711  42.41864576  39.93407633  61.24350107
 [89]  61.32869618  59.60665757  52.79761866  49.09172779  47.53176868  57.44338968  49.67610500  15.59194371
 [97]  10.54595438   1.77883925  56.62440355  49.96398471  47.89139199  47.26757593  43.66327364  43.32590147
[105]  36.41162077  32.42293630  31.54807537  29.11561555  55.38328763  51.02701175  51.64190403  47.83991804
[113]  24.75168221   0.96807933  49.97470679  34.84495075  32.30652820  41.87343999  53.26528165  51.23565444
[121]  51.18408084  47.83017566  40.44288037  36.89130530  54.31776910  53.17189516  50.37644334  50.17616454
[129]  44.85776473  47.16080521  51.84662648  48.59599404  46.02711201  40.25584240  40.10146913  26.30682536
[137]   9.57714501  41.21145040  47.79486397  40.89820074  31.68418788  30.02442447  40.83127307  39.46097588
[145]  30.74662485  24.68094711  19.86729495  49.64898285  44.06112569  43.20569284  27.86305689  16.62157824
[153]  14.03276288  11.59712609  36.61464432  33.94208762  31.92425097  47.20743304  39.02635526  24.38869911
[161]  44.14324095  45.63637562  36.25755883  24.38272622  23.74255785  12.00870901  35.18610119  31.59648546
[169]  24.72938023  36.51462375  33.44076744  28.86023796  22.58727016  45.94840751  35.38525423  16.21668938
[177]  14.40158415  46.57524931  24.18640063  44.73960861  42.17260927  40.07221081  42.94159587  39.15048051
[185]  34.35976509  24.30044349  43.82429358  43.32695090  41.90455546  34.14214961  17.33104702  16.91194978
[193]   5.33255822  16.29148466   2.91379171  39.68064336  27.14413319  25.76113986   8.04095699  33.70059744
[201]  27.17436233  10.95916360   9.49694505  40.76013476  24.58147652  21.57696098  12.68794525   9.31249896
[209]   5.03592136   1.10167131  42.19631359  41.67022756  18.98417187  17.48504489   8.39143462  35.38442230
[217]  27.12656564  35.04840458  25.31965103  19.86289805  15.82721013  31.64845460  26.11156056  24.56174143
[225]  14.87028613  41.10911005  38.41379252  35.43491010  25.46389682  36.58793388  27.23850455  26.35676063
[233]  19.45060040  17.15117844  40.82348252  35.52220787  37.72225442  29.95185645  12.46920917  35.72130503
[241]  30.87789729  39.40449622  29.51408726  24.69908437   8.73807550   1.01187653  37.67945282  35.23079093
[249]  31.96754582  28.65406393  33.01816832  24.71044506  37.50073451  37.22350820  35.80060458  27.69963419
[257]  25.07380703  35.72630597  35.34202856  19.22579515  10.98204050  34.41262889  34.64482584  28.45265772
[265]  29.35357747  28.43454709  28.39509317  25.57365895   9.83026138   6.28418431   4.58204802  35.44244774
[273]  26.79449684  26.19421451  29.37622018  12.79829718  30.53125949  25.48986995  21.25343514  17.38550234
[281]  25.08917204  15.97881719   9.99720016   7.63048477   4.96696985   2.22753444  31.38882494  33.11176006
[289]   3.67965345  29.97763025  23.56253930  21.24108264  26.14434826  24.09207564  33.59939360  25.01545530
[297]  13.24858431   3.75302667   0.51708290  33.48843253  25.52166429   9.53509058  29.31400708  27.44495358
[305]  11.13382020  31.55603491  32.59396953  21.59995888  29.81564386  31.25037865  19.94524541   5.13504311
[313]   4.72917834  31.08916327  25.69277113  21.79387342   8.30854986  29.58296821  23.84580404  23.03680752
[321]  28.53079290  22.41423551  27.97894472  21.60373805  11.24752069   1.54318471   7.15482357  24.45921266
[329]  16.56397472  22.74769338  19.12060334  12.69438583   9.66042967  30.04526214  29.80024036  29.67443190
[337]  25.01917092  24.08205628  26.77487149  25.49000404  13.41644147   3.52229822  26.46528352  24.16877957
[345]  27.52823761  22.53866655   6.43830008   6.17991413  26.89907894  22.15330716  20.03103189  28.79703336
[353]   9.82818995  28.08162544  27.76209686  23.16581062  19.76285953  28.35531112  15.60310689  11.93121241
[361]  11.16650070   4.09645904  23.09744668  23.02708908  21.71392209  11.82868906   6.83887020   4.81194217
[369]  21.04365820  19.94317207  21.45040944  27.13245838  26.26891930  24.52918719  26.72469808  26.27769525
[377]  25.48595491  22.79549223  13.64777263  21.19860732  22.41412432  25.71876553  20.77225594  19.91408442
[385]  26.20355943  25.21719482   9.36787083   7.43986338  26.27261835  24.32276829  18.13502665  15.95673870
[393]  11.31598557  23.52387367  12.56762680  10.97075080   6.07531218  23.27828717  23.24367696  19.21763703
[401]  16.26476924   7.32628552  20.06060615  19.07827001   9.93777876  19.34152859  13.56974592  17.13040526
[409]  14.73459086  16.88814347  16.61887911  14.28589704  10.17285841  17.00279562   0.21251409  20.94331808
[417]  13.93879686  25.34182734  21.22177879  10.32361340  23.65529421   6.57067566  15.77245043  11.48805390
[425]   3.81020736  23.19377442  16.97564445   7.82456872  21.80680289  17.84533317  13.05479969   7.66365634
[433]   3.24274556  19.53297894  17.19910806  21.16000529  20.58757403  17.14557558   8.28233931  19.81801939
[441]  22.41929444  21.52299124  21.31854992  19.01362139  10.87733250   5.13885156  13.83965355  19.66522834
[449]  14.47486702   3.89347180   3.17581293  16.50990440  12.63374936  11.76578275   7.54122196  20.74255616
[457]  17.79096777  14.30228831  10.67551316   9.10219926   5.60637147  16.42835772   9.75099753   4.90187612
[465]   4.02293336  21.56264112  17.95898888  12.64195398  10.96481129  19.97179551  14.78293251   3.57007236
[473]  12.02900579   6.86927918  17.87617455  11.77861089   4.68549088  22.33715347  21.76641165  21.50373041
[481]  20.12349120  17.01543935  14.25581307  11.72403186  20.40293697  13.30962570   4.16801886   3.85601634
[489]  22.27455981  17.30120150  12.74914986   9.54291781   4.46858399   9.23658374   2.54500822  17.95240857
[497]  10.01189404  18.09916941  14.12095806  11.83753187   4.67000316   4.25092917   2.45132581   7.35943767
[505]  16.30023741  20.49833942  12.30824049  14.05044612  14.90754969   5.27888143   4.47731285   5.69064717
[513]   9.17995039   7.45565235  20.18244853   7.27831590  17.73773444   9.48479758   8.73977705  18.14671939
[521]  15.12468361   5.31324815  18.50396591  15.65640795  11.61875747  18.20083749   6.03923977  19.91936820
[529]  16.29171749   7.36304774  18.68417059  14.78623342   9.32387322   7.33631125   0.06068767  12.22949296
[537]  11.83898726   2.53906402  10.74320722   6.89081775  14.28019760  17.04387579  17.62934408   1.87107815
[545]  16.12508084  10.64564154   6.69161176   2.09158601  18.10272821  16.20467393  15.82400376  12.23753039
[553]  10.58640193  11.47313163  14.07286372   1.31445572   0.20209864  17.65601308  13.64372412   9.54434195
[561]  16.72256567  14.23783338  11.53315930  10.71319301   1.13883854  16.51174059  17.61378629  13.38549509
[569]  17.18446451   3.37000101  17.81025731  16.44116242   2.40385016   2.46659178  15.56083176   8.36483739
[577]  16.99456868  13.82850895   3.34897082  12.10201896   4.24728178   2.84197898  14.68766304  14.65010637
[585]   6.14365041   7.77408328   5.52724968   3.17048372   9.31107470  16.26647358  12.26686851  15.67102732
[593]  15.11005314  14.06594979  14.69030543  14.77352594   6.72806263   4.42067975  10.82845637   5.78379685
[601]   7.21526666  10.67137588   7.84739856   6.45066686  10.96840838   7.69367981   5.33018732   8.49222527
[609]   9.42922723   1.77456735   0.75857827   9.09384391   0.41991850  15.55265310  10.31225542   2.70556893
[617]   1.79177301   2.75300615  13.04271778  14.99014475   3.93276320   2.26716010   9.60965083   9.38146313
[625]   8.84046115   8.36928017   3.43113071   2.55771506   0.78472207   7.74725504   7.65559228   4.29237090
[633]   1.49258088   8.87351805   5.27735578   2.81600808  13.69283298   7.72920374   8.96974979   5.61461571
[641]   2.01012724   9.56334992   8.82110802   4.69355615   3.14907202   1.99553034   0.80904951  13.69115354
[649]   7.25886921   3.76042665   2.98188573   4.05572862   8.47796349   1.61568908  13.67117093   5.38561948
[657]  10.87319449   7.93235152   3.46405506  10.23885417   3.09759169   7.40036969   7.15023997   6.21171764
[665]  10.37463176   6.42226193   8.77474218   6.76556883   0.86244091   8.62079290   0.74819183   7.83892177
[673]   1.01677716   4.81381047  12.01791380   7.74673037   5.35252424   0.80780944   8.34865132   5.30857675
[681]   5.05296243   4.73150754   3.02769273   2.98596470   4.36877950  11.73727890   7.77503980   7.14194766
[689]   9.24807708   8.15415824   4.94665406   4.14792264   9.60432332  11.54877362   6.06361043   4.04760901
[697]   6.31116461   5.67502102   3.66004818  10.95464416   6.24044546   6.74478466   6.31141553   7.45824097
[705]   4.39704353   4.32892810   1.98710168   1.22787030   7.16209247   0.94992878   6.28639164   8.47585431
[713]   1.14875093   1.75583595   1.32212191   8.24155390   2.13491094   9.01623116   4.45221262   7.97647081
[721]   3.43909706   8.38958190   6.92813358   9.68344582   2.34385266   2.28679003   3.70505612   7.63696449
[729]   4.09655481   6.07051829   0.44409022   8.49484813   4.47839466   3.43441986   0.30473771   9.59570400
[737]   5.12548623   4.58242344   8.92003643   5.75158845   5.43448874   9.05545137   2.68322809   5.93924832
[745]   0.21331268   0.06131658   5.43624657   4.30952418   2.90047916   1.56878074   8.03367127   7.86154246
[753]   3.89987847   2.14987092   7.33922522   2.05566248   3.50795281   4.96384382   3.83175741   2.90336919
[761]   6.95826908   3.66443045   4.62375220   2.01492329   0.88265706   4.85270280   3.23856492   0.59966737
[769]   0.53519632   5.23989303   2.64758239   2.57419899   5.17467916   1.50991872   6.68353470   5.06308448
[777]   4.38147754   4.54107705   5.37112719   4.87921819   7.21473102   6.54623289   6.57498771   2.84860719
[785]   5.06446104   4.99771990   4.69114623   4.31594356   3.83406800   2.30930654   0.78290747   0.19633633
[793]   5.20700594   6.99976349   3.50450299   1.56710634   6.74570627   5.10333884   0.79718872   6.40204832
[801]   6.72386416   4.45013326   4.09993487   1.45522580   4.46300607   6.55059220   1.34299132   6.07007626
[809]   3.17778104   4.53645978   2.72103133   3.66516545   1.70480748   0.49857187   1.42594126   2.73931187
[817]   6.02788029   3.48482743   4.75844766   3.49405098   2.02168111   1.99138115   1.71794097   4.24023744
[825]   0.05368748   2.98555936   4.62411985   2.82200137   0.71030797   5.38356468   0.96075000   0.82785475
[833]   4.81445721   2.45568728   0.99105547   4.97369822   1.15786564   4.77048438   2.67024105   4.51391630
[841]   3.74407010   2.52140429   2.71886753   1.07693956   4.64540433   2.36786367   0.38162442   4.17502502
[849]   1.93461306   1.08140287   1.52553969   3.07772922   1.56492740   0.76987398   0.04540931   4.07714016
[857]   1.97678981   3.08339422   1.40646387   0.85014942   4.37150948   3.98669584   0.92096310   2.65085144
[865]   0.84449787   2.19420033   0.64642417   1.24857300   0.41659993   3.60860426   3.21077685   0.66290277
[873]   2.41529842   0.17986872   3.49646733   3.58735210   2.26273819   1.57076753   1.39669003   3.64916741
[881]   1.60882654   0.16553042   2.12566466   0.69739232   0.05919110   1.79455439   1.17223932   2.12082708
[889]   0.12018738   2.69363595   0.53246394   2.50316017   2.61682227   0.16870503   1.59433558   0.29505565
[897]   1.50820518   1.71098379   0.14842153   0.25722839   0.05730922   0.60264159   0.09545092   0.67822914
[905]   0.26236415   0.77424124   0.59562351

$PAR
  [1]  NA   1   1   3   3   3   3   3   3   3   7   7   7   7   7  12  12  13  16  14  20  20  20  20  17  17  17  19
 [29]  19  19  19  19  19  19  19  19  21  18  18  18  18   9   9   9   9   9   9   9   9   9  38  39  39  39  39  23
 [57]  28  56  56  56  43  41  41  24  52  58  44  67  67  67  67  67  63  63  63  68  68  68  68  59  59  45  45  45
 [85]  45  45  46  29  61  69  89  89  89  88  88  88  88  88  53  53  53  53  53  53  53  53  53  53  90  90  60  60
[113]  60  60  47  47  47  94  77  82  48  48  48  48  70  78  78 109 109  73 126 126 126 126 126 126 126  91 131 131
[141] 131 131  31  31  31  31  31 127 128 128 128 128 128 128 115 115 115 100 100 100  95 148 122 122 122 122  93  93
[169]  93 102 102 102 102 130  84  84  84  79  54  71  71  50 162 162 162 162  32  32  32  32  32  32  32 161 161  33
[197]  33  33  33 187 187 187 187 188 104 104 104 104 104 104  55  55  55  55  55 150 150 183 183 183 183  86 211 211
[225] 211 181 212 212 212 138 226 226 226 226 140 143 123 134 134 135 182  87  87 196 196 196 159 159 159 159  34  34
[253] 237 247 253 253 253 254 254 254 254  35 124 230 170 170 170 170 170 170 170 105 105 105 255 255 258 258 258 258
[281] 236 236 236 236 236 236 272 216 216 259 259 259 248 248 167 218 116 116 116 262 262 262 185 190 190 156 200 300
[309] 288 117 117 117 117 249 249 249 249 157 157 141 168 168 306 287 287 287 310 314 314 145 145 145 145 277  80  80
[337] 290 290 238 238 309 309 335 335 336 336 336 336 318  72  72 265 265 303 108 108 108 352 352 352 352 352 250 264
[365] 266 267 267 267 354 354 151 355 355 345 304 304 304 304 304 201 197 372 217 349 339 375 375 375 232 232 232 232
[393] 232 136 376 376 376 389 389 389 389 389 373 373 373 385 385 274 274 293 293 293 293 223 223 198 382 315 315 315
[421] 268 268 301 301 301 278 278 278 377 377 377 377 229 219 257 113 113 113 169 244 146 146 146 328 160 160 186 344
[449] 344 344 344 294 294 294 294 338 338 338 165 165 165 421 291 291 291 398 398 398 398 426 426 426 356 363  81  81
[477]  81 364 378 330 330 330 330 330 441 441 441 441 381 478 478 478 478 350 350 429 429 316 316 316 316 316 316 479
[505] 365 308 206 466 442 443 443 292 419 419 380 380 369 416 416 383 383 383 437 437 437 506 506 485 485 485 515 403
[533] 403 403 403 351 351 351 470 311 528 384 220 220 440 440 440 440 357 448 434 434 434 260 400 400 400 331 331 331
[561] 444 444 444 444 213 523 526 520 549 496 430 571 571 457 558 558 543 543 543 567 567 567 214 214 214 280 191 191
[589] 490 435 435 408 542 542 482 414 414 427 410 410 411 572 529 529 590 590 590 176 550 550 550 545 282 221 551 551
[617] 551 423 592 524 524 524 359 359 359 359 575 575 575 521 593 593 593 225 596 596 595 595 584 449 177 412 412 412
[645] 412 541 541 483 562 562 562 499 555 594 417 447 637 637 637 648 655 379 379 379 559 407 341 341 341 486 486 619
[673] 619 491 332 207 207 207 468 507 507 507 591 591 552 675 675 675 166 360 476 476 686 484 525 525 393 361 361 305
[701] 305 261 261 396 396 396 469 469 445 657 459 602 602 546 546 553 553  97  97 665 665 420 420 660 660 413 497 283
[729] 283 405 269 353 353 353 463 724 642 203 518 609 609 624 533 208 589 494 460 739 634 634 643 643 608 653 722 576
[757] 317 439 439 439 716 716 751 751 751 720 720 720 720 752 752 752 586 586 630 638 606 432 631 728 284 284 455 455
[785] 704 704 704 704 704 704 704 704 514 388 388 504 755 755 755 534 649 649 709 709 663 668 783 422 422 806 806 347
[813] 666 666 703 697 711 270 701 664 664 664 664 397 695 744 698 640 640 747 830 193 510 510 793 773 446 312 681 209
[841] 836 285 758 464 766 766 833 674 368 368 838 682 845 271 271 840 733 805 805 805 719 685 706 748 632 502 502 692
[869] 803 729 729 729 753 488 298 841 727 727 812 762 472 820 579 433 661 858 684 651 651 636 616 743 839 772 628 622
[897] 286 764 750 796 796 897 565 835 765 791 791

$EXTANT
  [1] FALSE FALSE FALSE FALSE FALSE FALSE FALSE FALSE FALSE FALSE FALSE FALSE FALSE FALSE FALSE FALSE FALSE FALSE FALSE
 [20] FALSE FALSE FALSE FALSE FALSE FALSE FALSE FALSE FALSE FALSE FALSE  TRUE FALSE  TRUE FALSE FALSE FALSE FALSE FALSE
 [39] FALSE FALSE FALSE FALSE FALSE FALSE FALSE FALSE FALSE FALSE FALSE FALSE FALSE FALSE FALSE FALSE  TRUE FALSE FALSE
 [58] FALSE FALSE  TRUE FALSE FALSE FALSE FALSE FALSE FALSE FALSE FALSE FALSE FALSE FALSE FALSE FALSE FALSE FALSE FALSE
 [77] FALSE FALSE FALSE FALSE  TRUE FALSE FALSE FALSE FALSE FALSE FALSE FALSE FALSE FALSE FALSE FALSE FALSE FALSE FALSE
 [96] FALSE  TRUE  TRUE FALSE FALSE FALSE FALSE FALSE  TRUE FALSE FALSE FALSE FALSE FALSE FALSE FALSE FALSE FALSE  TRUE
[115] FALSE  TRUE  TRUE FALSE FALSE FALSE FALSE FALSE FALSE FALSE FALSE  TRUE FALSE  TRUE FALSE FALSE FALSE FALSE FALSE
[134] FALSE FALSE FALSE  TRUE FALSE FALSE FALSE FALSE FALSE FALSE FALSE FALSE FALSE FALSE FALSE FALSE FALSE FALSE FALSE
[153]  TRUE FALSE FALSE FALSE FALSE FALSE  TRUE  TRUE  TRUE FALSE FALSE FALSE  TRUE  TRUE FALSE FALSE  TRUE  TRUE FALSE
[172]  TRUE FALSE FALSE FALSE  TRUE  TRUE FALSE FALSE FALSE FALSE FALSE  TRUE FALSE FALSE FALSE FALSE FALSE FALSE  TRUE
[191]  TRUE FALSE  TRUE  TRUE  TRUE  TRUE  TRUE FALSE FALSE FALSE FALSE FALSE  TRUE FALSE FALSE  TRUE  TRUE  TRUE FALSE
[210]  TRUE FALSE FALSE  TRUE  TRUE  TRUE  TRUE FALSE FALSE FALSE  TRUE FALSE FALSE  TRUE FALSE FALSE FALSE FALSE FALSE
[229]  TRUE FALSE FALSE FALSE FALSE FALSE FALSE  TRUE FALSE FALSE FALSE FALSE FALSE FALSE FALSE FALSE FALSE  TRUE FALSE
[248] FALSE FALSE FALSE FALSE FALSE FALSE  TRUE  TRUE FALSE FALSE FALSE FALSE  TRUE  TRUE  TRUE FALSE FALSE FALSE  TRUE
[267]  TRUE  TRUE  TRUE  TRUE  TRUE FALSE FALSE FALSE FALSE FALSE FALSE  TRUE FALSE FALSE FALSE  TRUE  TRUE  TRUE  TRUE
[286]  TRUE  TRUE FALSE  TRUE FALSE  TRUE  TRUE FALSE  TRUE FALSE FALSE FALSE  TRUE  TRUE FALSE  TRUE FALSE FALSE FALSE
[305]  TRUE FALSE FALSE FALSE  TRUE FALSE FALSE FALSE  TRUE FALSE FALSE  TRUE  TRUE FALSE FALSE FALSE FALSE FALSE  TRUE
[324] FALSE  TRUE  TRUE  TRUE FALSE  TRUE FALSE  TRUE FALSE  TRUE FALSE FALSE  TRUE FALSE  TRUE FALSE FALSE  TRUE  TRUE
[343] FALSE  TRUE FALSE FALSE  TRUE  TRUE FALSE  TRUE  TRUE  TRUE  TRUE FALSE FALSE FALSE FALSE FALSE FALSE  TRUE  TRUE
[362]  TRUE  TRUE FALSE FALSE  TRUE  TRUE  TRUE  TRUE FALSE  TRUE FALSE FALSE FALSE  TRUE  TRUE FALSE FALSE FALSE  TRUE
[381] FALSE FALSE  TRUE FALSE FALSE FALSE  TRUE  TRUE  TRUE FALSE FALSE  TRUE  TRUE FALSE  TRUE  TRUE  TRUE  TRUE FALSE
[400]  TRUE FALSE  TRUE  TRUE FALSE  TRUE FALSE  TRUE FALSE FALSE  TRUE  TRUE  TRUE FALSE  TRUE  TRUE  TRUE FALSE FALSE
[419]  TRUE FALSE FALSE  TRUE  TRUE FALSE  TRUE  TRUE  TRUE  TRUE FALSE  TRUE FALSE  TRUE  TRUE FALSE FALSE FALSE FALSE
[438] FALSE  TRUE  TRUE  TRUE  TRUE  TRUE  TRUE FALSE  TRUE  TRUE FALSE  TRUE  TRUE  TRUE FALSE  TRUE FALSE FALSE FALSE
[457]  TRUE  TRUE FALSE  TRUE  TRUE FALSE  TRUE  TRUE  TRUE FALSE FALSE FALSE  TRUE  TRUE FALSE  TRUE FALSE  TRUE FALSE
[476]  TRUE  TRUE  TRUE  TRUE FALSE FALSE FALSE FALSE  TRUE  TRUE  TRUE  TRUE  TRUE FALSE FALSE  TRUE FALSE  TRUE  TRUE
[495]  TRUE FALSE  TRUE FALSE  TRUE  TRUE  TRUE  TRUE  TRUE  TRUE  TRUE  TRUE  TRUE  TRUE FALSE  TRUE  TRUE  TRUE  TRUE
[514]  TRUE FALSE  TRUE FALSE FALSE  TRUE FALSE  TRUE FALSE FALSE  TRUE  TRUE FALSE  TRUE FALSE  TRUE  TRUE FALSE FALSE
[533] FALSE FALSE  TRUE  TRUE FALSE  TRUE FALSE FALSE  TRUE FALSE  TRUE  TRUE  TRUE  TRUE  TRUE  TRUE FALSE  TRUE  TRUE
[552] FALSE  TRUE FALSE FALSE  TRUE  TRUE  TRUE  TRUE FALSE FALSE FALSE  TRUE  TRUE  TRUE  TRUE  TRUE FALSE FALSE  TRUE
[571]  TRUE  TRUE  TRUE  TRUE  TRUE  TRUE FALSE FALSE  TRUE FALSE  TRUE  TRUE FALSE FALSE  TRUE  TRUE FALSE  TRUE  TRUE
[590]  TRUE  TRUE  TRUE  TRUE  TRUE  TRUE  TRUE FALSE FALSE FALSE  TRUE FALSE  TRUE  TRUE FALSE FALSE  TRUE  TRUE  TRUE
[609]  TRUE FALSE FALSE FALSE  TRUE FALSE FALSE  TRUE  TRUE  TRUE  TRUE FALSE  TRUE  TRUE FALSE  TRUE  TRUE FALSE  TRUE
[628]  TRUE  TRUE FALSE  TRUE FALSE  TRUE  TRUE  TRUE  TRUE  TRUE FALSE FALSE  TRUE  TRUE  TRUE FALSE  TRUE  TRUE  TRUE
[647]  TRUE FALSE  TRUE FALSE  TRUE  TRUE  TRUE  TRUE  TRUE  TRUE  TRUE  TRUE  TRUE  TRUE  TRUE FALSE  TRUE  TRUE  TRUE
[666]  TRUE FALSE FALSE  TRUE FALSE  TRUE  TRUE  TRUE  TRUE FALSE  TRUE  TRUE  TRUE FALSE  TRUE  TRUE  TRUE FALSE  TRUE
[685]  TRUE FALSE  TRUE  TRUE FALSE  TRUE FALSE  TRUE  TRUE  TRUE  TRUE  TRUE  TRUE  TRUE  TRUE  TRUE  TRUE FALSE  TRUE
[704]  TRUE  TRUE  TRUE  TRUE  TRUE  TRUE FALSE  TRUE  TRUE  TRUE  TRUE  TRUE  TRUE  TRUE  TRUE FALSE  TRUE  TRUE  TRUE
[723] FALSE FALSE  TRUE  TRUE  TRUE  TRUE  TRUE FALSE  TRUE  TRUE  TRUE  TRUE  TRUE  TRUE  TRUE  TRUE  TRUE  TRUE  TRUE
[742]  TRUE  TRUE  TRUE  TRUE  TRUE  TRUE  TRUE  TRUE  TRUE  TRUE FALSE  TRUE  TRUE  TRUE FALSE  TRUE  TRUE  TRUE  TRUE
[761] FALSE  TRUE  TRUE FALSE  TRUE  TRUE  TRUE  TRUE  TRUE  TRUE FALSE  TRUE  TRUE  TRUE  TRUE  TRUE  TRUE  TRUE  TRUE
[780]  TRUE FALSE  TRUE  TRUE  TRUE FALSE  TRUE  TRUE  TRUE  TRUE  TRUE  TRUE  TRUE FALSE  TRUE  TRUE  TRUE  TRUE  TRUE
[799]  TRUE  TRUE  TRUE  TRUE  TRUE  TRUE  TRUE  TRUE  TRUE FALSE  TRUE FALSE  TRUE  TRUE  TRUE  TRUE  TRUE  TRUE FALSE
[818]  TRUE  TRUE  TRUE  TRUE  TRUE  TRUE  TRUE  TRUE  TRUE  TRUE  TRUE  TRUE  TRUE  TRUE  TRUE  TRUE  TRUE  TRUE  TRUE
[837]  TRUE  TRUE  TRUE FALSE  TRUE  TRUE FALSE  TRUE  TRUE  TRUE  TRUE  TRUE  TRUE  TRUE  TRUE  TRUE  TRUE  TRUE  TRUE
[856]  TRUE  TRUE  TRUE  TRUE  TRUE  TRUE  TRUE  TRUE  TRUE  TRUE  TRUE  TRUE  TRUE  TRUE  TRUE FALSE  TRUE  TRUE  TRUE
[875]  TRUE  TRUE  TRUE  TRUE  TRUE  TRUE  TRUE  TRUE  TRUE  TRUE  TRUE  TRUE  TRUE  TRUE  TRUE  TRUE  TRUE  TRUE  TRUE
[894]  TRUE  TRUE FALSE  TRUE  TRUE  TRUE  TRUE  TRUE  TRUE  TRUE  TRUE  TRUE  TRUE  TRUE

