
Birth-death simulation object with 633 species and 500 extant species

Details for some species:

Extinction times (NA means extant)
[1] 41.60124 45.75936 43.18522       NA 57.60429 18.66241


Speciation times 
[1] 75.24309 66.66615 64.92315 61.99539 58.60492 50.47616


Species parents (NA for initial)
[1] NA  1  2  2  2  2


Species status (extinct or extant)
[1] "extinct" "extinct" "extinct" "extant"  "extinct" "extinct"


For more details on vector y, try sim$y, with y one of
TE TS PAR EXTANT



$TE
  [1] 41.60123787 45.75936250 43.18522013          NA 57.60428931 18.66240894          NA  4.93360696 58.42688695
 [10] 34.96201659          NA 12.25793319          NA  7.40423332  9.22134143  3.73205824          NA          NA
 [19] 23.61676917  6.81066407          NA 19.35421503  6.32933088 28.37715844 20.16277935 20.99028028 21.64774692
 [28]          NA  7.07946410 11.69200672  8.49478822          NA          NA          NA 13.49113168 12.99643661
 [37]          NA 28.21599214          NA          NA          NA 23.04512942          NA 17.43703025          NA
 [46]          NA  8.79707842 12.97745271          NA          NA          NA          NA          NA          NA
 [55]          NA 22.78005119          NA 14.67426233          NA  3.35849233          NA          NA  3.74952887
 [64]          NA          NA 11.74588562 11.13008596 17.82146260          NA  6.28164118          NA          NA
 [73]          NA  5.93913328          NA  3.97396765          NA  6.67288828 17.20394491 17.13474893 12.98966272
 [82] 12.47711309          NA 18.55305921  5.39582411          NA          NA          NA 23.66465859 15.40328217
 [91]          NA          NA          NA          NA 20.13216514 15.84855462          NA          NA          NA
[100]          NA          NA          NA          NA          NA          NA          NA          NA 15.71929932
[109]          NA 19.38697664 12.03141944          NA  2.71364209          NA          NA          NA  6.06859162
[118]  1.79375261          NA          NA          NA          NA          NA          NA          NA          NA
[127]          NA          NA          NA          NA  1.86575676          NA          NA          NA 11.34214821
[136]          NA 16.06458267 12.72832396          NA          NA  6.41794447          NA  4.75363666  1.92679940
[145]          NA          NA          NA 18.85089025 14.34370108          NA          NA  9.09898028          NA
[154]  9.15121733          NA          NA  3.51767237  2.43043098 12.28600152  0.07997186          NA          NA
[163]          NA          NA          NA 10.68124733  3.76966646 17.27257940          NA          NA          NA
[172]          NA          NA  4.40108110          NA          NA          NA          NA  0.28861981          NA
[181]          NA          NA  1.89447091          NA          NA          NA          NA          NA  4.43783326
[190]          NA          NA  3.62672470  3.03838625  6.05539820          NA          NA          NA          NA
[199]          NA          NA          NA          NA          NA          NA          NA  0.20387830          NA
[208] 15.96270699          NA 11.17353817          NA          NA          NA          NA          NA          NA
[217]          NA          NA          NA          NA          NA 10.48969782 10.23072134          NA          NA
[226]          NA  7.00474993  3.51050841          NA          NA  3.14914354          NA          NA          NA
[235]          NA          NA          NA          NA  8.92149230          NA          NA          NA  9.29210492
[244]  7.10383302          NA          NA          NA          NA          NA          NA          NA          NA
[253]          NA          NA          NA  2.15602100          NA          NA          NA          NA          NA
[262]          NA          NA 11.46467775          NA          NA  0.49943251          NA          NA  1.28264771
[271]          NA  2.85394714  4.01447987          NA          NA          NA          NA          NA          NA
[280]          NA          NA          NA  9.13112135          NA  7.61047615          NA          NA          NA
[289]          NA          NA          NA          NA          NA          NA          NA          NA 13.34624130
[298]  9.29148594          NA  1.63263806          NA  1.38308552          NA          NA          NA 13.64410662
[307]          NA  9.92442237          NA          NA          NA          NA          NA          NA          NA
[316]          NA          NA  3.28506595          NA          NA  8.69214883          NA          NA          NA
[325]          NA          NA          NA          NA          NA          NA          NA 10.13485064          NA
[334]          NA          NA          NA          NA          NA  2.49877837          NA          NA          NA
[343]          NA          NA          NA          NA          NA          NA          NA          NA          NA
[352]          NA          NA          NA          NA          NA          NA          NA          NA          NA
[361]          NA          NA          NA          NA  0.53662085          NA          NA  1.56432270          NA
[370]          NA          NA          NA          NA          NA          NA  1.70355786          NA          NA
[379]          NA          NA  9.34176287          NA          NA          NA          NA          NA          NA
[388]          NA          NA          NA          NA          NA          NA          NA          NA          NA
[397]          NA          NA          NA          NA          NA          NA          NA          NA          NA
[406]          NA          NA          NA          NA          NA          NA          NA          NA          NA
[415]          NA  8.26916517          NA          NA          NA          NA          NA          NA          NA
[424]          NA          NA          NA          NA          NA          NA  1.95340362  4.62078385          NA
[433]          NA          NA          NA          NA          NA          NA          NA          NA          NA
[442]          NA          NA          NA          NA          NA          NA          NA          NA          NA
[451]          NA          NA  0.80859462          NA  3.06892596          NA          NA          NA          NA
[460]          NA          NA          NA          NA          NA          NA          NA          NA          NA
[469]          NA          NA          NA          NA          NA          NA          NA          NA          NA
[478]          NA          NA          NA          NA          NA          NA  3.48504066          NA          NA
[487]          NA          NA          NA          NA          NA  2.08836337          NA          NA  1.97469217
[496]          NA          NA          NA          NA          NA          NA  2.80120231          NA          NA
[505]          NA          NA          NA          NA          NA          NA          NA          NA  1.66588199
[514]          NA  0.93238035          NA          NA          NA          NA          NA  0.26707231          NA
[523]          NA          NA          NA          NA          NA          NA          NA          NA          NA
[532]          NA          NA          NA          NA          NA          NA          NA          NA          NA
[541]          NA  0.14781821          NA          NA          NA          NA          NA          NA          NA
[550]          NA          NA          NA          NA          NA          NA          NA  1.39652031          NA
[559]          NA          NA          NA          NA          NA          NA          NA          NA          NA
[568]          NA          NA          NA          NA          NA          NA          NA          NA          NA
[577]          NA          NA          NA          NA          NA          NA          NA          NA          NA
[586]          NA  1.31771890          NA          NA          NA          NA          NA          NA          NA
[595]  0.40557216  0.48047907          NA          NA          NA          NA          NA          NA          NA
[604]          NA          NA          NA          NA          NA          NA          NA          NA          NA
[613]          NA          NA          NA          NA          NA          NA          NA  0.42299330          NA
[622]          NA          NA          NA          NA          NA          NA          NA          NA          NA
[631]          NA          NA          NA

$TS
  [1] 75.24309237 66.66615113 64.92315286 61.99539181 58.60492199 50.47616370 51.13139379 49.62159876 58.46730402
 [10] 36.44191416 26.64825085 20.47867178 13.83141589 12.00033529 34.33876410 31.10651134 19.06892483 14.12008800
 [19] 31.15498460 20.58422759 45.13356120 40.78755140 40.06185732 36.08078996 34.49922559 26.10522168 24.80169408
 [28] 21.57459243  8.08322912 37.32226009 36.72624277 33.17826879 28.58364001 25.00988486 19.97643104 19.47549370
 [37]  5.38969813 30.56258093 13.66564946 11.99615327 32.78619570 32.70541557 27.59918653 31.62867104 24.39075677
 [46] 23.84762648 18.46802562 16.72842819 15.32692055 12.64941077 24.16819182 20.16107149 19.25501624 31.76196144
 [55] 25.80097838 25.68647061 22.27354379 14.93652058 14.93218696 10.71066687  2.48608975 32.19742381 28.88009927
 [64] 21.25784386  3.47577026 31.34306403 26.43135809 25.55268780 27.11864259 10.79109387  9.74769257  4.25363688
 [73] 30.46275493 29.14619057 16.37937649 15.81323432 10.57655723 28.16626363 26.28415180 19.61786633 30.08464735
 [82] 24.13145644 13.32961934 30.34793238 16.15262965 21.55406121 10.46648148  0.67001747 26.25526679 21.41488237
 [91] 19.83178392 12.09965692  4.38818028  7.13445833 22.21291286 15.91454135 14.21749191  3.77743157 19.92298688
[100] 18.47574897 23.90074828 22.61333366 12.83532270  9.15615314  5.28983489 24.89779546 22.57967831 23.46113955
[109]  5.35487089 24.70576308 21.82419571 11.91400800  4.18084086  1.42587268  4.22539800  0.25922223 20.13784588
[118] 15.32695694 12.10214645 10.52193169  8.49029287  5.50411465 20.41425766 11.50655312  6.99433057  5.45465491
[127]  3.78431711 22.12778378 14.98090214 22.40011016 17.44598314  4.35429821 21.50929542 20.42010553 19.23106480
[136] 22.25801542 21.03820393 19.03266374 11.65007047 16.90474438 14.45865470 12.20036504 10.62804298 17.93120834
[145] 16.97745808 11.13161818  7.81948858 21.52175102 21.40654502 15.40166253  5.72196304 14.12950868 16.12091955
[154] 15.40412647  7.71361627  4.05887655 20.67866491 12.13490011 12.32505429  2.13141613 14.60505590  5.73536391
[163] 20.21899898 19.49992129 19.47015241 18.04870774 13.04256913 18.79816949 10.97523154 18.61438516 11.89813236
[172]  9.67619750  7.43642468  6.66849003  5.61865414  4.72509461 10.13018055  6.52831925  5.20229111  1.35639788
[181] 18.25507866 14.53400162 11.87691672 11.65509561  6.51282736  0.41680789 14.13088115  8.13107053  7.81380185
[190]  3.99006151 15.62296965  8.72829892  6.67568355 19.40382302  8.58859294 14.98681227  8.32061269  7.04453160
[199]  5.15862633  4.93701791  3.10799234 17.10310050 11.60954836  0.89420703  6.95566983  5.83854389  2.56098868
[208] 16.12654026 12.02743805 12.91685505  8.27243516  7.91144003  4.55664115  2.35953212  1.40892090 13.45909334
[217] 12.54314001 16.22497885 11.86372892  9.35535885  9.29417737 14.04354388 10.97493286 10.69204148  5.59640507
[226] 11.47909850 18.45015982 16.44120954 18.35578069 15.09941447 11.73106394 17.85663188 17.46871836 17.96859695
[235] 13.12309799 12.32663553 11.64125253 16.49123347 15.15674457 10.82941168  6.06342550  0.28272702 12.81368403
[244] 11.17858162  5.84369417 12.68240818  5.61620209  3.52001242  2.58135818 15.97217556 13.98440082  8.11362476
[253]  4.63521469  2.80452990 10.12258641  8.62194871  2.41852731  1.11631799 16.62764645  5.36837102 14.99046842
[262]  8.74976299  3.05547061 12.77232200  3.60809413  5.20028216  2.37166279 14.18176921  8.32106585  5.57001428
[271]  5.04887965  4.87959240  4.76390064 13.53679522 11.00147379  4.70898088  7.10018987 12.13647355 12.48443277
[280] 11.24029396  3.26495704  4.98490197 12.32237855 10.38954581  9.92817625  8.32988946  4.55614007  3.31836589
[289]  4.26459372  3.09500895  8.44323181  6.70361174  5.24427681 10.24082785  2.37461831 12.79111128 14.27625640
[298] 10.84282755  9.09911100  8.25268694  4.75764268  8.18171006  0.40229912  6.82207023  3.92858259 14.00453868
[307] 12.62998459 10.87114086  8.34499896  3.15654501 10.29202452  1.52050287  0.78508056  8.00378501  0.51685302
[316]  2.93410738  8.76488487  6.30529529  6.26359273  0.66807704  9.92713960  8.10650395  2.51819175 12.71552353
[325] 10.47308034 12.17258720  3.98528716  0.94578464 11.14832040 10.66707970  3.36880999 10.35266283  0.13605928
[334]  0.67919168  9.52982125  5.55595325  8.57076152  6.92389456 11.73758999  9.95695936  4.97367846  3.14139141
[343]  3.05087696  2.48769116  9.03546220  7.04461323  8.71735794  4.37751668  9.08243370  2.96737576  8.28874555
[352]  1.57800033  0.93347804  3.18510889  6.93103362 11.01922171  5.13232446  4.54870644  3.91200798  1.48458318
[361]  0.97798740  9.47170003  5.83424780  2.27192215  9.63437051  5.46612130  4.45387464  4.27182709  0.63026584
[370]  5.15709340  8.62793207  1.90240016  4.04714910  2.03918313  0.52885614  4.77225120  4.39990293  4.28374910
[379]  0.13530472  6.22567113 10.19953302  6.16833881  5.04833501  3.91728010  1.30689560  9.13501143  5.76165018
[388]  9.91736396  2.69084006  2.00768477  1.65632208  2.33949143  1.02629722  7.69907784  6.27145099  3.08068878
[397] 10.09445894  5.89088993  9.59600676  6.36002217  6.65035384  0.96774255  9.33375504  8.22168699  4.16602410
[406]  1.14679708  5.95020452  1.05078720  8.04193612  6.16013214  2.77091373  5.72125160  4.46192113  3.65411895
[415]  0.87529196  8.76434383  6.92107089  0.14629592  8.13858840  4.90166780  4.88115331  7.94339468  6.37948529
[424]  3.46448659  5.17469672  0.48746821  0.70212612  0.56370315  1.46539562  7.95381238  7.27852134  6.54839600
[433]  4.04756134  1.37147269  8.09896776  7.17168515  6.21717287  3.30043163  5.30813749  4.12472742  2.61186171
[442]  2.26770520  7.74206522  6.04810631  5.86292918  4.92597221  0.35365788  6.48112614  2.83805168  1.80317476
[451]  7.63892757  5.78017242  3.25966820  6.85162709  7.30881200  0.81478790  5.18484040  4.66548907  3.88361752
[460]  1.64699621  5.99065466  1.94600515  4.41029275  3.38418600  0.01384039  4.38265661  6.63229898  6.19780938
[469]  0.50331737  5.50179781  0.90685731  0.08828892  6.23153221  6.22066576  1.92822123  1.80663352  0.06080334
[478]  2.36757077  6.13634864  5.79337086  5.09255916  2.69927661  0.06887200  5.99441362  0.43788933  3.88508408
[487]  5.57876819  5.43180023  3.23042230  4.89466204  0.84875722  6.12508188  4.00583839  5.44773773  2.44215799
[496]  0.82774315  0.59853693  2.72641826  2.91774180  5.37529171  4.25708930  3.04457717  1.89902784  1.42517306
[505]  4.04461034  1.97660566  0.72924606  4.93205056  0.55521498  1.37557642  0.19301956  2.89856507  3.74350682
[514]  1.85862807  4.71463774  3.75910476  1.08673558  3.93336279  3.69141289  1.55019316  1.54876747  4.45261917
[523]  3.33383009  2.45550886  0.12497885  4.68492106  4.32971648  2.52322623  4.40124844  3.20207886  0.18715879
[532]  2.18549118  0.01187990  4.38826890  3.62933391  2.89780679  1.09392336  3.75958134  3.23453549  0.07183632
[541]  3.53690337  2.54064740  0.94972110  3.83188093  3.10733128  2.99009876  3.95903654  1.38709467  1.24143088
[550]  3.54403333  2.68202804  3.47333593  3.17994026  0.22370703  3.13721371  3.80414954  3.13317967  1.60810322
[559]  0.81303273  2.50054090  2.92094096  0.99510905  0.79832481  3.96801774  3.28200931  3.49163972  2.03001637
[568]  3.93758184  3.06577747  0.46110537  0.04026795  3.77764043  0.13222147  3.74861084  3.71114898  1.96410957
[577]  1.67303410  2.24748527  1.21714953  0.13099281  3.77658996  0.42449513  3.14774352  2.34303693  2.42565517
[586]  1.45587288  2.45372332  0.65604804  1.36430966  1.79032699  3.25723504  1.05591633  3.22502091  1.01040228
[595]  2.95345531  1.92267742  2.37104326  0.11470652  1.45983414  0.32652572  0.05504348  2.14123329  0.37943300
[604]  3.00524723  0.29686099  2.64614235  0.33640159  2.04083304  2.28327668  1.67238683  0.22212433  1.38616736
[613]  0.94587436  0.25168354  1.61704762  0.14861749  1.39862056  0.63308432  0.37463234  0.78772439  0.76377756
[622]  0.12699657  1.32618263  1.14645650  0.38079738  0.21464570  0.79274847  0.47373550  0.32209053  0.10976642
[631]  0.10636200  0.13512122  0.26210223

$PAR
  [1]  NA   1   2   2   2   2   3   3   4   4   4   4   4   4   7   7   7   7   6   6   8   8   8   8   8   8   8   8   8
 [30]  21  21  21  21  21  21  21  21  23  23  23  30  30  30  31  31  31  31  31  31  31  15  15  15  32  32  32  32  32
 [59]  32  32  32  41  41  41  41  42  42  42  62  62  62  62  54  54  54  54  54  44  44  44  66  66  66  19  16  73  73
 [88]  73  84  74  63  33  33  78  43  43  43  43  69  69  11  11  11  11  11  89  26  55  55  56  68  34  34  34 106 106
[117]  45  45  45  45  45  45  51  51  51  51  51  82  82  46  46  46 108 108 108 102 102 102 102 107 107 107 107 130 130
[146] 130 130  57  57  57  57 136 128 128 128 128 111 111  28  28  86  86 133 133 133 133 133 149  64 137 157 157 157 157
[175] 157 157 134 134 134 134 123 123 163 163 163 163  52  52  52  52 117 117 117  35  99  91  91  91  91  91  91 164 164
[204] 164 165 165 165 194 194  53  53  53  53  53  53 135 135  17  17  17  17 170 170 170 170 100  47  47 227 229 229 181
[233] 181 166 166 166 166 234 234 234 234 234 144 144 144 232 232 232 232 233 233 233 131 131 202 202 202 202 145 145 140
[262] 140 140 238 238  75  75 218 218 218 218 218 218  85 153 153  76 191 154 118 118  49 239 239 230 230 261 261 196 196
[291]  59  59  59 161 161 182 141 141 141 141  97 268 268 187 187 152 152  18  18  18 251 251 251  13  13 274 216 216 216
[320] 216 235 235 103 296 296 324 324 324  50 307 307 217 217 279 236 236 142 142 326 326 326 326 326 326 278 278 158 158
[349]  92  40 112 171 171 183 219 339 339 339 339 184 184 203 203 203 124 226 280 280 280 329 356 356 275 240 240  60  60
[378] 330 330 143  77 325 325 325 325  87  87 284 284 284 284 294 294 177 177 177 255 255 340 340 388 172 365 365 365 365
[407] 399 362 220 403 403 221 221 104 386 317 317 347 371 371 371 256 195 195 337 121 291 291 197 351 351 351 351 351 211
[436] 419 188 188 322 322 322 322 409 314 314 314 314 422 212 147 189 155 155 394 173 173 436  94  94  94 198 125 338 338
[465] 338 454 401 401 401 467 467 467 432 432 432 432 432 178 395 395 395 395 395 473 380 474 437 437 437 468 468 479 479
[494] 461 407 407 407 398 445 206 206 363 363 363 480 452 452 162 162 151 151 412 247 225 122 122 470 494 488 500 260 439
[523] 439 439 105 179 179 179 457 425 425 199 357 481 481 481 481 341 446 446 420 420 490 301 176 515 526 213 213 287 287
[552] 522 522 522 463 377 377 377 466 348 132 132 289 405 433 505 505 493 493 493 327 564 564 547 547 547 568 518 518 518
[581] 359 459 544 127 581 581 538 538 516 574 513 535 566 566 331 331 523 565 591 489 489 354 553 342 342 290 569 536 411
[610] 411 207  61 585 392 364 364 532 532 374 462 590 577 391 406 592 328 204 563 627 313 313 427 600

$EXTANT
  [1] FALSE FALSE FALSE  TRUE FALSE FALSE  TRUE FALSE FALSE FALSE  TRUE FALSE  TRUE FALSE FALSE FALSE  TRUE  TRUE FALSE
 [20] FALSE  TRUE FALSE FALSE FALSE FALSE FALSE FALSE  TRUE FALSE FALSE FALSE  TRUE  TRUE  TRUE FALSE FALSE  TRUE FALSE
 [39]  TRUE  TRUE  TRUE FALSE  TRUE FALSE  TRUE  TRUE FALSE FALSE  TRUE  TRUE  TRUE  TRUE  TRUE  TRUE  TRUE FALSE  TRUE
 [58] FALSE  TRUE FALSE  TRUE  TRUE FALSE  TRUE  TRUE FALSE FALSE FALSE  TRUE FALSE  TRUE  TRUE  TRUE FALSE  TRUE FALSE
 [77]  TRUE FALSE FALSE FALSE FALSE FALSE  TRUE FALSE FALSE  TRUE  TRUE  TRUE FALSE FALSE  TRUE  TRUE  TRUE  TRUE FALSE
 [96] FALSE  TRUE  TRUE  TRUE  TRUE  TRUE  TRUE  TRUE  TRUE  TRUE  TRUE  TRUE FALSE  TRUE FALSE FALSE  TRUE FALSE  TRUE
[115]  TRUE  TRUE FALSE FALSE  TRUE  TRUE  TRUE  TRUE  TRUE  TRUE  TRUE  TRUE  TRUE  TRUE  TRUE  TRUE FALSE  TRUE  TRUE
[134]  TRUE FALSE  TRUE FALSE FALSE  TRUE  TRUE FALSE  TRUE FALSE FALSE  TRUE  TRUE  TRUE FALSE FALSE  TRUE  TRUE FALSE
[153]  TRUE FALSE  TRUE  TRUE FALSE FALSE FALSE FALSE  TRUE  TRUE  TRUE  TRUE  TRUE FALSE FALSE FALSE  TRUE  TRUE  TRUE
[172]  TRUE  TRUE FALSE  TRUE  TRUE  TRUE  TRUE FALSE  TRUE  TRUE  TRUE FALSE  TRUE  TRUE  TRUE  TRUE  TRUE FALSE  TRUE
[191]  TRUE FALSE FALSE FALSE  TRUE  TRUE  TRUE  TRUE  TRUE  TRUE  TRUE  TRUE  TRUE  TRUE  TRUE FALSE  TRUE FALSE  TRUE
[210] FALSE  TRUE  TRUE  TRUE  TRUE  TRUE  TRUE  TRUE  TRUE  TRUE  TRUE  TRUE FALSE FALSE  TRUE  TRUE  TRUE FALSE FALSE
[229]  TRUE  TRUE FALSE  TRUE  TRUE  TRUE  TRUE  TRUE  TRUE  TRUE FALSE  TRUE  TRUE  TRUE FALSE FALSE  TRUE  TRUE  TRUE
[248]  TRUE  TRUE  TRUE  TRUE  TRUE  TRUE  TRUE  TRUE FALSE  TRUE  TRUE  TRUE  TRUE  TRUE  TRUE  TRUE FALSE  TRUE  TRUE
[267] FALSE  TRUE  TRUE FALSE  TRUE FALSE FALSE  TRUE  TRUE  TRUE  TRUE  TRUE  TRUE  TRUE  TRUE  TRUE FALSE  TRUE FALSE
[286]  TRUE  TRUE  TRUE  TRUE  TRUE  TRUE  TRUE  TRUE  TRUE  TRUE  TRUE FALSE FALSE  TRUE FALSE  TRUE FALSE  TRUE  TRUE
[305]  TRUE FALSE  TRUE FALSE  TRUE  TRUE  TRUE  TRUE  TRUE  TRUE  TRUE  TRUE  TRUE FALSE  TRUE  TRUE FALSE  TRUE  TRUE
[324]  TRUE  TRUE  TRUE  TRUE  TRUE  TRUE  TRUE  TRUE FALSE  TRUE  TRUE  TRUE  TRUE  TRUE  TRUE FALSE  TRUE  TRUE  TRUE
[343]  TRUE  TRUE  TRUE  TRUE  TRUE  TRUE  TRUE  TRUE  TRUE  TRUE  TRUE  TRUE  TRUE  TRUE  TRUE  TRUE  TRUE  TRUE  TRUE
[362]  TRUE  TRUE  TRUE FALSE  TRUE  TRUE FALSE  TRUE  TRUE  TRUE  TRUE  TRUE  TRUE  TRUE FALSE  TRUE  TRUE  TRUE  TRUE
[381] FALSE  TRUE  TRUE  TRUE  TRUE  TRUE  TRUE  TRUE  TRUE  TRUE  TRUE  TRUE  TRUE  TRUE  TRUE  TRUE  TRUE  TRUE  TRUE
[400]  TRUE  TRUE  TRUE  TRUE  TRUE  TRUE  TRUE  TRUE  TRUE  TRUE  TRUE  TRUE  TRUE  TRUE  TRUE  TRUE FALSE  TRUE  TRUE
[419]  TRUE  TRUE  TRUE  TRUE  TRUE  TRUE  TRUE  TRUE  TRUE  TRUE  TRUE FALSE FALSE  TRUE  TRUE  TRUE  TRUE  TRUE  TRUE
[438]  TRUE  TRUE  TRUE  TRUE  TRUE  TRUE  TRUE  TRUE  TRUE  TRUE  TRUE  TRUE  TRUE  TRUE  TRUE FALSE  TRUE FALSE  TRUE
[457]  TRUE  TRUE  TRUE  TRUE  TRUE  TRUE  TRUE  TRUE  TRUE  TRUE  TRUE  TRUE  TRUE  TRUE  TRUE  TRUE  TRUE  TRUE  TRUE
[476]  TRUE  TRUE  TRUE  TRUE  TRUE  TRUE  TRUE  TRUE FALSE  TRUE  TRUE  TRUE  TRUE  TRUE  TRUE  TRUE FALSE  TRUE  TRUE
[495] FALSE  TRUE  TRUE  TRUE  TRUE  TRUE  TRUE FALSE  TRUE  TRUE  TRUE  TRUE  TRUE  TRUE  TRUE  TRUE  TRUE  TRUE FALSE
[514]  TRUE FALSE  TRUE  TRUE  TRUE  TRUE  TRUE FALSE  TRUE  TRUE  TRUE  TRUE  TRUE  TRUE  TRUE  TRUE  TRUE  TRUE  TRUE
[533]  TRUE  TRUE  TRUE  TRUE  TRUE  TRUE  TRUE  TRUE  TRUE FALSE  TRUE  TRUE  TRUE  TRUE  TRUE  TRUE  TRUE  TRUE  TRUE
[552]  TRUE  TRUE  TRUE  TRUE  TRUE FALSE  TRUE  TRUE  TRUE  TRUE  TRUE  TRUE  TRUE  TRUE  TRUE  TRUE  TRUE  TRUE  TRUE
[571]  TRUE  TRUE  TRUE  TRUE  TRUE  TRUE  TRUE  TRUE  TRUE  TRUE  TRUE  TRUE  TRUE  TRUE  TRUE  TRUE FALSE  TRUE  TRUE
[590]  TRUE  TRUE  TRUE  TRUE  TRUE FALSE FALSE  TRUE  TRUE  TRUE  TRUE  TRUE  TRUE  TRUE  TRUE  TRUE  TRUE  TRUE  TRUE
[609]  TRUE  TRUE  TRUE  TRUE  TRUE  TRUE  TRUE  TRUE  TRUE  TRUE  TRUE FALSE  TRUE  TRUE  TRUE  TRUE  TRUE  TRUE  TRUE
[628]  TRUE  TRUE  TRUE  TRUE  TRUE  TRUE

