
Birth-death simulation object with 623 species and 500 extant species

Details for some species:

Extinction times (NA means extant)
[1]  7.53278 30.01355 46.18738 11.92885 42.78791       NA


Speciation times 
[1] 72.74352 58.32010 53.59826 51.08055 48.04128 41.25424


Species parents (NA for initial)
[1] NA  1  1  1  1  1


Species status (extinct or extant)
[1] "extinct" "extinct" "extinct" "extinct" "extinct" "extant" 


For more details on vector y, try sim$y, with y one of
TE TS PAR EXTANT



$TE
  [1]  7.5327801 30.0135525 46.1873825 11.9288470 42.7879129         NA         NA         NA 53.6144494 29.7696929
 [11] 21.6904897         NA 50.9772304 13.2263659 12.1941177 12.5148944         NA 28.7754286 10.5746108         NA
 [21]         NA 10.1972402         NA         NA         NA 18.6603534 22.7913209         NA         NA         NA
 [31]         NA         NA 20.6341038         NA         NA         NA 10.5332272         NA         NA         NA
 [41] 26.3850800         NA         NA  6.2663431 16.6013310  7.7060116         NA         NA  8.4045710         NA
 [51]         NA         NA         NA  3.6863412         NA         NA         NA  7.3086014         NA  7.3865692
 [61]         NA         NA         NA         NA         NA         NA  7.7593105         NA         NA         NA
 [71]         NA         NA         NA         NA         NA         NA  4.5777504         NA  9.6326724  5.5497596
 [81]  1.1823773         NA 18.5353445  9.2343961         NA         NA  9.4332499 16.7600699         NA         NA
 [91]         NA         NA 12.3396537         NA         NA  5.7261048 17.2111916         NA         NA         NA
[101]  8.3699514         NA         NA         NA 12.7164508         NA  6.3769006  8.4156188         NA         NA
[111]         NA         NA 15.2870067         NA         NA         NA         NA         NA         NA  4.2095571
[121]         NA         NA         NA 11.4495382         NA         NA         NA  4.5858629         NA         NA
[131]         NA         NA         NA         NA         NA  2.2228448         NA  6.2400956         NA  4.8146045
[141]         NA  7.5821382  2.4040897         NA         NA         NA         NA         NA         NA         NA
[151]         NA         NA         NA         NA 16.6871145         NA         NA         NA         NA         NA
[161]         NA         NA         NA  2.5142068 17.3189929         NA         NA         NA  3.9154949         NA
[171]         NA         NA         NA  0.3337862         NA         NA 15.8074029  1.3043670         NA         NA
[181]         NA         NA  1.0730719         NA  4.5588230 11.4139300         NA         NA         NA         NA
[191]         NA         NA  1.6781485         NA         NA         NA         NA  1.8268748  1.5468762         NA
[201]         NA         NA         NA         NA  6.0675641         NA         NA         NA 11.4389977         NA
[211]         NA         NA         NA         NA  7.2079017         NA         NA         NA         NA         NA
[221]         NA         NA  1.9207468         NA         NA         NA         NA         NA         NA         NA
[231]         NA  6.7384451  2.6390523         NA         NA         NA         NA         NA         NA         NA
[241]         NA  0.7711758  4.2249479         NA         NA         NA         NA         NA         NA         NA
[251]  7.3785421  0.3384274         NA         NA         NA         NA         NA         NA  2.3943120         NA
[261]  7.3241163         NA  0.1377747         NA         NA         NA         NA         NA         NA         NA
[271]         NA         NA  6.1163819         NA  9.8560001  3.9235274         NA         NA         NA         NA
[281]         NA  9.5080697         NA         NA  4.4049557  3.1078862         NA         NA         NA  7.0028299
[291]         NA         NA  2.7247554         NA         NA         NA         NA         NA         NA  7.9441395
[301]         NA  1.1486096         NA         NA  6.6356634         NA         NA         NA         NA 10.6683048
[311]         NA         NA         NA         NA         NA         NA         NA         NA  4.0030286         NA
[321]         NA         NA         NA         NA         NA  6.3653061         NA         NA         NA         NA
[331]         NA         NA         NA         NA         NA  4.2135528         NA  0.9406183         NA         NA
[341]         NA  2.9369708  2.7085748         NA         NA         NA         NA         NA         NA         NA
[351]  1.5043106  0.6548604         NA         NA         NA         NA         NA         NA         NA         NA
[361]         NA         NA         NA         NA         NA         NA         NA         NA  3.8525126         NA
[371]         NA         NA         NA  4.8986824         NA         NA  1.0354398  1.9980394         NA         NA
[381]         NA         NA  7.5754603         NA         NA         NA  7.5759474         NA         NA  3.0109707
[391]         NA         NA         NA         NA         NA         NA         NA  7.3717242         NA  5.2800952
[401]         NA         NA         NA         NA         NA         NA         NA         NA  4.6359448         NA
[411]         NA         NA         NA  0.4271131         NA         NA         NA         NA         NA         NA
[421]  1.6401600         NA         NA         NA         NA         NA         NA         NA         NA         NA
[431]  1.2054876         NA         NA         NA         NA  1.3136497         NA         NA         NA         NA
[441]         NA         NA         NA         NA         NA         NA         NA         NA         NA         NA
[451]         NA         NA         NA  3.5457617         NA         NA         NA         NA         NA         NA
[461]         NA         NA         NA         NA         NA  4.8108351         NA         NA  1.9318209  3.2160700
[471]         NA         NA         NA         NA         NA         NA         NA         NA         NA         NA
[481]         NA         NA         NA         NA         NA         NA         NA         NA         NA         NA
[491]         NA         NA         NA         NA  1.5049765         NA         NA         NA         NA         NA
[501]         NA         NA         NA  1.5189921         NA         NA         NA         NA         NA         NA
[511]         NA         NA         NA         NA         NA         NA         NA         NA         NA         NA
[521]         NA         NA         NA         NA         NA         NA         NA         NA         NA         NA
[531]         NA  2.9232897         NA         NA         NA         NA         NA         NA         NA         NA
[541]         NA         NA         NA         NA         NA         NA         NA         NA         NA         NA
[551]         NA  0.5375116         NA         NA         NA         NA         NA         NA         NA  1.1239517
[561]         NA         NA         NA         NA         NA         NA  1.4435798         NA         NA         NA
[571]         NA         NA         NA         NA         NA         NA         NA         NA         NA         NA
[581]         NA         NA         NA         NA         NA         NA         NA         NA         NA         NA
[591]         NA         NA         NA         NA         NA         NA         NA  0.4924553         NA         NA
[601]         NA         NA         NA         NA         NA         NA         NA         NA         NA         NA
[611]         NA         NA         NA         NA         NA         NA         NA         NA         NA         NA
[621]         NA         NA         NA

$TS
  [1] 7.274352e+01 5.832010e+01 5.359826e+01 5.108055e+01 4.804128e+01 4.125424e+01 1.241587e+01 8.284489e+00
  [9] 5.587601e+01 4.012475e+01 3.362638e+01 3.206377e+01 5.532801e+01 3.880783e+01 1.380382e+01 1.365757e+01
 [17] 3.902231e+01 3.498893e+01 2.750415e+01 2.110577e+01 6.702200e+00 3.571972e+01 1.577429e+01 2.226945e+01
 [25] 2.114942e+01 3.431429e+01 3.241189e+01 2.557397e+01 3.084274e+01 2.689618e+01 2.688464e+01 2.487166e+01
 [33] 3.143348e+01 3.120815e+01 1.736079e+01 1.629562e+01 1.128210e+01 1.647443e+00 2.527294e+01 1.312597e+01
 [41] 2.877779e+01 2.499566e+01 2.487504e+01 2.265635e+01 2.215697e+01 2.144228e+01 1.678007e+01 1.420814e+01
 [49] 1.332037e+01 9.555264e+00 8.657159e+00 2.635949e+01 2.635850e+01 1.401467e+01 1.036177e+01 2.494064e+00
 [57] 2.187726e+01 1.745212e+01 1.604218e+00 2.204655e+01 1.969503e+01 1.918232e+01 1.018759e+01 3.731226e+00
 [65] 2.495322e+01 1.847209e+01 1.716305e+01 9.635508e+00 9.547895e+00 8.566890e+00 6.061361e+00 5.110972e+00
 [73] 4.673727e+00 4.056213e+00 2.352711e+01 1.977405e+01 1.078774e+01 2.399899e+01 1.755825e+01 1.157198e+01
 [81] 1.139084e+01 9.899646e+00 2.400162e+01 1.574936e+01 1.286379e+01 5.948064e+00 2.358489e+01 1.957330e+01
 [89] 1.140949e+01 2.108370e+01 1.171285e+01 4.121584e-01 2.221558e+01 2.209871e+01 1.957640e+01 1.956119e+01
 [97] 1.906313e+01 1.006895e+01 2.262952e+01 2.043690e+01 1.627990e+01 1.253875e+01 1.114130e+01 1.930179e+01
[105] 1.755703e+01 8.365091e+00 1.985066e+01 1.910541e+01 1.151265e+00 9.961789e+00 1.921013e+01 1.914975e+01
[113] 1.750267e+01 1.624041e+01 1.547955e+01 1.123522e+01 2.132332e+01 1.708517e+01 1.271631e+01 1.140380e+01
[121] 1.806148e+01 1.792104e+01 2.031481e+01 1.429699e+01 8.607648e+00 3.666381e+00 3.278978e+00 2.051432e+01
[129] 4.883931e-01 1.150815e+01 5.175920e+00 1.504454e+01 1.363545e+01 1.530769e-01 1.366322e+01 1.170316e+01
[137] 1.164352e+01 7.896249e+00 6.089716e+00 5.488097e+00 1.230571e+01 1.514301e+01 1.418937e+01 1.325287e+01
[145] 1.525608e+01 5.983448e+00 5.755927e+00 1.105982e+01 5.481667e+00 1.841138e+01 3.950247e+00 1.714060e+01
[153] 8.954010e+00 4.770035e+00 1.844690e+01 1.260524e+01 1.073373e+01 9.844999e+00 8.610553e+00 6.165271e+00
[161] 5.410213e+00 1.685637e+00 1.130672e+01 1.032611e+01 1.781870e+01 1.863464e+00 1.237589e+00 7.986333e+00
[169] 6.376570e+00 1.035351e+01 2.013382e+00 1.173577e+00 1.450587e+01 9.751129e+00 1.503530e+01 1.537891e+01
[177] 1.608926e+01 1.341605e+01 7.477984e+00 1.476270e+01 1.284483e+01 6.845866e+00 6.440142e+00 4.396348e+00
[185] 1.281852e+01 1.481115e+01 9.869203e+00 7.381625e+00 3.909666e+00 2.648222e+00 7.607118e-01 9.474527e+00
[193] 1.651856e+01 1.376799e+01 4.346951e+00 2.085933e+00 6.959989e-01 9.746207e+00 1.982746e+00 1.440818e+01
[201] 1.395912e+00 1.531418e+01 1.328230e+01 3.474726e+00 1.146024e+01 1.059762e+01 1.302881e+01 1.292188e+01
[209] 1.448225e+01 1.384368e+01 1.397161e+01 1.072201e+01 5.611377e+00 1.453813e+01 8.749462e+00 1.457584e+01
[217] 1.245627e+01 2.190876e+00 4.901317e-04 8.094881e+00 2.806159e+00 1.436093e+01 7.281142e+00 3.006498e+00
[225] 1.160314e+01 8.850227e+00 7.103493e+00 4.906487e+00 1.225297e+01 5.455512e+00 8.391730e+00 1.087664e+01
[233] 9.731747e+00 4.025477e+00 4.762186e+00 2.928180e+00 1.246711e+01 1.199668e+01 7.758889e+00 7.641779e+00
[241] 1.367978e+01 5.789098e+00 1.249234e+01 1.103489e+01 9.192648e+00 5.413674e+00 9.069262e+00 1.405382e+00
[249] 1.308533e+00 9.662123e+00 1.126687e+01 1.043337e+01 5.197762e+00 2.795889e+00 1.229566e+01 1.181565e+01
[257] 3.899048e+00 1.872071e+00 8.840873e+00 1.027260e+01 9.072085e+00 8.749136e+00 4.767493e+00 3.109114e+00
[265] 3.349669e+00 3.071292e+00 3.789015e+00 1.022344e+01 8.951976e+00 6.182922e+00 2.495212e+00 1.941438e+00
[273] 8.310447e+00 7.450754e+00 1.132006e+01 1.186233e+01 8.563533e+00 5.097086e+00 6.414895e+00 3.563499e+00
[281] 5.405493e+00 1.111186e+01 8.629504e+00 1.214798e+01 1.149470e+01 9.054649e+00 5.989745e+00 3.423288e+00
[289] 1.128359e+01 9.011917e+00 9.818614e+00 9.717027e+00 1.009873e+01 1.009298e+01 5.556054e+00 8.858620e+00
[297] 5.210221e-01 1.117691e+01 2.698271e-02 9.093738e+00 6.426807e+00 5.628894e+00 2.843329e+00 8.063071e+00
[305] 6.679227e+00 5.335988e+00 5.193225e+00 5.000847e+00 2.250934e+00 1.137733e+01 9.275545e+00 6.884774e+00
[313] 1.046234e+01 7.250648e+00 6.037727e+00 4.499864e+00 8.333796e+00 7.230163e-01 6.866422e+00 3.550388e+00
[321] 1.672510e+00 9.056417e+00 1.780055e+00 6.768655e-02 7.214641e+00 9.421086e+00 6.520593e+00 4.648532e+00
[329] 6.798514e+00 5.520449e-01 4.792530e+00 8.673572e+00 2.139669e+00 5.830691e+00 5.714492e+00 9.038185e+00
[337] 7.301009e+00 6.853445e+00 2.295856e+00 1.946154e+00 9.220875e-01 9.186440e+00 4.703325e+00 2.061682e+00
[345] 9.364586e+00 2.929378e+00 4.507220e+00 4.539301e+00 4.928944e+00 4.172186e+00 2.601822e+00 7.302338e+00
[353] 4.159753e+00 2.441718e+00 1.280825e+00 7.096403e+00 6.579940e+00 6.383630e+00 1.906359e+00 1.586530e+00
[361] 4.328274e+00 8.510473e+00 7.452739e+00 3.285949e+00 4.996048e+00 2.183844e+00 2.259936e+00 9.385545e+00
[369] 8.279448e+00 7.351797e+00 6.868154e+00 7.398080e+00 6.975704e+00 6.591562e+00 4.057826e+00 2.920545e+00
[377] 2.253222e+00 6.955015e+00 6.376022e+00 1.807358e+00 6.221283e+00 1.035017e+00 7.740521e+00 8.975013e+00
[385] 7.044218e+00 4.243775e+00 7.806859e+00 2.400811e+00 4.827562e-01 4.217791e+00 5.986657e+00 4.608139e+00
[393] 4.359008e+00 8.464487e+00 1.350446e+00 8.036182e+00 8.398777e+00 8.611522e+00 1.804166e+00 6.899394e+00
[401] 4.369812e+00 2.398028e+00 3.545241e+00 7.903592e+00 8.054561e+00 3.286767e+00 1.371990e+00 3.666285e+00
[409] 4.957351e+00 2.452310e-02 7.931163e+00 2.835808e+00 7.436101e+00 5.989743e+00 1.172178e+00 5.401371e+00
[417] 5.636485e+00 6.245621e+00 2.139209e+00 3.057816e+00 2.868148e+00 2.560490e+00 1.753128e+00 5.844696e+00
[425] 6.914633e+00 6.131699e+00 7.414599e+00 3.201590e+00 1.286819e+00 6.498065e+00 5.083480e+00 8.314979e-01
[433] 4.515754e+00 2.594883e+00 9.131203e-01 7.196593e+00 6.032522e+00 5.364875e+00 4.748064e-01 5.095559e+00
[441] 3.184134e+00 3.368780e-01 7.105460e+00 4.089772e+00 1.041094e+00 4.111717e+00 3.921394e+00 3.884283e-01
[449] 6.259595e+00 1.176155e+00 4.886801e-01 6.609605e+00 4.605517e+00 5.475266e+00 3.956669e+00 2.120776e+00
[457] 1.339023e+00 8.025490e-01 3.593400e+00 8.421499e-01 1.140273e+00 1.112826e+00 2.101795e+00 1.251140e+00
[465] 1.857175e+00 5.724751e+00 3.724012e+00 3.792758e+00 2.551271e+00 6.152142e+00 4.904381e+00 4.275176e+00
[473] 4.055144e+00 5.273474e+00 3.067240e+00 4.164618e+00 3.319754e+00 1.786375e+00 1.765156e+00 2.664854e-01
[481] 4.233754e+00 8.933964e-01 2.085264e+00 1.091377e+00 1.039798e+00 3.829263e+00 5.426332e+00 4.790385e+00
[489] 2.847978e+00 4.879563e+00 1.061917e+00 2.495803e+00 1.946107e+00 4.738452e+00 4.617890e+00 2.265695e+00
[497] 1.354553e+00 6.956163e-01 4.172650e+00 3.818863e+00 9.227716e-01 1.147838e+00 2.269782e+00 4.964475e+00
[505] 7.654493e-01 1.699088e+00 2.326309e+00 7.494760e-01 3.402604e+00 4.130676e+00 9.035423e-01 7.934268e-01
[513] 3.223338e+00 1.725872e+00 3.990930e+00 3.232339e+00 4.617236e+00 3.446445e+00 2.831174e-01 4.416042e+00
[521] 3.377454e+00 1.997714e+00 3.159499e+00 7.041415e-01 2.654394e+00 1.768574e+00 9.539615e-01 3.148880e-01
[529] 8.013540e-01 4.269318e+00 3.829652e+00 3.300330e+00 2.102404e+00 1.762666e+00 1.328659e+00 8.865679e-02
[537] 2.902784e+00 2.435656e+00 1.213466e-01 3.845275e+00 9.855221e-01 1.652675e+00 1.576359e+00 6.766809e-01
[545] 3.839113e+00 1.894151e+00 3.402446e+00 2.886179e+00 3.213458e+00 9.845337e-01 1.697127e+00 2.823371e+00
[553] 9.253920e-01 2.634553e+00 7.554385e-01 1.990213e+00 1.676176e+00 2.770738e+00 1.535432e+00 2.063289e+00
[561] 1.741020e+00 2.458192e+00 1.348890e+00 2.689736e+00 1.569698e+00 2.415551e+00 1.590330e+00 2.535503e+00
[569] 1.669048e+00 2.266396e+00 1.149886e+00 2.000290e+00 2.070331e+00 4.153148e-01 7.757309e-01 2.365961e+00
[577] 7.349594e-01 1.032212e+00 9.740874e-01 1.849830e+00 1.488577e+00 1.675643e+00 3.582389e-01 1.174552e+00
[585] 1.790104e+00 1.463842e+00 1.299543e+00 4.382792e-01 1.886478e+00 9.445375e-01 6.537600e-01 5.689322e-01
[593] 9.661081e-01 2.234647e-01 1.623878e+00 1.242315e+00 5.826103e-01 1.779272e+00 1.629054e-01 1.734283e+00
[601] 1.406570e+00 7.199687e-01 1.528140e+00 1.483530e+00 8.406353e-01 1.190858e+00 1.181573e+00 5.612743e-01
[609] 1.201087e+00 2.741880e-01 7.033869e-01 6.045834e-01 8.005435e-02 2.060565e-01 1.025368e+00 7.273969e-01
[617] 1.510356e-01 5.383312e-01 6.042278e-02 4.865374e-01 3.746592e-01 3.016289e-01 3.284799e-01

$PAR
  [1]  NA   1   1   1   1   1   1   1   2   2   2   2   9   4   4   4   6   6   6   6   6  17  17  22  22  18  26  26  11
 [30]  11  11  11  27  12  12  12  12  12  33  34  29  29  29  29  29  29  29  29  29  29  29  30  30  30  30  30  31  31
 [59]  52  53  53  53  53  53  28  28  28  28  28  28  28  28  28  28  39  42  42  65  65  65  65  65  43  43  43  43  32
 [88]  32  32  83  78  78  87  87  87  87  87  87  75  75  75  75  75  44  44  44  99  99  99  24  93  45  94  94  94  94
[117]  60  60  60  60  57  46 117 117 117 117 117  25  25  20  20  90  90 100 123 123 123 107  76  76  61  95  95  95  96
[146]  96  96 104 104 111 111  62  62  62 112 112 112 112 112 112 112 112 108 108  66  66  66 150 150 121 121 121 122 122
[175]  79 113  58  58  58  35  35  35  35  35  67 152 152 152 152 152 152 118  47  47  47  47  47 193 193  36  36 114 114
[204] 114  23  23  84  84 115 176 202 202 202 145 145 142 142 132 132 175 175 180 216 216 214 214 214 214 200 200 222  48
[233]  48  48 143 143  54  54  54  54 211 211 210 210 210 210 194 194 194 135 178 178 178 178  49  49 203 203  40 207 207
[262] 207 208 208  85  85 181 185 185 119 119 119 156 156 102 243 243 243 237 237 217   7   7 141 141 141 255 255 229 229
[291] 238 238 276 276 276 256 256  91  91 137 137 137 137 225 225 225 225 225 225  80 130 130 285 285 285 285 205  89 120
[320]  81  81 163 163 163 289 116 116 298 103 244  77 157 206 313 313 252 170 170 170 170 170 268 268  63 293 293 294  98
[349] 110 110 110  82  82  82  82 187 158 174 174 174 198 233 233 233 250 250  68 192 326 326 326 368 368 368 368 368 368
[378] 345 345 345 245 245 261 247 247 247 322 322 153 269 296 296 296 226 226 259 215 262 262  51 283 159 125  70 394 394
[407] 394 397 231 106   8   8 369 220 220 405 168 411 411 404 404 239 240 179 363 363 274 413 427 372 188 188 370 370 352
[436] 337 337 337 337 314 314 314 325 325 325 436 443 443 227 385 385 378 378 319 338  21  21  21 452 452 357 327 430 301
[465] 279 169 418 381 381 270 160 426 426 139 139 315 315 315 437 287 414 391  86  86  86 147 466 417 302 295 149 487 161
[494] 416 416 416 416 416 306 306 306 474 307 131  72 278 440 308 365 471 471 331 488 263 235 235 494 328 392 453 348 347
[523] 316 316 520 520 520 520 393 195 361 361 361 361 530 386 499 476 353 510 375 473 473 189 540 540 545 500 468 267  64
[552] 126 126 459 459 204 127 516 516 549 549 441 523 264 266 224 376 421 421 303 221 564 434 568 492 271 271  56 538 566
[581] 576 496 171 572 522 522 522 522 493 272 589 589 258 258 465 399 399 478 526 479 561 506 557  59  59 497 497 497 355
[610] 596 109 502 462 382 578 341 341 555 577 602 544 544 591

$EXTANT
  [1] FALSE FALSE FALSE FALSE FALSE  TRUE  TRUE  TRUE FALSE FALSE FALSE  TRUE FALSE FALSE FALSE FALSE  TRUE FALSE FALSE
 [20]  TRUE  TRUE FALSE  TRUE  TRUE  TRUE FALSE FALSE  TRUE  TRUE  TRUE  TRUE  TRUE FALSE  TRUE  TRUE  TRUE FALSE  TRUE
 [39]  TRUE  TRUE FALSE  TRUE  TRUE FALSE FALSE FALSE  TRUE  TRUE FALSE  TRUE  TRUE  TRUE  TRUE FALSE  TRUE  TRUE  TRUE
 [58] FALSE  TRUE FALSE  TRUE  TRUE  TRUE  TRUE  TRUE  TRUE FALSE  TRUE  TRUE  TRUE  TRUE  TRUE  TRUE  TRUE  TRUE  TRUE
 [77] FALSE  TRUE FALSE FALSE FALSE  TRUE FALSE FALSE  TRUE  TRUE FALSE FALSE  TRUE  TRUE  TRUE  TRUE FALSE  TRUE  TRUE
 [96] FALSE FALSE  TRUE  TRUE  TRUE FALSE  TRUE  TRUE  TRUE FALSE  TRUE FALSE FALSE  TRUE  TRUE  TRUE  TRUE FALSE  TRUE
[115]  TRUE  TRUE  TRUE  TRUE  TRUE FALSE  TRUE  TRUE  TRUE FALSE  TRUE  TRUE  TRUE FALSE  TRUE  TRUE  TRUE  TRUE  TRUE
[134]  TRUE  TRUE FALSE  TRUE FALSE  TRUE FALSE  TRUE FALSE FALSE  TRUE  TRUE  TRUE  TRUE  TRUE  TRUE  TRUE  TRUE  TRUE
[153]  TRUE  TRUE FALSE  TRUE  TRUE  TRUE  TRUE  TRUE  TRUE  TRUE  TRUE FALSE FALSE  TRUE  TRUE  TRUE FALSE  TRUE  TRUE
[172]  TRUE  TRUE FALSE  TRUE  TRUE FALSE FALSE  TRUE  TRUE  TRUE  TRUE FALSE  TRUE FALSE FALSE  TRUE  TRUE  TRUE  TRUE
[191]  TRUE  TRUE FALSE  TRUE  TRUE  TRUE  TRUE FALSE FALSE  TRUE  TRUE  TRUE  TRUE  TRUE FALSE  TRUE  TRUE  TRUE FALSE
[210]  TRUE  TRUE  TRUE  TRUE  TRUE FALSE  TRUE  TRUE  TRUE  TRUE  TRUE  TRUE  TRUE FALSE  TRUE  TRUE  TRUE  TRUE  TRUE
[229]  TRUE  TRUE  TRUE FALSE FALSE  TRUE  TRUE  TRUE  TRUE  TRUE  TRUE  TRUE  TRUE FALSE FALSE  TRUE  TRUE  TRUE  TRUE
[248]  TRUE  TRUE  TRUE FALSE FALSE  TRUE  TRUE  TRUE  TRUE  TRUE  TRUE FALSE  TRUE FALSE  TRUE FALSE  TRUE  TRUE  TRUE
[267]  TRUE  TRUE  TRUE  TRUE  TRUE  TRUE FALSE  TRUE FALSE FALSE  TRUE  TRUE  TRUE  TRUE  TRUE FALSE  TRUE  TRUE FALSE
[286] FALSE  TRUE  TRUE  TRUE FALSE  TRUE  TRUE FALSE  TRUE  TRUE  TRUE  TRUE  TRUE  TRUE FALSE  TRUE FALSE  TRUE  TRUE
[305] FALSE  TRUE  TRUE  TRUE  TRUE FALSE  TRUE  TRUE  TRUE  TRUE  TRUE  TRUE  TRUE  TRUE FALSE  TRUE  TRUE  TRUE  TRUE
[324]  TRUE  TRUE FALSE  TRUE  TRUE  TRUE  TRUE  TRUE  TRUE  TRUE  TRUE  TRUE FALSE  TRUE FALSE  TRUE  TRUE  TRUE FALSE
[343] FALSE  TRUE  TRUE  TRUE  TRUE  TRUE  TRUE  TRUE FALSE FALSE  TRUE  TRUE  TRUE  TRUE  TRUE  TRUE  TRUE  TRUE  TRUE
[362]  TRUE  TRUE  TRUE  TRUE  TRUE  TRUE  TRUE FALSE  TRUE  TRUE  TRUE  TRUE FALSE  TRUE  TRUE FALSE FALSE  TRUE  TRUE
[381]  TRUE  TRUE FALSE  TRUE  TRUE  TRUE FALSE  TRUE  TRUE FALSE  TRUE  TRUE  TRUE  TRUE  TRUE  TRUE  TRUE FALSE  TRUE
[400] FALSE  TRUE  TRUE  TRUE  TRUE  TRUE  TRUE  TRUE  TRUE FALSE  TRUE  TRUE  TRUE  TRUE FALSE  TRUE  TRUE  TRUE  TRUE
[419]  TRUE  TRUE FALSE  TRUE  TRUE  TRUE  TRUE  TRUE  TRUE  TRUE  TRUE  TRUE FALSE  TRUE  TRUE  TRUE  TRUE FALSE  TRUE
[438]  TRUE  TRUE  TRUE  TRUE  TRUE  TRUE  TRUE  TRUE  TRUE  TRUE  TRUE  TRUE  TRUE  TRUE  TRUE  TRUE FALSE  TRUE  TRUE
[457]  TRUE  TRUE  TRUE  TRUE  TRUE  TRUE  TRUE  TRUE  TRUE FALSE  TRUE  TRUE FALSE FALSE  TRUE  TRUE  TRUE  TRUE  TRUE
[476]  TRUE  TRUE  TRUE  TRUE  TRUE  TRUE  TRUE  TRUE  TRUE  TRUE  TRUE  TRUE  TRUE  TRUE  TRUE  TRUE  TRUE  TRUE  TRUE
[495] FALSE  TRUE  TRUE  TRUE  TRUE  TRUE  TRUE  TRUE  TRUE FALSE  TRUE  TRUE  TRUE  TRUE  TRUE  TRUE  TRUE  TRUE  TRUE
[514]  TRUE  TRUE  TRUE  TRUE  TRUE  TRUE  TRUE  TRUE  TRUE  TRUE  TRUE  TRUE  TRUE  TRUE  TRUE  TRUE  TRUE  TRUE FALSE
[533]  TRUE  TRUE  TRUE  TRUE  TRUE  TRUE  TRUE  TRUE  TRUE  TRUE  TRUE  TRUE  TRUE  TRUE  TRUE  TRUE  TRUE  TRUE  TRUE
[552] FALSE  TRUE  TRUE  TRUE  TRUE  TRUE  TRUE  TRUE FALSE  TRUE  TRUE  TRUE  TRUE  TRUE  TRUE FALSE  TRUE  TRUE  TRUE
[571]  TRUE  TRUE  TRUE  TRUE  TRUE  TRUE  TRUE  TRUE  TRUE  TRUE  TRUE  TRUE  TRUE  TRUE  TRUE  TRUE  TRUE  TRUE  TRUE
[590]  TRUE  TRUE  TRUE  TRUE  TRUE  TRUE  TRUE  TRUE FALSE  TRUE  TRUE  TRUE  TRUE  TRUE  TRUE  TRUE  TRUE  TRUE  TRUE
[609]  TRUE  TRUE  TRUE  TRUE  TRUE  TRUE  TRUE  TRUE  TRUE  TRUE  TRUE  TRUE  TRUE  TRUE  TRUE

