
Birth-death simulation object with 670 species and 500 extant species

Details for some species:

Extinction times (NA means extant)
[1] 53.478249 38.481755 51.678224 26.849333  2.346924  5.824470


Speciation times 
[1] 61.99372 58.67323 57.94715 55.89371 48.95910 47.98341


Species parents (NA for initial)
[1] NA  1  1  1  2  2


Species status (extinct or extant)
[1] "extinct" "extinct" "extinct" "extinct" "extinct" "extinct"


For more details on vector y, try sim$y, with y one of
TE TS PAR EXTANT



$TE
  [1] 53.47824873 38.48175483 51.67822391 26.84933280  2.34692407  5.82446957          NA 39.58104856 36.19410285
 [10]          NA 47.66167677 39.09317678          NA  1.29593253 17.93300454 35.66257899  8.37090810 25.29373602
 [19]  2.84420806 21.15865453 10.82278200          NA  1.00809079          NA          NA          NA          NA
 [28] 25.41807133 25.93081175 10.27941518 16.00094206 12.66855543          NA          NA  5.61727486 10.39251239
 [37]          NA  5.17017639  3.78504192  3.48441576          NA 21.97551283  1.10877477          NA 33.42601916
 [46] 23.59265922 31.33422640          NA 22.93741319          NA          NA  4.44166754 18.55906484  2.78606727
 [55]  0.01032205 16.03482821 35.01027569          NA 17.74866713 34.60457218 23.05499505          NA          NA
 [64]          NA          NA  0.86768916 24.22768863          NA 12.44338670  3.72878370          NA          NA
 [73]          NA 27.61551940 17.94051667 20.87808429          NA 11.42467057 12.09710805 10.16605106  5.56182790
 [82]          NA 10.58639452          NA          NA 20.21357055          NA          NA 10.99718916          NA
 [91] 17.53907265          NA          NA  9.38660219          NA 11.83941452          NA          NA          NA
[100]  3.56178237          NA 19.94466852 13.08138378          NA  5.38679935          NA 18.34767798          NA
[109] 24.54807868          NA          NA  1.69774700          NA          NA  7.47446117 13.04333256  1.18242092
[118] 16.97135325          NA 17.25586043 22.56627998          NA  7.45746082          NA          NA          NA
[127]  0.38549791          NA          NA          NA          NA 14.10281357          NA 10.66454496          NA
[136] 15.55194661          NA  5.87866870  7.40513666  1.15436577  3.92197267          NA  1.09916329 18.40046627
[145]  3.01880630          NA          NA          NA  4.59878159 20.08371488  7.86473113          NA 15.67903708
[154]          NA 13.69973427          NA          NA          NA          NA  5.14672713          NA          NA
[163]          NA 10.87806887          NA          NA          NA  5.05553122  2.78417721  5.32144876 12.30279458
[172]  3.13592858          NA          NA          NA  4.87400775          NA          NA          NA          NA
[181]          NA          NA 15.84958832  0.09071731          NA          NA  5.45940549          NA          NA
[190]          NA 12.88846124 13.14213987          NA          NA          NA          NA          NA  4.05378894
[199]          NA  3.92295502 11.55136196          NA          NA          NA 16.43305691          NA          NA
[208]          NA          NA          NA          NA          NA          NA          NA 14.88003566          NA
[217]          NA          NA          NA          NA          NA  2.49935403          NA  0.41280020          NA
[226]  7.35644528          NA          NA 12.26078005          NA  0.12125391 13.53212653          NA          NA
[235] 15.27970478          NA          NA          NA          NA  0.32861680          NA          NA          NA
[244]          NA          NA          NA          NA          NA          NA          NA          NA          NA
[253]          NA          NA 11.58252714          NA          NA  3.02330883          NA  0.96889009  1.70114150
[262]          NA          NA          NA          NA  2.77057548          NA          NA          NA          NA
[271]  4.86399283          NA          NA          NA  4.01919804          NA          NA          NA  4.94469284
[280]          NA          NA          NA          NA  5.84470117          NA  0.73417272          NA          NA
[289]          NA          NA          NA          NA          NA          NA          NA  3.31808135          NA
[298]          NA  1.93971836          NA          NA  0.69246150  2.15968496          NA          NA          NA
[307]          NA          NA          NA          NA          NA          NA  5.12590003  7.30401408          NA
[316]          NA  6.92853108  6.50304532          NA          NA          NA          NA          NA  2.65120473
[325]          NA          NA 10.48834430          NA          NA  5.01003046          NA          NA  0.77371103
[334]          NA  5.83454195          NA          NA          NA          NA          NA          NA  9.22541653
[343]  8.89117471          NA  8.12680775          NA          NA          NA  4.14891245          NA  2.16765607
[352]          NA          NA          NA          NA          NA          NA          NA          NA          NA
[361]  0.69438184          NA          NA          NA          NA          NA  3.98392184          NA          NA
[370]          NA  5.21936202          NA          NA  8.31686331          NA  4.76030215          NA          NA
[379]  8.55598913          NA          NA          NA          NA          NA          NA  6.96888944  0.62675847
[388]          NA          NA          NA  8.16797302          NA          NA          NA          NA          NA
[397]          NA          NA          NA          NA          NA  7.66410609          NA          NA          NA
[406]          NA          NA          NA          NA  2.36314296          NA          NA          NA          NA
[415]          NA          NA  5.04030808          NA          NA          NA          NA          NA          NA
[424]          NA          NA          NA          NA          NA          NA          NA          NA          NA
[433]          NA          NA          NA          NA          NA          NA          NA          NA          NA
[442]          NA          NA          NA          NA          NA          NA          NA          NA  0.42031377
[451]          NA          NA          NA          NA          NA          NA          NA          NA          NA
[460]          NA          NA          NA          NA          NA          NA          NA          NA          NA
[469]          NA          NA          NA          NA          NA          NA          NA          NA  2.25855244
[478]          NA          NA          NA          NA          NA          NA  0.96855538          NA          NA
[487]  5.64667739  3.19367557          NA          NA          NA          NA          NA          NA          NA
[496]  0.04488831          NA          NA          NA          NA          NA          NA  5.53031018          NA
[505]          NA          NA          NA          NA          NA          NA          NA          NA          NA
[514]          NA          NA          NA          NA          NA          NA          NA          NA          NA
[523]          NA          NA          NA          NA  0.40930435          NA          NA          NA          NA
[532]          NA          NA          NA          NA          NA          NA          NA          NA          NA
[541]          NA          NA  0.06755496  2.62461452          NA          NA          NA          NA          NA
[550]  1.08985742          NA          NA          NA          NA          NA          NA          NA          NA
[559]          NA          NA          NA          NA          NA          NA          NA          NA          NA
[568]          NA  0.36374692          NA          NA          NA          NA          NA          NA          NA
[577]          NA          NA          NA          NA          NA          NA          NA          NA          NA
[586]          NA          NA          NA          NA          NA          NA          NA          NA          NA
[595]          NA          NA          NA          NA          NA          NA          NA          NA          NA
[604]          NA          NA          NA          NA          NA          NA          NA          NA          NA
[613]          NA          NA          NA          NA          NA          NA          NA          NA          NA
[622]          NA          NA          NA          NA          NA          NA          NA          NA          NA
[631]  1.09437541          NA          NA          NA          NA          NA          NA          NA          NA
[640]          NA          NA          NA          NA          NA          NA          NA          NA          NA
[649]          NA          NA          NA          NA          NA          NA          NA          NA          NA
[658]          NA          NA          NA          NA          NA          NA          NA          NA          NA
[667]          NA          NA          NA          NA

$TS
  [1] 6.199372e+01 5.867323e+01 5.794715e+01 5.589371e+01 4.895910e+01 4.798341e+01 4.688313e+01 4.147656e+01
  [9] 4.135019e+01 5.681537e+01 5.301997e+01 4.221888e+01 1.910677e+00 5.135688e+01 4.909930e+01 4.784488e+01
 [17] 3.805189e+01 3.417815e+01 3.123352e+01 3.892828e+01 3.191776e+01 3.120447e+01 1.609923e+01 8.521065e+00
 [25] 8.387219e+00 3.286745e+00 1.968391e+01 4.449418e+01 2.748573e+01 2.620481e+01 2.537623e+01 1.581443e+01
 [33] 3.140073e+00 4.497753e+01 2.197013e+01 2.014141e+01 1.566679e+01 4.695279e+01 3.638669e+01 4.375442e+01
 [41] 2.894344e+01 2.482494e+01 1.554131e+01 1.058101e+01 4.385267e+01 3.804287e+01 3.300412e+01 2.650719e+01
 [49] 3.199745e+01 2.819885e+01 2.726736e+01 2.611479e+01 2.316607e+01 1.893480e+01 1.540101e+01 4.101929e+01
 [57] 4.075136e+01 3.081829e+01 4.253206e+01 3.717578e+01 3.378245e+01 2.570744e+01 1.992972e+01 1.563860e+01
 [65] 7.971450e+00 4.684912e+00 2.447502e+01 2.086546e+01 1.914591e+01 3.007050e+01 1.946072e+01 3.753254e+01
 [73] 2.980314e+01 3.626367e+01 3.069541e+01 2.262010e+01 1.282296e+01 2.699662e+01 1.713809e+01 1.508744e+01
 [81] 7.357324e+00 9.996769e-01 3.165676e+01 1.172540e+01 4.439207e+00 2.759660e+01 2.641628e+01 2.333217e+01
 [89] 1.447178e+01 2.724382e+01 1.863126e+01 1.019431e+01 6.659340e+00 2.730526e+01 2.238947e+01 1.944199e+01
 [97] 1.063064e+01 6.821566e+00 2.318632e+01 5.813581e+00 2.997677e+01 2.083590e+01 2.615095e+01 2.479329e+01
[105] 1.338463e+01 1.335784e+01 2.259668e+01 1.182472e+01 2.973899e+01 2.480624e+01 2.148240e+01 7.395011e+00
[113] 2.821991e+01 8.419686e+00 2.587372e+01 1.571797e+01 8.064845e+00 1.968930e+01 8.620882e-01 2.683064e+01
[121] 2.603223e+01 2.420621e+01 1.601134e+01 1.598420e+01 1.321974e+01 1.022567e+01 9.530727e+00 4.769620e+00
[129] 3.678163e+00 9.352865e-01 1.590053e+01 1.539204e+01 2.554457e+01 2.325502e+01 2.283612e+01 2.176290e+01
[137] 2.065103e+01 1.932868e+01 1.835033e+01 2.404181e+01 1.507076e+01 8.017951e+00 3.188902e+00 2.633014e+01
[145] 1.730788e+01 1.337904e+01 7.758698e+00 2.067277e+01 2.003866e+01 2.323388e+01 1.638378e+01 1.599221e+01
[153] 1.595629e+01 2.131261e+01 1.573098e+01 1.392259e+01 2.609970e+01 9.722403e+00 1.075797e+01 2.468436e+01
[161] 3.207878e+00 2.079928e+01 2.206475e+01 1.470603e+01 1.373531e+01 9.545807e+00 6.809512e+00 9.871241e+00
[169] 7.218015e+00 1.804840e+01 1.464682e+01 1.050994e+01 5.990093e+00 2.983224e+00 1.078830e+01 6.448609e+00
[177] 2.228754e+01 1.061452e+01 1.319463e+00 2.220156e+01 1.767115e+01 2.088754e+00 1.811954e+01 1.727067e+01
[185] 1.668110e+01 9.295942e+00 9.269746e+00 6.542704e+00 6.065019e+00 1.586695e+00 1.638737e+01 1.407975e+01
[193] 6.273349e+00 1.589153e+01 1.529620e+01 1.512938e+01 6.179243e+00 5.909594e+00 5.236265e-01 1.209041e+01
[201] 1.602410e+01 1.598259e+01 1.295296e+01 3.557243e+00 2.001609e+01 6.979040e+00 6.076115e+00 1.774380e+01
[209] 6.109476e+00 2.339876e+00 1.319425e+01 6.139656e+00 4.089473e+00 2.311546e+00 1.984950e+01 1.374739e+01
[217] 1.682105e+01 1.381384e+01 1.295894e+01 4.747855e+00 7.879953e-01 1.680663e+01 1.214307e+01 1.047080e+01
[225] 6.854190e+00 1.769306e+01 5.084759e+00 4.949755e+00 1.710231e+01 1.516736e+01 1.446935e+01 1.496774e+01
[233] 9.192795e+00 1.671041e+01 1.778093e+01 1.608829e+01 1.057466e+01 1.683227e+01 1.082918e+01 8.497599e+00
[241] 4.619207e+00 9.844282e+00 8.503760e+00 1.480808e+01 1.181531e+01 9.601781e+00 7.384132e+00 1.277190e+01
[249] 1.031812e+01 5.770938e+00 3.960942e+00 2.501176e+00 1.510977e+01 1.469641e+01 1.243753e+01 1.474038e+00
[257] 4.182845e-01 1.430808e+01 8.372938e+00 6.616981e+00 1.097077e+01 3.907214e+00 1.479963e+01 1.432759e+01
[265] 2.478054e+00 1.505013e+01 1.509553e+01 1.076673e+01 9.380793e+00 1.533545e+01 1.111278e+01 2.550033e+00
[273] 5.230160e-02 1.439641e+01 9.541383e+00 7.945928e+00 6.934394e+00 6.718950e-01 1.165475e+01 8.237229e+00
[281] 5.338973e+00 1.172366e+00 1.393491e+01 1.045027e+01 9.884533e+00 4.427563e+00 4.064426e+00 2.314773e+00
[289] 1.417525e+01 1.391554e+01 4.993028e+00 2.746242e+00 3.911006e-01 1.207975e+01 1.045820e+01 4.633123e+00
[297] 2.358431e+00 7.342939e-01 3.941823e+00 1.291197e+01 4.989739e+00 4.337737e+00 3.753769e+00 2.889061e+00
[305] 1.316980e+01 1.418353e+01 3.522162e+00 1.474286e+01 2.927551e+00 2.866147e+00 1.740952e+00 1.147759e+01
[313] 1.340187e+01 1.097199e+01 9.564736e+00 8.532335e+00 1.361186e+01 1.427978e+01 1.325127e+01 2.139243e+00
[321] 1.107836e+00 3.048466e+00 8.575488e+00 1.213655e+01 4.722660e+00 1.317134e+01 1.208883e+01 9.830071e-01
[329] 7.241228e+00 1.115658e+01 6.466786e+00 7.494141e+00 9.254703e+00 7.028453e+00 1.222881e+01 8.796893e+00
[337] 1.214977e+01 2.623456e+00 1.414693e+00 1.271293e+01 1.184639e+01 1.156832e+01 1.043949e+01 8.529534e+00
[345] 8.955764e+00 5.749915e+00 4.840798e+00 4.596632e+00 9.375925e+00 5.401377e+00 4.536294e+00 1.583422e+00
[353] 1.029415e+01 5.331291e+00 5.691879e+00 4.210249e-01 1.188799e+01 1.072413e+01 8.998441e+00 9.018822e+00
[361] 6.055214e+00 7.144597e+00 3.114974e+00 2.713402e+00 2.682032e+00 1.083779e+00 4.046455e+00 1.762395e+00
[369] 1.173811e+00 1.015653e+01 5.294400e+00 6.162359e-01 4.514199e+00 9.207847e+00 1.104257e+01 1.042520e+01
[377] 2.623610e-01 1.098250e+01 1.030304e+01 7.940192e+00 7.201821e+00 6.789424e+00 9.941896e+00 6.114400e+00
[385] 1.961393e+00 9.386793e+00 7.628226e+00 6.394924e+00 3.669462e+00 2.875630e+00 8.700364e+00 6.065693e+00
[393] 4.514082e+00 8.045216e+00 5.139616e+00 4.422978e+00 8.788405e-01 1.037013e+01 1.419970e+00 9.843659e+00
[401] 3.255951e+00 7.664761e+00 5.611508e+00 9.412014e-01 5.046538e-01 9.055949e+00 7.213462e+00 5.021458e+00
[409] 4.409247e+00 8.839005e+00 1.700098e+00 2.844375e-01 2.198230e+00 5.435326e+00 9.172150e-01 2.001905e+00
[417] 7.646402e+00 3.858641e+00 9.719905e+00 5.021569e+00 2.589173e+00 5.017952e+00 1.350611e+00 1.414667e+00
[425] 5.637702e+00 8.381412e+00 6.842603e+00 1.198763e+00 7.379288e-01 5.418195e+00 8.137711e+00 4.285120e+00
[433] 2.600575e+00 8.320094e+00 4.501849e+00 1.629422e+00 1.015292e+00 8.123252e+00 4.289182e+00 3.249695e+00
[441] 3.138135e+00 3.117546e+00 1.140542e+00 8.040240e-01 4.823784e-01 5.797695e+00 7.531759e+00 4.126652e+00
[449] 3.669750e+00 8.604633e+00 8.383709e+00 3.465618e+00 2.450762e-02 7.074626e+00 2.802163e+00 5.324795e+00
[457] 5.324572e+00 3.296876e+00 1.530032e+00 8.206428e+00 5.344221e+00 1.116722e+00 2.561397e+00 2.591468e+00
[465] 1.091366e+00 6.687983e+00 6.650793e+00 4.961142e+00 4.314892e+00 3.863194e+00 3.949514e+00 1.744426e+00
[473] 1.540618e+00 1.523539e+00 7.199034e+00 7.077781e+00 6.096833e+00 2.254786e+00 3.330472e+00 5.637625e-01
[481] 4.832820e+00 4.733778e+00 4.042619e+00 3.890279e+00 1.726896e+00 5.821591e+00 5.853192e+00 5.106883e+00
[489] 4.069752e+00 6.043184e+00 6.376303e+00 6.689339e+00 5.422566e+00 3.278842e+00 2.244926e+00 3.486751e+00
[497] 1.931283e-01 5.072176e+00 4.086003e+00 5.322058e-01 1.866639e+00 6.155522e+00 5.652959e+00 4.867908e-01
[505] 3.411991e+00 2.131310e+00 1.500448e+00 9.269041e-01 3.743383e+00 3.660049e+00 5.015413e+00 1.844433e+00
[513] 1.610894e+00 9.578297e-01 5.946767e+00 5.346449e+00 1.495988e+00 3.994647e+00 2.178458e+00 4.707018e+00
[521] 2.948483e+00 2.338522e+00 1.113381e+00 8.287011e-01 2.298613e+00 1.891929e+00 7.839964e-01 3.242935e+00
[529] 2.988395e+00 5.566950e+00 3.956073e+00 2.240218e+00 1.035898e+00 4.473384e+00 5.626112e+00 5.399883e+00
[537] 5.527924e+00 2.127750e+00 5.193694e+00 1.638451e+00 4.320903e+00 2.480397e+00 4.849957e+00 3.014257e+00
[545] 5.275791e+00 4.731048e+00 3.805734e+00 7.121603e-01 5.080362e+00 1.819684e+00 2.992725e-01 3.786211e+00
[553] 4.544601e+00 2.654916e+00 2.921833e+00 4.521867e-04 4.466595e+00 1.274504e+00 1.056240e+00 1.696565e+00
[561] 2.613544e-01 3.261110e+00 1.960651e+00 1.470046e+00 2.352214e+00 8.939320e-01 2.234276e+00 3.565646e+00
[569] 2.990453e+00 3.982621e-01 1.353022e+00 1.082784e+00 7.766245e-01 3.441178e+00 1.703377e+00 4.048374e+00
[577] 6.616627e-01 3.965933e+00 1.343281e+00 3.352810e+00 2.267165e+00 3.652447e+00 2.728326e+00 1.651959e+00
[585] 1.963205e+00 2.987074e+00 3.739149e+00 4.413889e-01 2.440441e+00 3.657113e-01 1.760219e+00 1.560039e+00
[593] 3.027219e-01 3.452697e+00 2.962545e-01 2.861764e-01 2.805684e+00 1.939620e+00 6.269781e-01 4.199392e-02
[601] 2.261580e+00 2.355839e+00 9.246473e-01 6.807472e-01 1.384850e+00 2.084630e+00 1.845969e+00 1.741844e+00
[609] 2.827772e+00 1.857238e+00 5.963208e-01 4.243600e-01 2.041943e+00 1.025721e+00 1.662996e+00 2.054037e-01
[617] 1.694870e+00 2.584199e+00 2.140923e+00 1.312660e+00 9.556011e-02 5.855057e-01 2.566400e+00 8.481878e-01
[625] 6.926244e-01 1.268181e+00 1.898962e+00 2.009500e+00 1.666447e+00 9.627679e-01 1.585364e+00 1.345287e-02
[633] 1.627202e+00 2.050655e+00 1.999641e+00 1.657031e+00 1.648170e+00 1.898188e+00 8.353166e-01 1.064380e+00
[641] 3.224766e-01 1.484546e+00 2.829194e-01 1.350641e+00 5.504629e-01 2.413544e-01 1.554069e+00 7.896475e-01
[649] 2.558279e-02 2.637402e-02 1.243511e+00 8.744370e-01 3.498068e-01 8.719584e-02 6.076580e-01 7.243826e-01
[657] 1.789707e-01 3.397704e-01 9.706686e-02 1.479618e-01 5.431686e-01 1.574066e-01 5.260379e-01 4.264463e-01
[665] 1.597842e-01 2.682035e-01 1.984648e-01 1.103361e-01 5.341988e-03 2.417365e-01

$PAR
  [1]  NA   1   1   1   2   2   2   2   2   3   3  10  10   4   4   4   4   4   4  14  14  14  14  14  14  14  15   5   5
 [30]   5   5   5   5   6   6   6   6  16  16  38  38  38  38  38   7   7   7   7  34  34  34  34  34  34  34  28  28  28
 [59]  45  45  45  40  40  40  40  40  59  59  59  56  56  20  20  17  17  17  17  46  72  72  72  72  39  39  39  49  49
 [88]  83  83  19  19  19  19  22  22  22  22  22  58  58  75  75  70  70  70  70 101 101  73  73  73  73  41  41 113 113
[117] 113  50  50  86  86  86  94  51  51  51  51  51  51  51  90  90  78 120 120 120 120 120 120  48  48  48  48  87  87
[146]  87  87 144 144  30  30  30  30 103 103 103  52  52 157  62  62  31  42 110 110 110 104 160 160 122 122 122 122 140
[175]  88  88 134  99  99  53 135 135  95  95  95  95  95  95  95  95 177 177 177 180 180 180 180 180 180  35 136 154 154
[204] 154  68  68  68 162 162 162 148 148 148 148 137 137  36  63  63  63  63  27  27  27  27  71  71  71  96  96  96 138
[233] 138 139 170 170 170 235 208 208 208 226 226 181 181 145 145 184 184 184 184 184  79  79 238 238 238 217 217 217 234
[262] 234 185 185 185 191  23  23  23 236 236 236 236 123 123 124 124 202 194 194 194 194  32  37  37  37  64  64  55 270
[291] 270 270 270 195 195 230 230 230 196 253 253 253 253 253  80 266 266 244 244 244 244 263 308 308 308 308 254 171 171
[320] 231 264 258 306 289 289 283 283 283 156 290 290 216 165 317 146 146 319 319 125 211 211 211 326 326 305 305 305 305
[349] 219 203 300 300 248 248 340 340 255 335 335 223 324 357 357 357 357 357 341 341 341 108 245 245  84 279 342 342 312
[378] 330 330 330 271 271 375 375 375 378 378 378 378 378 314 239 175 268 268 268 268 159 358  97  44 172 172 224 224 376
[407] 376 398 249 353 126 126  92 383 383 285 168 242 400 419 419 246 315 166 275 127 127 127 127 186 187 333 333 374 233
[436] 233 233 406 406 406 406 406 406 406 406 360 359 359 359 391 323  24  24 243 243 240 451 451 451 426 426 434 280 431
[465] 438 117 394 394 394 394 276 276 276 276 380 380 380 380 147 147 387 387 447 447 332 247 381 454 454 277 225  98  98
[494]  98  98 382 382 492 492 492  93 467 467 467 260 188 331 331 193 193 502 502 502 502 212 209 209 392 392 189 189 189
[523] 189 490 173 515 515 486 486 100 346 346 346 355 425 425 535 535 403 537 414 414 493 493 350 516 516 281 354 354 354
[552] 545 539 539 549 498 511 511 511 468 228 481 481 481 220 482 546 325 325 325 520 520 520 348  85 286 396 541 489 483
[581] 518 262 262 262 484 470 547 547 129 129 449 449 389 582 568 452 594 505 505 505 580 458  26 440 441 363 363 363 529
[610] 529 529 529 586 521 555 555 304 310 310 292 292 583 365 365 618 623 297 522 214 525 478 495 532 413 619 613 563 598
[639] 627 607 607 368 472 311 311 637 513 352 647 459 256 579 369 443 508 566 624 524 444 648 221 573 656 656 625 480 405
[668] 588 356 658

$EXTANT
  [1] FALSE FALSE FALSE FALSE FALSE FALSE  TRUE FALSE FALSE  TRUE FALSE FALSE  TRUE FALSE FALSE FALSE FALSE FALSE FALSE
 [20] FALSE FALSE  TRUE FALSE  TRUE  TRUE  TRUE  TRUE FALSE FALSE FALSE FALSE FALSE  TRUE  TRUE FALSE FALSE  TRUE FALSE
 [39] FALSE FALSE  TRUE FALSE FALSE  TRUE FALSE FALSE FALSE  TRUE FALSE  TRUE  TRUE FALSE FALSE FALSE FALSE FALSE FALSE
 [58]  TRUE FALSE FALSE FALSE  TRUE  TRUE  TRUE  TRUE FALSE FALSE  TRUE FALSE FALSE  TRUE  TRUE  TRUE FALSE FALSE FALSE
 [77]  TRUE FALSE FALSE FALSE FALSE  TRUE FALSE  TRUE  TRUE FALSE  TRUE  TRUE FALSE  TRUE FALSE  TRUE  TRUE FALSE  TRUE
 [96] FALSE  TRUE  TRUE  TRUE FALSE  TRUE FALSE FALSE  TRUE FALSE  TRUE FALSE  TRUE FALSE  TRUE  TRUE FALSE  TRUE  TRUE
[115] FALSE FALSE FALSE FALSE  TRUE FALSE FALSE  TRUE FALSE  TRUE  TRUE  TRUE FALSE  TRUE  TRUE  TRUE  TRUE FALSE  TRUE
[134] FALSE  TRUE FALSE  TRUE FALSE FALSE FALSE FALSE  TRUE FALSE FALSE FALSE  TRUE  TRUE  TRUE FALSE FALSE FALSE  TRUE
[153] FALSE  TRUE FALSE  TRUE  TRUE  TRUE  TRUE FALSE  TRUE  TRUE  TRUE FALSE  TRUE  TRUE  TRUE FALSE FALSE FALSE FALSE
[172] FALSE  TRUE  TRUE  TRUE FALSE  TRUE  TRUE  TRUE  TRUE  TRUE  TRUE FALSE FALSE  TRUE  TRUE FALSE  TRUE  TRUE  TRUE
[191] FALSE FALSE  TRUE  TRUE  TRUE  TRUE  TRUE FALSE  TRUE FALSE FALSE  TRUE  TRUE  TRUE FALSE  TRUE  TRUE  TRUE  TRUE
[210]  TRUE  TRUE  TRUE  TRUE  TRUE FALSE  TRUE  TRUE  TRUE  TRUE  TRUE  TRUE FALSE  TRUE FALSE  TRUE FALSE  TRUE  TRUE
[229] FALSE  TRUE FALSE FALSE  TRUE  TRUE FALSE  TRUE  TRUE  TRUE  TRUE FALSE  TRUE  TRUE  TRUE  TRUE  TRUE  TRUE  TRUE
[248]  TRUE  TRUE  TRUE  TRUE  TRUE  TRUE  TRUE FALSE  TRUE  TRUE FALSE  TRUE FALSE FALSE  TRUE  TRUE  TRUE  TRUE FALSE
[267]  TRUE  TRUE  TRUE  TRUE FALSE  TRUE  TRUE  TRUE FALSE  TRUE  TRUE  TRUE FALSE  TRUE  TRUE  TRUE  TRUE FALSE  TRUE
[286] FALSE  TRUE  TRUE  TRUE  TRUE  TRUE  TRUE  TRUE  TRUE  TRUE FALSE  TRUE  TRUE FALSE  TRUE  TRUE FALSE FALSE  TRUE
[305]  TRUE  TRUE  TRUE  TRUE  TRUE  TRUE  TRUE  TRUE FALSE FALSE  TRUE  TRUE FALSE FALSE  TRUE  TRUE  TRUE  TRUE  TRUE
[324] FALSE  TRUE  TRUE FALSE  TRUE  TRUE FALSE  TRUE  TRUE FALSE  TRUE FALSE  TRUE  TRUE  TRUE  TRUE  TRUE  TRUE FALSE
[343] FALSE  TRUE FALSE  TRUE  TRUE  TRUE FALSE  TRUE FALSE  TRUE  TRUE  TRUE  TRUE  TRUE  TRUE  TRUE  TRUE  TRUE FALSE
[362]  TRUE  TRUE  TRUE  TRUE  TRUE FALSE  TRUE  TRUE  TRUE FALSE  TRUE  TRUE FALSE  TRUE FALSE  TRUE  TRUE FALSE  TRUE
[381]  TRUE  TRUE  TRUE  TRUE  TRUE FALSE FALSE  TRUE  TRUE  TRUE FALSE  TRUE  TRUE  TRUE  TRUE  TRUE  TRUE  TRUE  TRUE
[400]  TRUE  TRUE FALSE  TRUE  TRUE  TRUE  TRUE  TRUE  TRUE  TRUE FALSE  TRUE  TRUE  TRUE  TRUE  TRUE  TRUE FALSE  TRUE
[419]  TRUE  TRUE  TRUE  TRUE  TRUE  TRUE  TRUE  TRUE  TRUE  TRUE  TRUE  TRUE  TRUE  TRUE  TRUE  TRUE  TRUE  TRUE  TRUE
[438]  TRUE  TRUE  TRUE  TRUE  TRUE  TRUE  TRUE  TRUE  TRUE  TRUE  TRUE  TRUE FALSE  TRUE  TRUE  TRUE  TRUE  TRUE  TRUE
[457]  TRUE  TRUE  TRUE  TRUE  TRUE  TRUE  TRUE  TRUE  TRUE  TRUE  TRUE  TRUE  TRUE  TRUE  TRUE  TRUE  TRUE  TRUE  TRUE
[476]  TRUE FALSE  TRUE  TRUE  TRUE  TRUE  TRUE  TRUE FALSE  TRUE  TRUE FALSE FALSE  TRUE  TRUE  TRUE  TRUE  TRUE  TRUE
[495]  TRUE FALSE  TRUE  TRUE  TRUE  TRUE  TRUE  TRUE FALSE  TRUE  TRUE  TRUE  TRUE  TRUE  TRUE  TRUE  TRUE  TRUE  TRUE
[514]  TRUE  TRUE  TRUE  TRUE  TRUE  TRUE  TRUE  TRUE  TRUE  TRUE  TRUE  TRUE  TRUE FALSE  TRUE  TRUE  TRUE  TRUE  TRUE
[533]  TRUE  TRUE  TRUE  TRUE  TRUE  TRUE  TRUE  TRUE  TRUE  TRUE FALSE FALSE  TRUE  TRUE  TRUE  TRUE  TRUE FALSE  TRUE
[552]  TRUE  TRUE  TRUE  TRUE  TRUE  TRUE  TRUE  TRUE  TRUE  TRUE  TRUE  TRUE  TRUE  TRUE  TRUE  TRUE  TRUE FALSE  TRUE
[571]  TRUE  TRUE  TRUE  TRUE  TRUE  TRUE  TRUE  TRUE  TRUE  TRUE  TRUE  TRUE  TRUE  TRUE  TRUE  TRUE  TRUE  TRUE  TRUE
[590]  TRUE  TRUE  TRUE  TRUE  TRUE  TRUE  TRUE  TRUE  TRUE  TRUE  TRUE  TRUE  TRUE  TRUE  TRUE  TRUE  TRUE  TRUE  TRUE
[609]  TRUE  TRUE  TRUE  TRUE  TRUE  TRUE  TRUE  TRUE  TRUE  TRUE  TRUE  TRUE  TRUE  TRUE  TRUE  TRUE  TRUE  TRUE  TRUE
[628]  TRUE  TRUE  TRUE FALSE  TRUE  TRUE  TRUE  TRUE  TRUE  TRUE  TRUE  TRUE  TRUE  TRUE  TRUE  TRUE  TRUE  TRUE  TRUE
[647]  TRUE  TRUE  TRUE  TRUE  TRUE  TRUE  TRUE  TRUE  TRUE  TRUE  TRUE  TRUE  TRUE  TRUE  TRUE  TRUE  TRUE  TRUE  TRUE
[666]  TRUE  TRUE  TRUE  TRUE  TRUE

