
Birth-death simulation object with 673 species and 500 extant species

Details for some species:

Extinction times (NA means extant)
[1]       NA 48.77933 13.61048 57.81880 33.52136 13.98476


Speciation times 
[1] 73.96941 72.19523 65.59660 62.89377 55.02129 54.41060


Species parents (NA for initial)
[1] NA  1  1  1  1  1


Species status (extinct or extant)
[1] "extant"  "extinct" "extinct" "extinct" "extinct" "extinct"


For more details on vector y, try sim$y, with y one of
TE TS PAR EXTANT



$TE
  [1]          NA 48.77932672 13.61047729 57.81879684 33.52135677 13.98476107 38.02075513 11.85167259 16.63618818 11.40398816 13.33006129
 [12] 22.38478074          NA 10.89062690          NA 10.53240370          NA  2.62470140  1.32941831 41.42104949 48.03987360 29.28076511
 [23] 13.86061126          NA          NA          NA 13.08718055 45.44425523 31.25701667          NA          NA          NA 19.56289949
 [34]  5.63599564 33.62079246          NA  9.02190375          NA 40.80999136 18.11693034 22.00217531 28.72372338 46.98462235 42.87684550
 [45] 37.64990609 11.46132194 30.97816024          NA 19.25193766          NA          NA 25.23767303          NA          NA          NA
 [56]  9.91342769          NA  1.86587651          NA          NA          NA          NA 23.52105711 18.02171408 18.21610335          NA
 [67]          NA  9.86765141  9.26881415          NA          NA          NA          NA          NA          NA 20.61774425          NA
 [78]          NA 19.52214749          NA          NA          NA 16.50853771  3.98748948 19.11794945  9.03415351 20.81384616          NA
 [89]          NA          NA 19.92215912 27.72481700 17.15861767          NA          NA 13.23138380  0.58027160          NA          NA
[100]          NA 11.02627001          NA          NA  3.91480326          NA  0.66048869  7.67394790          NA          NA  3.56993114
[111]          NA  4.51029611          NA          NA          NA 21.36008391          NA 18.98477358          NA  1.87771708          NA
[122]          NA          NA          NA          NA 14.55142890          NA          NA          NA          NA 27.56301584 13.24191740
[133]          NA          NA  8.05017829          NA  1.16494252          NA 18.07862691          NA          NA  2.97408884          NA
[144] 23.31287006 23.07504627  7.92235868  9.17554426          NA          NA          NA  9.26334693          NA 19.67531906  2.78864371
[155] 25.08426256          NA          NA          NA          NA          NA  8.72539399  0.37341042  7.78687434  8.26492944          NA
[166]          NA  4.63768563          NA          NA          NA          NA  4.88514701  3.13751629          NA          NA          NA
[177]  6.06628693 11.29488663          NA          NA          NA          NA          NA          NA          NA          NA  8.04199470
[188]          NA          NA          NA          NA  6.66787336  8.59905402 22.45808290          NA          NA          NA 15.40436170
[199]          NA 12.00508955          NA          NA  3.51534032          NA  5.04292093 14.45541366  2.93511238          NA          NA
[210]          NA          NA  3.44510868  2.07666002          NA  8.29997519          NA          NA  7.15867109          NA          NA
[221]          NA          NA  5.68135429  4.05539509          NA          NA          NA 14.25703355  0.74612465  0.08394773          NA
[232]          NA 13.46242267 14.57469952          NA          NA          NA          NA          NA  6.66533682 19.88352222  6.15584178
[243] 15.60556197  4.36582330          NA          NA          NA  3.42455408          NA  1.55309001          NA          NA  2.69633622
[254]          NA          NA  8.73896105          NA          NA          NA          NA          NA  9.81655482          NA          NA
[265]  0.03672301          NA          NA          NA  5.80356731          NA          NA 16.23452770          NA 13.26237969          NA
[276]          NA  3.26226266          NA  7.30329930          NA  0.43335823          NA          NA          NA          NA          NA
[287]          NA 15.73607212          NA          NA          NA          NA          NA          NA  5.51965077          NA          NA
[298]          NA          NA  8.08344078  5.76190273  6.62149248          NA          NA          NA          NA          NA          NA
[309]          NA          NA  3.59787557          NA          NA  0.47009616          NA          NA          NA          NA  7.60141259
[320]          NA  2.25236975          NA 14.72130592          NA          NA 10.61935977          NA          NA  6.83934834          NA
[331]          NA          NA          NA          NA          NA          NA          NA          NA  0.50748434          NA          NA
[342]          NA          NA  1.14341900          NA          NA          NA          NA          NA          NA          NA          NA
[353]          NA          NA  7.26543221          NA          NA          NA          NA          NA          NA  4.25029851          NA
[364]          NA          NA          NA          NA          NA          NA          NA          NA          NA          NA          NA
[375]          NA          NA  9.72333444          NA          NA          NA          NA          NA          NA          NA          NA
[386]  4.13609101  3.80408453          NA          NA          NA  0.75802822          NA          NA          NA 11.96834229          NA
[397] 10.16232436          NA          NA  9.01887853          NA          NA          NA          NA          NA          NA          NA
[408]          NA          NA          NA          NA          NA          NA          NA          NA  2.58586810          NA          NA
[419]          NA          NA          NA          NA          NA          NA          NA          NA  4.69102397          NA          NA
[430]          NA          NA          NA          NA          NA          NA          NA          NA          NA          NA          NA
[441]          NA          NA  1.07941329          NA  9.14727262          NA          NA          NA          NA          NA          NA
[452]  4.80139783          NA          NA          NA          NA  4.69961412          NA          NA  4.19395037  7.73295941          NA
[463]          NA          NA          NA          NA          NA  3.25118545          NA          NA          NA          NA          NA
[474]          NA          NA  7.94793428          NA          NA          NA          NA          NA          NA          NA          NA
[485]  0.25108501          NA          NA          NA          NA          NA          NA          NA          NA          NA          NA
[496]          NA          NA          NA          NA          NA          NA          NA          NA  5.20283553  1.78786124          NA
[507]          NA          NA          NA          NA          NA          NA          NA          NA          NA          NA          NA
[518]  1.77330350          NA          NA          NA          NA          NA          NA          NA          NA          NA          NA
[529]          NA          NA          NA          NA          NA          NA          NA          NA          NA          NA          NA
[540]          NA          NA          NA          NA          NA          NA          NA          NA          NA          NA          NA
[551]          NA          NA          NA          NA          NA          NA  2.20898502          NA          NA          NA          NA
[562]          NA          NA          NA          NA          NA          NA          NA          NA  0.59476322          NA          NA
[573]          NA          NA          NA          NA          NA          NA          NA          NA  3.20677449          NA  0.68922525
[584]          NA          NA          NA          NA          NA          NA          NA          NA          NA          NA          NA
[595]          NA          NA          NA          NA          NA  0.25686851          NA          NA  4.60219503          NA          NA
[606]          NA          NA          NA          NA          NA          NA          NA          NA          NA          NA          NA
[617]          NA          NA  0.68941543          NA          NA          NA          NA          NA          NA          NA          NA
[628]          NA          NA          NA          NA          NA          NA          NA          NA          NA          NA          NA
[639]          NA          NA          NA          NA          NA          NA  1.25131348  1.07790106          NA          NA          NA
[650]          NA          NA          NA          NA          NA          NA          NA          NA          NA          NA          NA
[661]          NA          NA          NA          NA          NA          NA          NA          NA          NA          NA          NA
[672]          NA          NA

$TS
  [1] 73.969411649 72.195233041 65.596600663 62.893767530 55.021292415 54.410604811 51.746355630 42.344023250 34.750910495 30.736624343
 [11] 28.056354160 26.448006696 22.544736947 13.108443060 13.093268040 12.830344865  9.117377165  8.483059688  3.766875367 60.488688964
 [21] 53.982629384 51.480695893 49.921928764 37.201489694 36.200927062 27.641853406 18.763306835 53.149719488 51.491664184 45.788419183
 [31] 43.469976193 43.166745687 41.868062732 48.318598265 43.243062777 38.952825903 22.848541978 20.838138576 51.901495201 49.191580009
 [41] 46.568339831 42.764045148 47.430203961 47.834139548 40.176608314 36.536551434 35.202682264 22.256033350 22.036285262 24.318046731
 [51] 46.233105859 28.872167935 25.104886550 24.355953983 18.924394346 18.419150199 15.605979218 37.862212560 33.512041207  3.046828285
 [61]  0.441118240 28.290289693 23.813227435 21.420930231 23.819799590  6.387677412 40.780806687 40.340924716 24.537601552  6.523582492
 [71]  5.275136585  4.495557927 28.978888079 24.139036240 40.482190368 28.877375179 32.846790326 22.192756019 20.813379956 14.119995658
 [81] 11.093422359  7.369361303 39.693217315 27.922600226 21.985483831 10.353153281 27.354494860 19.984082506 10.377577843 37.418269716
 [91] 28.770081389 31.182385445 22.998940586  5.823432090  2.548134337 31.894601095 27.940674638 26.067724707 15.860979890  7.589052576
[101] 27.373658499  5.069093697  2.047757280 27.054449227 22.301782058  5.126288036 32.435882056 12.662979599 29.947274394 26.379410281
[111] 22.973680996 17.654675782 12.769603266  0.797273245 32.230291372 29.403296025 23.233503397 20.697114952 19.009655591 22.910279950
[121]  7.163232815  2.610739647 29.505043035 19.345733337 31.636670369 28.754557211 24.478525534 16.645152758 16.256623786 10.589255866
[131] 31.507365160 20.885347227 11.238379246 15.418597627 26.673302922  6.578310476  4.641902852  0.476180866 29.926345782 14.125288204
[141] 25.506714254 27.213986345  0.470944314 28.054436105 24.594118603 23.085966888 24.667736821 12.840699798  5.897483135 27.675158635
[151] 25.555513962 25.689297594 23.356734330 17.009106978 27.916675935 22.445692671 15.976411233 11.267322342  9.705240173  6.135366199
[161] 23.773490316 15.154528540 13.619041370 25.643082251 15.535492247  0.681149325 26.761410460 12.039784434 13.860357279  1.978600987
[171] 26.048961993 21.074901639 20.483878459 20.315754803  2.401814929 18.878622155 16.151944742 12.606145337 26.701102010 24.854936378
[181]  8.847447343 19.459744946 12.764909849  8.294190167  7.989665715 25.678407043 18.490655778 12.246463260  9.246694525 18.977603790
[191] 14.616945308 10.156485040  9.043746250 25.522841281 14.979918249  4.308574047  1.990850376 16.365475036  4.505172664 21.772422753
[201] 18.699165802 10.242855828  6.001268383  0.820907560 17.994339111 23.554693967 15.343522453 22.247709376 17.855600328 16.361669617
[211] 11.492547184  8.629576170  6.201218445  0.128053353 19.486195180 19.454337353 21.033660931 16.434111326 20.617425768 17.670993054
[221] 16.985569819 14.629995070 14.706048189  9.211462821  6.439013308  2.692745769 10.262057318 23.191734868 13.255559040 12.708607556
[231]  4.421979278  0.921058473 21.070382084 18.504292655 17.775843742 21.617088366 14.152840449 21.595410054 19.792509485  7.762451565
[241] 23.114414448 20.514520163 20.138411636 20.915332238 19.690959112 19.681191342 13.918318271  9.884392355 14.224985800  6.528872768
[251]  3.754876668  1.593773274 18.186575508  2.942936358 15.759754264  9.006935150  7.136365759 16.517759079 11.026359708  9.031245449
[261]  2.030779821 12.412322422  4.705966748 18.882016957 10.265593538 11.942538704 11.286660991  7.159671805 19.697474702 16.746909802
[271]  7.881302423 20.337937695 16.422197309 13.778787801  9.233193014  0.829495022 15.441870574  8.465129233 17.709740459 17.553159053
[281] 17.527101597 15.666398786 11.842796838  5.043205773  9.643862945  6.456004492 12.818069764 19.532379017  4.243258638  3.527587088
[291]  3.062908959  2.799848264  0.192393429 15.715858217 17.176055056 10.659126905 10.396188995  8.961023166  4.310241526 12.901344873
[301] 17.122974187 12.526087025  4.012156860 18.771090088 12.413272391  7.253838142 12.705629949 14.828587895  6.134422175  7.151019346
[311] 13.183409407  1.938864264 18.021684221 10.887189409 16.438090567 15.095382406  7.879089402 16.109017430 14.600826122 14.281160870
[321]  8.115576503  7.396516058 15.513042458 14.217874092 10.830262343 16.094134913 14.180656544  8.188847184 15.919936958  8.354796529
[331]  0.350761036 15.944350016 14.313277049  7.479448118  9.418478846 15.748960544 13.138873903 10.072602775  0.900543056 10.270219512
[341]  6.982859787  5.695407937  1.833686154 15.704912477 12.604194457  0.144134652 12.042894732  8.965303113  8.875705291  8.131732011
[351]  7.415821514  2.450148460 11.274045674  8.727520320 10.953534778  1.130139197 15.366630916  0.729708695  6.913108769  4.860094398
[361]  9.292481396  8.514854521  4.714329493 12.239708224 13.282922000 14.025791695  9.798489262  5.880058566  3.615261462 15.221481383
[371]  2.040935302 14.305985114  5.703412491  7.168911625  2.983343931 12.766860603 12.866015493 11.625265639 13.110718948  2.366308157
[381]  1.856325168  0.798635698 10.568627192  6.179950133 13.720861912 12.457081485  4.225698991  0.007262285  8.917602671  4.711621971
[391] 11.670431579  9.910805862  5.316187771  1.209789299 12.532939388  2.489595072 10.589163489  8.671664916  1.313285949 12.844945734
[401]  7.288340597 11.780980980  5.753230359  9.484917936  1.259707677 12.054274311 11.854167407  6.443508650  9.492788024  7.244256083
[411]  9.452073973  9.301881827  5.510217150  5.285395517 11.928706836 10.934423931  9.385889294  4.573232078 11.499095981  3.328675971
[421]  1.296484736 12.393567349 11.225162358  1.210707022  1.913131606 10.292242188  9.040687607  7.640223511 11.846637598  9.141241003
[431]  5.333024819  2.393178894  1.006447920  5.368537123  8.066112793  7.927328028  7.048859299  3.733076782  1.142679153  3.246675843
[441] 11.505448050 10.061086037  2.996404580  2.319209198 10.453737507  9.677778342  5.993582693  4.927623371  3.830743290  3.335338237
[451]  2.471894024  8.809012692  3.111152901  2.670102975  1.635486973  9.336293480  5.487697782  1.687849892 11.221160366  4.734168221
[461]  8.508762368  5.168163701 10.503561022  4.311665662  2.454506683  0.686698479  0.476730769  9.282370669  1.641620220  8.962698572
[471]  6.998100868  6.502698616  2.004870067  6.211088130  1.790940899 10.568935733  9.557002294  8.843171229  3.153278960  0.205978300
[481]  2.796534595  8.197133823  7.148490115  8.651154077  7.466329133  2.806948514  6.091378289  5.752056705  2.318522519  9.501810038
[491]  4.275823231  6.049463591  1.856497358  4.156019995  5.681603730  1.868652934  1.686266287  7.153909301  6.324008768  4.542358917
[501]  4.736440415  0.593128592  0.553653301  6.409245829  4.515877725  5.073954178  3.275666455  7.323732973  8.716351955  5.363929667
[511]  8.897827679  8.552598032  6.720463018  7.193106315  6.244504891  4.131341013  0.641432145  3.835169445  7.064508030  3.988847282
[521]  0.127643929  0.200711328  6.526856745  4.445403489  1.392762326  1.947292684  7.795550032  7.013353076  3.468408915  3.773575157
[531]  6.715371398  0.121836533  5.058487107  7.588747898  2.644313813  1.570477144  5.121351620  3.087703679  2.329211302  1.600981101
[541]  0.559911772  6.613801362  6.297610661  2.190868617  5.688927428  4.086840118  4.947340166  0.482296420  0.170613594  6.188034849
[551]  0.290740731  4.945012821  1.069937255  3.340275848  7.261024859  2.855895632  2.574500229  3.420047847  7.022697999  4.532162376
[561]  3.599874572  1.407295449  0.748829829  5.580104564  1.869528649  4.515482887  3.353980152  2.554936724  2.415877510  1.283580563
[571]  3.241157826  0.013563382  3.615928577  1.632163870  0.938250916  3.098227514  2.789479118  0.660920889  2.575900461  1.832263928
[581]  5.806086690  5.032373867  4.827362213  3.854745225  4.462604229  2.001475984  5.360100739  0.823079492  0.987789496  0.225973053
[591]  2.193737645  5.662412417  1.177464108  2.184398405  0.184801403  3.082211553  0.150760762  3.443146127  2.172328792  3.762327215
[601]  4.046351797  1.477025187  5.015242558  0.830492137  2.812221227  0.267549640  3.477729660  3.060276051  2.146726342  2.054703273
[611]  0.915852699  0.221757799  4.442803722  2.537330688  1.837022541  3.298309705  0.193550513  0.606733245  3.764277047  0.179388652
[621]  3.540882536  2.584710844  1.516490522  2.425503345  0.511201331  1.094272797  0.839398808  3.286219687  2.071109451  1.636100304
[631]  0.731100645  2.192995654  1.467850800  1.426066844  0.335808544  1.235356107  0.250571269  0.397555915  2.593587295  2.531752476
[641]  2.277304125  0.605778949  0.826248492  1.061910130  1.273953255  1.507729262  0.399253245  0.594190325  2.233468113  2.435787694
[651]  1.189324102  0.606679751  0.471084628  1.477404227  1.062051797  1.608104311  0.990060462  0.009631443  1.086881991  1.561892026
[661]  0.616840732  0.374566528  0.395022456  1.444279438  0.336762427  0.003233853  1.207396586  0.948002473  0.214223737  0.220688016
[671]  0.972237517  0.369507155  0.205075292

$PAR
  [1]  NA   1   1   1   1   1   1   1   1   1   1   1   1   1   1   1   1   1   1   2   3   3   3   3   3   3   3  20   5   5   5   5   5
 [34]   6   6   6   6   6  21  21  39  39   7  29  22  23  23  23  23  40  34  34  34  34  34  34  34  51  51  51  51  30  30  30  31  31
 [67]  35  32  32  32  32  32   8   8  33  33  67  67  67  67  67  67  75  75  75  75  68  68  68  83  83  36  36  36  36  58  58  58  58
[100]  58  90  90  90  24  24  24  46  46  25  25  25  25  25  25  47   9   9   9   9  59  59  59  77  77 107 107 107 107 107 107 115 115
[133] 115  96 125 125 125 125  10  10 109 139 123 116 116 116  73  73  73  76  76  52 126 126  62  62  62  62  62  62  11  11  11  97  97
[166]  97  84  84 150 150  26  26  26  26  26 101 101 101  87 104 104 167 167 167 167 179 135 135 135 110 110 110 110  98  98  98  98 171
[199] 171 152 152 152 152 152 186 164 164 151 151 141 141 141 141 141  53  53 180 180  69  69  69  69 127 127 127 127  54  50  50  50  50
[232]  50  74  74  74 161 161 117 117 117 228 228 228 241  93 120 120  37  13  13  13  13 156 156 105 105 105 208 208 208 208  78  78 236
[265] 236 238 172 172 233 233 217 244 244 244  38 219 242 173 272 272 174 174  88  88 239 239 269 245 245 245 245 245 245 246 288 215 182
[298] 182 182 216 124 124 119 190 190  55 264 176 176 304 201 201 234  56 253 253 209 235 235 235 235 235 279 279 279 220 112 112 280 280
[331] 280 281 281 295 301 154 154 221 221 270 270 270 270 128 128 128 258 258 258 218 210 210 129 177 318 318 326 157  99  99 336 336 344
[364] 282  57 165 277 277 277 357 357 207 207 370 370 162 316 316 195 308 308 308 223 223 191 191 191 191 333 372 320 320 320 320 249 327
[397] 237 140 140  80  80 366 247 169 169 385 163 365 229 229 311 311 311 337  14 148 148 113 376 376 183 230 230 307 108 345 302 302 305
[430] 305 305 305 305 422 188 364 364 364 364 406 347 347 347 347 266 415 415 415 407 407 407 283 283 283 402 378 441 441 211 211 353 353
[463] 133 133 133 423 423 459  81 259 259 259 259 325 325 296 296  89 426 340 227 202 202 442 442 442 392 392 392 248 367 159 285 477 490
[496] 490 490 409 409 409 411 411 335 417 417 456 412 468 189 224 193 348 348 470 470 470 470 298 389 389 511 349 181 181 181 478 452 509
[529] 509 484 512 512 362  18  18 278 330 330 328 350 350 435 185 436 271 271 317 527 527 100 100 351 322  82 508 401 401 306 410 410 410
[562] 410 374 310 483 257 437 471 471 471 531 531  70  70  70 472 472 472 286 499 515 515 160 160 309 492 149 368  94  94 403 488 373 545
[595] 564 434 510 587 587  71 462 462 102 102 533 547 552 552 552 552 552 360 583 583 583 390 500 560  72 491 289 494 494 516 516 601 520
[628] 530 530 251 251 573 567 554 554 479 596  60 375 254 486 226 535 639 579 568 568  95 614 465 594 609 629 473 586 197 170 170 496 458
[661] 630 574 252 654 654 664 570 570 424 593 659 563 648

$EXTANT
  [1]  TRUE FALSE FALSE FALSE FALSE FALSE FALSE FALSE FALSE FALSE FALSE FALSE  TRUE FALSE  TRUE FALSE  TRUE FALSE FALSE FALSE FALSE FALSE
 [23] FALSE  TRUE  TRUE  TRUE FALSE FALSE FALSE  TRUE  TRUE  TRUE FALSE FALSE FALSE  TRUE FALSE  TRUE FALSE FALSE FALSE FALSE FALSE FALSE
 [45] FALSE FALSE FALSE  TRUE FALSE  TRUE  TRUE FALSE  TRUE  TRUE  TRUE FALSE  TRUE FALSE  TRUE  TRUE  TRUE  TRUE FALSE FALSE FALSE  TRUE
 [67]  TRUE FALSE FALSE  TRUE  TRUE  TRUE  TRUE  TRUE  TRUE FALSE  TRUE  TRUE FALSE  TRUE  TRUE  TRUE FALSE FALSE FALSE FALSE FALSE  TRUE
 [89]  TRUE  TRUE FALSE FALSE FALSE  TRUE  TRUE FALSE FALSE  TRUE  TRUE  TRUE FALSE  TRUE  TRUE FALSE  TRUE FALSE FALSE  TRUE  TRUE FALSE
[111]  TRUE FALSE  TRUE  TRUE  TRUE FALSE  TRUE FALSE  TRUE FALSE  TRUE  TRUE  TRUE  TRUE  TRUE FALSE  TRUE  TRUE  TRUE  TRUE FALSE FALSE
[133]  TRUE  TRUE FALSE  TRUE FALSE  TRUE FALSE  TRUE  TRUE FALSE  TRUE FALSE FALSE FALSE FALSE  TRUE  TRUE  TRUE FALSE  TRUE FALSE FALSE
[155] FALSE  TRUE  TRUE  TRUE  TRUE  TRUE FALSE FALSE FALSE FALSE  TRUE  TRUE FALSE  TRUE  TRUE  TRUE  TRUE FALSE FALSE  TRUE  TRUE  TRUE
[177] FALSE FALSE  TRUE  TRUE  TRUE  TRUE  TRUE  TRUE  TRUE  TRUE FALSE  TRUE  TRUE  TRUE  TRUE FALSE FALSE FALSE  TRUE  TRUE  TRUE FALSE
[199]  TRUE FALSE  TRUE  TRUE FALSE  TRUE FALSE FALSE FALSE  TRUE  TRUE  TRUE  TRUE FALSE FALSE  TRUE FALSE  TRUE  TRUE FALSE  TRUE  TRUE
[221]  TRUE  TRUE FALSE FALSE  TRUE  TRUE  TRUE FALSE FALSE FALSE  TRUE  TRUE FALSE FALSE  TRUE  TRUE  TRUE  TRUE  TRUE FALSE FALSE FALSE
[243] FALSE FALSE  TRUE  TRUE  TRUE FALSE  TRUE FALSE  TRUE  TRUE FALSE  TRUE  TRUE FALSE  TRUE  TRUE  TRUE  TRUE  TRUE FALSE  TRUE  TRUE
[265] FALSE  TRUE  TRUE  TRUE FALSE  TRUE  TRUE FALSE  TRUE FALSE  TRUE  TRUE FALSE  TRUE FALSE  TRUE FALSE  TRUE  TRUE  TRUE  TRUE  TRUE
[287]  TRUE FALSE  TRUE  TRUE  TRUE  TRUE  TRUE  TRUE FALSE  TRUE  TRUE  TRUE  TRUE FALSE FALSE FALSE  TRUE  TRUE  TRUE  TRUE  TRUE  TRUE
[309]  TRUE  TRUE FALSE  TRUE  TRUE FALSE  TRUE  TRUE  TRUE  TRUE FALSE  TRUE FALSE  TRUE FALSE  TRUE  TRUE FALSE  TRUE  TRUE FALSE  TRUE
[331]  TRUE  TRUE  TRUE  TRUE  TRUE  TRUE  TRUE  TRUE FALSE  TRUE  TRUE  TRUE  TRUE FALSE  TRUE  TRUE  TRUE  TRUE  TRUE  TRUE  TRUE  TRUE
[353]  TRUE  TRUE FALSE  TRUE  TRUE  TRUE  TRUE  TRUE  TRUE FALSE  TRUE  TRUE  TRUE  TRUE  TRUE  TRUE  TRUE  TRUE  TRUE  TRUE  TRUE  TRUE
[375]  TRUE  TRUE FALSE  TRUE  TRUE  TRUE  TRUE  TRUE  TRUE  TRUE  TRUE FALSE FALSE  TRUE  TRUE  TRUE FALSE  TRUE  TRUE  TRUE FALSE  TRUE
[397] FALSE  TRUE  TRUE FALSE  TRUE  TRUE  TRUE  TRUE  TRUE  TRUE  TRUE  TRUE  TRUE  TRUE  TRUE  TRUE  TRUE  TRUE  TRUE FALSE  TRUE  TRUE
[419]  TRUE  TRUE  TRUE  TRUE  TRUE  TRUE  TRUE  TRUE FALSE  TRUE  TRUE  TRUE  TRUE  TRUE  TRUE  TRUE  TRUE  TRUE  TRUE  TRUE  TRUE  TRUE
[441]  TRUE  TRUE FALSE  TRUE FALSE  TRUE  TRUE  TRUE  TRUE  TRUE  TRUE FALSE  TRUE  TRUE  TRUE  TRUE FALSE  TRUE  TRUE FALSE FALSE  TRUE
[463]  TRUE  TRUE  TRUE  TRUE  TRUE FALSE  TRUE  TRUE  TRUE  TRUE  TRUE  TRUE  TRUE FALSE  TRUE  TRUE  TRUE  TRUE  TRUE  TRUE  TRUE  TRUE
[485] FALSE  TRUE  TRUE  TRUE  TRUE  TRUE  TRUE  TRUE  TRUE  TRUE  TRUE  TRUE  TRUE  TRUE  TRUE  TRUE  TRUE  TRUE  TRUE FALSE FALSE  TRUE
[507]  TRUE  TRUE  TRUE  TRUE  TRUE  TRUE  TRUE  TRUE  TRUE  TRUE  TRUE FALSE  TRUE  TRUE  TRUE  TRUE  TRUE  TRUE  TRUE  TRUE  TRUE  TRUE
[529]  TRUE  TRUE  TRUE  TRUE  TRUE  TRUE  TRUE  TRUE  TRUE  TRUE  TRUE  TRUE  TRUE  TRUE  TRUE  TRUE  TRUE  TRUE  TRUE  TRUE  TRUE  TRUE
[551]  TRUE  TRUE  TRUE  TRUE  TRUE  TRUE FALSE  TRUE  TRUE  TRUE  TRUE  TRUE  TRUE  TRUE  TRUE  TRUE  TRUE  TRUE  TRUE FALSE  TRUE  TRUE
[573]  TRUE  TRUE  TRUE  TRUE  TRUE  TRUE  TRUE  TRUE FALSE  TRUE FALSE  TRUE  TRUE  TRUE  TRUE  TRUE  TRUE  TRUE  TRUE  TRUE  TRUE  TRUE
[595]  TRUE  TRUE  TRUE  TRUE  TRUE FALSE  TRUE  TRUE FALSE  TRUE  TRUE  TRUE  TRUE  TRUE  TRUE  TRUE  TRUE  TRUE  TRUE  TRUE  TRUE  TRUE
[617]  TRUE  TRUE FALSE  TRUE  TRUE  TRUE  TRUE  TRUE  TRUE  TRUE  TRUE  TRUE  TRUE  TRUE  TRUE  TRUE  TRUE  TRUE  TRUE  TRUE  TRUE  TRUE
[639]  TRUE  TRUE  TRUE  TRUE  TRUE  TRUE FALSE FALSE  TRUE  TRUE  TRUE  TRUE  TRUE  TRUE  TRUE  TRUE  TRUE  TRUE  TRUE  TRUE  TRUE  TRUE
[661]  TRUE  TRUE  TRUE  TRUE  TRUE  TRUE  TRUE  TRUE  TRUE  TRUE  TRUE  TRUE  TRUE

