
Birth-death simulation object with 664 species and 500 extant species

Details for some species:

Extinction times (NA means extant)
[1]          NA 46.96272373 24.84688850  0.06628842 44.30060958 20.57874231


Speciation times 
[1] 72.73171 68.01360 62.07896 56.16523 45.70448 42.49951


Species parents (NA for initial)
[1] NA  1  1  1  1  1


Species status (extinct or extant)
[1] "extant"  "extinct" "extinct" "extinct" "extinct" "extinct"


For more details on vector y, try sim$y, with y one of
TE TS PAR EXTANT



$TE
  [1]          NA 46.96272373 24.84688850  0.06628842 44.30060958 20.57874231  8.11909344          NA          NA
 [10]          NA          NA 23.63032520 50.93455848 10.82790893  5.05999135 45.75126171 23.16975824          NA
 [19] 29.00076927 49.64359960 28.76040229 41.00977371  7.59206801          NA  7.40533298          NA          NA
 [28] 30.85220923 29.26477824  4.56099192          NA 14.07017894 33.38549111 18.10201207 13.87534429 19.98697829
 [37] 28.86308081 33.32964227 21.20598305 13.29054394          NA          NA          NA          NA  8.67146596
 [46] 25.53808874          NA  4.15918752          NA  0.05296542          NA 10.27088819 26.34076849  8.85660410
 [55]          NA 17.62441917  7.45572431          NA          NA          NA          NA  9.33881572 10.12521474
 [64] 12.91783894          NA 14.16261047  6.03523163 14.02746398          NA          NA          NA          NA
 [73]          NA 25.48300352  4.01383424  3.27564928          NA          NA          NA          NA          NA
 [82]  5.99874323 26.21875516  1.19097794 31.33928714          NA 15.28253761 22.54004961 10.50866597 18.05066717
 [91]          NA  8.20506965          NA          NA  0.55302882          NA  5.54761192  2.15333648          NA
[100]          NA 14.32722913 11.41918222          NA          NA          NA 26.96319788          NA  6.74621388
[109]          NA          NA          NA          NA          NA          NA  3.10025951          NA          NA
[118]          NA          NA          NA 11.60904421          NA          NA          NA          NA          NA
[127] 13.93716158          NA          NA  8.36377547          NA          NA          NA          NA  0.38166984
[136]          NA          NA          NA 21.63460218          NA  7.84956814          NA  0.77777623          NA
[145]          NA          NA          NA 22.53946987          NA          NA  2.47734802  6.47279825  1.51892451
[154]          NA          NA  1.92641156          NA          NA          NA 13.41344222          NA 20.81176239
[163]          NA 11.32416338          NA  9.51936613          NA          NA          NA          NA 18.95119434
[172]  8.17126005          NA          NA          NA 15.25349934          NA          NA  9.01093793          NA
[181] 10.45692039          NA          NA  0.62509816          NA          NA          NA          NA          NA
[190]          NA 16.45774784          NA          NA  5.75908811          NA 10.67203109          NA          NA
[199]          NA          NA  8.60082701  0.09488390          NA          NA          NA          NA          NA
[208]          NA          NA          NA  0.99543534 17.26937573  7.39001465          NA          NA 14.42796415
[217]          NA          NA          NA  1.64935798          NA          NA 12.08531894 11.16234662 11.83702096
[226]  9.41986974  0.98236295          NA          NA          NA          NA          NA          NA          NA
[235]  0.23306721          NA          NA 10.01989672          NA          NA          NA  9.84495738          NA
[244]          NA          NA          NA          NA          NA  3.67657556          NA  0.97630480          NA
[253]          NA          NA          NA          NA          NA          NA          NA          NA          NA
[262]          NA          NA          NA  5.78040600          NA          NA          NA          NA          NA
[271]          NA          NA  4.33888902          NA          NA          NA  6.38244419          NA          NA
[280]          NA          NA          NA  5.07966325          NA          NA          NA          NA          NA
[289]          NA          NA          NA          NA  3.84585216          NA          NA          NA  3.91916509
[298]          NA          NA          NA          NA  1.67953532          NA 12.40861050          NA          NA
[307]          NA          NA          NA  9.72040193          NA  6.98360807          NA          NA          NA
[316]          NA          NA          NA  8.01998137          NA          NA          NA          NA          NA
[325]          NA          NA          NA 10.22633608  2.90471008          NA  3.34440243          NA          NA
[334]          NA          NA          NA  3.98843941  7.09359274          NA          NA          NA          NA
[343]  5.65511420  0.20187234          NA  0.89087147          NA 10.44028074          NA          NA          NA
[352]          NA          NA  7.87189329  3.04263296          NA          NA          NA          NA          NA
[361]          NA          NA          NA          NA  7.15778044          NA          NA          NA          NA
[370]          NA  2.32742050          NA          NA          NA          NA          NA          NA          NA
[379]          NA          NA          NA          NA          NA  4.28395591          NA          NA          NA
[388]          NA          NA          NA  8.19724297          NA  0.22508534          NA          NA          NA
[397]          NA          NA          NA          NA          NA          NA          NA  4.34092684  1.34960862
[406]          NA  6.36179328          NA  2.54782211          NA  1.68979624          NA          NA          NA
[415]          NA          NA  5.24234105          NA          NA  1.47525767  2.99561639          NA  3.02284238
[424]  0.65166800          NA          NA  5.16706491          NA          NA  5.42268197          NA  4.89700256
[433]          NA          NA          NA          NA          NA          NA          NA          NA          NA
[442]          NA          NA          NA          NA          NA          NA          NA          NA          NA
[451]          NA  2.91872533          NA          NA          NA          NA          NA          NA          NA
[460]  4.10467790          NA          NA          NA          NA          NA          NA          NA          NA
[469]          NA          NA          NA          NA          NA          NA          NA          NA          NA
[478]          NA          NA          NA          NA          NA          NA          NA          NA          NA
[487]          NA          NA          NA          NA          NA          NA          NA  2.23473128  3.31418833
[496]          NA          NA          NA          NA          NA  4.05453552          NA          NA          NA
[505]          NA          NA          NA          NA          NA  0.95800141          NA          NA          NA
[514]          NA          NA          NA          NA          NA  1.42356852          NA          NA  1.49162595
[523]          NA          NA  0.68888421          NA          NA          NA          NA          NA          NA
[532]          NA          NA          NA          NA          NA          NA  0.30736815          NA          NA
[541]          NA          NA          NA          NA          NA          NA          NA          NA          NA
[550]          NA          NA          NA          NA  0.67817527          NA          NA          NA          NA
[559]          NA          NA          NA          NA          NA          NA          NA          NA          NA
[568]          NA          NA          NA          NA          NA          NA          NA          NA          NA
[577]          NA          NA          NA  2.04177189          NA          NA          NA          NA          NA
[586]          NA          NA          NA  1.01655180          NA  0.86643397          NA          NA          NA
[595]          NA          NA          NA          NA          NA          NA          NA          NA          NA
[604]          NA          NA          NA          NA          NA          NA          NA          NA          NA
[613]  1.79933704          NA          NA  2.69070722          NA          NA          NA          NA          NA
[622]          NA          NA          NA          NA          NA          NA          NA          NA          NA
[631]          NA          NA          NA          NA          NA          NA          NA          NA          NA
[640]          NA          NA  1.09535356          NA          NA          NA          NA          NA          NA
[649]          NA          NA          NA          NA          NA          NA          NA          NA          NA
[658]          NA          NA          NA          NA          NA          NA          NA

$TS
  [1] 7.273171e+01 6.801360e+01 6.207896e+01 5.616523e+01 4.570448e+01 4.249951e+01 3.647889e+01 2.823806e+01
  [9] 2.564896e+01 9.873989e+00 3.879683e+00 6.138577e+01 5.184361e+01 4.632404e+01 4.140972e+01 5.630422e+01
 [17] 3.659449e+01 3.552958e+01 5.402602e+01 4.989993e+01 5.274186e+01 4.692295e+01 2.912148e+01 2.382613e+01
 [25] 1.637589e+01 3.740355e+01 3.702411e+01 3.909422e+01 4.262250e+01 4.006047e+01 2.675391e+01 1.414987e+01
 [33] 3.931272e+01 3.520761e+01 2.997259e+01 2.174705e+01 3.922020e+01 3.728077e+01 2.252235e+01 1.782307e+01
 [41] 1.475670e+01 3.898507e+01 2.978990e+01 1.205336e+01 1.171468e+01 3.792602e+01 2.509980e+01 1.775990e+01
 [49] 9.922053e+00 2.775397e+00 1.586897e+00 3.174874e+01 3.114853e+01 2.803050e+01 1.115749e+01 3.334982e+01
 [57] 2.472840e+01 2.052064e+01 1.407511e+01 5.921525e+00 3.301478e+01 3.184682e+01 2.733395e+01 3.260615e+01
 [65] 2.088869e+01 3.242624e+01 2.128010e+01 1.682129e+01 1.239724e+01 5.546870e+00 5.126747e+00 2.315264e+00
 [73] 3.235414e+01 2.979944e+01 2.127753e+01 1.856421e+01 2.169316e+01 2.124512e+01 2.571185e+01 1.484252e+01
 [81] 1.144479e+00 3.145789e+01 2.764981e+01 2.665726e+01 3.241368e+01 3.146567e+01 2.577292e+01 2.356093e+01
 [89] 2.320460e+01 1.918363e+01 1.721018e+01 1.329233e+01 8.956777e+00 7.123440e+00 2.409955e+01 1.367698e+01
 [97] 2.808297e+01 2.542646e+01 1.125250e+01 1.106701e+01 3.066692e+01 1.987122e+01 4.623473e+00 1.335086e+00
[105] 1.026552e+01 2.776454e+01 1.898393e+01 1.360478e+01 7.525680e+00 5.202528e+00 3.575566e+00 1.930287e+00
[113] 2.358947e+01 1.581698e+01 1.513524e+01 1.566656e+01 9.797506e+00 6.285165e+00 1.049764e+00 2.215472e+01
[121] 1.971977e+01 1.360884e+01 1.138288e+01 2.485295e+01 1.578459e+01 2.520415e+01 1.955382e+01 1.115402e+01
[129] 8.363779e+00 1.618601e+01 5.488661e+00 1.800860e+01 1.627116e+01 6.875617e+00 1.508098e+01 3.190345e+00
[137] 3.102456e+00 2.481661e+00 2.460645e+01 1.682088e+01 1.127188e+01 6.883070e+00 4.639146e+00 1.549446e+01
[145] 1.468865e+01 4.902514e+00 4.100141e+00 2.401476e+01 4.835620e-01 7.662393e+00 9.186493e+00 1.208146e+01
[153] 1.096826e+01 6.954727e+00 5.292682e+00 3.597543e+00 2.000028e+00 1.877924e+00 1.399340e+00 1.878719e+01
[161] 1.181397e+01 2.192954e+01 2.101328e+01 1.959223e+01 1.927517e+01 1.440563e+01 1.313680e+01 1.015478e+01
[169] 9.851701e+00 1.751521e+00 1.985496e+01 8.575121e+00 4.422714e+00 3.792772e+00 1.781224e+01 1.753633e+01
[177] 1.468870e+01 1.410635e+01 1.191937e+01 6.835754e+00 1.508658e+01 1.167060e+01 1.146089e+01 2.621391e+00
[185] 2.079225e+01 1.396971e+01 1.244306e+01 1.035603e+01 1.184063e+00 8.030727e-01 2.054106e+01 1.792249e+01
[193] 1.675578e+01 1.451361e+01 2.144674e+00 1.670491e+01 1.630702e+01 9.321812e+00 3.206925e+00 1.157300e+01
[201] 1.489732e+01 1.319556e+01 1.600587e+01 1.550807e+01 1.074490e+01 9.638030e+00 2.068522e+00 1.656790e+01
[209] 1.943081e+00 8.969750e+00 6.685448e+00 1.787608e+01 1.216956e+01 8.114898e+00 1.014092e+00 1.683957e+01
[217] 5.582472e+00 4.326747e+00 3.225025e+00 2.931703e+00 2.792204e+00 1.092618e+00 1.758714e+01 1.416211e+01
[225] 1.503726e+01 1.255473e+01 9.946742e+00 1.304040e+01 1.715985e+01 1.494859e+01 2.532838e+00 3.096483e+00
[233] 2.036650e+00 1.637233e+01 1.493634e+01 1.453804e+01 2.116649e+00 1.597712e+01 1.277957e+01 1.099079e+01
[241] 1.543750e+01 1.401559e+01 1.090913e+01 1.434703e+01 5.305321e+00 1.090858e+01 1.491314e+01 1.343589e+01
[249] 6.524158e+00 4.560871e+00 1.461179e+01 6.911308e+00 4.116592e+00 1.183340e+00 7.233889e+00 4.699796e+00
[257] 1.051548e+01 1.112472e+01 1.020036e+01 9.870717e+00 4.315221e-01 8.071051e+00 7.493183e+00 3.028164e+00
[265] 1.045321e+01 1.816440e+00 4.728028e+00 3.062097e+00 5.655105e+00 1.060489e+01 1.445870e+01 1.399979e+01
[273] 5.618773e+00 1.404337e+01 1.343305e+01 1.294014e+01 1.002775e+01 9.087200e+00 8.347012e+00 1.431496e+01
[281] 1.471828e+00 5.583403e-01 1.333624e+01 1.006044e+01 9.588800e+00 9.555677e+00 1.268324e+01 1.177416e+01
[289] 4.851334e+00 4.180505e+00 1.310536e+01 1.018603e+01 7.636382e+00 6.745538e+00 1.323629e+01 8.565243e+00
[297] 7.008729e+00 4.714609e+00 1.216927e+01 9.178694e+00 1.388754e+01 1.382745e+01 3.772545e+00 1.306294e+01
[305] 7.519276e+00 1.790131e+00 1.371326e+01 7.289388e+00 4.912994e+00 1.060695e+01 1.312850e+01 1.255634e+01
[313] 8.119467e+00 6.399751e+00 1.062967e+00 1.354729e+01 1.350133e+01 1.248292e+01 1.158021e+01 1.325647e+01
[321] 4.347757e+00 1.061615e+01 3.978844e+00 9.288521e+00 4.548210e+00 3.188023e+00 8.648718e+00 1.153238e+01
[329] 8.346917e+00 8.188793e+00 1.256848e+01 8.763687e+00 6.209377e+00 2.196904e+00 3.734469e+00 2.957274e+00
[337] 6.889848e+00 1.084565e+01 1.070922e+01 9.881531e+00 5.668711e+00 4.990354e+00 1.163482e+01 8.063914e+00
[345] 4.185725e+00 8.072469e+00 5.155660e+00 1.235891e+01 9.164542e+00 1.098036e+01 4.570982e+00 3.122032e+00
[353] 2.645908e-01 9.265953e+00 7.888985e+00 7.035647e-01 7.455062e+00 4.231654e+00 4.430292e+00 4.247750e+00
[361] 2.258643e+00 5.457392e-01 1.116494e+01 1.025386e+01 8.220003e+00 6.643421e+00 5.572548e+00 9.093191e+00
[369] 7.844411e+00 2.840791e+00 2.761315e+00 7.425257e+00 9.910371e+00 6.894388e+00 3.641623e+00 5.130794e+00
[377] 1.056703e+01 8.522659e+00 3.738995e+00 2.222224e+00 1.097519e+01 8.466625e+00 6.948531e+00 6.397398e+00
[385] 4.577828e+00 1.025850e+00 8.141658e+00 9.801728e+00 3.352468e+00 2.332046e+00 9.076568e+00 1.011564e+01
[393] 9.671809e+00 1.016193e+01 3.388735e+00 3.922026e+00 2.578017e+00 8.519658e+00 3.962102e+00 2.770467e+00
[401] 7.548901e+00 5.213884e+00 2.302306e+00 8.992778e+00 6.338817e+00 8.907174e+00 6.731654e+00 3.857761e+00
[409] 2.734455e+00 2.107100e+00 6.046229e+00 6.260273e-01 7.151113e+00 5.435555e+00 4.900626e+00 9.092417e+00
[417] 8.502661e+00 8.145593e+00 1.794671e+00 8.754656e+00 4.236744e+00 9.740565e+00 9.572301e+00 5.404591e+00
[425] 3.375331e+00 2.117774e+00 8.229368e+00 7.624369e+00 4.659896e+00 7.050042e+00 6.542014e+00 8.850746e+00
[433] 7.720824e+00 1.038026e+00 2.278249e+00 2.063197e+00 1.287800e+00 7.562282e+00 4.813905e+00 1.877206e+00
[441] 8.193829e+00 2.005868e+00 6.615558e+00 1.262632e+00 3.965254e+00 3.485417e+00 3.676317e-01 7.928746e+00
[449] 4.392069e+00 7.262944e+00 8.684582e-01 6.483220e+00 4.020545e+00 4.296050e+00 2.694012e+00 2.289097e+00
[457] 3.145294e+00 1.147223e+00 7.704177e+00 5.656970e+00 3.989693e+00 3.230766e+00 5.106874e+00 3.077986e+00
[465] 4.211655e+00 2.837597e-01 5.192052e+00 4.434274e+00 1.011527e+00 7.376069e-04 5.311035e+00 4.621722e+00
[473] 2.764844e+00 4.440721e+00 7.466698e+00 5.958609e+00 3.106039e+00 6.897512e+00 1.568639e+00 5.176562e+00
[481] 4.904393e+00 6.048521e+00 3.979764e+00 6.702718e-01 3.884947e+00 2.508141e+00 1.703142e+00 7.100267e-01
[489] 6.397789e+00 5.296254e+00 5.689204e+00 2.904691e+00 5.175807e+00 5.020917e+00 4.626424e+00 1.257667e+00
[497] 8.281651e-02 2.386080e+00 6.586928e+00 6.037259e+00 5.812785e+00 2.652491e+00 2.883127e+00 3.217555e-01
[505] 5.203012e+00 5.106597e+00 1.374107e+00 1.727397e+00 4.591648e-01 3.581540e+00 2.707843e+00 3.660933e+00
[513] 2.498326e+00 5.845183e+00 6.701498e-01 5.200904e+00 4.495027e+00 3.483900e+00 2.690575e+00 1.730340e+00
[521] 1.696256e+00 2.199619e+00 1.104740e+00 2.509176e-02 2.060472e+00 3.590122e+00 2.280193e+00 2.535158e+00
[529] 1.102894e+00 4.718052e+00 2.759153e+00 1.063608e+00 1.129624e+00 4.859110e+00 4.416042e+00 2.582066e+00
[537] 1.403740e+00 3.324002e+00 4.079638e-01 4.302925e+00 4.400658e+00 4.275358e+00 6.007638e-01 1.409100e+00
[545] 4.400385e+00 4.314382e+00 3.965138e+00 8.580719e-01 2.251181e+00 4.704777e+00 2.999002e+00 5.403969e-01
[553] 5.034638e-02 2.943481e+00 2.074695e+00 3.411692e+00 3.166681e+00 2.353380e+00 3.900244e-02 2.977106e+00
[561] 4.223291e+00 3.681749e+00 6.713932e-01 2.103613e+00 3.114590e+00 2.344739e+00 1.015300e+00 3.242719e+00
[569] 2.963726e+00 4.134484e+00 3.330526e+00 2.944792e+00 1.027645e+00 2.818131e-01 2.212052e+00 7.241978e-01
[577] 3.467383e+00 3.916769e+00 1.829923e-01 3.057498e+00 1.929912e+00 3.761876e+00 1.959679e+00 3.319899e+00
[585] 2.413731e+00 2.099094e-01 4.233943e-01 2.009237e+00 1.934636e+00 3.411804e+00 2.308379e+00 6.157273e-01
[593] 5.085688e-01 3.530006e+00 2.191697e+00 1.756598e+00 1.345205e+00 2.671983e+00 1.724179e+00 1.316288e+00
[601] 1.912528e+00 2.796176e-01 9.839945e-01 5.926154e-01 1.953026e-01 2.334437e+00 2.729715e+00 3.192560e+00
[609] 2.108765e+00 1.910702e-01 1.353644e+00 2.645323e+00 2.814174e+00 8.720614e-01 1.438013e-02 3.054160e+00
[617] 2.695829e+00 2.506907e+00 2.662228e+00 1.275376e+00 2.038264e-01 2.541347e+00 2.026054e+00 1.988151e+00
[625] 3.677325e-01 2.408215e+00 1.018580e-01 5.389147e-01 2.731836e+00 1.910740e+00 1.936093e+00 3.303459e-02
[633] 1.800011e+00 1.521414e+00 5.498312e-01 9.396603e-02 1.848828e+00 2.189312e+00 1.908484e+00 1.651496e+00
[641] 1.618292e+00 1.218514e+00 1.163740e+00 4.980493e-01 1.734452e+00 2.000558e+00 5.286768e-01 7.850847e-01
[649] 1.802624e+00 1.380158e+00 8.593259e-01 3.982270e-01 9.675386e-02 1.406502e+00 4.743737e-01 6.832928e-01
[657] 8.236848e-01 1.163371e+00 2.283241e-01 1.152540e+00 5.303788e-01 2.841814e-01 6.395974e-01 1.861680e-01

$PAR
  [1]  NA   1   1   1   1   1   1   1   1   1   1   2   2   3   3  12  12  12  16  16   4   4   4   4   4  19  19  21  22
 [30]  14  14  14   6   6   6   6  15  15  15  15  15  30  30  30  30  28  42  42  42  42  42  46  46  26  26  38  27  27
 [59]  27  27  17  17  17   7   7  18  18  18  18  18  18  18  34  34  34  34  56  56  61  61  61  64  64  64  66  66  73
 [88]  73  73  73  73  73  73  73  62  62  52  52  52  52  86  86  86  86  82  43  43  43  43  43  43  43  23  23  23   8
[117]   8   8   8  97  97  97  97  54  54  31  31  31  31  84  84  87  87  79   9   9   9   9  98  98  98  98  98 126 126
[146] 126 126  47  47  57  24 113 113 113 113 113 113 113 113  89  89  39 120 120 120 120 120 120 120 120  77  77  77  77
[175]  67  67  67  67  67  67  75  75  78  78 163 163 163 163  65  65 185 185 185 185 185 191  58  58  58 102 121 164 127
[204] 165 165 165 165 107 107  76  76 132 132 132 132 192 192 192 192 192 192 192  40  40 175 175 175 223 176  91  91 229
[233] 229 216 216 140 140 193 193 193 196 196 196 208 208  25 234 234 234 234 197 197 197 197 133 133 130 238 238 114 114
[262] 204 204 204 241 241 135 135 230 235 247 247 247 201 201  41  41  41  41 177 177 236 271 271 271 271 166 244 244 244
[291] 280 280 280 280 224 178 178 178  59 274 242 272 272 186 186 301 302 302 302  96 122 122 122 122 122 108 108 316 316
[320] 317 317 248 248 275 275 275 283  92  92 320 202 202 167 167 311 311 291 239 239 239 239 239 287 287 287 331 331 312
[349] 312  69  69  69  69 299  44  44 161 161 288 182 182 182 343 343 343 343 200 183 183 183 183 123 141 363 363 128 258
[378] 258 258 258 240 240 240 240 381 381 153 243 243 243 338 205 205 339 322 270 270 377 377 377 188 188 188 364 364 259
[407] 259 259 259 259 394 394 168 284 284  49  49 340 340 169 169 388 388 388 285 285 423 423 423 286 286 324 300 349 368
[436] 278 278 404 210 210  93  93 406 406 420 378 378 398 398 129 279 418 418 387 313 313 214 346 262 262 262 262 355 355
[465] 433 433 459 459 459 459 150 150 428 401 109 109 109 305 305 475 357 308 308 308 255 255 413 413  94 154 383 374 142
[494] 180 180 180 180 294 366 366 366 366 443 443 499 499 499 431 431 314 314 489 489 405 118 333 333 482 482 411 411 500
[523] 514 514 491 341 131 471 245 490 155 505 110 516 467 480 493 347 376 506 342 481 481 146 415 534 534 534 439 267 550
[552] 550 550 429 429 143 143 143 385 325 517 474 474 359 173 535 541 545 545 449 449 218 218 218 546 454 561 465 570 461
[581] 461 483 445 399 399 399 578 174 303 379 379 335 562 526 510 510 446 556 556 556 425 425 389 571 571 568 462 219 219
[610] 608 557 457 352 352 565 464 268 268 580 560 336 554 492 492 370 473 473 531 409 619 622 622 528 513 585 566 606 390
[639] 549 549 575 575 575 334 564 555 207 436 525 581 266 419 306 596 520 641 281 600 620 496 532 190 563 593

$EXTANT
  [1]  TRUE FALSE FALSE FALSE FALSE FALSE FALSE  TRUE  TRUE  TRUE  TRUE FALSE FALSE FALSE FALSE FALSE FALSE  TRUE FALSE
 [20] FALSE FALSE FALSE FALSE  TRUE FALSE  TRUE  TRUE FALSE FALSE FALSE  TRUE FALSE FALSE FALSE FALSE FALSE FALSE FALSE
 [39] FALSE FALSE  TRUE  TRUE  TRUE  TRUE FALSE FALSE  TRUE FALSE  TRUE FALSE  TRUE FALSE FALSE FALSE  TRUE FALSE FALSE
 [58]  TRUE  TRUE  TRUE  TRUE FALSE FALSE FALSE  TRUE FALSE FALSE FALSE  TRUE  TRUE  TRUE  TRUE  TRUE FALSE FALSE FALSE
 [77]  TRUE  TRUE  TRUE  TRUE  TRUE FALSE FALSE FALSE FALSE  TRUE FALSE FALSE FALSE FALSE  TRUE FALSE  TRUE  TRUE FALSE
 [96]  TRUE FALSE FALSE  TRUE  TRUE FALSE FALSE  TRUE  TRUE  TRUE FALSE  TRUE FALSE  TRUE  TRUE  TRUE  TRUE  TRUE  TRUE
[115] FALSE  TRUE  TRUE  TRUE  TRUE  TRUE FALSE  TRUE  TRUE  TRUE  TRUE  TRUE FALSE  TRUE  TRUE FALSE  TRUE  TRUE  TRUE
[134]  TRUE FALSE  TRUE  TRUE  TRUE FALSE  TRUE FALSE  TRUE FALSE  TRUE  TRUE  TRUE  TRUE FALSE  TRUE  TRUE FALSE FALSE
[153] FALSE  TRUE  TRUE FALSE  TRUE  TRUE  TRUE FALSE  TRUE FALSE  TRUE FALSE  TRUE FALSE  TRUE  TRUE  TRUE  TRUE FALSE
[172] FALSE  TRUE  TRUE  TRUE FALSE  TRUE  TRUE FALSE  TRUE FALSE  TRUE  TRUE FALSE  TRUE  TRUE  TRUE  TRUE  TRUE  TRUE
[191] FALSE  TRUE  TRUE FALSE  TRUE FALSE  TRUE  TRUE  TRUE  TRUE FALSE FALSE  TRUE  TRUE  TRUE  TRUE  TRUE  TRUE  TRUE
[210]  TRUE FALSE FALSE FALSE  TRUE  TRUE FALSE  TRUE  TRUE  TRUE FALSE  TRUE  TRUE FALSE FALSE FALSE FALSE FALSE  TRUE
[229]  TRUE  TRUE  TRUE  TRUE  TRUE  TRUE FALSE  TRUE  TRUE FALSE  TRUE  TRUE  TRUE FALSE  TRUE  TRUE  TRUE  TRUE  TRUE
[248]  TRUE FALSE  TRUE FALSE  TRUE  TRUE  TRUE  TRUE  TRUE  TRUE  TRUE  TRUE  TRUE  TRUE  TRUE  TRUE  TRUE FALSE  TRUE
[267]  TRUE  TRUE  TRUE  TRUE  TRUE  TRUE FALSE  TRUE  TRUE  TRUE FALSE  TRUE  TRUE  TRUE  TRUE  TRUE FALSE  TRUE  TRUE
[286]  TRUE  TRUE  TRUE  TRUE  TRUE  TRUE  TRUE FALSE  TRUE  TRUE  TRUE FALSE  TRUE  TRUE  TRUE  TRUE FALSE  TRUE FALSE
[305]  TRUE  TRUE  TRUE  TRUE  TRUE FALSE  TRUE FALSE  TRUE  TRUE  TRUE  TRUE  TRUE  TRUE FALSE  TRUE  TRUE  TRUE  TRUE
[324]  TRUE  TRUE  TRUE  TRUE FALSE FALSE  TRUE FALSE  TRUE  TRUE  TRUE  TRUE  TRUE FALSE FALSE  TRUE  TRUE  TRUE  TRUE
[343] FALSE FALSE  TRUE FALSE  TRUE FALSE  TRUE  TRUE  TRUE  TRUE  TRUE FALSE FALSE  TRUE  TRUE  TRUE  TRUE  TRUE  TRUE
[362]  TRUE  TRUE  TRUE FALSE  TRUE  TRUE  TRUE  TRUE  TRUE FALSE  TRUE  TRUE  TRUE  TRUE  TRUE  TRUE  TRUE  TRUE  TRUE
[381]  TRUE  TRUE  TRUE FALSE  TRUE  TRUE  TRUE  TRUE  TRUE  TRUE FALSE  TRUE FALSE  TRUE  TRUE  TRUE  TRUE  TRUE  TRUE
[400]  TRUE  TRUE  TRUE  TRUE FALSE FALSE  TRUE FALSE  TRUE FALSE  TRUE FALSE  TRUE  TRUE  TRUE  TRUE  TRUE FALSE  TRUE
[419]  TRUE FALSE FALSE  TRUE FALSE FALSE  TRUE  TRUE FALSE  TRUE  TRUE FALSE  TRUE FALSE  TRUE  TRUE  TRUE  TRUE  TRUE
[438]  TRUE  TRUE  TRUE  TRUE  TRUE  TRUE  TRUE  TRUE  TRUE  TRUE  TRUE  TRUE  TRUE  TRUE FALSE  TRUE  TRUE  TRUE  TRUE
[457]  TRUE  TRUE  TRUE FALSE  TRUE  TRUE  TRUE  TRUE  TRUE  TRUE  TRUE  TRUE  TRUE  TRUE  TRUE  TRUE  TRUE  TRUE  TRUE
[476]  TRUE  TRUE  TRUE  TRUE  TRUE  TRUE  TRUE  TRUE  TRUE  TRUE  TRUE  TRUE  TRUE  TRUE  TRUE  TRUE  TRUE  TRUE FALSE
[495] FALSE  TRUE  TRUE  TRUE  TRUE  TRUE FALSE  TRUE  TRUE  TRUE  TRUE  TRUE  TRUE  TRUE  TRUE FALSE  TRUE  TRUE  TRUE
[514]  TRUE  TRUE  TRUE  TRUE  TRUE FALSE  TRUE  TRUE FALSE  TRUE  TRUE FALSE  TRUE  TRUE  TRUE  TRUE  TRUE  TRUE  TRUE
[533]  TRUE  TRUE  TRUE  TRUE  TRUE FALSE  TRUE  TRUE  TRUE  TRUE  TRUE  TRUE  TRUE  TRUE  TRUE  TRUE  TRUE  TRUE  TRUE
[552]  TRUE  TRUE FALSE  TRUE  TRUE  TRUE  TRUE  TRUE  TRUE  TRUE  TRUE  TRUE  TRUE  TRUE  TRUE  TRUE  TRUE  TRUE  TRUE
[571]  TRUE  TRUE  TRUE  TRUE  TRUE  TRUE  TRUE  TRUE  TRUE FALSE  TRUE  TRUE  TRUE  TRUE  TRUE  TRUE  TRUE  TRUE FALSE
[590]  TRUE FALSE  TRUE  TRUE  TRUE  TRUE  TRUE  TRUE  TRUE  TRUE  TRUE  TRUE  TRUE  TRUE  TRUE  TRUE  TRUE  TRUE  TRUE
[609]  TRUE  TRUE  TRUE  TRUE FALSE  TRUE  TRUE FALSE  TRUE  TRUE  TRUE  TRUE  TRUE  TRUE  TRUE  TRUE  TRUE  TRUE  TRUE
[628]  TRUE  TRUE  TRUE  TRUE  TRUE  TRUE  TRUE  TRUE  TRUE  TRUE  TRUE  TRUE  TRUE  TRUE FALSE  TRUE  TRUE  TRUE  TRUE
[647]  TRUE  TRUE  TRUE  TRUE  TRUE  TRUE  TRUE  TRUE  TRUE  TRUE  TRUE  TRUE  TRUE  TRUE  TRUE  TRUE  TRUE  TRUE

