
Birth-death simulation object with 655 species and 500 extant species

Details for some species:

Extinction times (NA means extant)
[1]        NA 23.690207  4.512096  7.466930        NA 20.467777


Speciation times 
[1] 51.56141 50.46824 49.28127 31.18447 28.99978 22.99679


Species parents (NA for initial)
[1] NA  1  1  1  1  1


Species status (extinct or extant)
[1] "extant"  "extinct" "extinct" "extinct" "extant"  "extinct"


For more details on vector y, try sim$y, with y one of
TE TS PAR EXTANT



$TE
  [1]          NA 23.69020680  4.51209591  7.46693003          NA 20.46777698 17.07949191  3.10754644          NA          NA  3.15057417
 [12]          NA          NA          NA 29.12358131 19.86615753 19.54181042          NA          NA  3.21247294 20.81424001          NA
 [23]          NA  4.01709332 14.78059235 11.30336146          NA  1.88443407  1.69403413 13.50785241          NA  9.73545195  6.14093296
 [34] 10.81191418  7.71275836          NA          NA          NA          NA 38.47402127 10.71824722          NA 11.79141782          NA
 [45]          NA          NA          NA          NA 15.71623215          NA 19.56844708          NA          NA          NA          NA
 [56]          NA          NA          NA 15.44794313          NA 11.92238786 12.97628115          NA 12.62287081 13.29282795  1.04150839
 [67]          NA          NA 18.24293025          NA          NA  4.45370912 14.80533684 20.77453513          NA          NA          NA
 [78]          NA          NA          NA 21.17442809          NA  0.62769624 26.93326261          NA          NA          NA          NA
 [89]          NA          NA 19.25168412          NA          NA          NA 21.81212206  9.08312228          NA          NA          NA
[100] 28.46291825          NA          NA 13.10631322  0.46199326          NA          NA 12.81462810          NA          NA  6.02185537
[111]          NA  7.35348686          NA          NA  1.72077330          NA 11.57128030          NA          NA 27.80501381  8.33167685
[122]          NA          NA  7.30716420          NA  3.55336825          NA  6.30080038          NA          NA          NA 10.14488523
[133] 25.28093073          NA 10.03669677  2.35997157  3.56096069 22.15553668  3.67239152  8.76210648  9.48712271  3.85948684          NA
[144]          NA          NA          NA          NA  3.36060435 11.23243861 24.69989895  1.40247992          NA          NA          NA
[155] 21.84268930 10.11373714 12.40758860          NA          NA          NA          NA          NA  3.89209775 18.29412025  9.09042607
[166]          NA          NA          NA          NA          NA          NA          NA          NA          NA          NA          NA
[177]  1.16129823  1.90170511          NA          NA          NA 10.22275457          NA          NA  6.67870146  7.70051124  0.20840285
[188]          NA          NA          NA          NA          NA          NA          NA          NA          NA          NA          NA
[199]          NA          NA          NA  4.75520982          NA          NA          NA          NA  1.94958521          NA          NA
[210]          NA          NA          NA          NA          NA          NA 14.50153812 15.98971134          NA          NA          NA
[221]          NA          NA  2.77609890  0.18848964          NA 11.68391566          NA          NA          NA          NA 17.05630851
[232]          NA  9.80133364          NA          NA          NA  2.79203085          NA  7.48507200  1.12979749          NA          NA
[243]          NA  0.15671365          NA          NA  1.68321356          NA  1.57926268          NA          NA          NA          NA
[254] 12.83717575          NA          NA          NA          NA          NA          NA          NA          NA          NA          NA
[265]  9.00423445          NA          NA          NA          NA  0.30092117          NA          NA          NA          NA          NA
[276]          NA          NA          NA          NA          NA          NA          NA          NA          NA  5.09351972          NA
[287]  4.33301539          NA          NA          NA          NA          NA  0.49357965  7.99840869          NA  0.75399566          NA
[298]          NA          NA          NA 12.74577323  3.29797889          NA          NA          NA          NA          NA          NA
[309]          NA          NA  0.90296078          NA          NA          NA          NA          NA          NA          NA          NA
[320]          NA 11.48475889          NA          NA          NA  2.03025615          NA          NA  5.08733305          NA  0.82391934
[331]          NA          NA          NA          NA          NA          NA          NA  1.23070853  6.76392339          NA  2.53430243
[342]  2.79780407          NA          NA          NA          NA          NA  2.10397175          NA          NA          NA          NA
[353]          NA          NA          NA          NA          NA          NA          NA          NA          NA          NA          NA
[364]          NA          NA          NA          NA  8.99411889  0.54230940          NA  3.10186629          NA          NA          NA
[375]  8.21157271          NA  5.98545063          NA  4.79797394          NA          NA          NA          NA          NA          NA
[386]          NA          NA          NA          NA          NA          NA          NA          NA          NA  8.00634214          NA
[397]          NA          NA          NA          NA          NA          NA  6.46512113  0.63734481  0.18354575          NA  5.56586232
[408]          NA          NA  0.41676458          NA          NA  8.76644564          NA          NA          NA          NA          NA
[419]          NA  2.52865823          NA          NA          NA          NA  4.00696800          NA          NA          NA          NA
[430]          NA          NA          NA          NA          NA          NA          NA          NA          NA          NA          NA
[441]          NA          NA          NA          NA          NA  0.19774127  0.53042172          NA  2.31751443          NA          NA
[452]  3.71031794          NA          NA          NA          NA          NA          NA          NA          NA          NA          NA
[463]          NA          NA          NA          NA          NA          NA          NA          NA          NA  4.82202855          NA
[474]          NA  1.50867479          NA          NA          NA          NA          NA  0.82516869          NA          NA          NA
[485]          NA          NA  1.83740587          NA          NA          NA  0.22194378          NA          NA          NA          NA
[496]          NA          NA          NA          NA          NA  0.68712219          NA          NA          NA          NA          NA
[507]          NA  2.69951178  4.74136689          NA          NA  3.83426125          NA          NA          NA  2.57979597          NA
[518]          NA          NA  0.06618575          NA          NA          NA          NA  4.66456486          NA          NA          NA
[529]          NA          NA          NA          NA          NA          NA  3.62485825          NA          NA          NA          NA
[540]          NA          NA          NA          NA          NA          NA  3.95929091          NA          NA          NA          NA
[551]          NA          NA          NA          NA          NA          NA          NA          NA          NA          NA          NA
[562]          NA          NA          NA          NA          NA          NA          NA          NA          NA  2.42802759          NA
[573]          NA          NA          NA          NA          NA          NA          NA  4.47689569          NA          NA  4.56355573
[584]          NA          NA          NA          NA          NA          NA          NA          NA          NA          NA          NA
[595]          NA          NA          NA          NA          NA          NA          NA          NA          NA          NA          NA
[606]          NA          NA          NA  0.36293244          NA          NA  2.33357296          NA          NA          NA          NA
[617]          NA          NA          NA          NA          NA          NA          NA          NA          NA          NA          NA
[628]          NA          NA          NA          NA          NA          NA          NA          NA          NA          NA          NA
[639]          NA          NA          NA          NA          NA          NA          NA          NA          NA          NA          NA
[650]          NA          NA          NA          NA          NA          NA

$TS
  [1] 51.561414829 50.468244304 49.281274834 31.184465037 28.999775758 22.996789880 17.486787759 17.280130727 16.318946079 14.261288457
 [11]  8.090488024 44.277275615 37.585666266 35.129125979 34.008677209 44.516576489 43.818053488 34.940353722 13.567085364 43.810169358
 [21] 27.625539469 25.431422043 24.638569238 40.171393259 31.117221296 23.348173269  6.766746299  3.966368929  3.005975563 42.896232200
 [31] 39.462508528 36.565631751 24.098579325 19.622386061 26.959625796 23.249263186 22.352280864 20.231297226  8.015263794 38.731874397
 [41] 36.363968058 29.697170156 28.572977454 33.670310810 30.285776992 10.382254262  6.075222644 35.026269225 25.191271003  0.476243045
 [51] 26.605857174 22.526906687 17.220795163 14.069129722  7.947551788  7.132587865  6.495030192  1.344213869 36.489934563 32.996608701
 [61] 29.236659028 28.834570270 27.271038032 22.484668780 31.373919407 21.282354172 29.603421924 25.617327506 22.579665947 17.134390878
 [71] 12.775650593 12.031477968 31.942536142 27.121659111 17.727072654 16.205410426 29.180190169 16.933863468 11.970836381  8.088590658
 [81] 34.225623707 13.484527327 11.989597378 30.003626648 31.232929395 18.213417510 12.781155334 12.358730413  7.344243667  0.764258074
 [91] 31.644441801 30.854655781 30.036406452 20.525620220 30.345284128 17.771925978 15.451322965 14.823350124  2.135111181 30.889804326
[101] 28.162025977 22.578771151 20.596232569 19.902825231 18.241336512 15.619069032 28.557095121 14.192007384 16.449188651  7.430127916
[111]  0.832609769 13.932641065  3.664272479  1.976851284 20.841010653  5.945871423 11.651738232 28.101409159 25.031263318 29.009268551
[121] 21.202232434 21.013283427 18.706539771 14.097862034 24.919474059 14.135534942 10.931083918  6.866555812  4.337440189 19.579227288
[131] 18.216778000 27.620904550 25.722071151 16.471024204 24.824215985 23.575106368 10.076812134 26.843073663 26.251531861 15.716887574
[141] 25.425872619 21.072530444 24.629578651 21.994177138 15.282111083 15.589129650 12.388985354 22.920653742 21.308740515 26.434945843
[151] 22.082730617 16.329593632  9.027927567  8.897702142 22.217224954 21.550437595 25.913413223 24.582645442 14.396431596  5.932884700
[161]  4.723270704  3.361349435 20.048245432 20.026012443 18.256604304 11.947310930  4.412442985 12.587882565 10.369375821 17.855825166
[171] 17.413681274 20.557922070 20.341635446  6.473168863  5.031171141  4.672175248  4.451879313 21.035749886  7.098229545 20.493391227
[181] 10.021554653 19.414469575 14.694257294  9.735058614  7.593891708 10.033724879  7.659437916  6.246551667 18.217571704 10.680184124
[191]  4.115759877 16.607795590  9.699186168 21.836622994 16.870447428 16.808341653  8.965551160  6.381321563 20.657124289 12.751280250
[201] 12.085656614 10.813970677 10.649567911 11.600073052  8.091308230  4.504143975 18.842991165 15.679062578  0.867967884  9.803985445
[211]  7.902716058 17.059555496  1.802559061 17.305757929  6.875816533 18.282594498 16.034668528 15.907735169 14.468720739 12.480281501
[221] 11.617544145  9.246738167  5.622724057 19.084042493 12.866797193 12.885517331  6.618622125  5.171727568  4.066416750 17.354403978
[231] 18.467914147 17.841452489 14.469764937 17.354370233 13.976585961  0.767922012  7.265686568 13.668884818  9.651036888  7.117844323
[241] 14.683940297  6.378041400 19.237738768  8.602339795 17.864760707 15.901437939 14.291762093 13.587919678 14.886203103 15.252174706
[251]  8.195586390  2.221936187  1.703535560 16.384117400  3.047933906  0.635897789 10.355618734 17.272677043  3.837857076 11.723048482
[261]  9.948364044 15.790969721  0.481668154 11.555051016 12.567001828 10.284203249  7.385931523  1.632283446  5.218986010  3.691300770
[271]  0.374291417  9.994614296 16.708778486  3.047922268 14.410670247  0.246657691 11.851661408  8.961561046  5.757201239  4.996715079
[281]  4.881955084  7.521857176  1.900824372 10.261077856  6.783159266  3.227401216  5.661442247 14.582130985  4.782226700 10.667899838
[291]  5.884302968  0.284267051 14.815495165 12.149580041 10.742019987  4.736517444  4.684234277  3.556010858 12.721181926 12.415759026
[301] 14.756333610  5.034684754 11.870056796  8.880253014  8.155307267  7.012461393  3.289979817  0.515537624 11.108104355  9.574300848
[311]  7.138131173 11.017964654 13.278064634 15.183401511 14.091360495 11.508258771  0.843333650 14.691810566  7.576822536  2.072765097
[321] 12.904401999  3.741654159  2.974219980  9.970005476  9.601289691  4.846981267  5.119842477 12.704500833  6.476249238  5.946657330
[331]  9.226087837  4.266177234  2.944885268  6.657367290  5.512895244  5.062918117  4.560738168  4.049143802  9.513979233  5.284502421
[341]  8.750378864  9.981943023 11.786478738  7.425344523 11.720281874  7.858963927 12.635307709  5.276532529 12.944104045 11.963089204
[351]  3.700327492  3.469303975 14.062300296  7.736278301  5.346401064  3.693972559  3.054575369  4.091638354  3.663840763  8.004142166
[361]  6.243658013  2.503247546  0.615576283  6.417691128  6.001694473  4.826569803  0.499734509 11.930617204  7.695236041 12.051371655
[371]  8.519141838  1.347160029  5.852171600  0.001569596 11.038369944  4.312882322  7.458827553 10.598282476  9.319513800 11.200661740
[381] 11.002553465  9.565857339  8.712029101  7.724030473  0.799960552  9.227520320  1.864576228  2.169893834  2.107554955  1.105897269
[391]  8.478195531  6.490042204  5.517886105  1.915868163  8.276221867  2.171241779  0.318972980 10.479065203 10.023572582  9.441841843
[401]  8.712151455  7.753768905  9.730755150  9.534562418  5.980110287  0.398671034  8.793622641  8.548949028  3.024505276  2.417484834
[411]  6.255804569  3.009591118  9.849545625  6.048913956  4.693386929 10.770453591  9.747079159  7.224024514 11.041589495  8.626616302
[421]  4.468377691  9.623803998  2.640675184  8.323370817  5.812700056  9.768995404  7.135528251  6.481444695  4.135102603  4.110484954
[431] 10.325524694  6.340019657  9.682399648  5.465413083  3.398848728  6.143343398  5.982581634 10.538183302  9.289419573  5.003981816
[441] 10.479057779  1.205648705  1.154444642  3.966314452  8.524638519  3.881205341  3.377743055  2.639886692  5.146928077  4.700700281
[451]  1.333694929  7.749938846  9.094446561  6.361044212  2.973413272  2.862209001  1.274745861  1.990074191  8.244284131  6.500992472
[461]  4.165928054  0.671363039  9.565265563  9.428704791  0.035900492  1.281708708  0.682010659  7.369044845  4.029277810  8.248326653
[471]  7.944201965  5.643799681  3.408134513  6.504506362  6.149071595  6.083103332  0.206776910  6.741587793  1.229885552  3.355819907
[481]  8.526855538  7.245811200  6.022946138  4.288877982  3.452613339  2.875459842  2.571318561  7.396625564  7.796596936  0.429920420
[491]  8.003408171  2.366711419  0.786714828  7.564110882  1.049495579  0.223123828  7.214444497  6.066201769  7.781659503  1.744893870
[501]  3.802922459  6.920107385  4.174053984  0.305104441  2.780486389  6.164928516  3.404573443  6.794573137  4.930292892  5.487737509
[511]  0.397133552  7.301717996  2.186352089  6.115582106  2.100055754  4.711172987  2.798031450  0.259980634  3.747847124  0.884039448
[521]  1.500759952  0.716707738  0.558132818  5.824755763  4.719894258  2.888795449  4.045370425  1.905670840  4.603865902  4.129617165
[531]  3.721117238  1.424520413  6.841245267  2.700655255  4.905617686  1.348759050  3.999929319  6.090874288  4.793334379  6.080391979
[541]  2.934788698  4.651222600  5.127077721  2.410284842  5.390553026  5.150040978  3.929042962  5.355043609  1.159611097  6.172235687
[551]  3.683141116  2.620801857  3.138639873  2.438752591  1.495534535  0.081015633  4.449361478  5.422715871  2.997503980  4.747575491
[561]  1.285963589  0.378807714  1.774805029  1.203339467  0.692224473  5.263759522  2.821973477  3.683094158  4.315547251  2.758638965
[571]  5.050455706  0.170395326  5.092460507  4.016882124  0.271309074  3.281403412  1.574238928  2.467461536  2.125874011  4.898417800
[581]  2.028635634  4.784687940  4.638872886  2.836623007  4.185153855  0.307066351  1.408432258  2.216769130  0.623652985  2.668935814
[591]  3.723793478  3.324008131  2.334828305  3.514203870  2.223996553  0.870132930  1.370875137  0.823434000  1.330556553  2.988825187
[601]  4.005335534  2.850812319  3.178726168  1.095835120  2.383703154  0.451922340  2.284674012  1.408233569  1.558266013  2.603477639
[611]  2.579415324  3.210212117  3.875919759  2.399768686  2.968743706  0.173089712  2.761932772  2.580033999  3.614762530  1.595893369
[621]  1.490459799  0.339287447  2.911077139  1.512227273  0.959459937  2.588099296  1.040263694  1.447561081  2.156290264  0.907129273
[631]  0.206822143  0.983542985  2.038193306  0.180826946  2.217401448  1.686625885  1.019643506  0.955825433  1.965594761  1.419889808
[641]  0.442746353  0.239479684  0.154610201  0.765270238  0.735733301  0.946072521  0.426022846  0.988722356  0.718384650  0.420063193
[651]  0.583027873  0.653332053  0.629653746  0.011378968  0.027367530

$PAR
  [1]  NA   1   1   1   1   1   1   1   1   1   1   2   2   2   2   3   3   3   3  16  16  16  16  12  12  12  12  12  12  17  17  17  17
 [34]  17  20  20  20  20  20  30  30  30  30  24  24  24  24  31  31  31  13  13  13  13  13  13  13  13  32  32  32  32  32  32  59  59
 [67]  41  41  41  41  41  41  14  14  14  14  48  48  48  48  18  18  18  81  44  44  44  44  44  44  60  60  60  60  85  85  85  85  85
[100]   4   4   4  25  25  25  25  92  92  45  45  45  93  93  93  42  42  67  61  61  77  77  77  77  77   5   5   5   5   5  62  62  43
[133]  43 107 101 101 101 118 118 118  21  21 132 132 132  63  63  74  74  35  35  35  35  35  51  51 150 139  68  68  68  68  22  22  22
[166]  22  22 141 141  49  49 119 119 119 119 119 119 125 125  23  23 158 158 158 158  33  33  33 136 136 136  26  36   6 148 148 148 148
[199] 102 102 102 102 102  52  52  52  64  37  37 151 151 144 144 194 194 156 149 149 149 149  66  66  66 121 178 122 115 115 115 199 103
[232] 103 103 172 172 172  94 180 180  38 163 163 164 104  34  34  34  34 130 243 243 243 243 224 224 224 207 123 123 165 105 189 189 131
[265]  86  86  86  86 245 170 232  96  75  75 171 171 234 234 214 214 214 258 258  53  53  53  70 212  78 195 195 195 196 196 196 196 196
[298] 273 192 192 134 134   9   9  76  76  76  76 218 218 218 246 262 140 140 140 208 106 106 106 146 146 146  97 145 145 250 314 314 314
[331] 249  98  98 293 293 183 183 183 241 241 288 233 219 219 275 275 159 159 247 247 108 108 315  54 353 353 235 238 238 248  19  19  19
[364] 313 349 349  71 200 200 299 328 347 168 168 300 300 147  88  88 294 370  72  72  72  83  79 350 166 166 166 303 303 303 303 277 277
[397] 277 343 343 343 343 343 260 221 221 221 204 204 204 204 264 264 316 316 316 380 380 380 309 309 309 419 419 381 381 127 127 202 416
[430] 416 295 295 190 190 290 203 203 378 378 438 398 398 441 169 431 431 431 431 266 284 284 186 399 399 399 399 399 181 272 324 324 261
[463] 210 426 426 184 193 422 422 310 310 463 463 464 439 439 439 331 331 453 153 153 197 197 197 304 304 407 244 408 481 445 445 424 424
[496] 424 470 470 305 205  11  39  39 491  55 471 211 346 346 489 489 402 402 384 319 282 282 282 344 344 468 468  89 237 482 482 311 311
[529] 427  56 240 240 179 306 502 502 508 478 334 460 460  57 329 198 432 411 411 188 188 361 361 361 550 550 550 506 475 514 476 540 540
[562]  47 498 498 483 437 437 330 116 160 291 291 373 524 279 393 558 355 355 228 228 449 543 543 327 327 573 175 440 289 516 415 297 176
[595] 542 206 421 557 167 376 484 503 461 530 430 358 229 338 527 469 469  28 547 547 446 613 322 322 531 531 298 298 352 352 352 485 485
[628] 592 307 307 307 409 333 526 567 423 448 448 610 610 618 578 578 513 458 114 283 500 621 587 317 385 256 292 643

$EXTANT
  [1]  TRUE FALSE FALSE FALSE  TRUE FALSE FALSE FALSE  TRUE  TRUE FALSE  TRUE  TRUE  TRUE FALSE FALSE FALSE  TRUE  TRUE FALSE FALSE  TRUE
 [23]  TRUE FALSE FALSE FALSE  TRUE FALSE FALSE FALSE  TRUE FALSE FALSE FALSE FALSE  TRUE  TRUE  TRUE  TRUE FALSE FALSE  TRUE FALSE  TRUE
 [45]  TRUE  TRUE  TRUE  TRUE FALSE  TRUE FALSE  TRUE  TRUE  TRUE  TRUE  TRUE  TRUE  TRUE FALSE  TRUE FALSE FALSE  TRUE FALSE FALSE FALSE
 [67]  TRUE  TRUE FALSE  TRUE  TRUE FALSE FALSE FALSE  TRUE  TRUE  TRUE  TRUE  TRUE  TRUE FALSE  TRUE FALSE FALSE  TRUE  TRUE  TRUE  TRUE
 [89]  TRUE  TRUE FALSE  TRUE  TRUE  TRUE FALSE FALSE  TRUE  TRUE  TRUE FALSE  TRUE  TRUE FALSE FALSE  TRUE  TRUE FALSE  TRUE  TRUE FALSE
[111]  TRUE FALSE  TRUE  TRUE FALSE  TRUE FALSE  TRUE  TRUE FALSE FALSE  TRUE  TRUE FALSE  TRUE FALSE  TRUE FALSE  TRUE  TRUE  TRUE FALSE
[133] FALSE  TRUE FALSE FALSE FALSE FALSE FALSE FALSE FALSE FALSE  TRUE  TRUE  TRUE  TRUE  TRUE FALSE FALSE FALSE FALSE  TRUE  TRUE  TRUE
[155] FALSE FALSE FALSE  TRUE  TRUE  TRUE  TRUE  TRUE FALSE FALSE FALSE  TRUE  TRUE  TRUE  TRUE  TRUE  TRUE  TRUE  TRUE  TRUE  TRUE  TRUE
[177] FALSE FALSE  TRUE  TRUE  TRUE FALSE  TRUE  TRUE FALSE FALSE FALSE  TRUE  TRUE  TRUE  TRUE  TRUE  TRUE  TRUE  TRUE  TRUE  TRUE  TRUE
[199]  TRUE  TRUE  TRUE FALSE  TRUE  TRUE  TRUE  TRUE FALSE  TRUE  TRUE  TRUE  TRUE  TRUE  TRUE  TRUE  TRUE FALSE FALSE  TRUE  TRUE  TRUE
[221]  TRUE  TRUE FALSE FALSE  TRUE FALSE  TRUE  TRUE  TRUE  TRUE FALSE  TRUE FALSE  TRUE  TRUE  TRUE FALSE  TRUE FALSE FALSE  TRUE  TRUE
[243]  TRUE FALSE  TRUE  TRUE FALSE  TRUE FALSE  TRUE  TRUE  TRUE  TRUE FALSE  TRUE  TRUE  TRUE  TRUE  TRUE  TRUE  TRUE  TRUE  TRUE  TRUE
[265] FALSE  TRUE  TRUE  TRUE  TRUE FALSE  TRUE  TRUE  TRUE  TRUE  TRUE  TRUE  TRUE  TRUE  TRUE  TRUE  TRUE  TRUE  TRUE  TRUE FALSE  TRUE
[287] FALSE  TRUE  TRUE  TRUE  TRUE  TRUE FALSE FALSE  TRUE FALSE  TRUE  TRUE  TRUE  TRUE FALSE FALSE  TRUE  TRUE  TRUE  TRUE  TRUE  TRUE
[309]  TRUE  TRUE FALSE  TRUE  TRUE  TRUE  TRUE  TRUE  TRUE  TRUE  TRUE  TRUE FALSE  TRUE  TRUE  TRUE FALSE  TRUE  TRUE FALSE  TRUE FALSE
[331]  TRUE  TRUE  TRUE  TRUE  TRUE  TRUE  TRUE FALSE FALSE  TRUE FALSE FALSE  TRUE  TRUE  TRUE  TRUE  TRUE FALSE  TRUE  TRUE  TRUE  TRUE
[353]  TRUE  TRUE  TRUE  TRUE  TRUE  TRUE  TRUE  TRUE  TRUE  TRUE  TRUE  TRUE  TRUE  TRUE  TRUE FALSE FALSE  TRUE FALSE  TRUE  TRUE  TRUE
[375] FALSE  TRUE FALSE  TRUE FALSE  TRUE  TRUE  TRUE  TRUE  TRUE  TRUE  TRUE  TRUE  TRUE  TRUE  TRUE  TRUE  TRUE  TRUE  TRUE FALSE  TRUE
[397]  TRUE  TRUE  TRUE  TRUE  TRUE  TRUE FALSE FALSE FALSE  TRUE FALSE  TRUE  TRUE FALSE  TRUE  TRUE FALSE  TRUE  TRUE  TRUE  TRUE  TRUE
[419]  TRUE FALSE  TRUE  TRUE  TRUE  TRUE FALSE  TRUE  TRUE  TRUE  TRUE  TRUE  TRUE  TRUE  TRUE  TRUE  TRUE  TRUE  TRUE  TRUE  TRUE  TRUE
[441]  TRUE  TRUE  TRUE  TRUE  TRUE FALSE FALSE  TRUE FALSE  TRUE  TRUE FALSE  TRUE  TRUE  TRUE  TRUE  TRUE  TRUE  TRUE  TRUE  TRUE  TRUE
[463]  TRUE  TRUE  TRUE  TRUE  TRUE  TRUE  TRUE  TRUE  TRUE FALSE  TRUE  TRUE FALSE  TRUE  TRUE  TRUE  TRUE  TRUE FALSE  TRUE  TRUE  TRUE
[485]  TRUE  TRUE FALSE  TRUE  TRUE  TRUE FALSE  TRUE  TRUE  TRUE  TRUE  TRUE  TRUE  TRUE  TRUE  TRUE FALSE  TRUE  TRUE  TRUE  TRUE  TRUE
[507]  TRUE FALSE FALSE  TRUE  TRUE FALSE  TRUE  TRUE  TRUE FALSE  TRUE  TRUE  TRUE FALSE  TRUE  TRUE  TRUE  TRUE FALSE  TRUE  TRUE  TRUE
[529]  TRUE  TRUE  TRUE  TRUE  TRUE  TRUE FALSE  TRUE  TRUE  TRUE  TRUE  TRUE  TRUE  TRUE  TRUE  TRUE  TRUE FALSE  TRUE  TRUE  TRUE  TRUE
[551]  TRUE  TRUE  TRUE  TRUE  TRUE  TRUE  TRUE  TRUE  TRUE  TRUE  TRUE  TRUE  TRUE  TRUE  TRUE  TRUE  TRUE  TRUE  TRUE  TRUE FALSE  TRUE
[573]  TRUE  TRUE  TRUE  TRUE  TRUE  TRUE  TRUE FALSE  TRUE  TRUE FALSE  TRUE  TRUE  TRUE  TRUE  TRUE  TRUE  TRUE  TRUE  TRUE  TRUE  TRUE
[595]  TRUE  TRUE  TRUE  TRUE  TRUE  TRUE  TRUE  TRUE  TRUE  TRUE  TRUE  TRUE  TRUE  TRUE FALSE  TRUE  TRUE FALSE  TRUE  TRUE  TRUE  TRUE
[617]  TRUE  TRUE  TRUE  TRUE  TRUE  TRUE  TRUE  TRUE  TRUE  TRUE  TRUE  TRUE  TRUE  TRUE  TRUE  TRUE  TRUE  TRUE  TRUE  TRUE  TRUE  TRUE
[639]  TRUE  TRUE  TRUE  TRUE  TRUE  TRUE  TRUE  TRUE  TRUE  TRUE  TRUE  TRUE  TRUE  TRUE  TRUE  TRUE  TRUE

