
Birth-death simulation object with 675 species and 500 extant species

Details for some species:

Extinction times (NA means extant)
[1] 85.24210 73.96193 71.40864 65.81432 31.04739 66.57072


Speciation times 
[1] 96.14404 91.76527 84.39904 74.65071 82.55283 71.61062


Species parents (NA for initial)
[1] NA  1  2  2  3  3


Species status (extinct or extant)
[1] "extinct" "extinct" "extinct" "extinct" "extinct" "extinct"


For more details on vector y, try sim$y, with y one of
TE TS PAR EXTANT



$TE
  [1] 85.24210163 73.96193327 71.40864240 65.81431593 31.04739456 66.57071854 49.56540170 19.86241779 31.65361003 26.56843853 22.72965577
 [12] 64.24485920 64.77954194 23.09786576 25.07885095 46.40334564 48.76603925          NA 40.94469652 26.39319050 24.58072118          NA
 [23] 14.11207645 59.64297391 45.44293770 25.84414566          NA  6.78519907          NA  5.41394730          NA          NA 45.27066091
 [34] 38.79768403 37.99467869  9.50558757          NA          NA  4.33794756 15.82576826          NA 13.54379554 14.36322953          NA
 [45]          NA          NA  0.72125443          NA 16.44055677  2.47059557          NA 23.06034155 21.53379113          NA 42.39725602
 [56]          NA          NA 34.45997892          NA          NA 16.63664007          NA          NA          NA          NA          NA
 [67]          NA 29.27303210 11.77111593          NA 23.59724306  4.05932993          NA  0.31851729 11.96916663 18.72159593          NA
 [78]          NA          NA 31.27795699 22.19259629 19.50475751  6.25689005          NA 30.18226064  4.76065758  4.97658913          NA
 [89] 16.17451185 20.43699747          NA          NA          NA          NA          NA          NA          NA          NA          NA
[100]  6.77160703 30.98632231  5.27682723          NA 29.47970822 23.69652946 17.39417563          NA          NA  1.14049196 36.11707829
[111] 31.18412242  6.27298641          NA          NA          NA 13.37992307  4.84325199          NA          NA 23.19727728 22.44910472
[122]          NA          NA          NA  1.84308523          NA  6.12378110 33.46763235 33.60917443 24.51116768 14.89610511  2.61730522
[133]          NA          NA          NA 24.03059178 11.41941585          NA          NA          NA 31.06915958 12.50115178          NA
[144]          NA          NA          NA  3.83420926 25.12092143 24.97916675          NA          NA          NA 23.96955006  7.24206817
[155]          NA 11.20550166  3.38652288  2.57707995          NA          NA 12.82310023          NA          NA 23.57359669          NA
[166]          NA  7.70194930          NA          NA          NA 28.60806933          NA          NA          NA          NA          NA
[177]  3.33733287  5.28850654          NA          NA          NA          NA 17.22134885          NA 24.45441616  9.50877860          NA
[188]          NA 11.28298908          NA 19.76745478          NA          NA  9.71746775          NA 11.06120330  0.95727976  9.08896660
[199]  3.75439471          NA          NA          NA          NA          NA  2.94905148          NA          NA          NA          NA
[210]          NA 21.71231665          NA          NA  3.57728873          NA          NA          NA  7.04978302 17.68490528          NA
[221]          NA 22.04316479          NA          NA  2.32367778          NA  5.93530287          NA 10.59384857          NA          NA
[232]  6.00462653          NA          NA          NA          NA          NA  5.11930221          NA  6.80326807          NA          NA
[243]          NA  2.59985776 15.14076333          NA          NA  2.15904791 14.66292686          NA          NA  1.45904755          NA
[254]          NA          NA          NA          NA          NA          NA  1.44920157  1.35758617          NA          NA  2.43646901
[265]          NA          NA          NA          NA          NA          NA          NA          NA  0.42050140          NA          NA
[276] 15.57120857          NA  1.27695513          NA          NA 10.68505181          NA          NA  5.59658243          NA          NA
[287]          NA          NA          NA          NA          NA          NA          NA          NA          NA          NA          NA
[298]          NA  4.95557247          NA          NA          NA  2.72798680          NA          NA          NA          NA          NA
[309]          NA  7.87209867 12.54019042  6.71771104          NA          NA          NA          NA          NA          NA  0.17481765
[320]          NA          NA          NA          NA          NA          NA          NA  5.10631389  0.44450375          NA          NA
[331]          NA          NA          NA          NA          NA          NA          NA 11.58772866          NA          NA          NA
[342]          NA          NA  2.16887807          NA          NA  3.57728934          NA          NA          NA          NA          NA
[353]          NA          NA          NA          NA          NA          NA  2.62593508          NA          NA          NA          NA
[364]          NA 11.80682820          NA          NA          NA          NA          NA          NA          NA          NA          NA
[375]          NA          NA  4.73655912          NA  9.45723948          NA  7.61743042          NA          NA          NA          NA
[386]          NA  1.02009419          NA  5.10022636          NA          NA  6.93415991  0.04281943          NA          NA          NA
[397]          NA          NA          NA          NA  7.90983773          NA  2.82702649          NA          NA  7.56272111          NA
[408]          NA          NA          NA          NA          NA  0.46728200          NA          NA          NA          NA  1.61025283
[419]          NA          NA          NA          NA          NA  7.19957272          NA          NA          NA          NA          NA
[430]          NA          NA          NA          NA  5.13005090          NA          NA          NA  9.91204058          NA          NA
[441]          NA          NA          NA          NA          NA          NA          NA  2.78964508          NA          NA          NA
[452]  3.50794906          NA          NA          NA          NA          NA          NA          NA          NA          NA          NA
[463]          NA          NA          NA          NA          NA          NA  0.83425523          NA          NA          NA          NA
[474]          NA  0.72756953  4.03966838  1.76753497          NA  3.05730147          NA          NA  0.79818955          NA          NA
[485]          NA          NA          NA  1.23636691          NA  2.97477899          NA          NA          NA          NA          NA
[496]          NA          NA          NA          NA          NA          NA          NA          NA          NA          NA          NA
[507]          NA          NA          NA          NA          NA          NA          NA          NA          NA          NA          NA
[518]          NA          NA  1.30038192          NA          NA          NA          NA          NA          NA          NA          NA
[529]          NA          NA          NA          NA          NA          NA          NA  0.18628229          NA          NA          NA
[540]          NA          NA          NA          NA          NA          NA          NA          NA          NA          NA          NA
[551]          NA          NA          NA          NA          NA          NA          NA          NA          NA          NA          NA
[562]          NA          NA          NA          NA          NA          NA          NA          NA          NA          NA          NA
[573]  0.83020902          NA          NA          NA          NA          NA          NA          NA  2.97665423          NA          NA
[584]          NA          NA          NA          NA          NA          NA          NA          NA          NA          NA          NA
[595]          NA          NA          NA          NA          NA          NA          NA          NA          NA          NA          NA
[606]          NA          NA          NA          NA          NA          NA          NA          NA          NA          NA          NA
[617]          NA          NA          NA          NA          NA          NA          NA          NA          NA          NA          NA
[628]          NA          NA          NA          NA          NA          NA          NA          NA          NA          NA          NA
[639]          NA          NA          NA          NA          NA          NA  1.59809196          NA          NA          NA          NA
[650]          NA          NA          NA          NA          NA          NA          NA          NA          NA          NA          NA
[661]          NA          NA          NA          NA          NA          NA          NA          NA          NA          NA          NA
[672]          NA          NA          NA          NA

$TS
  [1] 96.144040691 91.765265351 84.399039818 74.650712494 82.552831241 71.610623469 75.449074084 50.892739577 47.491420102 40.984642159
 [11] 31.725389177 68.996847717 67.542770149 66.290138799 52.459326704 68.271993863 65.146272446 66.696316585 59.275944525 55.407726023
 [21] 50.433718533 49.985444698 64.937465330 61.656079017 55.484127145 35.276444488 15.338901312 13.323204861 12.558002193  6.028382557
 [31]  5.183614178  2.319009365 48.778522824 48.504525071 45.653840699 43.464072225 38.771097358 35.678557750 33.714411678 21.471719905
 [41] 19.044264379 18.378017168 15.997596410 59.263599373 58.215751941 22.032986849 56.418266067 27.510173342 27.231407880 19.015166456
 [51]  6.219054858 26.742334086 22.354915005 52.811885270 48.289748681 51.245987357 44.933803727 43.522802342 26.105839025 23.801434666
 [61] 26.618878434 47.290048031 44.267123225 34.945259970  9.208534719  7.586248346  0.095729918 32.999867198 39.856046511 27.428669294
 [71] 31.339272069 14.649392659  8.894436932 47.789764413 42.069700866 28.896566391 20.080434051 17.258340096 47.125635078 38.733000839
 [81] 33.545273731 31.368736910 27.886885624 23.467993082 43.386273744 42.604511679 14.350801709  1.483780661 41.601266935 39.800579620
 [91] 16.380028954 15.695522142  9.172671265  7.398569100  2.612535133 43.849275448 26.565977417 19.001397943 16.342255118 42.018775624
[101] 42.473065690 14.824664747 14.034224394 34.430152638 28.800224852 26.535189959 15.973295418 12.979120184 16.817056205 39.764507925
[111] 37.802721051 30.496654527 27.414703965 22.718278517 22.587685911 15.524414200 12.964083377  8.903548272 28.931117439 28.394618739
[121] 35.551726783 33.175064751 31.190890462 30.265870221 27.668054953 22.896408028 11.935646654 34.673532752 39.104392868 39.068054057
[131] 31.233824577 31.207292349 11.095769003 10.904934368  5.554658219 32.641731919 19.268775692 18.700713063  3.143663812 27.526973736
[141] 32.192433595 31.796334771 21.110870034  9.988424300  2.562516413 34.280559647 30.504981160 30.288091457 26.311848452 21.156426894
[151] 10.449409506  6.402018317 25.257479741 19.471157048  8.635129479 22.509339215 14.617472472 31.178265955 21.285048025 27.289774893
[161] 26.656143147 16.499962007  5.315909408 29.422202866 20.897199308 16.199236965 15.463270050  9.312684462  7.680696593  1.220091621
[171] 29.599533350  8.991120984  5.906665747 24.869502886 21.598545277 18.710903068  9.852552416 29.466874981 29.392228445 23.800183969
[181]  5.777775293  2.127022261 23.549187281 17.044900076 28.304480860 17.468074152  4.989364080  0.366796099 26.625698472 25.782891272
[191] 27.747921964 26.474701617 26.873167725 10.764058324 23.673662273 16.197659953 14.221988399 10.265351230 10.034380654 17.555767368
[201] 12.226863271 20.115858017  6.077693401  4.673555461 10.892293218  8.046181783  0.967519046  2.830585845 16.191140864  2.656680618
[211] 26.214485378 25.524738078 20.967556403 19.217153978 14.115077311  4.439916240  1.193389240 21.221164521 18.380429882 16.381410311
[221]  5.019777380 25.176064410 24.376856063 17.143642644  2.644573304 23.984915432 21.142906212 15.148438727 24.744546713 18.782354358
[231] 11.262367638 17.155184604 14.270370795  7.856702762 18.534760491 12.392225037 20.499894151 18.024569560 10.966287082 12.951085284
[241]  4.874539571 19.913615774 17.945942031  8.527327792 15.506630641 18.793625535 12.226122131  9.690893139 16.515865018  9.595927219
[251]  4.368409476 15.246857727 12.755631950  1.311458789 20.219701705 18.564349267 15.180417699  9.140596171  7.897301050  3.609671920
[261]  2.861427724 14.357538009 12.939624937 14.438082193  7.315195658  7.047291760  0.815054293  2.200049756  3.483430763  1.243080318
[271]  9.923135421  8.855482610  6.147890826 10.885470849 17.039373605 18.064363466 11.331834809  7.862960026  2.319271426 18.312146654
[281] 14.182284472  2.738208132 12.583294377  7.391873257  8.045972387  3.552657496  2.236108897  3.359176108 16.233260322 11.468343723
[291] 17.082407393  9.837719945  9.736118191 17.201753058 15.007638779  5.655442807 12.904666155 17.079679266 13.920731355 11.379920921
[301]  2.250866268 14.878847885 13.863216141  2.678560420 14.602125252  5.037162101 11.922579306 11.772670578  7.151355574 13.538921661
[311] 15.167540009  7.045906154  7.752725589 16.443817880 15.897487005 16.400518093  7.054922456  5.577993400 14.772820761 13.363748552
[321] 13.229004798  2.941598978  0.469550781  4.692143619  2.928488271  6.129971582  5.808097806  3.887665119  1.591781105 13.060111613
[331]  2.636463077  0.562529287  0.432421210 11.209141626 11.046509027  4.846680859  0.190784510 12.463931852  6.652989257  0.633576463
[341] 13.646271858  0.757386210  0.301355014  7.770583408  5.907717452 12.780532311 11.863334600  8.661841866  7.528706537  2.702990234
[351]  1.855257546  1.672062459 14.160664523 13.974802417 12.678436041  5.787825886  0.725594646 13.374520079 11.695809517 10.104623561
[361]  5.798805627  7.085268081  0.247749774 12.783497207 12.280107441  3.765298574  3.607152912  0.144069468 13.020143449  2.199255505
[371] 12.474533399 10.374039739  7.889579801  2.138290482  5.453752450 12.442384584  6.342327247  4.635025586 13.186760044 12.186171203
[381]  9.207658078  4.166634947  0.484574741  8.550804168  8.139251363  9.179974455  4.258187985  8.856817967 11.935833067 10.855059318
[391]  2.415044341 11.513758579  3.699735843  1.877369256  0.445000447 11.437175552  9.048410758  6.428223384 12.881451552  2.875322417
[401] 11.266046350  7.286976112  5.559267322  0.425897357  1.841700409 12.582048832 12.216887868 10.553553816  6.249215710  0.736849073
[411]  0.917494630  8.138192341  4.956090138  4.391481342  1.665413994  1.239261588  3.205076111 11.248854935  7.276538986  0.121434016
[421]  8.359490565  6.174615859  4.396702307  7.475275718  6.815713601  3.292556064  0.215549994  6.189058903  7.630646116  4.703687072
[431]  9.494126322  8.237432936  5.071641765  6.692275817  6.653987783  8.042480050 10.532837343 11.121959316  9.100225142  1.291078300
[441] 10.642157599  5.415143891  4.962686960 10.626033491  6.863533597  6.325817152  4.272407255  7.188583910  5.632362807  1.123949903
[451]  9.676900816 10.154060548  9.605696253  2.438051026 10.453929534  8.702813043  7.131025327  3.135925874  1.220062047  6.069475752
[461]  3.798802619  2.460026530  7.314570496  8.039763347  8.634568697  9.749495074  9.017637572  8.980265416  8.873867181  5.192030822
[471]  4.439538095  4.278617702  3.782368198  8.831095660  4.408961712  4.235835417  5.083046581  8.104668241  3.956424171  1.575987245
[481]  0.768800862  4.539058883  1.337481808  1.124135913  6.215893851  7.349288156  2.847193072  7.858815965  1.681601732  4.136012781
[491]  2.055218792  2.892306597  0.145606077  8.186299163  1.606059767  8.340922960  4.645941316  4.881170889  4.853986422  3.547657416
[501]  7.787190083  2.593067492  4.816310161  6.894349173  1.166664972  7.175709071  6.629873283  4.621507520  0.401939573  0.203129919
[511]  4.993044518  1.459399459  5.546574897  0.778686138  4.030935716  1.381947097  1.071737593  2.300120965  0.537947978  7.087291299
[521]  4.060542230  4.057424920  5.340711834  1.427676337  3.765638094  2.506209315  0.278007000  5.784773741  5.696026417  4.866884949
[531]  4.579602049  3.070433969  5.688863502  5.630341543  2.849552402  3.821642172  3.563809195  4.807440434  5.756530414  4.157034667
[541]  4.047014044  2.418476383  6.099878192  3.253291650  1.598456946  1.338957678  4.957878924  4.075363778  0.532543935  0.513305178
[551]  3.761393868  0.746357051  4.430054716  1.838880628  1.461348764  5.224145778  0.489244682  4.440443225  3.590853770  2.677264191
[561]  0.864771669  1.521358219  0.861146016  5.042955789  3.454623017  4.793577549  1.884944397  0.527099360  4.574662183  5.610771946
[571]  4.004390042  0.219846310  4.385388187  5.190386053  3.249435953  0.990192770  4.522032368  3.775983451  0.162186155  0.006290263
[581]  4.747375855  0.732910813  3.086713174  3.492012971  1.954789082  3.637565730  2.553660675  0.141364400  3.910692903  1.585107961
[591]  2.565681267  0.818741406  3.020841032  4.781575381  2.827622843  1.415856416  2.684022973  2.360067653  4.461486991  3.637249577
[601]  0.186304011  4.183424945  4.148427524  0.313762747  2.012168845  2.125206330  0.539090568  3.717310169  3.848061947  2.038817065
[611]  1.508899333  2.762416345  0.279691546  1.421417242  1.646515001  2.332949300  3.097189869  2.250122754  1.368995415  3.487075759
[621]  2.605201277  1.356033089  3.433388626  2.693746911  2.225532012  3.502563775  0.329000165  3.346943053  1.777387989  1.035162679
[631]  1.512636281  1.304274201  0.647700850  0.476383614  0.252786593  2.746698074  1.994591846  1.473343192  1.524007645  1.900027220
[641]  2.563089326  1.367070804  2.550961785  2.205331003  2.536260012  2.503298630  2.148581476  1.115869125  0.856144185  0.310863110
[651]  2.478352479  1.534963222  1.430669005  1.471301970  1.028434738  0.526436134  2.231959020  0.069174839  1.698300169  1.317459413
[661]  1.386020955  1.328094904  0.197187332  1.441049831  0.032075247  0.674445319  1.007864299  0.923136225  0.815268005  0.144115949
[671]  1.214632785  0.366762047  0.278064464  0.014955697  0.125050112

$PAR
  [1]  NA   1   2   2   3   3   5   5   5   5   5   7   7   7   7   6  12  16  16  16  16  16  18  18  18  18  18  18  18  18  18  18  14
 [34]  14  14  14  14  23  23  23  23  23  23  19  44  44  45  45  45  45  45  47  47  25  25  20  20  54  54  54  15  56  56  56  56  56
 [67]  56   8  21  21  22  22  22  55  74  74  74  74   9  62  62  62  62  62  79  79  79  79  35  35  57  57  57  57  57  63  63  63  63
[100]  96  36  36  36  85  86  86  86  86  75 100 100 100 100 100 100 100 100 100  89  89  10  10  10  10  10  69  69  90 110 129 130  37
[133]  37  37  37  80  38  38  38 121  64  64  64  64  64 104 146 146 146 146 146 146  39  39  39 122 142  11  82  71  71 131 132 123 123
[166] 123 123 123 123 123 158 158 158 147 147 147 147 148 148 124 124 124 178 179 119 119 119 119  76 105 120 120 185  83 125 125 125 125
[199] 125 140 140  48  70  70 113 113 113 160 193 193  52  52 161 189  97  97  97 106 106 192 192 149 211  59  59 190 190 190 222 223 223
[232] 226 226 226  60  60 180 180 180 195 195 183  84  84 126 114 114 114 115 115 115  46 175 175 159 159 218 150 150 150 150 227 213 237
[265] 237 237 237 202  77  77 242 242 242 154 137 214 214 214  41  50  98  98 246 246 230 230 230 138 256 235 280 280 280 276 238 238 243
[298] 200 200 200 200 186 186  78 294 294 232 232 232 224 298 298 184 275 275 109 109 109 249 314 314 314 314 316 316 220 220  91  91 289
[331] 289 289 289 107 107 107 107 315  92  92  27  27  27 252 252 257 257 257 257 257 257 257 311 295 302 102 319 157 157 157 264 262 262
[364]  87  87 233 233 233 197 197 281 353 215 103 354 299 303 303 341 341 341 341 341 310 358 320 320  28 321 321 321 369 369 369 369 108
[397] 108 117 297 297 399 399 399 399 253 355 355 355 355 355 283  29  29 371 371 371 376 236 236 236 247 247 247 407 407 407 407 127 307
[430] 307 347 347 347 308 308 359 290 396 401 231 418 334 334 438 133 133 335 239 239 239 134 205 390 441 444 408 437 437 437 455 151 151
[463] 452 360 199 144 144 144 466 466 248 451 451 453 250 250 431 168  65 386 386  93 258 258 397 467 467 469 272 474 456 348 348 465 465
[496] 384 384 421 432 432 412 206 285 436 436 464 464 259 373 373 278 278 488 234 501 313 313  94 463 402 402 448 309 309 520 362 317 445
[529] 445 445 445 445 425 425 425 435 435 339 398 398 446 446 409 409 409 409 485 428 428 428 273 273 326 543 543 203 460 173 173 361 356
[562] 528 181 539 539 529 529 529 296 534 570 570 513 375 375 442 163 163 163 556 470 574 477 433 433 564 221 443 547 547 413 498 241 530
[595] 530 499 538 594 430 531 569 482 599 558 471 553 553 573 472 472 447 382 540 603 521 522 589 589 536 578 578 578 366 366 366 551 551
[628] 600 367 537 626 620 620 269 269 628 628 628 617 583 322 325 492 400 261 612 612 612 636 350 597 210 587 643 643 646 462 542 616 625
[661] 491 491 610 629 659 562 631 664 614 614 632 440 459 669 383

$EXTANT
  [1] FALSE FALSE FALSE FALSE FALSE FALSE FALSE FALSE FALSE FALSE FALSE FALSE FALSE FALSE FALSE FALSE FALSE  TRUE FALSE FALSE FALSE  TRUE
 [23] FALSE FALSE FALSE FALSE  TRUE FALSE  TRUE FALSE  TRUE  TRUE FALSE FALSE FALSE FALSE  TRUE  TRUE FALSE FALSE  TRUE FALSE FALSE  TRUE
 [45]  TRUE  TRUE FALSE  TRUE FALSE FALSE  TRUE FALSE FALSE  TRUE FALSE  TRUE  TRUE FALSE  TRUE  TRUE FALSE  TRUE  TRUE  TRUE  TRUE  TRUE
 [67]  TRUE FALSE FALSE  TRUE FALSE FALSE  TRUE FALSE FALSE FALSE  TRUE  TRUE  TRUE FALSE FALSE FALSE FALSE  TRUE FALSE FALSE FALSE  TRUE
 [89] FALSE FALSE  TRUE  TRUE  TRUE  TRUE  TRUE  TRUE  TRUE  TRUE  TRUE FALSE FALSE FALSE  TRUE FALSE FALSE FALSE  TRUE  TRUE FALSE FALSE
[111] FALSE FALSE  TRUE  TRUE  TRUE FALSE FALSE  TRUE  TRUE FALSE FALSE  TRUE  TRUE  TRUE FALSE  TRUE FALSE FALSE FALSE FALSE FALSE FALSE
[133]  TRUE  TRUE  TRUE FALSE FALSE  TRUE  TRUE  TRUE FALSE FALSE  TRUE  TRUE  TRUE  TRUE FALSE FALSE FALSE  TRUE  TRUE  TRUE FALSE FALSE
[155]  TRUE FALSE FALSE FALSE  TRUE  TRUE FALSE  TRUE  TRUE FALSE  TRUE  TRUE FALSE  TRUE  TRUE  TRUE FALSE  TRUE  TRUE  TRUE  TRUE  TRUE
[177] FALSE FALSE  TRUE  TRUE  TRUE  TRUE FALSE  TRUE FALSE FALSE  TRUE  TRUE FALSE  TRUE FALSE  TRUE  TRUE FALSE  TRUE FALSE FALSE FALSE
[199] FALSE  TRUE  TRUE  TRUE  TRUE  TRUE FALSE  TRUE  TRUE  TRUE  TRUE  TRUE FALSE  TRUE  TRUE FALSE  TRUE  TRUE  TRUE FALSE FALSE  TRUE
[221]  TRUE FALSE  TRUE  TRUE FALSE  TRUE FALSE  TRUE FALSE  TRUE  TRUE FALSE  TRUE  TRUE  TRUE  TRUE  TRUE FALSE  TRUE FALSE  TRUE  TRUE
[243]  TRUE FALSE FALSE  TRUE  TRUE FALSE FALSE  TRUE  TRUE FALSE  TRUE  TRUE  TRUE  TRUE  TRUE  TRUE  TRUE FALSE FALSE  TRUE  TRUE FALSE
[265]  TRUE  TRUE  TRUE  TRUE  TRUE  TRUE  TRUE  TRUE FALSE  TRUE  TRUE FALSE  TRUE FALSE  TRUE  TRUE FALSE  TRUE  TRUE FALSE  TRUE  TRUE
[287]  TRUE  TRUE  TRUE  TRUE  TRUE  TRUE  TRUE  TRUE  TRUE  TRUE  TRUE  TRUE FALSE  TRUE  TRUE  TRUE FALSE  TRUE  TRUE  TRUE  TRUE  TRUE
[309]  TRUE FALSE FALSE FALSE  TRUE  TRUE  TRUE  TRUE  TRUE  TRUE FALSE  TRUE  TRUE  TRUE  TRUE  TRUE  TRUE  TRUE FALSE FALSE  TRUE  TRUE
[331]  TRUE  TRUE  TRUE  TRUE  TRUE  TRUE  TRUE FALSE  TRUE  TRUE  TRUE  TRUE  TRUE FALSE  TRUE  TRUE FALSE  TRUE  TRUE  TRUE  TRUE  TRUE
[353]  TRUE  TRUE  TRUE  TRUE  TRUE  TRUE FALSE  TRUE  TRUE  TRUE  TRUE  TRUE FALSE  TRUE  TRUE  TRUE  TRUE  TRUE  TRUE  TRUE  TRUE  TRUE
[375]  TRUE  TRUE FALSE  TRUE FALSE  TRUE FALSE  TRUE  TRUE  TRUE  TRUE  TRUE FALSE  TRUE FALSE  TRUE  TRUE FALSE FALSE  TRUE  TRUE  TRUE
[397]  TRUE  TRUE  TRUE  TRUE FALSE  TRUE FALSE  TRUE  TRUE FALSE  TRUE  TRUE  TRUE  TRUE  TRUE  TRUE FALSE  TRUE  TRUE  TRUE  TRUE FALSE
[419]  TRUE  TRUE  TRUE  TRUE  TRUE FALSE  TRUE  TRUE  TRUE  TRUE  TRUE  TRUE  TRUE  TRUE  TRUE FALSE  TRUE  TRUE  TRUE FALSE  TRUE  TRUE
[441]  TRUE  TRUE  TRUE  TRUE  TRUE  TRUE  TRUE FALSE  TRUE  TRUE  TRUE FALSE  TRUE  TRUE  TRUE  TRUE  TRUE  TRUE  TRUE  TRUE  TRUE  TRUE
[463]  TRUE  TRUE  TRUE  TRUE  TRUE  TRUE FALSE  TRUE  TRUE  TRUE  TRUE  TRUE FALSE FALSE FALSE  TRUE FALSE  TRUE  TRUE FALSE  TRUE  TRUE
[485]  TRUE  TRUE  TRUE FALSE  TRUE FALSE  TRUE  TRUE  TRUE  TRUE  TRUE  TRUE  TRUE  TRUE  TRUE  TRUE  TRUE  TRUE  TRUE  TRUE  TRUE  TRUE
[507]  TRUE  TRUE  TRUE  TRUE  TRUE  TRUE  TRUE  TRUE  TRUE  TRUE  TRUE  TRUE  TRUE FALSE  TRUE  TRUE  TRUE  TRUE  TRUE  TRUE  TRUE  TRUE
[529]  TRUE  TRUE  TRUE  TRUE  TRUE  TRUE  TRUE FALSE  TRUE  TRUE  TRUE  TRUE  TRUE  TRUE  TRUE  TRUE  TRUE  TRUE  TRUE  TRUE  TRUE  TRUE
[551]  TRUE  TRUE  TRUE  TRUE  TRUE  TRUE  TRUE  TRUE  TRUE  TRUE  TRUE  TRUE  TRUE  TRUE  TRUE  TRUE  TRUE  TRUE  TRUE  TRUE  TRUE  TRUE
[573] FALSE  TRUE  TRUE  TRUE  TRUE  TRUE  TRUE  TRUE FALSE  TRUE  TRUE  TRUE  TRUE  TRUE  TRUE  TRUE  TRUE  TRUE  TRUE  TRUE  TRUE  TRUE
[595]  TRUE  TRUE  TRUE  TRUE  TRUE  TRUE  TRUE  TRUE  TRUE  TRUE  TRUE  TRUE  TRUE  TRUE  TRUE  TRUE  TRUE  TRUE  TRUE  TRUE  TRUE  TRUE
[617]  TRUE  TRUE  TRUE  TRUE  TRUE  TRUE  TRUE  TRUE  TRUE  TRUE  TRUE  TRUE  TRUE  TRUE  TRUE  TRUE  TRUE  TRUE  TRUE  TRUE  TRUE  TRUE
[639]  TRUE  TRUE  TRUE  TRUE  TRUE  TRUE FALSE  TRUE  TRUE  TRUE  TRUE  TRUE  TRUE  TRUE  TRUE  TRUE  TRUE  TRUE  TRUE  TRUE  TRUE  TRUE
[661]  TRUE  TRUE  TRUE  TRUE  TRUE  TRUE  TRUE  TRUE  TRUE  TRUE  TRUE  TRUE  TRUE  TRUE  TRUE

