
Birth-death simulation object with 675 species and 500 extant species

Details for some species:

Extinction times (NA means extant)
[1] 87.07505 36.27247 68.53417 50.21212 45.49825       NA


Speciation times 
[1] 96.35905 91.67032 81.79017 73.92757 59.53657 74.50167


Species parents (NA for initial)
[1] NA  1  2  2  2  3


Species status (extinct or extant)
[1] "extinct" "extinct" "extinct" "extinct" "extinct" "extant" 


For more details on vector y, try sim$y, with y one of
TE TS PAR EXTANT



$TE
  [1] 87.07505033 36.27247195 68.53417072 50.21211861 45.49825196          NA 31.13785783 59.04759570 64.97690020
 [10] 31.55956232 44.11762572          NA 36.98633367 12.99280865 71.39240784 58.15048820 26.89116073          NA
 [19] 63.53134868 57.41814362 40.52930936 28.62446185          NA 19.82953466 29.88584638  6.09002715          NA
 [28]          NA          NA          NA 55.38663137 26.61706535 29.01368888          NA 14.54337743  6.36495664
 [37]          NA 44.02695030          NA 37.25236987          NA 33.66705348 31.82073791 46.55907475 39.56979546
 [46] 17.91719145 11.01814023          NA 23.35526791 19.86105963          NA          NA 35.63412231 32.44531788
 [55]          NA 19.73357970          NA 27.51297794  5.27779188 25.31403720  5.39839585 10.77709043          NA
 [64]          NA          NA  0.85809094 29.76448260          NA          NA  7.06590760 20.88447452          NA
 [73] 32.15227651 13.77784531          NA          NA          NA          NA          NA          NA          NA
 [82]          NA          NA 25.47148731 20.29340865  9.42579629          NA          NA          NA  1.94157953
 [91]          NA 16.24476023  2.78403001          NA  8.14079011  6.49220269          NA          NA          NA
[100]          NA          NA  0.76281509          NA          NA 27.56486308 11.32147412          NA 14.01190430
[109] 19.49298793 15.20363321 17.13813866          NA          NA          NA          NA          NA          NA
[118]  5.50280104          NA          NA  0.18186285          NA  0.51780177 17.11194541  2.62419114          NA
[127]  2.79379861          NA          NA 12.73936592 23.17936559          NA          NA          NA 17.09416322
[136] 18.99857069          NA  5.39756002          NA          NA          NA          NA 22.19826803          NA
[145] 10.64889454  5.87032110  0.70792887          NA 19.35835885          NA          NA          NA          NA
[154] 16.83244801          NA  7.64498900  3.23864110          NA          NA          NA          NA          NA
[163]          NA 18.95864955          NA          NA  6.40249873  3.01674274          NA  4.11610461  6.22600617
[172]          NA  2.89095954          NA          NA          NA          NA          NA          NA          NA
[181] 13.04857076          NA          NA          NA          NA          NA          NA          NA          NA
[190] 10.62508624  7.17580914 16.12642769          NA          NA  7.93530843          NA          NA          NA
[199]  3.15348149          NA  6.60560357 19.96961348          NA  1.25648137          NA  5.13732669          NA
[208]          NA  9.88086743  6.53987605          NA          NA          NA 10.55685414          NA          NA
[217]          NA          NA          NA          NA          NA          NA 11.85934703          NA          NA
[226] 16.67742374  3.66066059          NA  4.94309602  7.44830816          NA          NA          NA  3.15722295
[235]          NA          NA  9.50625360          NA          NA          NA          NA          NA          NA
[244]          NA          NA  9.60822228          NA          NA  4.20843452          NA 11.37541065          NA
[253]  5.56951216          NA          NA          NA          NA  6.64289579          NA  9.40819137          NA
[262]  4.59818801          NA  4.30964658          NA          NA          NA          NA  0.10590830          NA
[271]  1.16626992          NA 11.53398496          NA          NA 10.27524220          NA          NA          NA
[280] 12.37138375          NA          NA          NA          NA          NA 10.43094540          NA          NA
[289]          NA          NA          NA          NA          NA          NA          NA  1.41647568          NA
[298]          NA          NA          NA          NA          NA          NA          NA          NA  1.98609778
[307]          NA          NA          NA  3.50215464          NA          NA          NA          NA          NA
[316]          NA          NA          NA  6.20644336          NA          NA          NA  4.94848614  5.29029641
[325]          NA          NA  1.91534515          NA          NA          NA          NA          NA          NA
[334]  3.77449209          NA          NA  0.79914312          NA  5.48220455          NA  4.02837118  1.37712810
[343]          NA  7.17899693          NA  5.65514766          NA          NA          NA          NA          NA
[352]  5.38732234          NA          NA          NA          NA          NA          NA          NA          NA
[361]          NA          NA          NA          NA          NA  4.92757308          NA          NA          NA
[370]          NA          NA          NA          NA  0.16754172          NA          NA          NA          NA
[379]          NA          NA          NA          NA          NA          NA          NA  0.45013685          NA
[388]          NA          NA          NA          NA          NA          NA          NA  2.44843711          NA
[397]          NA          NA          NA          NA          NA  5.22698706          NA  3.27812421          NA
[406]  6.56744977          NA          NA          NA  0.22288960          NA          NA          NA          NA
[415]          NA          NA  4.18173530  5.25274553  0.06852479  7.22984046          NA  8.00401498          NA
[424]          NA          NA          NA          NA          NA          NA          NA          NA  8.23496343
[433]          NA  0.59411261          NA          NA          NA          NA          NA          NA          NA
[442]          NA  3.11355107          NA          NA          NA  3.41937909          NA          NA          NA
[451]          NA          NA          NA          NA          NA          NA          NA          NA          NA
[460]  1.54057053          NA          NA          NA          NA          NA          NA          NA          NA
[469]  6.52813219          NA          NA          NA          NA          NA  5.91121798          NA  6.11615539
[478]          NA  4.65681410          NA          NA          NA          NA          NA          NA          NA
[487]          NA          NA          NA          NA          NA          NA  5.94457959          NA          NA
[496]  0.47511207          NA          NA          NA          NA          NA          NA          NA          NA
[505]          NA          NA          NA          NA  3.95049712          NA          NA  5.02991478          NA
[514]          NA          NA  2.92456984          NA          NA          NA  0.63224044          NA          NA
[523]          NA          NA  3.29421070          NA          NA          NA          NA  1.10392006          NA
[532]          NA          NA          NA          NA          NA          NA          NA          NA          NA
[541]          NA          NA          NA  0.65495878          NA          NA          NA          NA          NA
[550]          NA          NA          NA          NA          NA          NA          NA          NA          NA
[559]          NA          NA          NA          NA          NA          NA          NA          NA          NA
[568]          NA          NA          NA          NA          NA          NA  2.42892270          NA          NA
[577]          NA          NA          NA          NA          NA          NA          NA  0.20325946          NA
[586]          NA  3.13368841          NA          NA          NA          NA          NA          NA          NA
[595]          NA          NA          NA          NA          NA          NA          NA          NA          NA
[604]          NA          NA          NA          NA          NA          NA          NA          NA          NA
[613]          NA          NA          NA          NA          NA  1.03877643          NA          NA          NA
[622]          NA          NA          NA          NA          NA          NA          NA          NA          NA
[631]          NA          NA          NA          NA          NA          NA          NA          NA          NA
[640]          NA          NA          NA          NA          NA          NA          NA          NA          NA
[649]          NA          NA          NA          NA          NA          NA          NA          NA          NA
[658]          NA          NA          NA          NA          NA          NA          NA          NA          NA
[667]          NA          NA          NA          NA          NA          NA          NA          NA          NA

$TS
  [1] 96.35905472 91.67032117 81.79016681 73.92756777 59.53657484 74.50166553 74.33003370 70.41987467 69.65840447
 [10] 56.71723036 55.21580247 50.98425666 37.44470144 22.96118177 72.77383128 67.57093391 31.87226396 67.50826624
 [19] 68.37911008 66.28372366 52.54967477 50.27367748 47.78151223 33.97734110 30.41114203 21.59558252 11.93182486
 [28]  9.88638856  9.56183393 61.94643543 56.46911709 38.06959130 30.20509429 23.23014511 22.06193906  8.82561866
 [37]  0.90769879 51.64810485 45.53939643 40.64015598 37.51524006 37.05275742 35.26996065 50.63465105 42.50173130
 [46] 25.77604361 19.87182226 17.49908754 43.17401072 30.40355166  9.18868988  6.21459500 41.34286488 40.64528225
 [55] 36.02532348 25.05743296 22.02309450 28.93139546 36.00044662 38.51622908 35.08402674 38.16386104 37.42805617
 [64] 33.30499821 26.93560108 35.95921339 35.20736936 30.46320041 24.92435618 14.81649294 34.00892941 35.43174344
 [73] 34.09803972 31.82045333 26.53154839  6.18689911 17.23576984  5.84319614  7.36245825  3.06153627  1.09098918
 [82] 32.80442357  9.07364876 30.45015549 23.34006295 20.43172466 19.60763367 11.62896004 26.85790676 19.42220271
 [91]  7.49087134 33.11990290 31.50313586 27.38933857 22.68587711 25.44214124 19.94052934  1.87652484 24.07113372
[100] 22.83045964 21.42234480 19.49603191 16.43660470  1.98518619 29.33107195 24.81823552  0.78985311 30.13932723
[109] 28.95637398 26.15144090 26.01625472  8.93883276  6.92305871  3.22393649  1.29015266 20.14694671 14.59178704
[118] 12.42535415  9.48822446  6.35735476 23.89248443 15.23828713  4.86465462 24.34234755 15.18355763 13.99465423
[127] 12.03087310  9.12382291 19.04449572 24.67428600 24.48439012 17.45717001 15.50779808 24.31593483 20.78885563
[136] 19.73640473 20.74058767 16.12683422 13.26952856 22.59362066 20.44035195 14.19118805 23.93823234 21.53453427
[145] 20.97428349  6.54626608  5.51436590  4.47641684 23.41918660  5.49682853  2.76351793  2.50199531 23.03678374
[154] 19.71113075 10.01187780  9.85068614  6.31598669 22.22467578 21.18555368 19.25257260 10.86186840  4.54214783
[163] 22.73775439 20.32234124 13.15624416 22.82483652 14.13304702  7.88720338  3.12934264 22.81683423  7.17087649
[172]  4.75564301 20.59464068 19.53277444 10.19838351  7.61208066  7.44183675 17.67986053  4.04996946 17.20805945
[181] 19.58771727  0.33943206 18.22163791  7.06791800 20.72704683 18.34339121  9.40685898  8.11343092  1.86997201
[190] 19.47208189 19.00206579 18.53555970 14.75142514  1.52361397 14.41112603 14.08358017 10.97017596  6.41674911
[199]  3.39655344 19.75351028 11.32359141 19.98915279 16.09333228 12.86303419 10.82361652 10.43513584  1.15521270
[208] 20.02057692 11.63615958 12.63620795  0.63661065 13.00617207 12.70889712 11.07820355 10.52419314  4.17521084
[217]  3.69746494 12.74444772 16.08544459 15.84153074 14.30552886 12.83559324 12.63364116 10.53587081  8.56149677
[226] 18.19987309 17.37487294 10.30329429 18.29860769 13.60686515 13.37423273 12.72252309 11.97006690  3.74047242
[235]  2.45503142  1.00711551 10.18738338  5.21221360 16.82072361  7.82253451  7.80464933  7.43287460  0.77976465
[244]  0.71270147  9.07049119 12.89243829  9.27994966  4.30636040  4.27282856 17.27572985 16.73581917 17.09727542
[253] 15.63629326  8.52558089  5.29850435  0.04294008 15.03685427  8.01106250  6.71787424 12.32981185 13.81696026
[262] 12.79490161 11.38868728  8.29747708  8.07568691 16.54321999 11.60786390  7.42554812  4.60650473 11.20118071
[271]  6.13227401  2.05221984 13.88143054  4.39212159  4.22111677 11.79717490  9.52718116  0.36704635 13.01506120
[280] 12.59885274 12.46638266  9.08410523  3.72722726  1.65681525  0.47399314 10.96202325  3.94067834  2.95041540
[289]  1.75768396  0.34554139 11.64861297 11.10653391 10.73786031 10.13133653  3.75647874  6.49124933  6.38940106
[298]  8.61392885  6.99943604  1.83401733  1.38932769 11.26129568 11.19513069  9.30538905 14.32902842  8.64321813
[307]  2.04174329  1.87714310 13.74743479 11.93227273 10.11496958  8.16613721  1.38328255 11.18268401  8.55110230
[316]  6.75249502  4.06547702  6.89078559  6.42443280  6.41843180  6.13309280 10.38470919 11.01164884  7.93510829
[325] 12.86356439 12.79284879  6.64004752  5.72839365  1.65262423  1.60181658 12.69265799  9.97653966  1.12936677
[334] 11.63506840 10.90529961  9.66180683  4.40682704  1.15056652 10.66884081  6.18724064  5.39560542 12.39621172
[343] 11.71815667 11.52719375  9.60233895  8.97224812  3.03877197  9.69657106  2.93872782  8.75258751 10.45877579
[352]  7.19788775  9.88096675 11.21321176  4.91255726  4.09122440 10.24084848  0.91322674  0.17776844  7.75794861
[361]  9.14597704  3.07476593  7.66220697  0.31205718  0.11441494  6.70309933 11.38824073  6.06653402  0.58321967
[370] 10.14630525  9.12371151  8.23464786  7.06691731  3.76710169  1.93667687  1.59075123  0.15408654  6.88042336
[379]  1.72226643 10.72297139  8.13129787  2.37547953  2.46645104  1.68419589  5.25164431  5.88264902  3.96373958
[388]  0.98591909 10.16625193  7.65714545  0.02740945  6.17295059  8.57026307  7.89090195  5.32982178  1.76078188
[397]  8.72133746  1.32057888  4.84175988  3.27309599  1.86992437  9.74841182  6.08306463  8.70023509  1.44397125
[406]  8.97762719  9.14202510  6.78869771  6.63433026  8.68702518  5.73288073  1.40265255  8.15891449  7.98358618
[415]  0.96292220  0.93285636  8.83679177  7.47318741  8.89306942  9.17803607 10.09712227  9.61558070  3.66916586
[424]  2.12948985  9.72792011  0.82070141  4.81261793  4.03199092  2.04420990  3.24630646  9.72205437  9.43866286
[433]  8.94749275  7.08577623  6.75967056  5.29561064  9.43255892  8.49649230  5.50236155  1.33676535  9.16569375
[442]  5.60913891  3.47522807  9.55789139  5.62031496  7.38179657  4.52578440  9.16233994  6.73223999  6.81170854
[451]  3.89068522  3.43115752  2.64241884  7.59140127  4.95365856  2.13325159  4.54716503  7.58582932  6.03440244
[460]  1.71298178  2.96603680  7.43210210  5.62509645  5.05352423  2.52860370  7.24383406  2.71817917  0.53342550
[469]  6.74751501  5.18668948  4.29571743  2.18412382  7.54881287  5.76974802  8.74271634  7.28696398  7.75217734
[478]  2.12923052  8.58322641  7.07144819  1.61539459  6.71472297  8.23650884  8.12075497  4.81496094  8.31704681
[487]  6.50477015  4.23281983  1.41083851  7.23771012  6.23298138  4.66068299  7.89595162  4.86044759  0.77975556
[496]  6.39713131  4.58643079  6.77005546  6.76684106  1.02158961  3.14886792  1.22145096  5.58376292  2.88711899
[505]  0.09571948  5.74928442  1.63639948  1.32591478  5.13569826  2.78535011  1.88767536  6.43381206  3.17131283
[514]  6.10402026  0.33211273  6.04903070  4.34036116  0.66361024  2.35508555  4.78338476  3.93916585  1.06589085
[523]  4.94851557  6.18390675  6.03002837  4.39596089  4.12771645  0.41603514  0.11694522  5.15049081  4.85566513
[532]  3.77085476  1.17354593  6.19249044  6.07532885  1.20926223  0.37578521  3.83744198  2.43286894  0.72105200
[541]  2.00660216  4.41728036  0.21065127  3.76241726  5.71115423  4.85784996  2.35037889  5.96503052  1.77101006
[550]  0.48770515  3.91935626  3.61445096  2.70838100  0.46694024  4.42071291  3.90683174  2.74658273  6.01487389
[559]  1.85277252  5.53901064  3.39926110  5.12206461  2.96632013  1.96108843  1.48059476  2.97735874  4.93445371
[568]  2.09551045  0.38299394  2.67355021  3.90835932  4.16955650  0.08796310  5.27456823  3.30248530  3.23051480
[577]  4.16691858  0.87678991  4.41424109  1.14203652  3.75180721  2.40358735  0.56463699  3.44079542  3.46842108
[586]  4.38700187  3.57100401  2.22521469  4.30375560  4.30490500  0.25178553  1.56810782  0.69761778  2.06248424
[595]  0.71762401  0.72695020  3.51205149  3.73195638  3.58318524  2.30391528  2.49093281  0.98019462  1.25324176
[604]  3.27431391  2.81698681  2.77545553  3.39174389  0.36734649  0.24588948  2.64598523  2.64577623  2.90820729
[613]  2.57253442  1.04194847  3.73549359  1.79844024  3.89714790  1.83899064  1.37536484  1.68967649  3.11992236
[622]  0.97463821  3.69303674  1.69585871  1.36059744  0.81392501  2.65099135  2.08273495  0.88103402  0.50070554
[631]  2.28488416  1.93463555  0.64594319  2.18474869  0.89072041  0.76328506  0.23083314  2.29929853  0.39612082
[640]  2.31168576  1.44900286  0.95640689  0.25929420  0.17054013  0.03312202  0.61745725  1.57870825  1.00812566
[649]  0.28918285  0.55878702  0.13842434  1.71232789  0.51697843  1.61598335  0.84343801  0.56158489  0.11114073
[658]  1.08989257  0.67466291  1.26872426  0.54270358  0.25753691  1.23082881  0.18215488  0.34093878  0.87398471
[667]  0.05899514  0.78038681  0.28523610  0.66452095  0.58066161  0.52868319  0.68671990  0.24477951  0.54484123

$PAR
  [1]  NA   1   2   2   2   3   3   3   6   6   6   6   6   6   7   7   7   4   9  19  18  18  18  18  18  18  18  18  18
 [30]  20  30  30  30  30  30  30  30  10  10  10  10  10  10  21  21  12  12  12  22  23  23  23  39  39  39  39  39  49
 [59]  53  54  54  60  60  60  60  62  62  62  62  62  32  41  41  41  41  41  63  63  55  55  55  59  59  66  66  66  66
 [88]  66  72  72  72  61  24  24  24  64  64  64  82  82  82  82  82  82  93  93  68  84  50 109 109  94  94  94  94  65
[117]  65  65  65  65  89  89  89  75  75  75  75  75  46  96  96  96  96  56  56  56  69 106 106 130 130 130 124 124 134
[146] 134 134 134  99  99  99  99 121 121 121 121 121 149 153 153 153 153  14  14  14 100 100 100 100 166 166 166 163 163
[175] 163 163 163  95 140  35  57  57  26  26 144 144 144 101 101 159 159 159 159 159 145 145 145 137 185 173 173 141 141
[204] 141 141 141 141  86  86 116 116 208 208 208 208 208 208  47 200 200 200 200 200 200 200 174 174 174 102 102 102 102
[233] 102 102 102 102  90  90 160 160 160 160 160 160 129 186 186 186 186 229 229 183 183 183 183 183 178 178 178  48 132
[262] 132 132 132 132 227 227 227 227 250 250 250 180 180 180 252 252 252 251 251 266 266 266 266 266 103 203 203 203 220
[291] 133 133 133 133 133 125 125 257 257 193 193 117 117 117 195 221 221 221 142 142 196 196 196 261 261 261 261 309 309
[320] 309 309 230 231 231 139 139 165 165 165 165 279 212 212 246 246 246 204 222 262 218 218 232 232 232 232 213 213 331
[349] 331 281 118 118 342 260 127 127 233 233 233  27 343 343 291 291 291 267 263 263 263 367 367 367 367 367 367 367 367
[378] 302 302 354 354 354 303 303 314 292 292 292 323 197 197 335 161 161 161 161 205 205 293 380 380 339 339 215 215 351
[407] 206 206 206 322 322 322 228 228 228 228 357 357 175 389 370 294 294 294 311 421 155 155 332 353 156 402 402 402 402
[436] 402 425 425 431 336 422 345 345  29  29 277 277 437 437 187 187 304 304 247 247 441 448 361 361 361 407 128 128 371
[465] 371 282 282 282  83 245 245 245 406 433 112 419 350 397 306 298 298 479 393 393 225 315 438 438 486 264 264 483 381
[494] 484 265 493 394 240 240 240 241 241 458 458 473 242 242 242 462 268 268 446 446  79 476 490 490 490 184 373 373 373
[523] 113 318 318 318 318 318 318 378 498 498 498 499 499 435 316 482 327 409 296 320 198 297 120 491 491  52 534 534  76
[552]  76 392 392 321 271 271 514 514 403 368 525 386  78  78 474 411 545 545 445 442 503 560 147 147 147 341 255 436 436
[581] 385 385 238 530 562 455 123 123 494 546 546 399 399 485 485 427 269 497 447 542 579 579 337 526 586 586 517 517 517
[610] 589 589 572 572 527 317 317 387 551 571 556 451 544 295 217 623 623 604 566 461 349 510 510 151 557 557 557 557 453
[639] 453 235 582 582 582 640 640 600 631 588 478 429 307 632 300 549 624 624 384 654 592 641 641 641 440 508 115 333 236
[668] 388  37 635 629 626 593 646 671

$EXTANT
  [1] FALSE FALSE FALSE FALSE FALSE  TRUE FALSE FALSE FALSE FALSE FALSE  TRUE FALSE FALSE FALSE FALSE FALSE  TRUE FALSE
 [20] FALSE FALSE FALSE  TRUE FALSE FALSE FALSE  TRUE  TRUE  TRUE  TRUE FALSE FALSE FALSE  TRUE FALSE FALSE  TRUE FALSE
 [39]  TRUE FALSE  TRUE FALSE FALSE FALSE FALSE FALSE FALSE  TRUE FALSE FALSE  TRUE  TRUE FALSE FALSE  TRUE FALSE  TRUE
 [58] FALSE FALSE FALSE FALSE FALSE  TRUE  TRUE  TRUE FALSE FALSE  TRUE  TRUE FALSE FALSE  TRUE FALSE FALSE  TRUE  TRUE
 [77]  TRUE  TRUE  TRUE  TRUE  TRUE  TRUE  TRUE FALSE FALSE FALSE  TRUE  TRUE  TRUE FALSE  TRUE FALSE FALSE  TRUE FALSE
 [96] FALSE  TRUE  TRUE  TRUE  TRUE  TRUE FALSE  TRUE  TRUE FALSE FALSE  TRUE FALSE FALSE FALSE FALSE  TRUE  TRUE  TRUE
[115]  TRUE  TRUE  TRUE FALSE  TRUE  TRUE FALSE  TRUE FALSE FALSE FALSE  TRUE FALSE  TRUE  TRUE FALSE FALSE  TRUE  TRUE
[134]  TRUE FALSE FALSE  TRUE FALSE  TRUE  TRUE  TRUE  TRUE FALSE  TRUE FALSE FALSE FALSE  TRUE FALSE  TRUE  TRUE  TRUE
[153]  TRUE FALSE  TRUE FALSE FALSE  TRUE  TRUE  TRUE  TRUE  TRUE  TRUE FALSE  TRUE  TRUE FALSE FALSE  TRUE FALSE FALSE
[172]  TRUE FALSE  TRUE  TRUE  TRUE  TRUE  TRUE  TRUE  TRUE FALSE  TRUE  TRUE  TRUE  TRUE  TRUE  TRUE  TRUE  TRUE FALSE
[191] FALSE FALSE  TRUE  TRUE FALSE  TRUE  TRUE  TRUE FALSE  TRUE FALSE FALSE  TRUE FALSE  TRUE FALSE  TRUE  TRUE FALSE
[210] FALSE  TRUE  TRUE  TRUE FALSE  TRUE  TRUE  TRUE  TRUE  TRUE  TRUE  TRUE  TRUE FALSE  TRUE  TRUE FALSE FALSE  TRUE
[229] FALSE FALSE  TRUE  TRUE  TRUE FALSE  TRUE  TRUE FALSE  TRUE  TRUE  TRUE  TRUE  TRUE  TRUE  TRUE  TRUE FALSE  TRUE
[248]  TRUE FALSE  TRUE FALSE  TRUE FALSE  TRUE  TRUE  TRUE  TRUE FALSE  TRUE FALSE  TRUE FALSE  TRUE FALSE  TRUE  TRUE
[267]  TRUE  TRUE FALSE  TRUE FALSE  TRUE FALSE  TRUE  TRUE FALSE  TRUE  TRUE  TRUE FALSE  TRUE  TRUE  TRUE  TRUE  TRUE
[286] FALSE  TRUE  TRUE  TRUE  TRUE  TRUE  TRUE  TRUE  TRUE  TRUE FALSE  TRUE  TRUE  TRUE  TRUE  TRUE  TRUE  TRUE  TRUE
[305]  TRUE FALSE  TRUE  TRUE  TRUE FALSE  TRUE  TRUE  TRUE  TRUE  TRUE  TRUE  TRUE  TRUE FALSE  TRUE  TRUE  TRUE FALSE
[324] FALSE  TRUE  TRUE FALSE  TRUE  TRUE  TRUE  TRUE  TRUE  TRUE FALSE  TRUE  TRUE FALSE  TRUE FALSE  TRUE FALSE FALSE
[343]  TRUE FALSE  TRUE FALSE  TRUE  TRUE  TRUE  TRUE  TRUE FALSE  TRUE  TRUE  TRUE  TRUE  TRUE  TRUE  TRUE  TRUE  TRUE
[362]  TRUE  TRUE  TRUE  TRUE FALSE  TRUE  TRUE  TRUE  TRUE  TRUE  TRUE  TRUE FALSE  TRUE  TRUE  TRUE  TRUE  TRUE  TRUE
[381]  TRUE  TRUE  TRUE  TRUE  TRUE FALSE  TRUE  TRUE  TRUE  TRUE  TRUE  TRUE  TRUE  TRUE FALSE  TRUE  TRUE  TRUE  TRUE
[400]  TRUE  TRUE FALSE  TRUE FALSE  TRUE FALSE  TRUE  TRUE  TRUE FALSE  TRUE  TRUE  TRUE  TRUE  TRUE  TRUE FALSE FALSE
[419] FALSE FALSE  TRUE FALSE  TRUE  TRUE  TRUE  TRUE  TRUE  TRUE  TRUE  TRUE  TRUE FALSE  TRUE FALSE  TRUE  TRUE  TRUE
[438]  TRUE  TRUE  TRUE  TRUE  TRUE FALSE  TRUE  TRUE  TRUE FALSE  TRUE  TRUE  TRUE  TRUE  TRUE  TRUE  TRUE  TRUE  TRUE
[457]  TRUE  TRUE  TRUE FALSE  TRUE  TRUE  TRUE  TRUE  TRUE  TRUE  TRUE  TRUE FALSE  TRUE  TRUE  TRUE  TRUE  TRUE FALSE
[476]  TRUE FALSE  TRUE FALSE  TRUE  TRUE  TRUE  TRUE  TRUE  TRUE  TRUE  TRUE  TRUE  TRUE  TRUE  TRUE  TRUE FALSE  TRUE
[495]  TRUE FALSE  TRUE  TRUE  TRUE  TRUE  TRUE  TRUE  TRUE  TRUE  TRUE  TRUE  TRUE  TRUE FALSE  TRUE  TRUE FALSE  TRUE
[514]  TRUE  TRUE FALSE  TRUE  TRUE  TRUE FALSE  TRUE  TRUE  TRUE  TRUE FALSE  TRUE  TRUE  TRUE  TRUE FALSE  TRUE  TRUE
[533]  TRUE  TRUE  TRUE  TRUE  TRUE  TRUE  TRUE  TRUE  TRUE  TRUE  TRUE FALSE  TRUE  TRUE  TRUE  TRUE  TRUE  TRUE  TRUE
[552]  TRUE  TRUE  TRUE  TRUE  TRUE  TRUE  TRUE  TRUE  TRUE  TRUE  TRUE  TRUE  TRUE  TRUE  TRUE  TRUE  TRUE  TRUE  TRUE
[571]  TRUE  TRUE  TRUE FALSE  TRUE  TRUE  TRUE  TRUE  TRUE  TRUE  TRUE  TRUE  TRUE FALSE  TRUE  TRUE FALSE  TRUE  TRUE
[590]  TRUE  TRUE  TRUE  TRUE  TRUE  TRUE  TRUE  TRUE  TRUE  TRUE  TRUE  TRUE  TRUE  TRUE  TRUE  TRUE  TRUE  TRUE  TRUE
[609]  TRUE  TRUE  TRUE  TRUE  TRUE  TRUE  TRUE  TRUE  TRUE FALSE  TRUE  TRUE  TRUE  TRUE  TRUE  TRUE  TRUE  TRUE  TRUE
[628]  TRUE  TRUE  TRUE  TRUE  TRUE  TRUE  TRUE  TRUE  TRUE  TRUE  TRUE  TRUE  TRUE  TRUE  TRUE  TRUE  TRUE  TRUE  TRUE
[647]  TRUE  TRUE  TRUE  TRUE  TRUE  TRUE  TRUE  TRUE  TRUE  TRUE  TRUE  TRUE  TRUE  TRUE  TRUE  TRUE  TRUE  TRUE  TRUE
[666]  TRUE  TRUE  TRUE  TRUE  TRUE  TRUE  TRUE  TRUE  TRUE  TRUE

