
Birth-death simulation object with 643 species and 500 extant species

Details for some species:

Extinction times (NA means extant)
[1] 47.79565 32.09858       NA 22.54327 35.70271 39.98734


Speciation times 
[1] 64.11821 51.09421 50.52019 50.07120 38.94576 46.10082


Species parents (NA for initial)
[1] NA  1  1  2  2  3


Species status (extinct or extant)
[1] "extinct" "extinct" "extant"  "extinct" "extinct" "extinct"


For more details on vector y, try sim$y, with y one of
TE TS PAR EXTANT



$TE
  [1] 47.79565295 32.09858407          NA 22.54327086 35.70270665 39.98733729 41.25661349 25.09992673          NA
 [10] 15.72257677          NA          NA 39.97489717 30.04783764          NA 33.03777611          NA          NA
 [19]  7.58786835          NA 18.51790828          NA          NA  5.98831375 25.08587846  7.35441930 11.06212976
 [28]  6.88228276          NA          NA 14.27425095          NA          NA  0.06010454  0.45289469 15.32876298
 [37] 13.20525783  5.23810498 23.57619966 18.52293144 12.67618981          NA          NA          NA          NA
 [46]  0.18561036  7.95627814          NA          NA 16.42180987 10.07230240          NA          NA          NA
 [55] 12.66049240  1.58880204          NA          NA          NA          NA          NA  0.60024276          NA
 [64] 12.71791867          NA          NA  6.31827471  5.44811968          NA  5.68542233 17.35108267 21.40457535
 [73] 26.67802665 22.70998224 12.23788891 19.23269475  2.86843534  9.06702208          NA          NA          NA
 [82]          NA          NA          NA 18.47995777          NA          NA          NA          NA  8.20939425
 [91]          NA  0.53144506  0.95968519          NA  8.89536613          NA          NA          NA          NA
[100]          NA          NA  0.10060612  9.68398713          NA          NA  0.74640754 22.35416902          NA
[109]          NA          NA          NA          NA          NA          NA          NA 17.49947940          NA
[118]  9.13576080          NA  7.33054546          NA          NA          NA  9.33744815          NA  6.69853222
[127] 17.72672377          NA          NA          NA          NA          NA          NA 11.65641237          NA
[136]          NA 12.06073064          NA          NA          NA          NA  5.02651872          NA 12.60290571
[145]          NA          NA          NA          NA          NA  6.32516448 10.88331722          NA          NA
[154]          NA          NA          NA          NA          NA          NA          NA  3.79570547          NA
[163]          NA  1.66530148          NA 11.89947354          NA          NA          NA          NA  8.42826910
[172]          NA          NA          NA          NA          NA  5.80186142          NA          NA          NA
[181] 10.99636765          NA          NA  4.51059414          NA          NA  6.63443410          NA          NA
[190]  2.48876142  4.43438800          NA          NA  3.49147828  8.44336790          NA 10.06417424          NA
[199]          NA  0.17103619          NA          NA          NA  7.92001483          NA          NA  6.31597967
[208]          NA  6.57458697          NA          NA          NA          NA          NA  5.68825410  8.63768462
[217]          NA 10.47046747          NA          NA          NA          NA          NA          NA          NA
[226]          NA          NA          NA          NA  2.53154972  0.03698650          NA          NA  1.93576020
[235]          NA          NA          NA  4.73978665          NA  2.26604671  2.48434371          NA          NA
[244]          NA          NA  2.92896860          NA          NA          NA          NA          NA  7.16943691
[253]          NA          NA 11.35285365          NA          NA          NA          NA          NA  3.98204439
[262]          NA          NA          NA  1.93139071          NA 12.61900162          NA          NA          NA
[271]  4.91871407          NA          NA  9.43878267          NA          NA          NA  3.76004250          NA
[280]          NA          NA          NA          NA  5.91671230          NA  5.23767335          NA          NA
[289]          NA          NA          NA          NA  3.44141967          NA          NA          NA          NA
[298]          NA          NA          NA          NA          NA          NA          NA 10.38231168          NA
[307]  2.86966700          NA          NA  1.13569184          NA          NA  5.09589981          NA          NA
[316]          NA          NA          NA  2.71642715          NA  7.64124754          NA          NA          NA
[325]          NA  5.88472319          NA          NA          NA          NA          NA          NA  5.11116712
[334]          NA          NA          NA          NA  2.21490754          NA          NA          NA          NA
[343]          NA          NA          NA  3.08879949          NA          NA  0.95112584          NA          NA
[352]          NA  2.99941620          NA  8.53599059          NA          NA          NA          NA  2.37447259
[361]          NA  2.85461818          NA          NA          NA          NA          NA          NA  9.13498052
[370]          NA          NA          NA          NA  4.96610589          NA          NA          NA  2.43280519
[379]          NA          NA          NA          NA  2.75800497          NA          NA          NA          NA
[388]  8.92236631          NA          NA          NA          NA          NA  6.52262554  2.86494829          NA
[397]          NA          NA          NA          NA          NA          NA          NA          NA          NA
[406]          NA          NA          NA          NA          NA          NA          NA          NA          NA
[415]          NA          NA          NA          NA  3.28584420  5.81064625          NA          NA          NA
[424]          NA          NA          NA          NA          NA  3.67360860          NA  7.16088926          NA
[433]          NA          NA          NA          NA  4.41610802          NA          NA          NA          NA
[442]          NA  3.69905761          NA          NA          NA          NA          NA          NA          NA
[451]          NA          NA          NA  1.91330661          NA          NA          NA          NA          NA
[460]          NA          NA          NA          NA          NA          NA          NA          NA          NA
[469]          NA          NA          NA          NA          NA          NA          NA          NA          NA
[478]          NA          NA          NA          NA          NA          NA          NA          NA          NA
[487]          NA          NA          NA          NA          NA          NA          NA          NA          NA
[496]          NA  0.46397553          NA          NA          NA          NA          NA  5.04740378          NA
[505]          NA          NA          NA          NA          NA          NA          NA          NA          NA
[514]          NA          NA          NA          NA          NA          NA          NA          NA          NA
[523]          NA          NA          NA          NA          NA  4.09738964          NA          NA          NA
[532]          NA          NA  1.18976170  0.06136016          NA          NA          NA  1.46839819          NA
[541]  2.38586804          NA          NA          NA          NA          NA          NA          NA  0.74392385
[550]          NA          NA          NA          NA          NA          NA          NA          NA          NA
[559]          NA          NA          NA          NA          NA          NA          NA          NA          NA
[568]          NA          NA          NA          NA          NA          NA          NA          NA          NA
[577]          NA  0.87637842          NA          NA          NA          NA          NA          NA          NA
[586]          NA          NA          NA          NA          NA          NA          NA          NA          NA
[595]          NA          NA          NA          NA          NA          NA          NA          NA          NA
[604]          NA          NA          NA          NA          NA          NA          NA          NA          NA
[613]          NA          NA          NA          NA          NA          NA          NA          NA          NA
[622]          NA          NA          NA          NA          NA          NA          NA          NA          NA
[631]          NA          NA          NA          NA          NA          NA          NA          NA          NA
[640]          NA          NA          NA          NA

$TS
  [1] 64.11820816 51.09420826 50.52018801 50.07119658 38.94575576 46.10082001 43.08994864 38.04019230 27.25270485
 [10] 15.77048599 14.36087061 12.54147735 47.63996440 30.44347544 24.32066523 43.80255700 37.93715407 42.93603408
 [19] 34.89622275 30.58661039 21.83669151 13.51623600  8.83442504 37.47759582 35.15142435 34.40488830 33.76169636
 [28] 29.95128541 11.14708192  5.53708250 27.84002686 27.47788291 22.31695345 20.85302914 20.75593647 18.02462045
 [37] 16.22513803 12.93636778 33.37039434 32.39252266 25.18334823 25.11584386 29.81116972 21.23332265 19.41488358
 [46] 11.35586235 26.02036205 25.01866874 21.23591492 20.95043402 19.56286202 13.02548642 25.51594427 30.49692586
 [55] 27.96082418 24.20823002 13.08275725  8.06719299  5.55071351 18.24280480  4.40625870  1.21345075 22.42403623
 [64] 20.99824221 15.90722895  8.68151837 29.54456965 15.69469037 11.37620560  8.70840466 27.61959369 27.22319673
 [73] 27.05578272 26.43515712 22.15874715 21.45215458 18.93404755 10.24313309 22.25182263 23.46786753 18.66209371
 [82] 27.20491527 23.52406042 20.59006993 26.31472858 13.92879512  6.09542532  1.11472683 25.02434294 24.00130933
 [91] 23.96388193 19.24521405 23.13032006 22.36993943 18.08238997 15.63133361  1.90632971 24.85540650  3.91631267
[100]  2.14950015  0.08701587 16.14427412 13.83820487  6.58556976 21.67993763 12.34881778 23.01632442 22.51809958
[109] 15.03832106  3.11168582 18.74569970 14.06715639 21.59026611  4.85546428 19.88758055 18.21540330 23.77073086
[118] 20.42932153 18.33135856 14.55457861  0.51288515 11.32141343  3.22936219 21.25257166 11.60810629  8.37689613
[127] 21.66374372 14.26208484  7.06925295  4.86384351  2.67069348  1.27021529  3.92804239 17.67219129 17.66599463
[136] 15.83583678 12.81991438 11.31432582  2.12092667 15.60111779 15.29109063  8.08115654  0.95539082 15.20993008
[145] 13.56515885  9.49731198  4.37376695 17.28469464  9.08926184 16.27331715 20.88526574 14.75685636 11.25295103
[154] 20.29821575  2.73147577  2.33223311 13.75599215 12.60643213  8.65147413  3.17577061 18.95978097 13.93920182
[163] 13.46055589 18.37695047 15.66240703 14.95127281  4.74908812 14.97891724 14.63845521 11.07756231 19.64105334
[172]  8.56654574  7.98575112  0.20302248 11.45289121 17.23242584 12.25950980  6.50191263 17.69391880 11.57282337
[181] 18.67353007  2.81153414 12.82785610 12.69615182 10.40157135 17.30790523 16.54678337  6.24141316  5.97535783
[190]  5.27540508 14.58161829 11.87076389 12.43028128 15.26987389  8.54001460  5.66457661 12.58450532  8.93083164
[199]  8.26917114  4.39957242 11.70803638  8.57978321  4.28811705 11.51757337  1.77947133 11.92748767 12.06655432
[208] 16.73670961 15.97695041 15.06231472 13.68404666  6.26061643  2.08458295  0.55996599 15.67577019 14.76423526
[217] 14.90170284 15.11863599 14.11935804  9.65488341 11.87013591  7.79237326  7.62465559  2.43041014  1.72389726
[226] 15.36666603 10.88488944  9.12806558  7.78809657 15.57627472 14.90426559 13.58891202 12.77500178 14.87398240
[235] 12.60195163  7.32981044  6.97089966 14.32016583 13.01856354 13.39367999  7.94553388  3.20888197 14.53090180
[244] 14.37472865  9.61051587  6.08486296  3.85952976 13.80269828 14.38655842  9.87063589  0.37268528  8.37665900
[253]  9.21516229  1.49772827 13.70168749  8.81123937  0.68604797  5.49701903  4.32179882  9.75674516  9.23305982
[262]  8.12643013  6.57477340  4.69148583 12.00965002 14.38948334 13.28913080  9.90697360  4.56615442  2.67255631
[271]  7.84623955  8.28663878 14.00534467 11.44867212 10.63857981  4.26018284  5.23125667 10.54713741 13.16041853
[280] 12.27261024 10.46489192  1.85456771  0.92533296 13.92785681 13.56911417 12.36743295  9.43677173  7.51991408
[289]  6.49831929  6.32485491 11.83843771 12.71056865  9.81404737  0.83152390 12.16311441  9.05784892  5.34143894
[298]  1.48930365  8.65725785  6.26987705  8.73840762  5.69798944  7.57089562  6.61247390 11.06308413  3.46967753
[307]  6.87898624  6.06201182  1.24651932 10.78982795  9.76406427  6.89412657  5.39345173  1.71563463 12.67767005
[316]  8.64830220  3.87548706  6.88693389  3.54516748  7.12603728 12.37819447  8.01091868  5.93378116  0.74416383
[325]  1.18743576 11.89240348  5.42659703  5.08297248  1.90065661 10.97717206  9.30555892  4.38498864  9.18470216
[334]  9.68636966  7.53822405  3.95289561  2.09030478  9.35944250  6.16810078  0.38089552  9.55714674  7.38927017
[343]  6.97909206  6.24803888  2.21718483  9.19692250  9.38886346  2.99390265 11.44894420 10.33040913  9.39062879
[352]  8.30621775  5.89301665 10.65460906  9.84180795 10.24822408  1.13526618  5.64914239  5.56952089  3.26818328
[361]  2.23377598 10.24187329  8.70813834  7.82147923  7.79587551  7.06330315  6.68539428  4.60241564 10.45201195
[370]  0.97517615  9.17937408  5.62233329  0.56289646  6.66114804  2.29661113  1.27582826  6.54581589  5.33148980
[379] 10.14889484  5.21050755  0.47920388 10.61830334  9.65208774  1.82885424  0.23655829 10.21887909  6.56121371
[388]  9.77594839  4.05819307  3.65410071  3.51195142  8.54571313  7.11066855  6.98779744  5.62983918  5.42158340
[397]  8.97137734  1.51113434  9.27782163  8.13446799  8.12841514  7.00695024  5.58661264  6.35169315  5.44423227
[406]  0.32714043  9.08380971  6.79311347  6.66490957  0.21974676  3.38207931  4.61111798  1.76449461  0.01567883
[415]  7.39510587  7.30625208  7.78238923  1.35104182  9.04723791  5.95727720  2.94606893  0.59580762  8.89106224
[424]  7.70952017  5.43796497  0.35521508  6.82413657  5.90304037  8.08965536  7.84395657  7.20489183  2.20880543
[433]  8.59933553  4.28243432  5.62431867  3.39339794  5.67505121  3.18212154  5.76872395  3.60511124  3.46196673
[442]  0.37670361  7.63901038  3.87445658  1.62008489  1.22802263  6.53112148  6.49784849  5.68044633  1.55320783
[451]  3.38933822  6.28194277  1.84568779  2.83700380  2.70612115  1.74057509  2.39663203  2.22641126  2.45758105
[460]  4.96668068  2.52713913  5.70487609  5.11967334  4.56286018  3.08950510  2.27271221  1.18258637  0.82803886
[469]  1.32529841  1.31947648  7.28227734  6.80395487  6.47483280  3.42998905  1.64534248  1.58004817  2.54452865
[478]  3.76792674  3.26907626  3.25972257  3.23122097  2.07576721  4.79189392  3.76156139  6.61742540  4.67498127
[487]  4.64865494  2.10523713  3.77576591  5.56007141  4.10716823  5.60599000  2.80544138  5.11407411  2.72730888
[496]  4.70863668  3.90101145  0.11517714  6.05895309  3.73124811  5.43826182  4.30163284  6.04668827  2.74649063
[505]  3.46584315  3.13007700  4.54297175  4.01094022  1.33639187  0.55739688  4.21656709  1.89760263  1.80328375
[514]  5.69416796  1.25200707  0.30600991  1.28312297  0.41065874  1.19050362  5.68455382  4.47047715  5.00317634
[523]  4.09954576  4.86608791  1.84547923  2.68292319  1.59250398  4.51285907  3.81714765  3.32173801  3.93146280
[532]  2.02197945  1.73864789  4.05524632  4.96707800  1.61352695  3.40185706  4.96423076  3.98846079  1.69729665
[541]  4.65077361  3.73333814  2.65804184  1.51616050  4.25436196  4.30229530  1.97080167  1.22600108  3.55254570
[550]  4.52099153  2.45870842  0.68120586  2.44355971  3.00174458  1.53338889  0.60024448  0.30177218  3.09428273
[559]  1.11612249  0.05911188  2.04061674  4.08802461  3.06134739  2.53837398  0.54246864  2.94902804  2.60913145
[568]  1.65752916  1.55712723  0.10254667  3.40812448  1.68221999  0.29079002  1.96760250  2.55366072  2.22879289
[577]  0.46587540  1.58914343  2.61421632  2.89203522  3.42343697  1.41598502  1.95899582  0.99453334  0.46290736
[586]  0.09588978  1.25206713  0.55141274  1.96203520  1.68464928  1.29992721  2.29460712  0.16130528  1.82643880
[595]  1.21896697  2.50321195  3.12058388  2.08269457  0.49882327  0.39720334  2.91358685  1.34760102  0.84420567
[604]  0.39924502  0.23452352  2.25229592  2.40892410  0.41424710  0.89476825  0.90341447  1.71030688  1.76949137
[613]  1.13776572  2.16051875  0.30344928  2.08380625  1.84318803  1.88876622  1.51659379  1.34490128  0.31334981
[622]  1.04698287  1.43661726  0.14075819  1.10424894  0.76188232  0.39261047  1.52289523  0.15356074  1.45229882
[631]  1.26318044  1.48880451  0.96385183  0.82922703  1.25189106  0.75788846  0.95539025  1.14456909  0.94844116
[640]  0.06746557  0.28937252  0.27042165  0.03522269

$PAR
  [1]  NA   1   1   2   2   3   3   3   3   3   3   3   4   4   4   6  16   7  18  18  18  18  18   5   8   8   8  17  17
 [30]  17  24  24  24  24  24  24  24  24  19  19  19  19  26  26  26  26  27  27  27  27  27  27  39  20  20  20  20  20
 [59]  20  54  54  54  28  28  28  28  43  43  43  43  67  67  67  67  67  67  67  67  31  71  71  32  32  32   9   9   9
 [88]   9  82  82  82  82  47  47  47  53  53  41  42  42  42  89  89  89  48  48  98  98  98  98  15  15  56  56  90  90
[117]  91  91  91  91  91 117 117  83  83  83  80  80  80  80  80  80  93 108 108 108 108 108  63  94  94  94  94  33  33
[146]  33  33  79  79  75  21 105 105 113 113 113 124  49  49  44  64 151 151  34  34  34  34  35  35  35  84  84  84  84
[175] 118 154 154 115 171 171  45  45  92  92  92 161 161  77  77  77 111 111 181  81  81  81 164 164 164 164 119 119 119
[204]  60  60 134 135 186 148 148 176 208 208 208 150 150  37 102 102 102 209 209 209  65  65 136  68  68  68 215 215 215
[233] 215 165 165  96 140 230 230 226 226 141 194 194 194 194 194 144 210 210 210 109 168 168 166 231 231 217 217 234 234
[262] 234 234 152 169 120 243 243 243 243 266 249 244 244 244 244 238 128 219 112 112 112 112 273 273  86  86  86  86  86
[291] 284 248 248 157 211 232 232 232 285 285 145 145  22  22 163 163 240 240 279  57  57  57  52  52 239  38 233 292 292
[320] 184 158 235 235 235  12 321 106 106 280 295 295 295 265 206 206 206 206 326 326 192 221 291 291 291 291 201 180 180
[349] 204 204 204 175 175 274 274  69  69  46  46  46 122 138 138 138 153 153 153 153  29  29 170 170 170 330 227 227 310
[378] 310 354 354 354 275 275 275 275 382 281 369 185 185 185 356 362 362 362 362 386 386 379 268 268 268 260 334 334 220
[407] 383 383 245 341 287 351 399 399 253 253 333 371 228 228 407 296 419  23  23  23 256 301 363 363  66  66 299 299 316
[436] 316 433 433 392 352 352 272 400 400 400 262 429 429 429  58 322 430 430 364 222 222 229 229 417 424 303 335 335 335
[465] 335 335 288 288 342 236 416 471 471 320 320 320 393 366 366 366 366 366 402 343 312 307 472 408 304 104 104 263 387
[494] 377 447 289 448 448 473 473 404 404 290 452 300 300 212 212 212 212 344 344 188  87 308 308 499 499 189 439 439 449
[523] 449 196 372 492 492 258 501 501 425 425 425 327 396 277 380 494 494 328 522 522 535 460 483 167 496 496 487 412 368
[552] 368 269 464 507 507 507 332 332 546 502 434 434 545 545 523 523 523 523 523 562 389 389 534 336 336 336 497 317 444
[581] 247 478 542 390 390 440 549 391 441 581 571 411 411 480 481 438 506 110 558 465 554 601 580 580 493 504 155 155 455
[610] 567 459 224 224 576 345 432 432 100 561 512 512 453 513 513 205 225 568 475 445 555 555 298 298 623 509 517 376 515
[639] 559 584 603 422 498

$EXTANT
  [1] FALSE FALSE  TRUE FALSE FALSE FALSE FALSE FALSE  TRUE FALSE  TRUE  TRUE FALSE FALSE  TRUE FALSE  TRUE  TRUE FALSE
 [20]  TRUE FALSE  TRUE  TRUE FALSE FALSE FALSE FALSE FALSE  TRUE  TRUE FALSE  TRUE  TRUE FALSE FALSE FALSE FALSE FALSE
 [39] FALSE FALSE FALSE  TRUE  TRUE  TRUE  TRUE FALSE FALSE  TRUE  TRUE FALSE FALSE  TRUE  TRUE  TRUE FALSE FALSE  TRUE
 [58]  TRUE  TRUE  TRUE  TRUE FALSE  TRUE FALSE  TRUE  TRUE FALSE FALSE  TRUE FALSE FALSE FALSE FALSE FALSE FALSE FALSE
 [77] FALSE FALSE  TRUE  TRUE  TRUE  TRUE  TRUE  TRUE FALSE  TRUE  TRUE  TRUE  TRUE FALSE  TRUE FALSE FALSE  TRUE FALSE
 [96]  TRUE  TRUE  TRUE  TRUE  TRUE  TRUE FALSE FALSE  TRUE  TRUE FALSE FALSE  TRUE  TRUE  TRUE  TRUE  TRUE  TRUE  TRUE
[115]  TRUE FALSE  TRUE FALSE  TRUE FALSE  TRUE  TRUE  TRUE FALSE  TRUE FALSE FALSE  TRUE  TRUE  TRUE  TRUE  TRUE  TRUE
[134] FALSE  TRUE  TRUE FALSE  TRUE  TRUE  TRUE  TRUE FALSE  TRUE FALSE  TRUE  TRUE  TRUE  TRUE  TRUE FALSE FALSE  TRUE
[153]  TRUE  TRUE  TRUE  TRUE  TRUE  TRUE  TRUE  TRUE FALSE  TRUE  TRUE FALSE  TRUE FALSE  TRUE  TRUE  TRUE  TRUE FALSE
[172]  TRUE  TRUE  TRUE  TRUE  TRUE FALSE  TRUE  TRUE  TRUE FALSE  TRUE  TRUE FALSE  TRUE  TRUE FALSE  TRUE  TRUE FALSE
[191] FALSE  TRUE  TRUE FALSE FALSE  TRUE FALSE  TRUE  TRUE FALSE  TRUE  TRUE  TRUE FALSE  TRUE  TRUE FALSE  TRUE FALSE
[210]  TRUE  TRUE  TRUE  TRUE  TRUE FALSE FALSE  TRUE FALSE  TRUE  TRUE  TRUE  TRUE  TRUE  TRUE  TRUE  TRUE  TRUE  TRUE
[229]  TRUE FALSE FALSE  TRUE  TRUE FALSE  TRUE  TRUE  TRUE FALSE  TRUE FALSE FALSE  TRUE  TRUE  TRUE  TRUE FALSE  TRUE
[248]  TRUE  TRUE  TRUE  TRUE FALSE  TRUE  TRUE FALSE  TRUE  TRUE  TRUE  TRUE  TRUE FALSE  TRUE  TRUE  TRUE FALSE  TRUE
[267] FALSE  TRUE  TRUE  TRUE FALSE  TRUE  TRUE FALSE  TRUE  TRUE  TRUE FALSE  TRUE  TRUE  TRUE  TRUE  TRUE FALSE  TRUE
[286] FALSE  TRUE  TRUE  TRUE  TRUE  TRUE  TRUE FALSE  TRUE  TRUE  TRUE  TRUE  TRUE  TRUE  TRUE  TRUE  TRUE  TRUE  TRUE
[305] FALSE  TRUE FALSE  TRUE  TRUE FALSE  TRUE  TRUE FALSE  TRUE  TRUE  TRUE  TRUE  TRUE FALSE  TRUE FALSE  TRUE  TRUE
[324]  TRUE  TRUE FALSE  TRUE  TRUE  TRUE  TRUE  TRUE  TRUE FALSE  TRUE  TRUE  TRUE  TRUE FALSE  TRUE  TRUE  TRUE  TRUE
[343]  TRUE  TRUE  TRUE FALSE  TRUE  TRUE FALSE  TRUE  TRUE  TRUE FALSE  TRUE FALSE  TRUE  TRUE  TRUE  TRUE FALSE  TRUE
[362] FALSE  TRUE  TRUE  TRUE  TRUE  TRUE  TRUE FALSE  TRUE  TRUE  TRUE  TRUE FALSE  TRUE  TRUE  TRUE FALSE  TRUE  TRUE
[381]  TRUE  TRUE FALSE  TRUE  TRUE  TRUE  TRUE FALSE  TRUE  TRUE  TRUE  TRUE  TRUE FALSE FALSE  TRUE  TRUE  TRUE  TRUE
[400]  TRUE  TRUE  TRUE  TRUE  TRUE  TRUE  TRUE  TRUE  TRUE  TRUE  TRUE  TRUE  TRUE  TRUE  TRUE  TRUE  TRUE  TRUE  TRUE
[419] FALSE FALSE  TRUE  TRUE  TRUE  TRUE  TRUE  TRUE  TRUE  TRUE FALSE  TRUE FALSE  TRUE  TRUE  TRUE  TRUE  TRUE FALSE
[438]  TRUE  TRUE  TRUE  TRUE  TRUE FALSE  TRUE  TRUE  TRUE  TRUE  TRUE  TRUE  TRUE  TRUE  TRUE  TRUE FALSE  TRUE  TRUE
[457]  TRUE  TRUE  TRUE  TRUE  TRUE  TRUE  TRUE  TRUE  TRUE  TRUE  TRUE  TRUE  TRUE  TRUE  TRUE  TRUE  TRUE  TRUE  TRUE
[476]  TRUE  TRUE  TRUE  TRUE  TRUE  TRUE  TRUE  TRUE  TRUE  TRUE  TRUE  TRUE  TRUE  TRUE  TRUE  TRUE  TRUE  TRUE  TRUE
[495]  TRUE  TRUE FALSE  TRUE  TRUE  TRUE  TRUE  TRUE FALSE  TRUE  TRUE  TRUE  TRUE  TRUE  TRUE  TRUE  TRUE  TRUE  TRUE
[514]  TRUE  TRUE  TRUE  TRUE  TRUE  TRUE  TRUE  TRUE  TRUE  TRUE  TRUE  TRUE  TRUE  TRUE FALSE  TRUE  TRUE  TRUE  TRUE
[533]  TRUE FALSE FALSE  TRUE  TRUE  TRUE FALSE  TRUE FALSE  TRUE  TRUE  TRUE  TRUE  TRUE  TRUE  TRUE FALSE  TRUE  TRUE
[552]  TRUE  TRUE  TRUE  TRUE  TRUE  TRUE  TRUE  TRUE  TRUE  TRUE  TRUE  TRUE  TRUE  TRUE  TRUE  TRUE  TRUE  TRUE  TRUE
[571]  TRUE  TRUE  TRUE  TRUE  TRUE  TRUE  TRUE FALSE  TRUE  TRUE  TRUE  TRUE  TRUE  TRUE  TRUE  TRUE  TRUE  TRUE  TRUE
[590]  TRUE  TRUE  TRUE  TRUE  TRUE  TRUE  TRUE  TRUE  TRUE  TRUE  TRUE  TRUE  TRUE  TRUE  TRUE  TRUE  TRUE  TRUE  TRUE
[609]  TRUE  TRUE  TRUE  TRUE  TRUE  TRUE  TRUE  TRUE  TRUE  TRUE  TRUE  TRUE  TRUE  TRUE  TRUE  TRUE  TRUE  TRUE  TRUE
[628]  TRUE  TRUE  TRUE  TRUE  TRUE  TRUE  TRUE  TRUE  TRUE  TRUE  TRUE  TRUE  TRUE  TRUE  TRUE  TRUE

