
Birth-death simulation object with 595 species and 500 extant species

Details for some species:

Extinction times (NA means extant)
[1]  6.982047        NA  0.731787        NA 28.033937 27.793913


Speciation times 
[1] 45.174906 38.074682 29.888719  8.061864 33.093354 32.659704


Species parents (NA for initial)
[1] NA  1  1  1  2  2


Species status (extinct or extant)
[1] "extinct" "extant"  "extinct" "extant"  "extinct" "extinct"


For more details on vector y, try sim$y, with y one of
TE TS PAR EXTANT



$TE
  [1]  6.9820466         NA  0.7317870         NA 28.0339368 27.7939133         NA  5.1982788         NA  4.4041779
 [11]  4.8201945  2.6729056  2.0064220 25.8132506  8.7237322         NA         NA  2.6544896  4.7432780         NA
 [21]         NA         NA         NA         NA 16.1008588 11.3901050         NA 19.9440748         NA         NA
 [31]         NA  5.8251227         NA  6.0726592  2.7360228  7.6531446 11.9144116         NA         NA         NA
 [41]         NA 12.0246348 13.3649034         NA  7.5153004         NA         NA         NA  3.9170424         NA
 [51]  4.1942834         NA         NA  8.6618607         NA         NA         NA         NA         NA         NA
 [61]         NA         NA         NA  7.6951480         NA         NA         NA         NA         NA         NA
 [71]         NA         NA         NA         NA         NA         NA  9.8522272         NA         NA  6.6753096
 [81]         NA         NA 18.3899879         NA  7.5777720         NA         NA  9.2179361         NA         NA
 [91]         NA         NA  0.1741027         NA         NA         NA  0.8094146         NA         NA 12.1368135
[101]         NA  4.5610675         NA         NA         NA  7.4364655         NA  2.6054437         NA  4.6762095
[111]  6.8082687         NA         NA         NA         NA         NA         NA         NA         NA         NA
[121]         NA         NA  1.3272972         NA  8.1077095         NA         NA         NA         NA         NA
[131]  8.0670052         NA  7.4456115         NA         NA  8.2286360         NA  4.6081497         NA         NA
[141]         NA 13.8074808         NA  9.7953315         NA         NA         NA         NA         NA         NA
[151]         NA  0.1009407         NA         NA         NA         NA         NA         NA         NA         NA
[161]         NA         NA         NA         NA         NA         NA         NA  4.1441614         NA         NA
[171]         NA         NA         NA  7.4564755         NA         NA         NA         NA         NA         NA
[181] 10.0672848         NA         NA         NA         NA  2.2240394         NA         NA  3.3655938         NA
[191]         NA         NA  4.0499444  9.3692852         NA         NA         NA         NA         NA         NA
[201]         NA  8.7918758         NA         NA         NA         NA         NA         NA  8.3585836  6.9098412
[211]         NA         NA         NA  0.9818615         NA         NA         NA         NA         NA         NA
[221]         NA  3.1277062         NA         NA         NA         NA         NA         NA         NA         NA
[231]         NA         NA         NA         NA         NA         NA         NA         NA  0.5248336         NA
[241]  1.6995456         NA         NA         NA         NA         NA         NA         NA         NA         NA
[251]         NA         NA         NA         NA         NA         NA         NA         NA         NA         NA
[261]         NA         NA  0.7955787         NA         NA  0.3952879         NA         NA         NA         NA
[271]         NA         NA         NA  2.7885863         NA         NA  4.4255451  5.6228115         NA         NA
[281]         NA         NA  0.6406338         NA  1.0664223         NA  4.6594174         NA         NA         NA
[291]         NA         NA         NA         NA         NA         NA         NA         NA         NA         NA
[301]  2.3431312         NA         NA         NA  1.2470475         NA         NA         NA         NA         NA
[311]         NA         NA         NA         NA         NA         NA         NA         NA         NA         NA
[321]         NA         NA  2.3121065  2.6125719         NA         NA         NA         NA         NA  5.6203380
[331]         NA         NA         NA         NA         NA         NA         NA  0.7922252         NA         NA
[341]         NA         NA  3.2426976         NA         NA         NA  0.7593078         NA         NA         NA
[351]         NA         NA         NA         NA  2.3680624         NA  3.5209894         NA         NA         NA
[361]         NA         NA         NA         NA         NA         NA         NA         NA         NA         NA
[371]         NA         NA         NA         NA         NA         NA         NA  2.9474530         NA         NA
[381]         NA         NA         NA         NA         NA  0.3792807         NA         NA         NA         NA
[391]         NA         NA         NA         NA         NA         NA         NA         NA         NA         NA
[401]         NA         NA         NA         NA         NA         NA         NA         NA         NA         NA
[411]         NA         NA         NA  1.3017990         NA         NA         NA         NA         NA         NA
[421]         NA         NA         NA         NA  1.8320842         NA         NA         NA  3.2519155         NA
[431]         NA         NA         NA         NA         NA         NA         NA  2.1790204         NA         NA
[441]         NA         NA         NA  2.5490289  2.6235469  4.5760271         NA         NA         NA         NA
[451]         NA         NA         NA         NA         NA         NA         NA         NA         NA         NA
[461]         NA         NA  2.9343664         NA         NA         NA         NA         NA         NA         NA
[471]  2.4709395         NA         NA         NA         NA         NA         NA  3.0227170         NA         NA
[481]         NA         NA         NA         NA         NA         NA         NA         NA         NA         NA
[491]         NA         NA         NA         NA         NA         NA         NA         NA         NA         NA
[501]         NA         NA         NA         NA         NA         NA         NA         NA         NA         NA
[511]         NA         NA         NA         NA         NA         NA         NA         NA         NA         NA
[521]         NA         NA         NA         NA         NA         NA         NA         NA         NA         NA
[531]         NA         NA         NA         NA         NA         NA         NA         NA         NA         NA
[541]         NA         NA         NA         NA         NA         NA         NA         NA         NA         NA
[551]         NA         NA         NA         NA         NA         NA         NA         NA         NA         NA
[561]         NA         NA         NA         NA         NA  0.3134381         NA         NA         NA         NA
[571]         NA         NA         NA         NA         NA         NA         NA         NA         NA         NA
[581]         NA         NA         NA         NA         NA         NA         NA         NA         NA         NA
[591]         NA         NA         NA         NA         NA

$TS
  [1] 45.174906180 38.074682414 29.888719007  8.061864481 33.093354473 32.659703573 27.021062021 16.343328383
  [9] 10.287465432 31.461258944 20.908020257  6.181551340  5.095690664 29.469721656 26.209520109 20.377127729
 [17] 14.287318122 14.015457087 12.820267090  4.112312415 27.270858344 26.100596977 21.059717968 19.458860709
 [25] 18.487911803 24.942353219 12.579272046 24.529622784 23.101469288 22.979795774 13.836857601 12.417724677
 [33] 17.019703424  9.868248556  6.271136548 24.409430079 22.314953423 17.623481476 24.234172926 17.911982659
 [41] 15.115732475 14.340273242 23.813965084 23.736571140 23.653319120 19.314396979 17.464439297 18.113486328
 [49] 16.049395211  6.601543255  4.623636385  2.181018921 18.557610588 19.369587252 17.504236656 16.235433181
 [57] 13.411166487 20.896013088  9.373351557  8.025527237  4.886143579  3.598763092  1.272500793 21.207868275
 [65] 19.361376726 15.941413823 14.388314572  9.569853367 17.237937643 10.406618711 20.307295380 12.364283374
 [73] 10.075688085  9.733110541  2.565617170  1.457590911 17.243974537 10.099269804  7.431724168  7.168593851
 [81]  2.723341882  6.349626477 19.230282075 14.803680391  9.302061692  5.231872695  1.235913378 15.123362282
 [89] 14.191824292  8.668165783  5.434992350  4.994419505 16.920468261 15.347755769  8.847258615  1.420872869
 [97] 14.713744709 13.287500017  5.862569115 12.709458767  7.768053883 12.462404840 11.224035820  5.973923838
[105]  4.208306506 17.325429803 14.841609668  8.342153348 16.626517163 14.910104836 13.172095242  7.894871292
[113]  0.474055218 14.683403972 12.438576147  9.279188649  8.295438865  2.334143996  0.464427229 16.648203626
[121] 13.701410424 10.126812193  9.932091941  8.637914561  8.163114583  0.412398513 10.973822309  7.531458202
[129]  4.630139219  2.346625899 14.166411961 13.456226468  8.784640890  0.968404911  0.954535061 15.988432153
[137]  7.376236860  7.237144900  1.489142153  9.576388471  5.378617084 14.829798365 13.880432774 12.107338095
[145]  3.407262127  3.210748938  3.110868429  2.578192269 14.315413694  9.665882089  6.004543871  3.143151441
[153]  8.022379551  6.134990610 14.098186717  7.134861742  6.934951276  8.056196621  7.267242815  6.592024384
[161]  2.053665199  1.613647198 14.207137592 12.926633441  1.704799406  8.878289660 12.816414500  4.671260925
[169]  0.412121886 14.252173945 13.290153652  1.762058662  0.873439414 13.099648643 10.598158314 10.021812551
[177]  3.933484002  3.896731087  0.228048051  2.121976838 12.361199711 12.158413105 14.035197721 11.923204827
[185]  9.822075498  6.821551701  5.596770771  1.950185185 12.831329277 12.704804639  4.687732952  6.804741207
[193]  5.863676377 13.281568692 12.854395012 12.406019432 11.500345410  1.900460133  1.191247794 12.694560964
[201]  1.941855619 12.070003278 11.126069996  9.730292518  1.083440655  0.881099381 11.970229655 10.294615066
[209]  8.872659881  8.027532214  6.132566311 12.093712856  9.916758397  7.488517946  5.633844711 12.487773331
[217]  7.089629246  6.726282642  1.427246132  8.524613493  4.785542041 11.995885522  9.936517082  7.123520680
[225]  6.274444494  6.951030595  1.615727820  3.019415310  0.792830231  0.160543664 11.377893366  7.728272518
[233]  7.059116629  5.186210083 11.731781147  7.083100763  1.331706487  8.776590236  8.722344303 10.894660624
[241]  5.827681976  5.267259445  3.636800829  9.614650034  6.453756082  7.945717098  4.308767744  3.122749092
[249]  2.774548136  4.075454145  3.074320158  2.089339158  9.507167265  3.365782924  3.601197635  5.111097514
[257]  0.945765514  5.521961242  5.011479911  5.990471382  4.239921482  2.834563430  2.806071254  9.622554184
[265]  3.919706443  2.175210646  6.136154111  4.376699352  3.247094279  7.311096382  2.353074217  3.819692951
[273]  5.414184421  4.824123462  3.633719105  2.268509771  7.954377477  7.191521589  6.445906357  5.280221828
[281]  4.956024216  2.823844772  1.526542240  2.546542559  2.483826966  6.520792614  6.427954325  8.238309359
[289]  3.497541084  2.381441831  6.980969662  1.229948288  5.699686580  5.037491507  1.636575877  8.162296160
[297]  1.439801706  8.180293016  5.527709679  5.202450095  8.361633037  6.167915952  2.485269670  5.199612582
[305]  4.425467123  2.398107426  1.797749221  8.131981417  5.765795094  5.230960539  3.531148541  2.642437137
[313]  4.425111054  2.664481861  3.045045216  3.901022897  3.882824656  0.256051470  7.114097027  5.661014596
[321]  6.540089838  7.440839208  3.482801517  3.229840713  6.730441639  1.580709840  5.002105191  6.368889098
[329]  7.524748663  6.808363269  3.184214557  7.901660019  4.790679159  4.544995894  4.122989176  3.296402699
[337]  3.180337126  3.471908889  5.994982363  0.581988857  0.626829033  4.696907971  5.224195145  6.989721652
[345]  0.649387446  6.018365436  7.115153366  5.775214914  2.530419326  5.742314392  2.343086345  6.395129024
[353]  5.205832442  5.999664828  6.992790631  1.319081726  6.073197067  0.654124859  5.549069892  3.911509583
[361]  2.341078921  5.259063138  1.059775311  1.508419522  5.764604232  1.296160256  5.343275794  2.389489768
[369]  4.129759149  1.670737240  5.701731203  2.541220101  3.772574575  2.462002039  2.820005935  0.128884079
[377]  2.427424917  3.709994568  6.278399787  5.973333174  1.273218257  0.592119935  4.397094614  5.655283897
[385]  4.897075635  2.818899380  5.796549260  5.330631506  2.226305753  4.789811484  2.350893799  0.977295823
[393]  0.254876820  4.189746917  1.190891050  1.349029877  2.971858468  0.970139206  3.308819575  0.158016078
[401]  5.651616719  5.287915848  4.162598259  3.296749855  0.131865132  3.246554053  2.705263721  1.456467462
[409]  0.100123366  4.898142136  5.278098551  4.680239533  0.483197342  1.970559361  2.702724380  4.732889137
[417]  0.149828122  0.611123993  3.512410308  2.316056839  4.269233939  2.738308379  1.876392237  0.152002441
[425]  3.632991185  5.134137393  2.259279810  0.932020582  5.193420094  4.027354540  0.742321046  4.057864189
[433]  1.061886859  0.455830054  3.073798850  2.616609151  4.609692175  3.333488214  4.578210682  4.200280093
[441]  3.699842422  1.766419162  3.671581781  2.862560599  3.437869635  4.594464672  3.346485055  4.025489246
[449]  3.752069734  0.486969153  3.762540519  2.117720759  0.015851008  4.030522539  3.958723725  1.477131393
[457]  2.877094065  1.354319318  2.279847181  2.849250789  1.852089562  1.426855959  3.597710513  3.466831214
[465]  4.388936997  0.048440169  4.298418121  2.387256758  1.656728469  0.007783178  3.669949866  2.090115916
[473]  3.806715699  3.312507355  1.787247957  0.275636338  3.955884237  3.946692216  2.249107420  3.370689933
[481]  2.972893540  2.681275876  1.745624043  1.523509519  1.586674761  3.704493366  3.545369081  3.694777542
[489]  3.463828910  2.393432309  0.233770899  2.758026399  3.568996846  2.041209731  2.232080387  1.246828327
[497]  3.882481421  2.675941079  2.071153565  0.784327639  0.563888949  0.280029626  0.907081632  0.040536188
[505]  0.638871039  3.481008985  2.446339134  2.623146913  3.277171464  3.128306141  3.430624179  1.027737990
[513]  1.558832150  0.912006937  1.509400587  0.652903584  2.487227617  2.359062873  3.383857497  1.577674051
[521]  2.534395565  1.104449990  3.242575693  3.193223978  2.065251627  2.197874231  0.683065387  0.731608569
[529]  2.833400895  1.151747533  2.768561588  2.026784416  0.782093275  1.500762349  1.358365482  2.820328318
[537]  1.032606306  1.483708871  0.073228719  1.392816491  2.771468003  1.217107010  0.891406823  0.829287423
[545]  0.070620391  0.792193814  2.115678696  1.885003553  1.217408214  0.573907904  2.224391143  1.334606897
[553]  0.384611711  1.852246676  1.817638310  1.796863388  1.079111685  2.222084258  0.091085322  1.792909271
[561]  0.842749440  2.267486064  1.260025788  0.869412478  0.355508795  0.791694098  1.121095980  1.834975387
[569]  1.838564796  0.279896825  0.776794703  1.359044058  1.395129872  0.584155800  1.198797418  1.155437571
[577]  0.644204938  0.662059016  0.417893029  0.765075685  0.583854188  0.857303978  0.351633211  0.961370287
[585]  0.567284772  0.296773059  0.398250701  0.432504896  0.240221409  0.047979502  0.464441947  0.320359965
[593]  0.146556986  0.215892496  0.004401125

$PAR
  [1]  NA   1   1   1   2   2   2   2   2   5  10  10  10   3   3   3   3   3   3   3  14  14  21  21  21   7   7  15
 [29]  15  15  15  15  22  22  22  26  26  26  28  36  36  36  39  39  39  39  39  43  44  44  44  44  45  29  29  29
 [57]  29  30  30  30  30  30  30  37  37  37  37  64  23  23  11  11  11  58  58  58  16  16  71  71  71  24  54  54
 [85]  54  65  65  46  46  46  46  46  53  53  53  53  48  48  48  40  40  38  38  38  38  55  55  55  47  47  47  47
[113]  47 106 106 106 106  33  33  93  93  93  93  93  93  93 120 120 120 120 109 109 109 109 109  56  56  56  56  49
[141]  49 136 136  66  94  94  94  94  88  41  41  41 110 110 107 107 107  84  84  84  84  84  97  97  97 114  67  67
[169]  67 149 149 149 149  17  17  17  17  17  17 170 163 163 155 155 155 155 183 183  18  18  18 143 143  31  31 132
[197] 132 132 132  57  57 171  98  98  98  98 111 195 189 189 189  19  19  19  19 167 167 190  27 216 216 115 115 115
[225] 115  32 196  72  72  72 182 212 222 222 207 207 207 184 184 235 235 235 235 197 197 231 231 231 231 103 103 103
[253] 127 127  70 208   9 122 122  78  78  78  78  73  73  73 176 176 176 223 223 123 213 213 213 213  34 185 185 185
[281] 185 185 185  74  74 204 204 150 150 150 264 264 244 140 140  68  68 253 253  59 116 116 166  95  95  95  95 238
[309] 238 238 238 238 239 239  90 124 124 220 301 301 108 117 117 117 288 288 296 308 158 158 158  60  60  60  60 153
[337] 153 246 332 332 112 232 128 329 329 214 322 322 322 270 159 138 138 278  80 156 224 224 347 347 319 236 236 233
[365] 344 344 291 226 157 157 186 192 218 218  50 160 286 245 279 279  82 379 225 302 302 302 267 267 267 211 346 346
[393] 346 151 151 354 339 339 260 260 380 193 193  99  99 387 387 387 348 309 293 293 293 320 384 401 215 258  91  91
[421] 273 141 141 367 388 402 402 402 411 411 411 362 362  86 310 310 343 304 429 234 234 256  13  13 294 327 327 281
[449] 281 410  61  61  61 333 333 333 390 390 221 416 342 342 412 412 439 439 305 305 383 383 465 465 247 467 467 467
[477] 421 421 421 261 261 261 394 394 335  20  20 432 432 432 432 454 430 430 448 455 477 477 477 477 360 360 316 317
[505] 497 378 441 443 275 275 425 255  62 311 419 289 464 464 145 480 399 399 404 336 336 509 269 406 331 337 152 152
[533] 152 248 248 435 315 397 460 262 282 282 282 282 282 375 386 492 407 436 148 148 372 285 285 374 377 468 468 351
[561] 361 276 562 389 558  52 525 494 554 556 483 165 227 520 283 534 534  76  76 462 573 530 205 363 584 584 533 578
[589] 516 505 418 340 434 570 589

$EXTANT
  [1] FALSE  TRUE FALSE  TRUE FALSE FALSE  TRUE FALSE  TRUE FALSE FALSE FALSE FALSE FALSE FALSE  TRUE  TRUE FALSE FALSE
 [20]  TRUE  TRUE  TRUE  TRUE  TRUE FALSE FALSE  TRUE FALSE  TRUE  TRUE  TRUE FALSE  TRUE FALSE FALSE FALSE FALSE  TRUE
 [39]  TRUE  TRUE  TRUE FALSE FALSE  TRUE FALSE  TRUE  TRUE  TRUE FALSE  TRUE FALSE  TRUE  TRUE FALSE  TRUE  TRUE  TRUE
 [58]  TRUE  TRUE  TRUE  TRUE  TRUE  TRUE FALSE  TRUE  TRUE  TRUE  TRUE  TRUE  TRUE  TRUE  TRUE  TRUE  TRUE  TRUE  TRUE
 [77] FALSE  TRUE  TRUE FALSE  TRUE  TRUE FALSE  TRUE FALSE  TRUE  TRUE FALSE  TRUE  TRUE  TRUE  TRUE FALSE  TRUE  TRUE
 [96]  TRUE FALSE  TRUE  TRUE FALSE  TRUE FALSE  TRUE  TRUE  TRUE FALSE  TRUE FALSE  TRUE FALSE FALSE  TRUE  TRUE  TRUE
[115]  TRUE  TRUE  TRUE  TRUE  TRUE  TRUE  TRUE  TRUE FALSE  TRUE FALSE  TRUE  TRUE  TRUE  TRUE  TRUE FALSE  TRUE FALSE
[134]  TRUE  TRUE FALSE  TRUE FALSE  TRUE  TRUE  TRUE FALSE  TRUE FALSE  TRUE  TRUE  TRUE  TRUE  TRUE  TRUE  TRUE FALSE
[153]  TRUE  TRUE  TRUE  TRUE  TRUE  TRUE  TRUE  TRUE  TRUE  TRUE  TRUE  TRUE  TRUE  TRUE  TRUE FALSE  TRUE  TRUE  TRUE
[172]  TRUE  TRUE FALSE  TRUE  TRUE  TRUE  TRUE  TRUE  TRUE FALSE  TRUE  TRUE  TRUE  TRUE FALSE  TRUE  TRUE FALSE  TRUE
[191]  TRUE  TRUE FALSE FALSE  TRUE  TRUE  TRUE  TRUE  TRUE  TRUE  TRUE FALSE  TRUE  TRUE  TRUE  TRUE  TRUE  TRUE FALSE
[210] FALSE  TRUE  TRUE  TRUE FALSE  TRUE  TRUE  TRUE  TRUE  TRUE  TRUE  TRUE FALSE  TRUE  TRUE  TRUE  TRUE  TRUE  TRUE
[229]  TRUE  TRUE  TRUE  TRUE  TRUE  TRUE  TRUE  TRUE  TRUE  TRUE FALSE  TRUE FALSE  TRUE  TRUE  TRUE  TRUE  TRUE  TRUE
[248]  TRUE  TRUE  TRUE  TRUE  TRUE  TRUE  TRUE  TRUE  TRUE  TRUE  TRUE  TRUE  TRUE  TRUE  TRUE FALSE  TRUE  TRUE FALSE
[267]  TRUE  TRUE  TRUE  TRUE  TRUE  TRUE  TRUE FALSE  TRUE  TRUE FALSE FALSE  TRUE  TRUE  TRUE  TRUE FALSE  TRUE FALSE
[286]  TRUE FALSE  TRUE  TRUE  TRUE  TRUE  TRUE  TRUE  TRUE  TRUE  TRUE  TRUE  TRUE  TRUE  TRUE FALSE  TRUE  TRUE  TRUE
[305] FALSE  TRUE  TRUE  TRUE  TRUE  TRUE  TRUE  TRUE  TRUE  TRUE  TRUE  TRUE  TRUE  TRUE  TRUE  TRUE  TRUE  TRUE FALSE
[324] FALSE  TRUE  TRUE  TRUE  TRUE  TRUE FALSE  TRUE  TRUE  TRUE  TRUE  TRUE  TRUE  TRUE FALSE  TRUE  TRUE  TRUE  TRUE
[343] FALSE  TRUE  TRUE  TRUE FALSE  TRUE  TRUE  TRUE  TRUE  TRUE  TRUE  TRUE FALSE  TRUE FALSE  TRUE  TRUE  TRUE  TRUE
[362]  TRUE  TRUE  TRUE  TRUE  TRUE  TRUE  TRUE  TRUE  TRUE  TRUE  TRUE  TRUE  TRUE  TRUE  TRUE  TRUE FALSE  TRUE  TRUE
[381]  TRUE  TRUE  TRUE  TRUE  TRUE FALSE  TRUE  TRUE  TRUE  TRUE  TRUE  TRUE  TRUE  TRUE  TRUE  TRUE  TRUE  TRUE  TRUE
[400]  TRUE  TRUE  TRUE  TRUE  TRUE  TRUE  TRUE  TRUE  TRUE  TRUE  TRUE  TRUE  TRUE  TRUE FALSE  TRUE  TRUE  TRUE  TRUE
[419]  TRUE  TRUE  TRUE  TRUE  TRUE  TRUE FALSE  TRUE  TRUE  TRUE FALSE  TRUE  TRUE  TRUE  TRUE  TRUE  TRUE  TRUE  TRUE
[438] FALSE  TRUE  TRUE  TRUE  TRUE  TRUE FALSE FALSE FALSE  TRUE  TRUE  TRUE  TRUE  TRUE  TRUE  TRUE  TRUE  TRUE  TRUE
[457]  TRUE  TRUE  TRUE  TRUE  TRUE  TRUE FALSE  TRUE  TRUE  TRUE  TRUE  TRUE  TRUE  TRUE FALSE  TRUE  TRUE  TRUE  TRUE
[476]  TRUE  TRUE FALSE  TRUE  TRUE  TRUE  TRUE  TRUE  TRUE  TRUE  TRUE  TRUE  TRUE  TRUE  TRUE  TRUE  TRUE  TRUE  TRUE
[495]  TRUE  TRUE  TRUE  TRUE  TRUE  TRUE  TRUE  TRUE  TRUE  TRUE  TRUE  TRUE  TRUE  TRUE  TRUE  TRUE  TRUE  TRUE  TRUE
[514]  TRUE  TRUE  TRUE  TRUE  TRUE  TRUE  TRUE  TRUE  TRUE  TRUE  TRUE  TRUE  TRUE  TRUE  TRUE  TRUE  TRUE  TRUE  TRUE
[533]  TRUE  TRUE  TRUE  TRUE  TRUE  TRUE  TRUE  TRUE  TRUE  TRUE  TRUE  TRUE  TRUE  TRUE  TRUE  TRUE  TRUE  TRUE  TRUE
[552]  TRUE  TRUE  TRUE  TRUE  TRUE  TRUE  TRUE  TRUE  TRUE  TRUE  TRUE  TRUE  TRUE  TRUE FALSE  TRUE  TRUE  TRUE  TRUE
[571]  TRUE  TRUE  TRUE  TRUE  TRUE  TRUE  TRUE  TRUE  TRUE  TRUE  TRUE  TRUE  TRUE  TRUE  TRUE  TRUE  TRUE  TRUE  TRUE
[590]  TRUE  TRUE  TRUE  TRUE  TRUE  TRUE

