
Birth-death simulation object with 614 species and 500 extant species

Details for some species:

Extinction times (NA means extant)
[1] 60.47736 23.89149 44.21755 28.23374       NA       NA


Speciation times 
[1] 68.65628 62.92478 60.42895 32.40129 26.74953 52.77810


Species parents (NA for initial)
[1] NA  1  2  2  2  3


Species status (extinct or extant)
[1] "extinct" "extinct" "extinct" "extinct" "extant"  "extant" 


For more details on vector y, try sim$y, with y one of
TE TS PAR EXTANT



$TE
  [1] 60.47735645 23.89148885 44.21754703 28.23374474          NA          NA 20.26814314          NA 43.19447873
 [10]          NA          NA          NA 21.10816843          NA          NA 14.51488522          NA          NA
 [19] 20.99913916 14.36512999 19.62474981 17.49105804          NA          NA          NA 17.49432324 15.99855007
 [28] 16.20080357          NA  3.37631773  4.33552719          NA          NA          NA  1.15916085          NA
 [37]  0.52441524          NA          NA 30.95724537 19.34985906 11.83486242          NA          NA  5.33574693
 [46]  7.69256383 21.87642580 14.08646784          NA          NA          NA          NA  7.57320587 10.84033489
 [55]          NA          NA          NA  4.01905973          NA          NA          NA  4.77601605          NA
 [64]          NA          NA          NA  5.25427371          NA          NA          NA 22.56863116          NA
 [73]          NA  3.09085955 10.74416357          NA          NA  3.68438926          NA 16.40473048          NA
 [82]          NA  6.72260038          NA          NA  5.33614842          NA          NA          NA          NA
 [91]          NA          NA          NA 20.78626127          NA          NA          NA 11.93207400          NA
[100]          NA 14.68601318          NA 10.55284906  3.54934554          NA          NA          NA          NA
[109]  4.39741837  3.44113327  8.55773318          NA          NA          NA          NA          NA          NA
[118]          NA          NA  2.01918478          NA          NA          NA          NA          NA          NA
[127]          NA  5.13112086          NA          NA          NA  4.69866827          NA          NA          NA
[136] 14.43520601          NA          NA          NA          NA          NA          NA          NA          NA
[145]          NA          NA          NA          NA          NA  2.74907236  9.35425567  5.83582626  8.91302977
[154] 12.56383035          NA          NA  6.99565700  3.97601708          NA          NA          NA          NA
[163]  6.10958062  5.59876656          NA          NA          NA          NA  8.20731798          NA  2.59332262
[172]          NA          NA          NA          NA  4.35367047          NA          NA  2.92293749  9.95940756
[181]          NA          NA          NA  3.77873503          NA          NA          NA          NA          NA
[190]          NA          NA          NA          NA          NA          NA          NA          NA          NA
[199]          NA          NA          NA          NA          NA          NA          NA          NA          NA
[208]          NA          NA          NA          NA          NA          NA          NA  1.35784295          NA
[217]          NA          NA          NA          NA          NA          NA  3.84754791          NA          NA
[226]  4.42859054          NA  5.29372742          NA          NA          NA          NA          NA  4.24396476
[235]          NA          NA  3.56867387  4.48750491          NA          NA          NA          NA          NA
[244]          NA          NA          NA          NA          NA          NA  5.07646590          NA          NA
[253]          NA          NA          NA          NA          NA          NA  6.43251578          NA          NA
[262]          NA          NA          NA          NA          NA          NA          NA          NA  7.22917409
[271]          NA          NA          NA          NA          NA          NA  1.42485790          NA          NA
[280]          NA          NA          NA          NA          NA          NA          NA          NA          NA
[289]          NA          NA  2.60504318          NA          NA          NA  5.48675745          NA          NA
[298]          NA          NA          NA          NA  2.07094594          NA  4.43686784          NA          NA
[307]          NA  7.57442842          NA          NA          NA          NA  1.29686484          NA          NA
[316]          NA          NA          NA          NA          NA          NA          NA          NA          NA
[325]  3.29337722          NA          NA          NA          NA          NA          NA          NA          NA
[334]  0.71519587          NA          NA          NA          NA          NA  6.59661325  5.24266161          NA
[343]  8.39448033          NA          NA          NA          NA          NA          NA          NA          NA
[352]          NA  4.59902466          NA          NA  4.77057509          NA          NA          NA          NA
[361]          NA          NA          NA  0.25268980          NA  1.30041003          NA          NA          NA
[370]          NA          NA          NA          NA          NA          NA  2.46660384          NA          NA
[379]          NA          NA          NA          NA          NA          NA          NA          NA          NA
[388]          NA          NA          NA          NA          NA  4.10877742          NA          NA          NA
[397]          NA          NA          NA          NA          NA          NA          NA          NA  2.96616007
[406]          NA          NA  2.19447572          NA          NA          NA          NA          NA          NA
[415]  3.39072123          NA          NA          NA          NA          NA          NA  0.03654625  1.75690499
[424]          NA          NA          NA          NA          NA          NA          NA          NA          NA
[433]  2.09607540          NA          NA          NA  0.81915273          NA          NA          NA          NA
[442]          NA  0.73088335          NA          NA          NA          NA          NA          NA          NA
[451]          NA          NA          NA          NA          NA  1.12974668          NA          NA          NA
[460]          NA          NA  4.05494750          NA  2.33738190          NA          NA          NA          NA
[469]          NA          NA          NA          NA          NA          NA          NA          NA          NA
[478]          NA  3.29385738          NA          NA          NA          NA          NA          NA          NA
[487]          NA          NA          NA          NA          NA          NA          NA          NA          NA
[496]          NA          NA          NA          NA          NA          NA          NA          NA  0.28030281
[505]          NA  0.65337224          NA          NA          NA          NA          NA          NA  3.54734838
[514]          NA          NA          NA          NA          NA          NA          NA          NA          NA
[523]          NA          NA          NA          NA          NA          NA          NA  3.35802241          NA
[532]          NA          NA          NA          NA          NA          NA          NA          NA          NA
[541]          NA          NA          NA  1.49508031          NA          NA          NA          NA          NA
[550]          NA          NA          NA          NA          NA          NA          NA          NA          NA
[559]          NA  2.12916572          NA          NA          NA          NA  1.66776058          NA          NA
[568]          NA          NA          NA          NA          NA          NA          NA          NA          NA
[577]          NA          NA          NA          NA          NA          NA          NA          NA          NA
[586]          NA          NA          NA          NA          NA          NA          NA          NA          NA
[595]          NA          NA          NA          NA          NA          NA          NA          NA          NA
[604]          NA  1.17773386          NA          NA          NA          NA  0.47264366          NA          NA
[613]          NA          NA

$TS
  [1] 68.656284417 62.924775463 60.428953537 32.401290192 26.749527764 52.778095373 51.308179817 45.895515701
  [9] 43.680142540 38.177104735 20.660838589 43.955102367 24.508855001 22.623124735 21.668305918 21.420329168
 [17] 29.682277507 22.910015845 21.021656180 20.074704020 19.631235060 19.141082388 18.873028147  5.511706427
 [25] 36.907399540 20.761591560 17.335876985 17.068860444  6.504089183  5.693639096 38.159864710 34.892760202
 [33] 34.003393491 18.079393788 16.053169375 37.683031104 35.871535861  9.795688335  0.949191108 32.204802112
 [41] 29.618639709 25.696471017 21.409745338  2.967625626 22.242538094 31.546825840 24.011317249 18.352096343
 [49] 15.316982550 29.256181495 23.687147185 23.140070029 20.918343018 14.629617824  5.445954615 26.855242192
 [57] 25.183907266 21.267816540 29.138707372 24.800967517 17.538015168 13.054260338 11.291725180  7.994044017
 [65]  5.517302710  0.789003088 24.490419750 13.377164587  2.604352120  0.062758069 24.990406096 18.170819415
 [73] 12.421436980  6.818992474 17.124692808 13.936696994  8.189388853  5.592596041 21.822060952 20.843290939
 [81] 19.346420556 13.460525371 16.761098461 11.811772576 10.366148632  9.685874086  2.194340714  1.049669743
 [89]  0.088771267 17.358158975 13.687285684  6.198186186  1.260993861 21.871364451  3.372187259  2.284432261
 [97] 17.089125894 15.847950746  3.241261434  2.222488223 17.898188563  7.769203693 11.824806735 10.880683261
[105]  9.962069961  9.387526063  2.942815263 17.322503319 16.007114796 14.442826195 13.185073279  6.917990302
[113]  6.281381645  4.144494848 20.735848404 19.829883654 19.650668834 19.491248557 15.662211452 14.252811279
[121] 11.993977521 13.775328031 12.405948824 14.478214090 19.132579460  1.939198941 14.972086762 17.800234855
[129] 12.280438955  6.213861028 15.164154249 13.840464976 12.815709093  3.740279854  0.548432826 17.680445392
[137] 15.426534799 15.407557269 12.978158439  6.551230080  6.066223206 15.699759932 13.248098712 14.884685694
[145] 16.637878465 11.038167621 12.650269789  8.430467253  3.279449679 15.294848460 10.030800929  7.361837292
[153] 14.715324502 13.497109714  3.037417780  0.419618931  8.605551899 16.110831385  8.872164190  1.992703717
[161] 15.585813664 14.505929030 13.556495839 11.755787539  7.850948475  7.602493606  6.864639551 11.523011040
[169]  9.785302682  8.588291470  5.785684198  3.529489628 11.233074149  8.703479391  1.662783612 15.415060887
[177]  7.742607275  7.606108331 14.078473515 13.636586619  7.792137656 11.107637439  2.210016176 10.237440804
[185]  7.936753467  1.280865241  1.122206224 13.641555700 13.752426201  8.204768802 13.090935541  3.933362045
[193]  2.675996362  2.613881200 13.815228001  7.165919839  5.389132975  4.145610210 13.398869815  9.929145258
[201]  7.669397681  7.570984091  2.863798881  1.835164427 11.568931910  0.894933536  0.555008046 12.786880376
[209]  5.028810894  7.967224954  5.733626921  5.599318179 13.362626467  5.415635327  4.121463564  3.492349698
[217]  9.845111798  3.270201524 14.019326781  8.999771170  3.433582250 10.815244807  9.481455284  8.152782909
[225]  7.975766587  4.662086273  7.695734174  7.009150233  3.666342919  2.825204545  5.953927363 11.064501296
[233]  9.480818993  9.271337071  5.809042443  1.526103880 13.375927576  6.727009961  3.035777135  2.478759498
[241] 12.677393070 10.373523803  7.775743193  6.892619733  1.801296221  0.311415955  9.343030216  6.179786811
[249] 11.913230331  6.679013590  5.551141117  3.177535851  2.672294101  0.405705136 13.207663219  6.806190108
[257]  3.832932697  1.442876992  7.218053352  4.199732985  9.764967281  4.710947559 10.696648960 10.956820684
[265]  5.593910727  3.517145153  3.252475455  0.019659340 12.758587508  7.624112262  3.327371429  5.010136936
[273]  9.151439894  6.099998572  0.469005559 11.724695878 11.085776271  9.262362871  6.306994095  5.818275064
[281]  5.102058588 11.198527475  5.131929522  5.037878147 10.566103475  1.148429213 10.740234079  8.083514813
[289]  7.024387280  8.198353362  6.638603083  5.102567364  9.305752445  2.701484888  8.515432080  7.496462791
[297]  5.872137196  4.163207971  1.181321487  8.005100852  6.387950071 10.961289242 10.803936030  7.269722065
[305]  1.375095001  0.280774467  9.678010379  8.261252892  6.340787517  4.981378982  8.538607030  8.252906575
[313]  4.753941386  4.013080975  9.671702943  4.649403998  1.679610610  3.997872421  3.343706225  6.681629515
[321]  5.908030433  0.182497131  5.180454795  0.563920455  8.543070341  3.743274209  2.053387109  0.002016408
[329]  8.001787837  7.791865876  4.104713715  2.122130776  8.388851615  8.852255109  1.248111294  6.692373487
[337]  5.662718245  3.303713056  4.308382337  7.712222397  6.934093251  5.159681093  9.119237278  2.250628224
[345]  3.128071363  1.735916289  7.045382679  4.680336402  6.764892000  3.387616481  0.805343857  1.164462592
[353]  7.798103816  6.889228113  6.844368733  7.025848374  0.152013820  7.045292814  5.650427556  4.390950259
[361]  5.253825762  0.204579413  6.312839401  0.520144917  6.078423234  3.042853395  0.562457992  6.439976519
[369]  4.267583211  0.255494315  2.973166751  7.507714365  7.347156614  6.086395955  3.763124075  3.675288358
[377]  1.862305448  7.273699290  5.599882931  1.317150050  3.115968793  7.160293167  6.811907450  4.534035110
[385]  5.626098662  1.117453621  5.699842730  4.531503861  4.004827830  1.133776913  0.795343225  7.560266798
[393]  5.776333520  4.435129046  6.385395096  4.301298842  3.930090449  0.118321079  4.844750702  3.312703878
[401]  0.966084641  0.559485278  6.252489210  6.022510177  4.444760759  1.260705462  5.176660581  3.486790967
[409]  1.764096818  1.007879058  3.884589094  0.207501933  6.451633352  1.012046194  6.753390578  4.682542845
[417]  1.059235353  0.013731155  5.841319763  3.578143909  2.579521939  5.564417397  4.026190427  6.647506568
[425]  1.575945002  5.961527692  3.903494681  2.092985704  0.318079540  6.283250910  5.681672561  3.989375007
[433]  5.332382944  1.973769100  4.970869521  1.823375118  5.374998367  2.440318773  4.607688898  5.357777325
[441]  2.032964152  4.723236078  3.775534833  2.140015037  0.148769576  1.776609880  4.279089792  1.815712202
[449]  0.322485591  5.854896824  5.510618446  0.122321096  5.174288338  3.379692556  2.661681903  2.427428839
[457]  2.023125560  1.242069486  5.504845950  5.746153006  4.405294105  4.443382558  3.991659305  3.056848476
[465]  3.894963409  1.415460368  3.061512950  2.653919993  5.226845216  4.838681297  4.178465421  2.334657045
[473]  5.515630074  3.628269054  3.257550618  4.226881799  0.489895821  0.268117422  4.343312878  0.845800838
[481]  4.081944382  1.229697120  0.327694226  1.999949040  3.415900835  0.198353002  3.695021636  0.929523947
[489]  3.251096849  1.998733437  3.939294067  3.615284171  1.565682863  0.884968565  4.924751258  0.227279495
[497]  3.242240213  4.038632903  3.814479899  4.175778032  2.863659436  0.178340985  3.270758019  1.598483101
[505]  3.108700582  1.834703881  2.973139852  0.414970494  1.896791453  2.474243341  1.493584125  0.531390229
[513]  4.515259014  2.626462229  1.605135285  1.359565792  4.042330501  3.699673704  2.254230013  3.888991280
[521]  1.916399768  1.674304099  1.348658939  1.976207470  2.383931898  1.362403367  1.378198378  0.954955225
[529]  0.159975991  4.028494348  4.012315858  3.775523045  3.178931741  0.762362078  0.314720233  0.985825024
[537]  1.030310284  3.199929274  2.267500090  1.901135903  1.284441560  2.367891381  2.338781341  3.140365184
[545]  2.101133193  3.401091857  2.822627735  1.281909509  3.148369949  1.385458325  0.678889155  0.122974112
[553]  0.087056859  0.424166747  2.037682390  1.903381649  2.606430960  1.904688592  0.110983206  3.133762982
[561]  0.345425276  2.285886819  1.156507929  0.464282487  2.518766315  0.562774750  0.409877798  2.387357189
[569]  1.216511289  0.527373075  2.735464350  2.367899769  0.568921032  1.779118920  0.963357000  0.158334901
[577]  2.504023612  1.312790394  0.973306071  0.855674038  2.162028891  1.149020635  0.648708863  1.612828151
[585]  1.702013750  1.184717594  1.575079294  0.489981337  0.797464935  0.908520574  0.562531385  1.616363366
[593]  0.281015173  1.352563196  0.222881583  0.749475289  1.298808837  0.331673199  0.808702586  0.985555552
[601]  0.429073161  1.288411334  0.712586774  0.079621707  1.323860160  0.335117271  1.103689892  0.888556379
[609]  0.256947137  0.554316725  0.107919665  0.506275207  0.283617732  0.002882360

$PAR
  [1]  NA   1   2   2   2   3   3   3   6   6   6   7   7   7   7   7   8   8   8   8   8   8   8   8  12  12  12  12
 [29]  12  12  10  10  10  10  10  31  31  31  36  25  25  25  25  37  32  40  46  46  46  17  17  17  17  17  17  41
 [57]  41  41  50  50  50  50  50  50  50  50  59  59  59  59  56  56  56  56   5   5  57  57  60  60  60  67  51  51
 [85]  51  51  51  51  51  52  52  52  52  18  18  18  14  14  14  14  45  45  79  79  79  79  79  15  15  15  15  58
[113]  58  58  53  53  53  53 115 115 115  11  11  20 116 116 117 118 118 118  81  81  81  81  81  22 125 125 125 125
[141] 125  23  23  48  72  72  34  34  34 128 128 128  61  61  61  61  90  27 108 108  83  83  83  83  83  83  83 145
[169] 145 145 145 145  35  35  35 109 109 109 142 142 142 119 119 161 161 161 161 137 176 176 138  49  49  49 150 150
[197] 150 150 131 131 131 131 131 131 127 144 144 153 162 124 124 124 110 110 110 110 120 120 179 179 219  76  76  76
[225]  76  76 132 132 195 195 122  91  91  91  91  91 188 188 188 188 180 163 163 163  82  82 199 199  68  68  68  68
[253]  68  68 237 237 237 213 143 255 111 191  62 139 139 139 139 139 133 208 208 269 241 241 241  73  73  73  73  73
[281]  73 123 123 129 121 121 249 249 249  84  84 276 205 205 182 182 182 182 182 277 232 146 146 146 146 264 104 104
[309] 104 104 222 303 303 303 263 263 263 285  85 184 105 105 200 200 217 217 217 217 261 261 261 261 307 315 233 106
[337] 106 106 293 234 234 278 273 273 220 220 159 159 334 334 334 174 170 170 325 311 311 295 148 148 333 333 312 312
[365] 290 290 290 224 224 224 288 329 329 329 329 329 329 225 210 210 185 181 330 330 243 243 177 177 227 227 227 166
[393] 392 392 152 373 373 373 378 378 378 378 196 347 347 347 358 358 289 289 112 112 244 354 167 167 167 167 355 355
[421] 355  74 383 256 256 336 336 320 320 250 424 424 368 368 301 301 395 309 113 403 403 374 374 374 374 404 321 321
[449] 321 297 450 450 419 419 235 235 235 235 171 393 393 460 460 460 211 211 431 431 337 337 337 337 385 422  65 473
[477]  24  24 451  55 197 197 197 437 440 440 469 469 453 453 342 342 292 292 284 209 272 310 435 399 399 399 470 442
[505] 262 262 416 416 348 316 316 316 384 384 388 388 513 513 394 369 369 369 476 260 500 500 198 198 198 114 114 481
[533] 481 481 481 517 531 520 520 257 375 134 474 492 492 266 408 485 546 350  95 319 319 271 400 475 267 267 267 549
[561] 345 381 381 381 155 155 155 507  44  44 107 501 501 571 571 468 557 421 421 240 438 438 525 542 344 344 332 332
[589] 555 441 490 434 126 521 521 558 509 377 506 436 409 585 584 584 258 550 380 335 335 569 390 537  66 398

$EXTANT
  [1] FALSE FALSE FALSE FALSE  TRUE  TRUE FALSE  TRUE FALSE  TRUE  TRUE  TRUE FALSE  TRUE  TRUE FALSE  TRUE  TRUE FALSE
 [20] FALSE FALSE FALSE  TRUE  TRUE  TRUE FALSE FALSE FALSE  TRUE FALSE FALSE  TRUE  TRUE  TRUE FALSE  TRUE FALSE  TRUE
 [39]  TRUE FALSE FALSE FALSE  TRUE  TRUE FALSE FALSE FALSE FALSE  TRUE  TRUE  TRUE  TRUE FALSE FALSE  TRUE  TRUE  TRUE
 [58] FALSE  TRUE  TRUE  TRUE FALSE  TRUE  TRUE  TRUE  TRUE FALSE  TRUE  TRUE  TRUE FALSE  TRUE  TRUE FALSE FALSE  TRUE
 [77]  TRUE FALSE  TRUE FALSE  TRUE  TRUE FALSE  TRUE  TRUE FALSE  TRUE  TRUE  TRUE  TRUE  TRUE  TRUE  TRUE FALSE  TRUE
 [96]  TRUE  TRUE FALSE  TRUE  TRUE FALSE  TRUE FALSE FALSE  TRUE  TRUE  TRUE  TRUE FALSE FALSE FALSE  TRUE  TRUE  TRUE
[115]  TRUE  TRUE  TRUE  TRUE  TRUE FALSE  TRUE  TRUE  TRUE  TRUE  TRUE  TRUE  TRUE FALSE  TRUE  TRUE  TRUE FALSE  TRUE
[134]  TRUE  TRUE FALSE  TRUE  TRUE  TRUE  TRUE  TRUE  TRUE  TRUE  TRUE  TRUE  TRUE  TRUE  TRUE  TRUE FALSE FALSE FALSE
[153] FALSE FALSE  TRUE  TRUE FALSE FALSE  TRUE  TRUE  TRUE  TRUE FALSE FALSE  TRUE  TRUE  TRUE  TRUE FALSE  TRUE FALSE
[172]  TRUE  TRUE  TRUE  TRUE FALSE  TRUE  TRUE FALSE FALSE  TRUE  TRUE  TRUE FALSE  TRUE  TRUE  TRUE  TRUE  TRUE  TRUE
[191]  TRUE  TRUE  TRUE  TRUE  TRUE  TRUE  TRUE  TRUE  TRUE  TRUE  TRUE  TRUE  TRUE  TRUE  TRUE  TRUE  TRUE  TRUE  TRUE
[210]  TRUE  TRUE  TRUE  TRUE  TRUE FALSE  TRUE  TRUE  TRUE  TRUE  TRUE  TRUE  TRUE FALSE  TRUE  TRUE FALSE  TRUE FALSE
[229]  TRUE  TRUE  TRUE  TRUE  TRUE FALSE  TRUE  TRUE FALSE FALSE  TRUE  TRUE  TRUE  TRUE  TRUE  TRUE  TRUE  TRUE  TRUE
[248]  TRUE  TRUE FALSE  TRUE  TRUE  TRUE  TRUE  TRUE  TRUE  TRUE  TRUE FALSE  TRUE  TRUE  TRUE  TRUE  TRUE  TRUE  TRUE
[267]  TRUE  TRUE  TRUE FALSE  TRUE  TRUE  TRUE  TRUE  TRUE  TRUE FALSE  TRUE  TRUE  TRUE  TRUE  TRUE  TRUE  TRUE  TRUE
[286]  TRUE  TRUE  TRUE  TRUE  TRUE FALSE  TRUE  TRUE  TRUE FALSE  TRUE  TRUE  TRUE  TRUE  TRUE  TRUE FALSE  TRUE FALSE
[305]  TRUE  TRUE  TRUE FALSE  TRUE  TRUE  TRUE  TRUE FALSE  TRUE  TRUE  TRUE  TRUE  TRUE  TRUE  TRUE  TRUE  TRUE  TRUE
[324]  TRUE FALSE  TRUE  TRUE  TRUE  TRUE  TRUE  TRUE  TRUE  TRUE FALSE  TRUE  TRUE  TRUE  TRUE  TRUE FALSE FALSE  TRUE
[343] FALSE  TRUE  TRUE  TRUE  TRUE  TRUE  TRUE  TRUE  TRUE  TRUE FALSE  TRUE  TRUE FALSE  TRUE  TRUE  TRUE  TRUE  TRUE
[362]  TRUE  TRUE FALSE  TRUE FALSE  TRUE  TRUE  TRUE  TRUE  TRUE  TRUE  TRUE  TRUE  TRUE FALSE  TRUE  TRUE  TRUE  TRUE
[381]  TRUE  TRUE  TRUE  TRUE  TRUE  TRUE  TRUE  TRUE  TRUE  TRUE  TRUE  TRUE FALSE  TRUE  TRUE  TRUE  TRUE  TRUE  TRUE
[400]  TRUE  TRUE  TRUE  TRUE  TRUE FALSE  TRUE  TRUE FALSE  TRUE  TRUE  TRUE  TRUE  TRUE  TRUE FALSE  TRUE  TRUE  TRUE
[419]  TRUE  TRUE  TRUE FALSE FALSE  TRUE  TRUE  TRUE  TRUE  TRUE  TRUE  TRUE  TRUE  TRUE FALSE  TRUE  TRUE  TRUE FALSE
[438]  TRUE  TRUE  TRUE  TRUE  TRUE FALSE  TRUE  TRUE  TRUE  TRUE  TRUE  TRUE  TRUE  TRUE  TRUE  TRUE  TRUE  TRUE FALSE
[457]  TRUE  TRUE  TRUE  TRUE  TRUE FALSE  TRUE FALSE  TRUE  TRUE  TRUE  TRUE  TRUE  TRUE  TRUE  TRUE  TRUE  TRUE  TRUE
[476]  TRUE  TRUE  TRUE FALSE  TRUE  TRUE  TRUE  TRUE  TRUE  TRUE  TRUE  TRUE  TRUE  TRUE  TRUE  TRUE  TRUE  TRUE  TRUE
[495]  TRUE  TRUE  TRUE  TRUE  TRUE  TRUE  TRUE  TRUE  TRUE FALSE  TRUE FALSE  TRUE  TRUE  TRUE  TRUE  TRUE  TRUE FALSE
[514]  TRUE  TRUE  TRUE  TRUE  TRUE  TRUE  TRUE  TRUE  TRUE  TRUE  TRUE  TRUE  TRUE  TRUE  TRUE  TRUE FALSE  TRUE  TRUE
[533]  TRUE  TRUE  TRUE  TRUE  TRUE  TRUE  TRUE  TRUE  TRUE  TRUE  TRUE FALSE  TRUE  TRUE  TRUE  TRUE  TRUE  TRUE  TRUE
[552]  TRUE  TRUE  TRUE  TRUE  TRUE  TRUE  TRUE  TRUE FALSE  TRUE  TRUE  TRUE  TRUE FALSE  TRUE  TRUE  TRUE  TRUE  TRUE
[571]  TRUE  TRUE  TRUE  TRUE  TRUE  TRUE  TRUE  TRUE  TRUE  TRUE  TRUE  TRUE  TRUE  TRUE  TRUE  TRUE  TRUE  TRUE  TRUE
[590]  TRUE  TRUE  TRUE  TRUE  TRUE  TRUE  TRUE  TRUE  TRUE  TRUE  TRUE  TRUE  TRUE  TRUE  TRUE FALSE  TRUE  TRUE  TRUE
[609]  TRUE FALSE  TRUE  TRUE  TRUE  TRUE

