
Birth-death simulation object with 606 species and 500 extant species

Details for some species:

Extinction times (NA means extant)
[1]  9.37277 26.76030 40.16305       NA       NA       NA


Speciation times 
[1] 96.91925 56.58225 50.60606 44.74891 20.63217 51.48998


Species parents (NA for initial)
[1] NA  1  1  1  1  2


Species status (extinct or extant)
[1] "extinct" "extinct" "extinct" "extant"  "extant"  "extant" 


For more details on vector y, try sim$y, with y one of
TE TS PAR EXTANT



$TE
  [1]  9.37277028 26.76030168 40.16304570          NA          NA          NA          NA          NA 35.09124650
 [10] 22.83197534 15.27789594  1.54404987          NA  0.39125151  0.11150817 13.06715773 26.60331555          NA
 [19]  7.80547850 18.14395840  3.82380982          NA          NA 13.59345500          NA          NA          NA
 [28]          NA          NA 16.03367962          NA 16.94538486 13.73565034 31.55237816          NA          NA
 [37]          NA          NA          NA          NA          NA          NA          NA 12.24460318          NA
 [46]          NA          NA  7.34805604 25.04952395 17.23059990  4.74495918  4.61728085          NA  4.91479191
 [55]  0.86990303  5.47387153          NA          NA          NA          NA  2.48790697          NA  0.65721073
 [64]          NA 15.82629898          NA          NA 17.22271955  4.96052374          NA 16.80054719          NA
 [73]          NA          NA          NA 11.90599337          NA          NA          NA          NA          NA
 [82]          NA 20.11770894 19.81505565  0.61872713          NA          NA          NA          NA          NA
 [91] 20.70616302          NA          NA          NA  5.44179893          NA  0.80846717  3.00663831          NA
[100]          NA          NA          NA          NA  6.59385490          NA          NA          NA          NA
[109]          NA          NA          NA          NA          NA  8.43640946  3.81492385          NA          NA
[118]          NA  1.07751919          NA          NA          NA          NA          NA          NA          NA
[127]          NA          NA          NA          NA  1.53694242          NA          NA          NA          NA
[136]          NA          NA  1.71373322          NA          NA          NA          NA          NA          NA
[145]  7.52268885          NA          NA          NA          NA          NA          NA          NA          NA
[154]          NA          NA  4.00875124 10.19038524  9.45268293          NA          NA          NA          NA
[163]          NA  7.14597448          NA  4.25744401          NA          NA          NA  1.22068750          NA
[172]          NA          NA          NA          NA          NA 11.13723861  6.29950474          NA  4.32777136
[181]  6.69035012          NA          NA          NA          NA 10.30703324          NA          NA          NA
[190]  9.37300840          NA          NA  6.88983810          NA          NA          NA          NA          NA
[199]          NA          NA  5.86670913  6.75594835          NA          NA          NA          NA  2.33971021
[208]          NA  4.56215909  2.06398702          NA          NA 11.35742064          NA          NA          NA
[217]          NA          NA          NA  5.45237889          NA  8.11558167          NA  4.18540928          NA
[226]          NA  4.41998819          NA          NA          NA          NA          NA          NA          NA
[235]          NA          NA          NA          NA          NA          NA          NA          NA  5.17272775
[244]          NA          NA  4.48913255 12.06203408          NA          NA          NA          NA          NA
[253]          NA          NA          NA          NA          NA          NA          NA          NA          NA
[262]          NA          NA          NA          NA          NA          NA          NA          NA  4.56355571
[271]          NA          NA          NA          NA          NA          NA          NA          NA          NA
[280]          NA  3.53115170          NA          NA  0.48596833  1.86208156          NA          NA          NA
[289]          NA          NA  5.29118224          NA  4.55380179          NA  2.47608367          NA          NA
[298]          NA          NA  4.75323368          NA          NA          NA          NA          NA          NA
[307]          NA          NA  0.69963549          NA          NA          NA          NA          NA  5.16864645
[316]          NA          NA          NA          NA          NA  7.13201398          NA          NA  1.63820801
[325]  0.08682768          NA          NA          NA  5.08890275          NA          NA          NA          NA
[334]          NA          NA          NA          NA          NA          NA          NA          NA          NA
[343]          NA  6.45028116          NA          NA          NA          NA          NA          NA          NA
[352]          NA          NA          NA          NA          NA          NA  1.77502474          NA          NA
[361]          NA          NA          NA          NA          NA          NA          NA          NA  3.02544529
[370]          NA          NA          NA          NA  3.34683057          NA  6.50275106          NA          NA
[379]          NA          NA          NA          NA          NA          NA          NA          NA          NA
[388]          NA          NA          NA          NA          NA          NA          NA          NA          NA
[397]          NA          NA          NA          NA          NA          NA          NA          NA          NA
[406]          NA          NA          NA          NA          NA          NA          NA          NA          NA
[415]  0.56067506          NA  0.18532371          NA          NA          NA          NA          NA          NA
[424]          NA          NA          NA  0.90877407          NA          NA  1.64327655          NA          NA
[433]          NA          NA          NA          NA          NA          NA          NA          NA          NA
[442]          NA          NA  0.66653211          NA          NA          NA          NA          NA          NA
[451]          NA          NA  2.25182446          NA          NA  1.02702516          NA          NA          NA
[460]          NA  4.79410252          NA          NA          NA          NA          NA          NA          NA
[469]          NA          NA          NA          NA          NA          NA          NA          NA          NA
[478]          NA          NA          NA          NA          NA          NA          NA          NA          NA
[487]          NA          NA          NA          NA          NA          NA          NA          NA          NA
[496]          NA          NA          NA          NA          NA  1.84784423          NA          NA          NA
[505]          NA          NA          NA          NA          NA          NA          NA  2.02070362          NA
[514]          NA          NA          NA          NA          NA          NA          NA          NA          NA
[523]          NA          NA          NA          NA          NA          NA          NA          NA          NA
[532]          NA          NA          NA          NA          NA          NA          NA          NA          NA
[541]          NA          NA          NA          NA          NA          NA          NA          NA          NA
[550]          NA          NA          NA          NA          NA          NA          NA          NA          NA
[559]          NA          NA  2.25544440          NA          NA          NA          NA          NA          NA
[568]          NA          NA          NA          NA          NA          NA          NA          NA          NA
[577]          NA          NA          NA          NA          NA          NA          NA          NA          NA
[586]          NA          NA          NA          NA          NA          NA          NA          NA          NA
[595]          NA          NA          NA          NA          NA          NA          NA  0.44353632          NA
[604]          NA          NA          NA

$TS
  [1] 96.919245202 56.582248798 50.606058010 44.748910982 20.632166605 51.489980784 49.608213494 49.269217385
  [9] 36.401754405 34.786987146 27.729308487 17.101972518 13.437013851  5.420928593  4.347324577 34.977976696
 [17] 33.960407686 18.957105160 13.728985765 24.291352612 14.622898338 12.173481319  4.722432429 41.205929033
 [25] 37.010595444 36.529361666 22.373241675  0.495326507 24.096493899 23.019480118 22.312499504 35.765069333
 [33] 35.185471533 34.781627557 27.927671744 18.518077487  6.830713975  4.883379427 30.326666457 17.244622584
 [41] 20.125571215 18.930041606 16.772823933 28.933279558 15.915482174 14.114362292 13.231854304 24.068061798
 [49] 33.513506804 31.735737497 28.719641366 18.866483380 19.819450259 13.360238556 11.824457222 10.781639586
 [57]  8.122208604  6.640775345  2.419182193  2.350023947 16.810031000 17.292579948 15.635581884  9.383451691
 [65] 17.224825045 10.963604786 23.747145695 19.120457441 22.313191144 21.085208894 18.727311873 18.270099151
 [73] 18.287796381 18.757783665 17.553503494 14.243489344 13.615177663  8.259702966  4.384453128  4.119051822
 [81]  1.038840591 21.881499462 21.318850578 21.026799902 21.222378741 21.105639252 20.262732593 17.574481548
 [89] 12.385166188  8.926072455 20.959653844  4.034241599 15.224008857 10.772456553  6.585371507 18.574868794
 [97] 15.204287209  9.118385543  7.048593655  6.913510481  6.309776987  4.063444308 20.210573427 10.269614892
[105]  6.750243155  2.297985603 12.415015366  1.439989350  6.972285904  5.692805799  0.100965842 14.753098682
[113]  7.040514209 14.675147937  9.193878619 10.309822049  7.760964953  6.105696275 16.694444265  7.592153637
[121]  4.627514446  4.598163622 10.118117736  3.421992679  2.749039000 13.039032064 17.509581326 17.146455709
[129] 16.657856586 10.407848860  7.084247450  5.654576191 13.900988947  5.783746716 17.900147366 16.973535056
[137] 16.547498939 17.426480726 14.551070834 13.324538151 10.677895542 10.346380757  9.576162084  8.771154583
[145]  8.296569390  0.399198762 17.241779057 12.047592864 10.627723880  3.931505195 15.764487572 15.266952576
[153]  8.578587683  6.298375909  4.917665610  4.368428634 10.927891076 15.514677866  3.289036026  1.474997685
[161] 10.687635233  8.808033540  2.633956211 11.703420082  3.850991095 16.244591074  5.175138079  4.827535380
[169] 14.153592694  7.944535604  4.407487276 12.223372604 10.488339849  5.533202651  2.094414880 15.629035259
[177] 12.091178988  6.590753101  1.550886678  5.792692684  8.100975898 10.342462892  8.044046300  0.613633032
[185] 12.836117821 10.889270085  6.747869561  6.209677672  4.922429127 14.472760787 13.532552317 11.569067597
[193]  9.859581846  9.013584182  8.053077909  5.251379041  1.138075427 12.255702142  8.909203810  7.489987917
[201]  6.222290525 11.483490008 10.514843154  9.704078477  8.445480885  7.781826422  5.932979128 13.484999611
[209]  9.643560903  4.614232599  2.027733272 13.783072467 13.355447719  2.251466956 12.922508125  4.066050238
[217]  3.878633651 13.876364509  5.151365408  9.284869442  7.483443648 12.830814313  8.508023344  4.212118791
[225] 12.904706866 12.406115594  9.710140294  6.672549385  5.653526319  5.476734031  4.324222276  1.458210120
[233]  9.003623692  7.566028658  1.640535084 12.937461241  3.220866865  6.256585650  5.933335438  0.162019655
[241]  7.119683485  3.426983657  8.084458983  7.292414370  0.532330240  5.472056717 12.672654543 12.482070022
[249]  5.616946396  5.002413464 11.499690617 10.448642230  7.505206293  5.846217983  4.139417779 11.726886431
[257]  6.790887794  1.122406123  9.785670860  7.750280134  8.731997802  7.749494011  3.250613917  2.791706641
[265]  1.092876800  3.706602314 10.851949109  7.134325581  1.627539477 11.634329391  8.276205949  6.005173855
[273]  3.287306618  9.676532886  8.664757405  4.566283885  4.195644885  2.191512037  7.073480149  9.884246620
[281]  5.251399998  4.024282954  1.424677129 10.257453038 10.134094147  3.875417068  2.839769758  0.130163720
[289]  1.539379895  0.457150742  7.163453206  6.905780734  6.170234194  8.438219920  6.682382581 10.008546188
[297]  8.273968186  2.811320131  0.684756226  7.196469557  3.440730762  2.426545984  0.373240058  8.847240598
[305]  8.065042153  6.182222442  6.025404798  6.086697555  1.139326878  0.727182401  9.974452959  9.552718421
[313]  7.281714597  7.080744543  6.075855117  5.365998092  4.081686798  3.748281660  2.005601956  5.676401950
[321]  7.588383660  6.846994936  5.140874218  7.668022280  2.284642974  8.526286086  6.097245496  0.364398215
[329]  8.226440140  6.140257791  3.479941749  7.648485819  5.245919250  4.039329761  1.793044183  1.610974322
[337]  8.637890599  5.791221802  4.684100865  6.572956946  3.270449471  1.407440224  1.301319138  7.966533779
[345]  0.549673415  3.459632651  6.985388105  3.988673114  7.154755873  0.809761972  8.431736663  8.152051003
[353]  5.401187635  0.043602072  8.078147466  7.358150416  3.223232137  1.888881158  7.613408269  6.763866373
[361]  3.720829037  7.874826825  2.514779875  5.921378965  5.189697569  3.383801884  6.309080426  0.334567416
[369]  7.566699710  2.947632876  0.468998139  0.170732021  0.887315629  4.080737501  5.322814923  7.573604713
[377]  1.097090430  4.009122457  3.614752380  3.404718346  2.921120017  2.260794423  6.384760923  1.084959523
[385]  0.667742430  3.265746408  2.223036045  0.321565209  7.062348548  6.073169795  4.015273182  0.122615547
[393]  6.438992374  2.475750001  1.863012485  1.304318381  0.921738111  6.811715841  7.035493563  4.240443689
[401]  0.500509010  0.250743522  5.746935619  1.461548308  0.375217521  1.643087663  0.549922796  0.019883676
[409]  5.415283970  5.690265148  0.315162895  3.578170909  3.254488488  2.748595638  2.273987848  6.183873664
[417]  4.773685924  4.794255029  4.742366205  4.269616039  0.125364767  6.492973196  5.059357265  6.684471891
[425]  1.691586574  0.277016048  6.136927589  1.878368029  4.396470625  6.066516267  5.432058466  4.935557211
[433]  3.628737196  0.619940327  4.259928191  5.169462448  4.975327899  2.289110818  2.616309442  0.890412142
[441]  0.241849187  3.080511071  0.447538807  6.048559895  4.840676583  4.570304463  4.274295072  5.203587115
[449]  2.390013488  2.939594241  3.690754769  2.597881139  6.018741629  3.418469291  1.598120713  2.058211239
[457]  5.590503258  4.605856885  4.396603210  3.414182844  6.030893419  2.118653393  5.684330536  4.140088329
[465]  3.691192740  4.524006899  2.403242501  5.633749099  5.120467235  1.873111195  1.357723957  0.796016998
[473]  0.571650502  4.785971893  0.829143942  4.673635303  2.416229941  4.555993231  4.327603712  3.657530375
[481]  1.195422836  2.717306384  3.770481006  2.294616987  4.988430776  3.515581734  1.002687183  4.660858086
[489]  5.016190713  4.135952901  4.113618191  3.445071296  1.527071860  0.685297736  2.559184833  1.362127158
[497]  0.504796617  1.692682917  1.230271447  4.132087461  3.459513665  2.438881154  3.183136100  0.810384849
[505]  0.501988286  2.685886919  1.261352690  0.370595512  3.983057621  3.800489848  4.279417024  3.477546653
[513]  1.904851485  1.925316595  1.573515614  2.504076776  2.825625304  2.925440610  2.519888501  0.018080609
[521]  0.368621101  3.800548540  0.096601725  1.415536465  3.302929812  2.971115631  2.720914003  1.289375133
[529]  0.237216285  2.562028294  0.436955120  4.016774025  3.120302994  2.758401559  0.056806356  3.068600449
[537]  2.453491826  1.995800642  3.282490012  3.624249528  2.557368600  0.579124032  3.759596001  0.865533082
[545]  0.651409861  0.604869047  1.875918765  3.022407494  1.091807525  0.814480882  2.389886498  1.939792813
[553]  1.328330550  1.332740866  1.835295557  1.304051293  0.633241142  0.482711283  0.385489111  2.130290404
[561]  2.756392525  0.096818139  0.904348536  1.635879164  1.020652232  1.002763538  0.409135656  1.761301339
[569]  2.030381425  1.693061656  2.055759009  2.025912984  1.546675065  1.789184483  0.877462503  0.782863332
[577]  1.366300807  1.435067137  0.004190087  1.957509564  0.715407844  0.540402092  0.423787806  0.332249196
[585]  0.211862760  0.657312178  1.233455143  0.118455402  0.900056576  0.354284805  0.071702643  0.757685798
[593]  0.054352171  0.587136630  0.893581877  0.350488039  0.602658418  0.190019481  0.707146107  0.510319769
[601]  0.414896758  0.498613342  0.437227661  0.423728632  0.136737195  0.062231694

$PAR
  [1]  NA   1   1   1   1   2   2   2   6   6   6   6   6   6   6   7   7   7   7   8   8   8   8   4   4   4   4   4
 [29]  24  24  24  25  25  25  25  25  25  25  26  26  32  33  33  16  16  16  16  10  34  17  17  50  39  39  39  39
 [57]  39  39  39  39  44  51  51  51  35  35  11  11  20  20  20  20  29  48  48  67  67  67  67  67  67  30  27  27
 [85]  69  69  69  69  69  69  82  82  85  85  85  86  86  86  86  86  86  86  70  70  70  70   5   5  87  87  87 103
[113] 103  41  41  53  53  53  18  18  18  18  42  42  42  74  96  96  96  96  96  96  36  36  73  73  73  72  72  72
[141]  72  72 135  88  88  88  75  75 127 127 138 138 138 138 138 138  62 147 147 147 128 128 128  12  12 136 136  61
[169]  43  43  43 119 119 129 137  45  45  45  45  63 176 152 152 152  93  93  93  93  93  97  97  97  97  97  97  97
[197]  97 112 112 112 112 114 114  21  21  21  21 139 139 139 139 190  76 169  46  46  46 133 218 212 212  19  19  77
[225] 191 191 191 191 191 191 191 191 208 208 208  54 140  47  47  47 126 126 215 225 225 185 222 247 248 107 226 226
[253] 226 226 226  89  89  89 198 198 172 172 172  22  22 148  55  55  55 256 256 256 256 270 192 192 192 192 202  66
[281]  94  94  94 161 161 161 161 161 141 141 149 149 149 173 173 252 252 252 252 130 130 130 142 182 182 182 182 284
[309] 284 284 285 285 123 296 311 311 311 311 311 259 227 227 204 274 274 209 143 312  64 220  98 233 233  90 199 304
[337] 162 162 162 144 144 144 144 337 337 153 326 326 223 223 205 205 294 351 271 271 271 271 297 352  57 355 355 305
[365] 305 305 195 183 170 170 206 206 260 262 324 359 359 120 120 120 120 120 369 234 234 253 200 200 221 221 244 313
[393] 349 349 349 349 268 241 131 314 314 314 389  99  99 113 399 399 347 109 109 100 100 100 100 292 292 322 322 322
[421] 322  37 398 257 257 257 360 360 105 187 187 187 187 424 295 340 340 340 422 422 422 393 393 383 383 367 367 154
[449] 154 188 416 416 293 330 330 118 430 430 430 430 444 272 207 364 364 254 254 338 338 338 338 134 110 410 410 229
[477] 229 249 249 249 249 457 230 230 246 431 316 375 333 333 448 448 448 219 489 489 250 437 432 155  38 445 474 474
[505] 474 417  23  23 339 476 121 121 458 122 122 446 478 466 466 459  79  15 479 231 447 447 447 447 447 435 435 400
[533] 500 500  80 317  92 282 348 286 286 286 165 483 543 318 361 451 451 451 540 331 492 242 454 454 460 366 525 159
[561] 341 413 263 357 503 533 536 287 527 482 506 506 541 502 302 484 438 387 560 462 568 570 570 498 406 235 289 289
[589] 232 471 396 528 507 587  81 397 563 589 373 350 310 557 546 345 328 372

$EXTANT
  [1] FALSE FALSE FALSE  TRUE  TRUE  TRUE  TRUE  TRUE FALSE FALSE FALSE FALSE  TRUE FALSE FALSE FALSE FALSE  TRUE FALSE
 [20] FALSE FALSE  TRUE  TRUE FALSE  TRUE  TRUE  TRUE  TRUE  TRUE FALSE  TRUE FALSE FALSE FALSE  TRUE  TRUE  TRUE  TRUE
 [39]  TRUE  TRUE  TRUE  TRUE  TRUE FALSE  TRUE  TRUE  TRUE FALSE FALSE FALSE FALSE FALSE  TRUE FALSE FALSE FALSE  TRUE
 [58]  TRUE  TRUE  TRUE FALSE  TRUE FALSE  TRUE FALSE  TRUE  TRUE FALSE FALSE  TRUE FALSE  TRUE  TRUE  TRUE  TRUE FALSE
 [77]  TRUE  TRUE  TRUE  TRUE  TRUE  TRUE FALSE FALSE FALSE  TRUE  TRUE  TRUE  TRUE  TRUE FALSE  TRUE  TRUE  TRUE FALSE
 [96]  TRUE FALSE FALSE  TRUE  TRUE  TRUE  TRUE  TRUE FALSE  TRUE  TRUE  TRUE  TRUE  TRUE  TRUE  TRUE  TRUE  TRUE FALSE
[115] FALSE  TRUE  TRUE  TRUE FALSE  TRUE  TRUE  TRUE  TRUE  TRUE  TRUE  TRUE  TRUE  TRUE  TRUE  TRUE FALSE  TRUE  TRUE
[134]  TRUE  TRUE  TRUE  TRUE FALSE  TRUE  TRUE  TRUE  TRUE  TRUE  TRUE FALSE  TRUE  TRUE  TRUE  TRUE  TRUE  TRUE  TRUE
[153]  TRUE  TRUE  TRUE FALSE FALSE FALSE  TRUE  TRUE  TRUE  TRUE  TRUE FALSE  TRUE FALSE  TRUE  TRUE  TRUE FALSE  TRUE
[172]  TRUE  TRUE  TRUE  TRUE  TRUE FALSE FALSE  TRUE FALSE FALSE  TRUE  TRUE  TRUE  TRUE FALSE  TRUE  TRUE  TRUE FALSE
[191]  TRUE  TRUE FALSE  TRUE  TRUE  TRUE  TRUE  TRUE  TRUE  TRUE FALSE FALSE  TRUE  TRUE  TRUE  TRUE FALSE  TRUE FALSE
[210] FALSE  TRUE  TRUE FALSE  TRUE  TRUE  TRUE  TRUE  TRUE  TRUE FALSE  TRUE FALSE  TRUE FALSE  TRUE  TRUE FALSE  TRUE
[229]  TRUE  TRUE  TRUE  TRUE  TRUE  TRUE  TRUE  TRUE  TRUE  TRUE  TRUE  TRUE  TRUE  TRUE FALSE  TRUE  TRUE FALSE FALSE
[248]  TRUE  TRUE  TRUE  TRUE  TRUE  TRUE  TRUE  TRUE  TRUE  TRUE  TRUE  TRUE  TRUE  TRUE  TRUE  TRUE  TRUE  TRUE  TRUE
[267]  TRUE  TRUE  TRUE FALSE  TRUE  TRUE  TRUE  TRUE  TRUE  TRUE  TRUE  TRUE  TRUE  TRUE FALSE  TRUE  TRUE FALSE FALSE
[286]  TRUE  TRUE  TRUE  TRUE  TRUE FALSE  TRUE FALSE  TRUE FALSE  TRUE  TRUE  TRUE  TRUE FALSE  TRUE  TRUE  TRUE  TRUE
[305]  TRUE  TRUE  TRUE  TRUE FALSE  TRUE  TRUE  TRUE  TRUE  TRUE FALSE  TRUE  TRUE  TRUE  TRUE  TRUE FALSE  TRUE  TRUE
[324] FALSE FALSE  TRUE  TRUE  TRUE FALSE  TRUE  TRUE  TRUE  TRUE  TRUE  TRUE  TRUE  TRUE  TRUE  TRUE  TRUE  TRUE  TRUE
[343]  TRUE FALSE  TRUE  TRUE  TRUE  TRUE  TRUE  TRUE  TRUE  TRUE  TRUE  TRUE  TRUE  TRUE  TRUE FALSE  TRUE  TRUE  TRUE
[362]  TRUE  TRUE  TRUE  TRUE  TRUE  TRUE  TRUE FALSE  TRUE  TRUE  TRUE  TRUE FALSE  TRUE FALSE  TRUE  TRUE  TRUE  TRUE
[381]  TRUE  TRUE  TRUE  TRUE  TRUE  TRUE  TRUE  TRUE  TRUE  TRUE  TRUE  TRUE  TRUE  TRUE  TRUE  TRUE  TRUE  TRUE  TRUE
[400]  TRUE  TRUE  TRUE  TRUE  TRUE  TRUE  TRUE  TRUE  TRUE  TRUE  TRUE  TRUE  TRUE  TRUE  TRUE FALSE  TRUE FALSE  TRUE
[419]  TRUE  TRUE  TRUE  TRUE  TRUE  TRUE  TRUE  TRUE FALSE  TRUE  TRUE FALSE  TRUE  TRUE  TRUE  TRUE  TRUE  TRUE  TRUE
[438]  TRUE  TRUE  TRUE  TRUE  TRUE  TRUE FALSE  TRUE  TRUE  TRUE  TRUE  TRUE  TRUE  TRUE  TRUE FALSE  TRUE  TRUE FALSE
[457]  TRUE  TRUE  TRUE  TRUE FALSE  TRUE  TRUE  TRUE  TRUE  TRUE  TRUE  TRUE  TRUE  TRUE  TRUE  TRUE  TRUE  TRUE  TRUE
[476]  TRUE  TRUE  TRUE  TRUE  TRUE  TRUE  TRUE  TRUE  TRUE  TRUE  TRUE  TRUE  TRUE  TRUE  TRUE  TRUE  TRUE  TRUE  TRUE
[495]  TRUE  TRUE  TRUE  TRUE  TRUE  TRUE FALSE  TRUE  TRUE  TRUE  TRUE  TRUE  TRUE  TRUE  TRUE  TRUE  TRUE FALSE  TRUE
[514]  TRUE  TRUE  TRUE  TRUE  TRUE  TRUE  TRUE  TRUE  TRUE  TRUE  TRUE  TRUE  TRUE  TRUE  TRUE  TRUE  TRUE  TRUE  TRUE
[533]  TRUE  TRUE  TRUE  TRUE  TRUE  TRUE  TRUE  TRUE  TRUE  TRUE  TRUE  TRUE  TRUE  TRUE  TRUE  TRUE  TRUE  TRUE  TRUE
[552]  TRUE  TRUE  TRUE  TRUE  TRUE  TRUE  TRUE  TRUE  TRUE FALSE  TRUE  TRUE  TRUE  TRUE  TRUE  TRUE  TRUE  TRUE  TRUE
[571]  TRUE  TRUE  TRUE  TRUE  TRUE  TRUE  TRUE  TRUE  TRUE  TRUE  TRUE  TRUE  TRUE  TRUE  TRUE  TRUE  TRUE  TRUE  TRUE
[590]  TRUE  TRUE  TRUE  TRUE  TRUE  TRUE  TRUE  TRUE  TRUE  TRUE  TRUE  TRUE FALSE  TRUE  TRUE  TRUE  TRUE

