
Birth-death simulation object with 587 species and 500 extant species

Details for some species:

Extinction times (NA means extant)
[1]  8.625831  5.118760        NA 24.321936 13.929500 23.846478


Speciation times 
[1] 57.18912 52.76069 38.12918 25.32476 17.73484 50.63235


Species parents (NA for initial)
[1] NA  1  1  1  1  2


Species status (extinct or extant)
[1] "extinct" "extinct" "extant"  "extinct" "extinct" "extinct"


For more details on vector y, try sim$y, with y one of
TE TS PAR EXTANT



$TE
  [1]  8.62583120  5.11875982          NA 24.32193612 13.92949961 23.84647773 10.76535537 35.73148777  7.80450426
 [10]          NA          NA          NA          NA  2.15880272          NA 26.35934612 28.05191404          NA
 [19] 22.49265554 25.30701149          NA 17.05319951          NA          NA          NA          NA  2.60410092
 [28]  9.62959454          NA          NA  5.33160559          NA 13.91409589  4.05966277          NA  8.48613962
 [37]          NA          NA          NA          NA          NA          NA          NA          NA  7.16328941
 [46]          NA          NA  6.02150590          NA          NA          NA          NA 13.13989413          NA
 [55]          NA          NA          NA          NA          NA          NA          NA          NA 12.31155928
 [64]          NA          NA          NA          NA          NA          NA          NA  1.78079404          NA
 [73]          NA          NA  9.99680368          NA          NA          NA 13.76715074          NA          NA
 [82]          NA  6.28542878          NA 11.87492835          NA          NA          NA          NA          NA
 [91]          NA          NA          NA  0.98775324          NA          NA          NA          NA 14.30956487
[100]          NA          NA          NA          NA          NA          NA          NA          NA          NA
[109]          NA  7.45993548          NA          NA          NA  7.29268626  9.19733729          NA          NA
[118]          NA          NA  2.74055770          NA          NA  5.60199221          NA          NA 11.53788673
[127]          NA          NA          NA          NA  5.45106403          NA          NA  5.49605620          NA
[136]  1.73063342 15.28276942          NA          NA          NA          NA          NA 14.05789988          NA
[145]          NA  8.62258375          NA          NA          NA          NA          NA  3.27030485          NA
[154]          NA          NA          NA          NA          NA          NA          NA          NA          NA
[163]          NA          NA          NA          NA          NA          NA          NA          NA          NA
[172]          NA          NA          NA          NA          NA          NA          NA          NA          NA
[181]          NA          NA          NA          NA          NA  3.22265530          NA  9.74038385  8.17783614
[190]          NA          NA  1.46131244  2.82071023          NA          NA          NA          NA          NA
[199]          NA          NA          NA          NA          NA          NA  3.98680278  2.13243148          NA
[208]          NA          NA          NA          NA          NA          NA          NA          NA          NA
[217]          NA          NA          NA          NA          NA          NA          NA          NA          NA
[226]          NA          NA          NA          NA          NA          NA          NA          NA  0.96910069
[235]  5.77816607          NA          NA          NA          NA          NA          NA          NA          NA
[244]  1.71192347          NA          NA          NA          NA          NA          NA          NA          NA
[253]          NA          NA          NA          NA          NA          NA          NA          NA          NA
[262]  1.19008888  1.41870900          NA          NA          NA          NA          NA          NA          NA
[271]          NA          NA          NA          NA          NA          NA          NA          NA          NA
[280]          NA          NA          NA          NA  7.45332871          NA          NA          NA          NA
[289]          NA          NA          NA          NA  5.84399709          NA          NA  2.29247321          NA
[298]          NA          NA          NA          NA          NA  0.08119882          NA          NA          NA
[307]          NA          NA  5.84358942          NA          NA          NA          NA          NA          NA
[316]  2.08294397          NA          NA          NA          NA          NA  4.03266038          NA          NA
[325]  5.39455937          NA  1.46205696          NA          NA          NA          NA  4.16209849  3.80695992
[334]          NA          NA          NA          NA          NA          NA          NA          NA          NA
[343]          NA          NA          NA          NA          NA          NA  1.07968249          NA          NA
[352]          NA          NA          NA          NA          NA          NA          NA          NA          NA
[361]          NA          NA          NA          NA          NA          NA          NA          NA          NA
[370]          NA          NA          NA          NA          NA          NA          NA          NA  2.96721397
[379]          NA          NA          NA          NA          NA          NA          NA  0.62882084          NA
[388]          NA          NA          NA          NA          NA          NA          NA          NA          NA
[397]          NA          NA          NA          NA          NA  3.65354772  2.56109567          NA          NA
[406]  4.74733475          NA          NA          NA          NA          NA          NA          NA          NA
[415]          NA          NA          NA          NA          NA          NA          NA          NA  0.42654946
[424]  4.52280399          NA          NA          NA          NA          NA          NA          NA          NA
[433]  0.37418931          NA          NA          NA  3.46552954          NA          NA          NA          NA
[442]          NA          NA          NA          NA          NA          NA  1.65048617          NA  0.54046463
[451]          NA          NA  0.96194933          NA          NA          NA          NA          NA          NA
[460]          NA          NA          NA          NA          NA          NA          NA          NA          NA
[469]          NA          NA  0.61330112          NA          NA          NA          NA          NA          NA
[478]          NA          NA          NA          NA          NA          NA          NA          NA          NA
[487]          NA          NA          NA  1.55913625          NA  2.93883781          NA          NA          NA
[496]          NA          NA          NA          NA          NA          NA          NA          NA          NA
[505]          NA          NA          NA          NA          NA          NA          NA  0.14717464          NA
[514]          NA          NA          NA          NA          NA          NA          NA          NA          NA
[523]          NA  0.41896128          NA          NA          NA          NA          NA          NA  0.22080803
[532]          NA          NA          NA          NA          NA          NA          NA          NA          NA
[541]          NA          NA          NA          NA          NA          NA          NA          NA          NA
[550]          NA          NA          NA          NA          NA          NA          NA          NA          NA
[559]          NA          NA          NA          NA          NA          NA          NA          NA          NA
[568]          NA          NA          NA          NA          NA          NA          NA          NA          NA
[577]  0.66222577          NA          NA          NA          NA          NA          NA          NA          NA
[586]          NA          NA

$TS
  [1] 57.189120444 52.760686275 38.129179151 25.324757146 17.734839237 50.632348336 43.566352822 42.652155194
  [9] 27.266069938 14.976964470 32.137583713 17.148153058 15.463622135 13.691803458 42.040042281 38.224561467
 [17] 31.478398723  0.719848662 33.359819575 27.654785437 34.117925724 25.601544327 18.976136649  5.237475574
 [25] 26.245915310 24.963864047 17.043195862 20.742745766 17.809618142 17.408501079 25.145645262 24.508632163
 [33] 17.585721973 16.927403515 10.759377061  9.750085109  3.290597195  3.212113102  3.167016740  2.245576249
 [41]  0.513194737 18.925823828 21.522891868 20.262394886 20.122482477 12.022949996 23.814010752 23.180109055
 [49] 21.083171916 16.737755385 15.966970654 14.419035601 21.772627007 20.938690015 17.462228232 16.867604138
 [57] 15.729663957 11.300904602  6.270221104  5.512544863  2.714937624 12.832614846 15.075933964 16.775574826
 [65]  5.175982847  1.899358514 15.608637173 15.059980091  4.401686426  3.389793630 15.164619194 11.226019280
 [73]  6.055862208  5.835757377 15.814418528 10.240193756 18.240320746 17.300868801 15.364127653  9.825169532
 [81]  8.433041153  8.283366451  7.676519323  0.533500493 19.621886650 19.224421335 14.569523539 19.198495352
 [89] 17.836677623 16.952104787  7.123463382  5.403418830 12.945439337 11.730281803  5.061982362  2.762144541
 [97]  2.240652125  0.621079370 16.432157762  9.410141371  4.135129759 18.159695901  5.739115692  2.971339990
[105]  2.166793315  0.565832067  0.379135703 12.736591420  8.049890430 11.280953676 10.266626129  0.822627765
[113] 16.264595140 14.986135962 15.195229917 16.523049507 13.604399806  8.570406585  1.555694071 13.867382868
[121]  6.854917281  4.595214151 15.931770007  3.398907984 10.181594820 11.658581474  7.965811563  3.498503237
[129]  2.665011230 12.422955309 12.025995278  7.981755383  7.517599932  6.806593572 12.906121526  8.471632674
[137] 16.020938332 12.121014476  4.549273944  3.335745338  3.153705724 15.310798953 14.427215146  7.068844589
[145]  4.631788131 16.602232821 13.832482287 13.518631896 11.213409239  7.590491886  4.037510844  3.338725782
[153] 13.814792298 13.174712699 11.135115264 10.531557895  5.911993775 14.074132007  5.996057101  4.849125136
[161]  3.863552406 15.117005982  6.407230401  5.995446358  3.604129530  1.208638699  7.576318267 12.048482127
[169]  7.968337798  1.548655635  2.553909215 12.757057081  9.057809901  1.091676380 14.509699404  1.247641793
[177]  9.266457043  4.221014727 13.938431458 11.758840398  8.452942925  6.325293008  5.578471783  1.382981723
[185] 14.247124467  9.652279510  0.855926352 12.578565518  8.310177679  4.679081264 11.017857914  8.361574655
[193]  4.176654352  3.020415903 12.970240500  7.114840487  6.579130075  5.877392073  3.117705271  7.490645338
[201]  4.631357199 10.381898532 10.215165349  0.340231275 11.667034794  8.987120218  8.153331608  0.721218626
[209]  6.251971667  0.902800672  0.829461830  0.009620740  5.173294629 12.566992508 11.320568878  0.190242452
[217]  5.440321605 12.803736939  9.981167234  7.448144797  3.344428123  3.287018911  2.629797721  2.079830129
[225]  1.969275548  1.274919801 12.532807781  9.435619475  3.247215256 10.013506149  4.904459782  1.202086437
[233] 12.264329179  8.534649095  9.550610531  6.846027863  6.405464907 11.762251214  7.538240562  7.190515733
[241]  6.718246328  6.384985893  5.655783912  5.077099518  3.589123801  0.769174144  9.093815389  8.498436838
[249]  1.546317146  6.677509596  4.926949011  2.353332302  1.126272472  5.866166463  0.180312012 11.935735212
[257]  3.293903869  7.620194520  4.692834002  7.902803802  1.332625094  7.366409618  7.357771671  5.795321018
[265] 11.352224179 11.140237779  4.473797580  2.844275220  3.971049263  2.743481527  7.910764357  5.164613820
[273]  5.385098150  4.841224320  2.633309212 10.725707932  6.366272710  4.312666073  0.766394386  0.002825751
[281]  7.336125556  2.180679592  7.658062551  9.839696743  5.823620709  0.667881884  0.472164748 10.471653207
[289]  2.556592482  6.394851047  6.655825391  4.813244552  7.777913530  5.173944496  2.340023536  8.948793304
[297]  3.995195059  1.682190202  7.914652712  7.914219035  9.053001461  4.612496472  3.621232014  1.348159580
[305]  2.230426288  0.472298608  7.221909931  7.082793937  7.786423952  7.430249624  4.884544326  5.331808972
[313]  0.209732306  7.251096591  5.854532242  2.569209594  7.048313752  3.694856177  2.554946697  4.116244867
[321]  0.042901233  7.363098829  6.957141520  6.707851485  5.760164215  4.452138313  2.159281051  3.406643262
[329]  7.701071573  4.909112383  7.811056299  6.026806579  4.470205744  4.367871373  2.158631542  1.974780302
[337]  7.938177209  7.038621827  5.310244757  3.121951998  4.091123943  3.936115494  3.178677251  1.462107163
[345]  5.407950450  4.956222649  2.354258547  7.768679725  6.206335742  4.290264570  2.777313073  6.219209900
[353]  6.993214427  0.603286325  3.355793076  2.665527149  1.547088375  5.372147969  2.338311425  1.949580595
[361]  4.807266915  1.947473777  7.331530591  1.992434255  1.735640267  1.752200366  0.793256882  4.010512256
[369]  5.158479948  4.937858997  3.820914862  6.244714164  4.203336311  6.781035987  4.661522906  1.755252982
[377]  1.718587996  5.029806006  4.991556384  5.781578999  6.143836330  5.664373411  0.189611789  3.357517565
[385]  1.887153607  1.990785393  5.127084897  3.275851727  1.249382444  1.881765179  4.114654616  3.179583498
[393]  5.307754719  5.185235958  2.259953377  0.012827381  6.125995406  3.878151080  1.866477346  3.448458644
[401]  5.808135176  6.266096474  3.594912497  5.713115912  3.476724434  6.036442825  3.720874830  5.189997174
[409]  1.727943839  2.010118661  5.655784555  1.302929460  1.346054454  2.925747874  2.113394177  5.551536033
[417]  1.458761976  5.188763968  4.893862977  3.427434435  2.371918480  1.830715756  0.772967811  5.480669810
[425]  3.643320581  3.250886303  2.223377191  3.096692732  3.900470732  3.867470629  5.172974385  4.565328994
[433]  2.922206800  2.688758588  4.145018780  0.476050608  4.813793948  5.161306677  1.956976213  0.399969225
[441]  5.420467979  4.764378067  5.206905547  0.868113499  0.697737464  1.890610771  1.034564128  5.158660672
[449]  2.516413353  1.097756616  2.728812899  0.791164820  3.558462704  3.550558807  3.512558679  0.197428865
[457]  3.928120510  4.037267842  1.473777825  4.992773022  3.523759851  0.100836561  3.559338427  2.178976715
[465]  4.535282048  2.887563798  2.710859476  4.719787303  4.778298866  0.824061889  4.202321056  3.355598796
[473]  3.235039193  2.355126031  4.129905482  2.361854010  1.832500654  2.683702267  2.161991004  1.242784927
[481]  0.586657730  4.676913774  2.552360753  2.300266554  4.011113787  0.746878944  0.882926714  3.069807087
[489]  3.015567824  4.443922655  0.741609338  3.158675589  1.243364190  2.643018146  2.359984855  1.668181439
[497]  1.586088186  1.280016342  2.665723785  2.827951692  3.433371969  1.757118503  2.908893320  2.731617992
[505]  2.589701341  0.908137739  3.325608626  0.333695423  2.383331279  1.135385613  3.450366798  2.036572512
[513]  2.581058603  2.149865482  2.868369390  1.039134892  1.879052059  1.124569418  1.653939870  1.553113363
[521]  0.591046951  3.145915188  2.799525904  1.072323914  1.001447917  3.266615840  1.103313033  2.316634455
[529]  1.161354748  0.892681725  0.784353399  0.617718198  0.018469525  0.194623627  2.937469771  1.249236164
[537]  1.899017803  0.634127394  1.738244585  2.763328582  2.291432843  2.203445250  0.349176997  0.976824451
[545]  0.740509699  2.561850998  2.480564551  1.971872798  2.379352065  1.434720871  1.047941170  0.514021459
[553]  2.174346988  0.029134266  0.358545443  0.634602133  0.113860056  0.782011076  0.242894626  1.285488076
[561]  0.194912359  1.486116416  1.255443615  1.565902322  0.982987851  0.287016472  1.689651081  0.330576897
[569]  1.295987742  1.206673648  1.729027949  0.833253940  0.109301568  0.667667566  0.671276175  1.184937996
[577]  1.283317607  0.505423562  0.910996219  0.187275062  0.176831675  0.588745830  0.099776683  0.017392333
[585]  0.119591777  0.198521437  0.014837330

$PAR
  [1]  NA   1   1   1   1   2   2   2   2   2   7   7   7   7   8   8  15  15  16  16   3   3   3   3  21  11  11   9
 [29]   9   9  25  25  25  25  25  25  25  25  25  25  25  22  31  31  31  31  32  32  32  32  32  32  47  47  47  47
 [57]  47  47  47  47  47  48  53  43  43  43  49  49  49  49  54  54  54  54  28  28  44  44  44  44  44  44  44  44
 [85]  45  45  45  85  85  86  86  86  88  88  88  88  23  23  42  42  42  77  77  77  77  77  77 102 102  89  89  89
[113]   5   5  33  55  55  55  55  30  30  30  78  78  12  27  27  27  27  90  90  90  90  90  34  34  56  56  56  56
[141]  56  64  64  64  64  50  50  50  50  50  50  50 146 116 116 116 116 113 113 113 113  51  51  51  51  51 123  57
[169]  57  57  67  13  13  13 142 142 115  71 162 162 162 162 162 162  63  68  68 114  10  10  87  87  87  87 175 175
[197] 175 175 175  52  52 185 185 185 179 179 179 179 147 147 147 147 153 117 117 117 148 154 154 154 154 154 154 154
[225] 154 154 195 195 195  93  93  93 135 135  62  62  62 218 218 218 218 218 218 218 218 218 172 172 172 108 108 108
[253] 108 214 214 130 130 233 233 138 168 131 131 131  46 238 238 238 180 180  94  94 205 265 265 215 215 215 215 215
[281]  58  58 110 149 149 149 149 266 155 191  35  35 276 276 156 288 288 288 202 202 111 111 111 111 203 203 125 125
[309] 219 219 219  80  80 186 100 100 177 177 177 301 301 206 296 296 296 296 118 248 181 181  81 192 192 207 207 109
[337] 132 132 169 127 337 337 337 337 299 299 300 331 331 331 331 309 283 283 150 150 150 167 167 167 133 133 200 200
[365] 200 220 220 310 262 262 262 263 281 363 314 307 240  91  91 196 308 308 308 317 317 338 353 353 353 323 121 236
[393] 250 250 250 291 197 197 197 290 242 277 277 182  59 402 402 209 209 372 352 349 381 397  73 406 159 198 254 254
[421] 254  74 401 264 264 264 264 380 103 404 382 382 411 411 183 183 416  60  60  60 424 424 441 345 345 408 418 394
[449] 394 394  65  65 294 213 213 213 272 438 438 448 448 369 387 387 244 244 244 379 346 370 330 330 330 231 419 419
[477] 419 292 469 469 442 259 482 482 145 201 302 139 139 267 267  69 278 350 373 373 373 373 391 341 297 297 269 457
[505] 457 457 429 398 407 407 453 454 455 511 400 420 328 328  70 384 355 472 472 472 221 140 426 229 473 473 343 343
[533] 343 141 522 340 199 488 194 535 535 414 414 268 523 351 451 434 129 275 513 546 319 171 547 509 549 421 295 359
[561] 542 105 335 415 410 410 225 385 390 399 502 409 409 567 564 119 357 459 480 232 211 470 112 112 556 532 583

$EXTANT
  [1] FALSE FALSE  TRUE FALSE FALSE FALSE FALSE FALSE FALSE  TRUE  TRUE  TRUE  TRUE FALSE  TRUE FALSE FALSE  TRUE FALSE
 [20] FALSE  TRUE FALSE  TRUE  TRUE  TRUE  TRUE FALSE FALSE  TRUE  TRUE FALSE  TRUE FALSE FALSE  TRUE FALSE  TRUE  TRUE
 [39]  TRUE  TRUE  TRUE  TRUE  TRUE  TRUE FALSE  TRUE  TRUE FALSE  TRUE  TRUE  TRUE  TRUE FALSE  TRUE  TRUE  TRUE  TRUE
 [58]  TRUE  TRUE  TRUE  TRUE  TRUE FALSE  TRUE  TRUE  TRUE  TRUE  TRUE  TRUE  TRUE FALSE  TRUE  TRUE  TRUE FALSE  TRUE
 [77]  TRUE  TRUE FALSE  TRUE  TRUE  TRUE FALSE  TRUE FALSE  TRUE  TRUE  TRUE  TRUE  TRUE  TRUE  TRUE  TRUE FALSE  TRUE
 [96]  TRUE  TRUE  TRUE FALSE  TRUE  TRUE  TRUE  TRUE  TRUE  TRUE  TRUE  TRUE  TRUE  TRUE FALSE  TRUE  TRUE  TRUE FALSE
[115] FALSE  TRUE  TRUE  TRUE  TRUE FALSE  TRUE  TRUE FALSE  TRUE  TRUE FALSE  TRUE  TRUE  TRUE  TRUE FALSE  TRUE  TRUE
[134] FALSE  TRUE FALSE FALSE  TRUE  TRUE  TRUE  TRUE  TRUE FALSE  TRUE  TRUE FALSE  TRUE  TRUE  TRUE  TRUE  TRUE FALSE
[153]  TRUE  TRUE  TRUE  TRUE  TRUE  TRUE  TRUE  TRUE  TRUE  TRUE  TRUE  TRUE  TRUE  TRUE  TRUE  TRUE  TRUE  TRUE  TRUE
[172]  TRUE  TRUE  TRUE  TRUE  TRUE  TRUE  TRUE  TRUE  TRUE  TRUE  TRUE  TRUE  TRUE  TRUE FALSE  TRUE FALSE FALSE  TRUE
[191]  TRUE FALSE FALSE  TRUE  TRUE  TRUE  TRUE  TRUE  TRUE  TRUE  TRUE  TRUE  TRUE  TRUE FALSE FALSE  TRUE  TRUE  TRUE
[210]  TRUE  TRUE  TRUE  TRUE  TRUE  TRUE  TRUE  TRUE  TRUE  TRUE  TRUE  TRUE  TRUE  TRUE  TRUE  TRUE  TRUE  TRUE  TRUE
[229]  TRUE  TRUE  TRUE  TRUE  TRUE FALSE FALSE  TRUE  TRUE  TRUE  TRUE  TRUE  TRUE  TRUE  TRUE FALSE  TRUE  TRUE  TRUE
[248]  TRUE  TRUE  TRUE  TRUE  TRUE  TRUE  TRUE  TRUE  TRUE  TRUE  TRUE  TRUE  TRUE  TRUE FALSE FALSE  TRUE  TRUE  TRUE
[267]  TRUE  TRUE  TRUE  TRUE  TRUE  TRUE  TRUE  TRUE  TRUE  TRUE  TRUE  TRUE  TRUE  TRUE  TRUE  TRUE  TRUE FALSE  TRUE
[286]  TRUE  TRUE  TRUE  TRUE  TRUE  TRUE  TRUE FALSE  TRUE  TRUE FALSE  TRUE  TRUE  TRUE  TRUE  TRUE  TRUE FALSE  TRUE
[305]  TRUE  TRUE  TRUE  TRUE FALSE  TRUE  TRUE  TRUE  TRUE  TRUE  TRUE FALSE  TRUE  TRUE  TRUE  TRUE  TRUE FALSE  TRUE
[324]  TRUE FALSE  TRUE FALSE  TRUE  TRUE  TRUE  TRUE FALSE FALSE  TRUE  TRUE  TRUE  TRUE  TRUE  TRUE  TRUE  TRUE  TRUE
[343]  TRUE  TRUE  TRUE  TRUE  TRUE  TRUE FALSE  TRUE  TRUE  TRUE  TRUE  TRUE  TRUE  TRUE  TRUE  TRUE  TRUE  TRUE  TRUE
[362]  TRUE  TRUE  TRUE  TRUE  TRUE  TRUE  TRUE  TRUE  TRUE  TRUE  TRUE  TRUE  TRUE  TRUE  TRUE  TRUE FALSE  TRUE  TRUE
[381]  TRUE  TRUE  TRUE  TRUE  TRUE FALSE  TRUE  TRUE  TRUE  TRUE  TRUE  TRUE  TRUE  TRUE  TRUE  TRUE  TRUE  TRUE  TRUE
[400]  TRUE  TRUE FALSE FALSE  TRUE  TRUE FALSE  TRUE  TRUE  TRUE  TRUE  TRUE  TRUE  TRUE  TRUE  TRUE  TRUE  TRUE  TRUE
[419]  TRUE  TRUE  TRUE  TRUE FALSE FALSE  TRUE  TRUE  TRUE  TRUE  TRUE  TRUE  TRUE  TRUE FALSE  TRUE  TRUE  TRUE FALSE
[438]  TRUE  TRUE  TRUE  TRUE  TRUE  TRUE  TRUE  TRUE  TRUE  TRUE FALSE  TRUE FALSE  TRUE  TRUE FALSE  TRUE  TRUE  TRUE
[457]  TRUE  TRUE  TRUE  TRUE  TRUE  TRUE  TRUE  TRUE  TRUE  TRUE  TRUE  TRUE  TRUE  TRUE FALSE  TRUE  TRUE  TRUE  TRUE
[476]  TRUE  TRUE  TRUE  TRUE  TRUE  TRUE  TRUE  TRUE  TRUE  TRUE  TRUE  TRUE  TRUE  TRUE FALSE  TRUE FALSE  TRUE  TRUE
[495]  TRUE  TRUE  TRUE  TRUE  TRUE  TRUE  TRUE  TRUE  TRUE  TRUE  TRUE  TRUE  TRUE  TRUE  TRUE  TRUE  TRUE FALSE  TRUE
[514]  TRUE  TRUE  TRUE  TRUE  TRUE  TRUE  TRUE  TRUE  TRUE  TRUE FALSE  TRUE  TRUE  TRUE  TRUE  TRUE  TRUE FALSE  TRUE
[533]  TRUE  TRUE  TRUE  TRUE  TRUE  TRUE  TRUE  TRUE  TRUE  TRUE  TRUE  TRUE  TRUE  TRUE  TRUE  TRUE  TRUE  TRUE  TRUE
[552]  TRUE  TRUE  TRUE  TRUE  TRUE  TRUE  TRUE  TRUE  TRUE  TRUE  TRUE  TRUE  TRUE  TRUE  TRUE  TRUE  TRUE  TRUE  TRUE
[571]  TRUE  TRUE  TRUE  TRUE  TRUE  TRUE FALSE  TRUE  TRUE  TRUE  TRUE  TRUE  TRUE  TRUE  TRUE  TRUE  TRUE

