
Birth-death simulation object with 623 species and 500 extant species

Details for some species:

Extinction times (NA means extant)
[1] 23.41383 23.81363 24.59604 13.50342 13.27184       NA


Speciation times 
[1] 61.64656 47.44274 43.27996 41.58580 36.83784 36.47459


Species parents (NA for initial)
[1] NA  1  1  1  1  1


Species status (extinct or extant)
[1] "extinct" "extinct" "extinct" "extinct" "extinct" "extant" 


For more details on vector y, try sim$y, with y one of
TE TS PAR EXTANT



$TE
  [1] 23.41382722 23.81363419 24.59603835 13.50341821 13.27184016          NA          NA 19.80820588          NA
 [10]  9.23824246 21.91172735 12.30819277 19.12916424 10.36734249          NA          NA  1.51699999          NA
 [19]          NA 13.56917513 12.30647396  6.34443552 16.94656184 21.80158772 25.94818144          NA          NA
 [28]          NA  7.79588431  1.20578918          NA 19.78594776 18.42752480  8.86660505  4.74075981          NA
 [37]          NA          NA          NA 14.70398911  5.29874243 21.11041380  4.53940984 25.20808642 20.07743504
 [46] 20.28234982  5.77146539 19.19105960  9.52323925          NA  7.04241751          NA          NA          NA
 [55] 11.93850150  7.66985514          NA          NA          NA          NA          NA          NA          NA
 [64]          NA  5.77445481 17.08684223          NA          NA  6.33064804          NA          NA 11.70772656
 [73]          NA          NA  2.97871473          NA          NA          NA          NA          NA          NA
 [82]  6.19976414          NA          NA          NA 12.71290912          NA  8.43616415          NA          NA
 [91]          NA  9.94090525  2.29588417          NA          NA  3.55758647          NA          NA 19.59223220
[100] 18.62287753          NA          NA          NA          NA          NA          NA          NA  7.02268483
[109]          NA          NA 12.27094245          NA          NA  6.79716147  1.54786021          NA  2.46395063
[118]          NA          NA          NA  7.72249208  7.88593172          NA          NA  9.09762124  6.98604841
[127]          NA  3.99045213          NA          NA 12.80522144          NA          NA          NA          NA
[136]          NA  8.66039823          NA 12.72992453          NA          NA          NA          NA          NA
[145]  7.00530386          NA          NA          NA          NA  3.44851868          NA          NA 10.77711102
[154]  1.78715716          NA          NA          NA          NA          NA          NA          NA  4.83138634
[163]  1.72311603          NA          NA  3.05526775          NA  5.33424150  3.90699541          NA 10.82863940
[172]          NA          NA          NA  9.06371202          NA          NA          NA          NA          NA
[181]          NA          NA  6.88994281          NA          NA          NA          NA          NA          NA
[190]          NA          NA          NA          NA          NA  4.54908108          NA          NA          NA
[199]          NA          NA          NA          NA  5.88994306          NA          NA          NA          NA
[208]          NA          NA          NA          NA  5.13304941          NA  8.04330232          NA  5.84429159
[217]          NA          NA          NA  1.76325517          NA          NA          NA          NA          NA
[226]          NA          NA          NA          NA          NA          NA          NA          NA  7.12589394
[235]          NA          NA 11.19855519          NA          NA          NA          NA          NA          NA
[244]          NA  1.41682881          NA  0.71532219          NA          NA          NA          NA          NA
[253]  3.59623333          NA  2.30762388          NA          NA          NA          NA 11.04625434          NA
[262]  3.18783638          NA          NA          NA          NA          NA          NA          NA          NA
[271]          NA          NA  2.37057031          NA          NA          NA          NA          NA          NA
[280]          NA          NA          NA          NA          NA          NA          NA          NA          NA
[289]          NA          NA          NA          NA  6.13475220          NA          NA          NA          NA
[298]          NA          NA          NA          NA          NA  4.14416448  0.91512647          NA          NA
[307]          NA          NA          NA          NA  5.07241559          NA          NA          NA  2.54867508
[316]  1.60264808          NA          NA          NA          NA          NA          NA          NA          NA
[325]          NA          NA          NA          NA          NA          NA          NA  3.69808210          NA
[334]  2.14006254          NA          NA          NA          NA          NA  1.45851233          NA          NA
[343]          NA          NA          NA          NA          NA          NA          NA          NA          NA
[352]  0.43177713          NA  0.30881980  3.08987116          NA          NA          NA          NA          NA
[361]          NA          NA          NA          NA          NA          NA          NA          NA          NA
[370]          NA          NA          NA          NA  4.81255758          NA          NA          NA          NA
[379]          NA          NA          NA  0.08932115          NA          NA          NA          NA          NA
[388]  2.22450849  0.39015618          NA          NA          NA          NA          NA          NA          NA
[397]          NA          NA  2.57653771  4.51996605          NA          NA          NA          NA          NA
[406]          NA          NA          NA          NA          NA          NA          NA          NA          NA
[415]  2.16110958          NA          NA          NA          NA          NA          NA          NA  3.19408162
[424]          NA          NA          NA          NA          NA          NA          NA          NA          NA
[433]          NA          NA          NA          NA          NA          NA          NA          NA          NA
[442]          NA          NA          NA          NA          NA          NA          NA          NA          NA
[451]  1.05705011          NA          NA  4.84213009          NA          NA          NA          NA          NA
[460]          NA          NA          NA          NA          NA          NA          NA          NA          NA
[469]          NA          NA          NA          NA          NA          NA          NA          NA  0.92794689
[478]          NA          NA  0.70077265          NA          NA          NA          NA          NA          NA
[487]          NA          NA          NA          NA          NA  1.56366018          NA          NA  0.57704750
[496]          NA          NA          NA          NA          NA          NA          NA          NA          NA
[505]          NA          NA          NA          NA          NA          NA          NA          NA          NA
[514]          NA          NA          NA          NA          NA          NA          NA          NA          NA
[523]          NA          NA          NA          NA  0.93423615          NA          NA          NA          NA
[532]          NA          NA          NA          NA          NA          NA          NA  0.27399649          NA
[541]          NA          NA          NA          NA          NA          NA          NA          NA          NA
[550]          NA          NA          NA          NA          NA          NA          NA          NA          NA
[559]          NA  1.00219544  0.55396874          NA          NA          NA  2.67912548          NA          NA
[568]          NA          NA          NA          NA          NA          NA          NA          NA          NA
[577]          NA          NA          NA          NA          NA          NA          NA          NA          NA
[586]  2.48531608          NA          NA          NA          NA          NA          NA          NA          NA
[595]          NA          NA          NA          NA          NA          NA          NA          NA          NA
[604]  1.59396201          NA          NA          NA          NA          NA          NA          NA          NA
[613]          NA          NA          NA          NA          NA          NA          NA          NA          NA
[622]          NA          NA

$TS
  [1] 61.646563602 47.442743906 43.279960474 41.585795241 36.837837681 36.474588994 23.630482641 33.088583776
  [9] 37.186176001 36.576628729 29.344032455 38.086837729 34.560960269 16.595377205 29.769919891 24.828049982
 [17]  5.951729561  1.206114995  0.439810520 25.071672103 21.462729831 29.803601575 25.405926725 22.399428682
 [25] 34.770659146 34.307314204 26.852038963 24.526396002 15.169195447  2.333535990 32.024755994 23.813493086
 [33] 19.201107287 19.803031732 13.696496934 10.367400851  9.899479230  9.480737829  1.352756936 30.756709592
 [41] 23.742144535 22.484908086 20.340427177 31.211064823 31.031181527 25.848257240 24.953174602 24.679701760
 [49] 24.420600326 11.710132989 26.207353103 26.846979553 24.074883639 10.447693782 22.889091821 18.845333051
 [57] 17.034067327 10.785483199 10.007186102  8.228894046 21.916759386 15.324858369 24.107475478 19.756783516
 [65] 17.639766406 22.415781636 22.171783558 21.382117585  9.218543064 15.657976083 12.884448343 12.807447557
 [73]  3.756374550  1.562110556 18.915857585 15.691212056 15.447749911 20.976423434 15.237172801  4.604247922
 [81]  0.335492472 23.472277039 17.458699873 16.767875930 14.032292702 23.604151971 21.013618082 18.027357537
 [89]  9.006876767 23.176686613 20.937957869 14.895338649 10.477589748 14.756059015 13.219382322 13.000010582
 [97]  2.762292991 21.477084450 21.385664576 19.123245718 18.426310620 21.932066956 16.703331377  2.178831192
[105] 16.894937325 11.190422529 10.587454213  8.199395660  7.112089705  2.273478854 20.932729134 15.314223784
[113] 13.155265937 12.424988580  6.520419225  5.980237588  4.766618477  9.122657731  8.897406555 14.845810778
[121] 13.881822949  8.388157923  7.010624328  3.597704865 16.140244059 16.117055249 19.886776590 12.714776981
[129] 12.580206319  5.200850338 13.035853816  2.728052134  1.986618863  1.247634767 18.596472749 18.561717681
[137] 13.267392190 11.043624663 13.591244601 14.057886499  4.600381747  3.703601214  1.332131990  1.174589048
[145] 10.836748185 17.201994647 17.175425611 16.163169589 14.783231921  9.720348001  7.875666934 15.053578760
[153] 11.748713009  9.229130832  2.812186236  0.865580944 13.824196714 12.295701863  7.063367266  6.297185863
[161]  9.996133213  9.936806375 12.213024386  3.961467488 11.730070865 11.023562270 14.380935907  7.521918153
[169]  5.894196347  0.843597131 13.839431934 11.820162645  5.261897103  0.999747890 11.173994415  0.007331925
[177] 14.181016250  7.367555210  6.016155054  3.350122267  4.773884455  3.465477379  9.621603703  7.597073435
[185]  7.019349947  8.238461678  6.656370977  5.402832861 14.717628019 13.237974313 10.683117586  9.517123821
[193]  5.157783608  5.010030690  8.143058742  4.802002496  2.549240665 12.583798570 11.067712399  7.747269811
[201] 12.448471698 12.219507672 10.907821859  5.678993928 13.979114269  8.412475061  7.792678876  4.642716811
[209]  0.124697852  1.544212111  0.037488751  7.233637863  1.513195031 12.966294881 12.942610357  7.313846542
[217]  4.059800724  2.078168489  7.509221614  6.805042959  6.619399060  7.812875388  4.095063699  0.801089223
[225]  7.888007746  7.823368121 12.797671736  6.434329579  4.891515570  3.068916679 11.778599058  5.699249567
[233] 11.695177232 10.821443612  6.404837275  5.245189668 11.632611368  9.893967642  9.013537718  8.145587945
[241]  0.192556519 12.714490812 12.071718651  5.410106540  8.252135651  6.675957704  5.416654693  1.298119915
[249]  0.004971477 11.328041460  7.626619226 10.011542776 11.986796548  9.159108445 10.015498703  8.250677415
[257]  7.006277641  4.723149577  0.251282379 11.525727800  8.485412952  9.708697489  8.390924687  6.380336503
[265]  5.099595063  3.049738675  1.746082355  3.755092117  0.953840849  0.865278452  9.714917798  9.161026250
[273]  7.207435608  3.088770058  8.807548229  4.976837994  0.932097580  0.738350801 10.550624141  9.243213347
[281] 10.324470615  9.467702185 10.875471682  9.005124959  3.706718893 10.311855695  8.488027645  8.237459708
[289]  6.089777579  4.753162450  0.785525571  6.593994907  9.859363113  9.488522202  3.531994462  4.481817144
[297]  2.320998803  5.575178553  1.101672230  6.748148358  4.911434060  8.582154507  7.857286678  6.045663661
[305]  1.611488073  3.411984097  9.865161376  6.092402462  5.157855962  2.593417870  6.618537857  3.520235732
[313]  8.658022534  7.573069678  5.310277025  4.690005246  0.956647221  5.632115337  5.537633702  7.021096208
[321]  8.349402694  8.142452182  4.056447222  6.284530639  3.564961835  3.012121406  6.641538786  5.058368118
[329]  2.174582439  1.313548879  5.019944587  6.522267140  3.613725962  3.208213817  2.466481760  7.587602352
[337]  8.009129426  6.819649097  3.655168291  3.599576688  0.401975187  7.944325755  7.089146022  3.951402059
[345]  3.820997690  3.197712646  2.750956728  0.185301489  3.016312559  2.710446242  7.510739119  7.440888057
[353]  7.431287426  6.987546847  6.358434205  4.355490425  0.451692835  0.291434897  0.258831440  0.464870023
[361]  7.731147736  2.924910654  4.673822601  0.350982890  5.979762417  3.227923480  2.984706324  1.618880356
[369]  6.837464802  7.226619658  7.159543127  4.979741597  6.202084500  7.681306195  3.809676625  3.034174241
[377]  2.609789580  0.988462939  6.479454569  8.013847421  0.285655509  5.168970848  6.522987897  2.786153501
[385]  7.967448648  6.364537255  3.576471376  7.797322940  2.744683318  0.868082656  4.353303762  5.643641780
[393]  5.980529157  6.292483640  5.927012448  5.846564690  3.411963765  2.925631872  2.717278971  5.611025458
[401]  0.400829690  1.210395681  6.822789725  1.779343999  6.938986870  5.704389629  2.629125296  6.561203802
[409]  5.678482142  2.944410262  3.211224352  4.001364522  2.868594481  6.130556801  5.760327738  2.747736632
[417]  4.140043475  0.542454590  1.318196806  1.433448749  5.189693553  6.448777728  5.252615775  4.584590695
[425]  3.263063003  2.406161094  0.941043277  0.641960622  4.821071479  0.599425656  2.661168056  4.242929185
[433]  1.847224154  1.103791754  5.721497287  5.347455312  4.213652641  4.705160086  4.758092003  4.740376598
[441]  0.800489890  2.222282224  6.016227165  3.874787231  4.191905103  3.828305637  3.776109634  1.316536024
[449]  0.111688088  2.877320553  2.369371520  1.578154807  6.275840502  4.883993290  6.035044501  4.683081634
[457]  4.039304443  0.930096846  5.277779644  0.986427131  0.907207094  1.038316790  0.973435261  0.469430200
[465]  3.874054513  0.928847673  2.426222647  2.413113882  1.297844102  0.697334431  0.520330540  2.577178505
[473]  4.653402323  3.214850118  4.859136778  2.399356217  5.313942381  5.306111089  3.335000201  1.367651301
[481]  5.096113839  3.169556191  4.191907353  3.136211273  1.255066576  2.681183586  2.442584209  4.543384347
[489]  4.578600344  2.030838047  0.379740781  3.913706161  3.434988218  2.342747985  1.337984143  2.760332306
[497]  2.664829430  4.310173610  4.934886051  1.620812218  1.097626586  0.342733091  4.183374602  3.955465631
[505]  0.105204294  1.540383724  0.359540211  1.725477294  3.707121617  4.684743807  3.154545750  0.273509200
[513]  1.833928682  3.121759981  2.117938671  4.607099782  2.210054859  0.279368247  3.698231772  2.857531971
[521]  2.746949284  2.736153431  1.584062714  2.093875337  3.423581117  3.036319783  1.771069704  1.381619996
[529]  0.079292128  0.292577538  0.357404291  3.295134034  0.099952105  0.054229659  2.569567589  1.544607197
[537]  0.585461746  1.262040382  1.728196298  2.664859795  0.129987203  2.187769690  1.638691751  1.045770702
[545]  2.165160544  0.691362799  0.240951432  0.385038369  2.673999286  2.391334165  1.985287859  1.487279442
[553]  1.721696374  2.269293514  0.047858631  2.357170625  1.170265459  0.658817151  0.116470808  3.412000932
[561]  3.307450362  0.614555919  1.851806067  0.880635812  2.828732597  3.134291707  1.190775624  0.790813074
[569]  2.689760701  1.038500291  3.059232656  0.042755112  0.596830149  0.192468827  1.492161378  0.693919312
[577]  2.668773740  1.101785776  0.828897044  2.332357050  2.194362830  0.290740311  2.979373193  1.567355450
[585]  2.200820766  2.624865080  0.613213002  2.061716869  0.528493669  2.483164126  1.477788195  1.197905544
[593]  1.226266962  2.075733163  1.648678068  2.323253800  0.440575998  0.238937522  1.402999888  0.688747042
[601]  1.226277270  0.572655813  1.304519408  1.710019211  1.209983180  1.222633120  0.631485487  1.121775772
[609]  0.423265653  0.913299966  0.933308236  1.460511179  0.540294088  0.817779877  0.413428307  0.271592764
[617]  0.888288818  0.527583463  0.137293423  0.454059636  0.334916008  0.193490942  0.118760767

$PAR
  [1]  NA   1   1   1   1   1   1   2   3   3   3   4   4  12   9   9   9   9   9   5   5  10  10  10   6   6   6   6
 [29]   6   6  13  13  13  26  26  26  26  26  26   8   8   8   8  31  31  31  31  31  31  31  44  45  40  22  15  15
 [57]  27  27  27  27  52  51  23  23  23  20  20  47  47  16  16  16  16  16  49  49  49  63  63  63  63  53  53  53
 [85]  53  41   7   7   7  86  82  82  82  90  90  90  90  42  42  66  66  24  67  67 102  61  61  61  61  61  98  98
[113]  98  98  98  98  68  87  87  78  78  78  78  78  91  91 111  43  43 127  64  64  64  64  56  56  56  56 135 101
[141] 101 101 101 101  88  65  65  65  65  65  83 146 146 146 146 146 147 147 147 147  57  57 105  84 103 103 148 148
[169] 148 148 125  76  76  76  70  70  77  77  77  77  62  62 112 112 112  79  79  79  29  29  29 152 152 152 120 120
[197] 120 149 149 149 189 189 189 189 167 177 177 177 177 140 140  85  85 205 205 205 205 205 157  35  35 190 190 190
[225]  95  95 113 113 113 113  96  96 215  71  71  71 227 227 227 227 227 128 128 128 242 242 242 242 242 198 198 129
[253] 201 201 158 158 158 202 202 243 243 172 172 172 172 172 172 231 231 231 165 165 165 165  50 250 250 250 106 175
[281] 199 199 166 166 166 203  58  58  58  58  58 191 107 107 107 279  93  54  54  36  36 281 281 281 281 286 255 255
[309] 255 255 252 252  59 161  37  37 307 150 150 271 262 262 262 192 192 192 294  38  38  38 280 154 154 154 154  69
[337] 272 272 272 272 254 118 239 239 239 239 239 239  89  89 284 284 284 284 284 284 284 284 284 313 302 287 261 261
[365] 206 206 206 206 321 245 245 245 256 186 186 186 186 186 288  60 240 195 322 380 337 337 337 385 385 385 342 225
[393] 303 226 226 226 226 388 388 207 200 361 184 184 336 314 351 219 219 352 353 178 178 216 370 370 273 371 109 320
[421] 123 257 257 257 354 354 403 403 338 338 300 187 187 187 327 327 327 221 292 292 292 408 383 383 332 115 379 228
[449] 228 235 235 264 386 386 324 324 453 373 414 414 414 289 289 289 304 443 179 179 179 179 179 393  17  17 396 415
[477] 435 435 232 232 204 204 409 409 409 392 392 318 298 247 244 477 315 478 478 459 236 130 265 265 265 265 194 194
[505] 276 475 429 196 117 439 439 290 440 258 258 438 438 438 510 510 363 363 473  80 424 424 489 489 296 356 391 437
[533] 437 437 417 217 217 323 412 504 504 344 344 444 465 465 446 375 268 285 285 285 519 339 339 387 387 387 295 312
[561] 312 182 493 525 560 532 425 366 474 474 411 411 482 511 566 566 274 274 230 266 376 376 349 367 413 155 347 416
[589] 389 132 350 486 431 472 451 494 494 580 554 329 545 545 588 563 563 543 368 210 210 213 552 591 330 606 578 299
[617] 269 564 270 558 537 512 619

$EXTANT
  [1] FALSE FALSE FALSE FALSE FALSE  TRUE  TRUE FALSE  TRUE FALSE FALSE FALSE FALSE FALSE  TRUE  TRUE FALSE  TRUE  TRUE
 [20] FALSE FALSE FALSE FALSE FALSE FALSE  TRUE  TRUE  TRUE FALSE FALSE  TRUE FALSE FALSE FALSE FALSE  TRUE  TRUE  TRUE
 [39]  TRUE FALSE FALSE FALSE FALSE FALSE FALSE FALSE FALSE FALSE FALSE  TRUE FALSE  TRUE  TRUE  TRUE FALSE FALSE  TRUE
 [58]  TRUE  TRUE  TRUE  TRUE  TRUE  TRUE  TRUE FALSE FALSE  TRUE  TRUE FALSE  TRUE  TRUE FALSE  TRUE  TRUE FALSE  TRUE
 [77]  TRUE  TRUE  TRUE  TRUE  TRUE FALSE  TRUE  TRUE  TRUE FALSE  TRUE FALSE  TRUE  TRUE  TRUE FALSE FALSE  TRUE  TRUE
 [96] FALSE  TRUE  TRUE FALSE FALSE  TRUE  TRUE  TRUE  TRUE  TRUE  TRUE  TRUE FALSE  TRUE  TRUE FALSE  TRUE  TRUE FALSE
[115] FALSE  TRUE FALSE  TRUE  TRUE  TRUE FALSE FALSE  TRUE  TRUE FALSE FALSE  TRUE FALSE  TRUE  TRUE FALSE  TRUE  TRUE
[134]  TRUE  TRUE  TRUE FALSE  TRUE FALSE  TRUE  TRUE  TRUE  TRUE  TRUE FALSE  TRUE  TRUE  TRUE  TRUE FALSE  TRUE  TRUE
[153] FALSE FALSE  TRUE  TRUE  TRUE  TRUE  TRUE  TRUE  TRUE FALSE FALSE  TRUE  TRUE FALSE  TRUE FALSE FALSE  TRUE FALSE
[172]  TRUE  TRUE  TRUE FALSE  TRUE  TRUE  TRUE  TRUE  TRUE  TRUE  TRUE FALSE  TRUE  TRUE  TRUE  TRUE  TRUE  TRUE  TRUE
[191]  TRUE  TRUE  TRUE  TRUE FALSE  TRUE  TRUE  TRUE  TRUE  TRUE  TRUE  TRUE FALSE  TRUE  TRUE  TRUE  TRUE  TRUE  TRUE
[210]  TRUE  TRUE FALSE  TRUE FALSE  TRUE FALSE  TRUE  TRUE  TRUE FALSE  TRUE  TRUE  TRUE  TRUE  TRUE  TRUE  TRUE  TRUE
[229]  TRUE  TRUE  TRUE  TRUE  TRUE FALSE  TRUE  TRUE FALSE  TRUE  TRUE  TRUE  TRUE  TRUE  TRUE  TRUE FALSE  TRUE FALSE
[248]  TRUE  TRUE  TRUE  TRUE  TRUE FALSE  TRUE FALSE  TRUE  TRUE  TRUE  TRUE FALSE  TRUE FALSE  TRUE  TRUE  TRUE  TRUE
[267]  TRUE  TRUE  TRUE  TRUE  TRUE  TRUE FALSE  TRUE  TRUE  TRUE  TRUE  TRUE  TRUE  TRUE  TRUE  TRUE  TRUE  TRUE  TRUE
[286]  TRUE  TRUE  TRUE  TRUE  TRUE  TRUE  TRUE FALSE  TRUE  TRUE  TRUE  TRUE  TRUE  TRUE  TRUE  TRUE  TRUE FALSE FALSE
[305]  TRUE  TRUE  TRUE  TRUE  TRUE  TRUE FALSE  TRUE  TRUE  TRUE FALSE FALSE  TRUE  TRUE  TRUE  TRUE  TRUE  TRUE  TRUE
[324]  TRUE  TRUE  TRUE  TRUE  TRUE  TRUE  TRUE  TRUE FALSE  TRUE FALSE  TRUE  TRUE  TRUE  TRUE  TRUE FALSE  TRUE  TRUE
[343]  TRUE  TRUE  TRUE  TRUE  TRUE  TRUE  TRUE  TRUE  TRUE FALSE  TRUE FALSE FALSE  TRUE  TRUE  TRUE  TRUE  TRUE  TRUE
[362]  TRUE  TRUE  TRUE  TRUE  TRUE  TRUE  TRUE  TRUE  TRUE  TRUE  TRUE  TRUE FALSE  TRUE  TRUE  TRUE  TRUE  TRUE  TRUE
[381]  TRUE FALSE  TRUE  TRUE  TRUE  TRUE  TRUE FALSE FALSE  TRUE  TRUE  TRUE  TRUE  TRUE  TRUE  TRUE  TRUE  TRUE FALSE
[400] FALSE  TRUE  TRUE  TRUE  TRUE  TRUE  TRUE  TRUE  TRUE  TRUE  TRUE  TRUE  TRUE  TRUE  TRUE FALSE  TRUE  TRUE  TRUE
[419]  TRUE  TRUE  TRUE  TRUE FALSE  TRUE  TRUE  TRUE  TRUE  TRUE  TRUE  TRUE  TRUE  TRUE  TRUE  TRUE  TRUE  TRUE  TRUE
[438]  TRUE  TRUE  TRUE  TRUE  TRUE  TRUE  TRUE  TRUE  TRUE  TRUE  TRUE  TRUE  TRUE FALSE  TRUE  TRUE FALSE  TRUE  TRUE
[457]  TRUE  TRUE  TRUE  TRUE  TRUE  TRUE  TRUE  TRUE  TRUE  TRUE  TRUE  TRUE  TRUE  TRUE  TRUE  TRUE  TRUE  TRUE  TRUE
[476]  TRUE FALSE  TRUE  TRUE FALSE  TRUE  TRUE  TRUE  TRUE  TRUE  TRUE  TRUE  TRUE  TRUE  TRUE  TRUE FALSE  TRUE  TRUE
[495] FALSE  TRUE  TRUE  TRUE  TRUE  TRUE  TRUE  TRUE  TRUE  TRUE  TRUE  TRUE  TRUE  TRUE  TRUE  TRUE  TRUE  TRUE  TRUE
[514]  TRUE  TRUE  TRUE  TRUE  TRUE  TRUE  TRUE  TRUE  TRUE  TRUE  TRUE  TRUE  TRUE FALSE  TRUE  TRUE  TRUE  TRUE  TRUE
[533]  TRUE  TRUE  TRUE  TRUE  TRUE  TRUE FALSE  TRUE  TRUE  TRUE  TRUE  TRUE  TRUE  TRUE  TRUE  TRUE  TRUE  TRUE  TRUE
[552]  TRUE  TRUE  TRUE  TRUE  TRUE  TRUE  TRUE  TRUE FALSE FALSE  TRUE  TRUE  TRUE FALSE  TRUE  TRUE  TRUE  TRUE  TRUE
[571]  TRUE  TRUE  TRUE  TRUE  TRUE  TRUE  TRUE  TRUE  TRUE  TRUE  TRUE  TRUE  TRUE  TRUE  TRUE FALSE  TRUE  TRUE  TRUE
[590]  TRUE  TRUE  TRUE  TRUE  TRUE  TRUE  TRUE  TRUE  TRUE  TRUE  TRUE  TRUE  TRUE  TRUE FALSE  TRUE  TRUE  TRUE  TRUE
[609]  TRUE  TRUE  TRUE  TRUE  TRUE  TRUE  TRUE  TRUE  TRUE  TRUE  TRUE  TRUE  TRUE  TRUE  TRUE

