
Birth-death simulation object with 662 species and 500 extant species

Details for some species:

Extinction times (NA means extant)
[1] 36.44879 56.74510 58.57658 27.59283       NA 41.33034


Speciation times 
[1] 75.55145 69.34831 65.59684 65.24231 49.48369 41.41589


Species parents (NA for initial)
[1] NA  1  1  1  1  1


Species status (extinct or extant)
[1] "extinct" "extinct" "extinct" "extinct" "extant"  "extinct"


For more details on vector y, try sim$y, with y one of
TE TS PAR EXTANT



$TE
  [1] 36.4487896 56.7450958 58.5765776 27.5928260         NA 41.3303441 46.4493222 21.2900327 52.1224729  7.1615431
 [11] 33.1271471 18.3780406 19.4123217         NA 45.8238050 40.1452529 28.9594448  9.8233270 28.8786332 15.4979487
 [21]         NA 19.4019970         NA 37.4494569 17.9831092         NA         NA  9.0032239 45.5387485 26.5477575
 [31]         NA 10.4631208         NA  2.1148781 33.4853978 18.2749927 28.1886033         NA         NA         NA
 [41]         NA         NA 31.9251642 15.8849760 28.5974094 30.6912591         NA 20.2006244         NA  6.5380200
 [51]  4.8048763         NA         NA 36.6404088 37.2574001 36.8529151 31.1471413 11.1685357         NA         NA
 [61]  3.8046102         NA         NA         NA  0.6780788         NA         NA 28.3630393 32.3957836         NA
 [71]         NA 15.8940419         NA         NA         NA         NA 20.5985548  9.3801557 28.4316741         NA
 [81] 10.0187834 13.7177558         NA 10.0863158         NA         NA  5.1668402         NA         NA         NA
 [91]         NA         NA         NA 10.4895494         NA         NA         NA 10.3765441         NA  5.2589075
[101]         NA         NA         NA         NA 36.0268103 10.5930617         NA         NA         NA         NA
[111]  4.7570073  7.7108084         NA  4.1618316         NA         NA 33.4304935         NA 14.8606595         NA
[121]         NA         NA         NA 31.8318728         NA         NA         NA 23.3405762         NA 18.3544653
[131]  6.0341760         NA         NA         NA         NA         NA         NA  8.3994414         NA  8.7922634
[141]         NA         NA         NA 20.4181729  2.2549822         NA         NA         NA  1.4001206  1.2013308
[151]         NA         NA         NA         NA         NA         NA 16.4143198         NA  8.8141918         NA
[161] 18.4962198         NA         NA         NA         NA         NA  7.1187306         NA         NA         NA
[171]         NA         NA         NA         NA         NA         NA         NA         NA         NA         NA
[181]         NA         NA 23.3318616         NA         NA         NA 14.5826676  8.6536984         NA         NA
[191]         NA 12.6441620         NA         NA         NA         NA 13.2479588         NA  2.0811186         NA
[201]         NA         NA 13.8538238         NA         NA  5.8729648  9.7573115         NA         NA         NA
[211]         NA  1.7967321         NA         NA 11.7623824         NA  9.2372656         NA         NA         NA
[221]         NA         NA         NA         NA         NA         NA         NA         NA         NA  7.8724966
[231]         NA         NA         NA 19.7800962         NA  1.8179215         NA         NA         NA         NA
[241]  7.0614269         NA         NA         NA  3.9116412         NA         NA  5.9455205 17.3486194         NA
[251]  7.9696039         NA 15.0789123 13.3141433         NA         NA         NA         NA         NA  6.4252600
[261]         NA         NA         NA         NA         NA         NA         NA         NA 11.6056702         NA
[271]         NA         NA  9.4645085         NA         NA  0.4389683  9.8312855         NA         NA 10.4300022
[281]         NA         NA         NA         NA         NA         NA         NA 18.1811799         NA  0.6461970
[291]         NA  3.7748584         NA         NA  3.3390049         NA         NA  5.1631998         NA  3.0511290
[301]         NA  8.2227054         NA  4.1745766         NA         NA  3.3291125         NA  8.5909250         NA
[311]  2.5713713         NA         NA         NA         NA  9.4511806  8.6646635         NA         NA         NA
[321]         NA         NA         NA         NA         NA         NA         NA         NA         NA  9.7142487
[331]         NA  0.1344175         NA         NA         NA         NA         NA         NA         NA         NA
[341]         NA         NA         NA  4.2347346         NA         NA         NA         NA  6.2867112         NA
[351]  4.1792251  1.6084438         NA         NA  0.6103770         NA         NA         NA         NA         NA
[361]         NA         NA         NA  2.8616783         NA  3.8932383  1.2476829         NA         NA         NA
[371]         NA  1.6810377         NA  5.2496772  3.3744762         NA         NA  4.6545753         NA         NA
[381]         NA         NA         NA         NA         NA         NA  8.3677428         NA         NA         NA
[391] 12.3986777         NA         NA         NA         NA         NA         NA  3.9959054         NA         NA
[401]         NA 11.4794851 10.8722668         NA 11.7607277  4.4149576         NA         NA         NA  4.0564042
[411]         NA         NA  1.5884561         NA  9.1108340         NA         NA  8.4156800  2.9591200         NA
[421]         NA         NA         NA         NA  5.4864316  2.9902845         NA         NA  7.8738187         NA
[431]         NA         NA         NA  5.3995379         NA         NA  9.4846492         NA         NA         NA
[441]         NA         NA         NA         NA         NA         NA         NA         NA         NA         NA
[451]         NA         NA  0.8824725         NA         NA         NA         NA         NA         NA         NA
[461]  0.3412565  1.3709140  1.4635159         NA         NA         NA         NA         NA         NA  0.5065209
[471]         NA  2.7981094         NA         NA         NA         NA         NA         NA         NA  6.3352346
[481]         NA         NA         NA         NA         NA         NA         NA         NA         NA         NA
[491]         NA         NA         NA         NA         NA         NA         NA         NA         NA         NA
[501]         NA  4.2962889         NA         NA         NA         NA         NA         NA         NA         NA
[511]  3.5251553         NA         NA         NA         NA         NA         NA         NA         NA         NA
[521]         NA         NA         NA         NA         NA         NA         NA         NA         NA         NA
[531]         NA         NA         NA         NA         NA         NA         NA         NA         NA         NA
[541]         NA         NA         NA         NA         NA         NA         NA         NA         NA         NA
[551]         NA         NA         NA         NA         NA         NA         NA         NA         NA         NA
[561]         NA         NA         NA         NA         NA         NA         NA         NA         NA         NA
[571]         NA         NA         NA         NA  2.4075459         NA         NA         NA         NA         NA
[581]         NA         NA         NA         NA         NA  3.6481315         NA         NA         NA         NA
[591]         NA         NA         NA         NA         NA         NA         NA         NA         NA         NA
[601]         NA         NA         NA         NA         NA         NA         NA         NA         NA         NA
[611]         NA  0.4331263         NA         NA         NA         NA         NA         NA         NA         NA
[621]         NA         NA         NA         NA         NA         NA         NA         NA         NA         NA
[631]         NA         NA         NA         NA         NA         NA         NA         NA         NA         NA
[641]         NA         NA         NA  2.2603480         NA         NA         NA         NA         NA         NA
[651]         NA         NA         NA         NA         NA         NA         NA         NA         NA         NA
[661]         NA         NA

$TS
  [1] 75.55145113 69.34831116 65.59684470 65.24231104 49.48368792 41.41588837 63.94267000 59.72064460 57.94328236
 [10] 49.98190601 37.44513980 29.63304590 60.69882723 51.82382697 59.57095587 57.84565837 54.09475865 49.57671023
 [19] 45.77495424 42.35479558 27.15017418 21.54903258 55.19983337 41.47526453 41.32320157 30.13638968 46.76267388
 [28] 53.52491797 50.72524728 41.89376885 24.76392911 16.42151946  0.32287028 42.08659114 35.75911314 35.54836989
 [37] 36.49766396 21.79651189 17.39953818 10.48812778  7.28232617  6.92911066 48.79446635 40.01433824 36.65093565
 [46] 36.28463459 17.52727725 47.89257890 40.10779888 23.51647470 28.62518161 26.93237870 22.10769193 48.39700271
 [55] 43.81259628 45.26365067 39.13342126 32.57615408 21.33912112 38.40831489 34.85080494 22.07821948 13.41391947
 [64]  4.48180565 42.95992585 42.15084609 39.21845801 40.07437127 37.40036331  9.58500825  9.50794544 39.91869099
 [73] 22.70508068  7.76452748 24.12248423 14.40553902 31.71779702 37.97265949 30.82567203 21.57327522 21.19318166
 [82] 36.13139591 34.54303756 32.06684806 24.73457198 14.33640073  7.58327590  1.46301770  0.59423568 26.18647718
 [91] 16.26670881 39.90702593 28.10590499 25.20653776 17.73930556 16.65545526 38.13136883 36.40735095 27.03613026
[100] 21.91746884 17.24254839  7.58471906  6.41158167  2.41538895 37.63408357 19.49127942 13.54846572 13.42138401
[109] 12.25333506 35.87181902 33.57343444 35.73956292 16.74035106 13.95105279 13.25323003  3.85145854 33.66670010
[118] 28.85575517 25.52167567 21.17055434  9.55324303  9.34318357 12.86453970 34.31853018 33.43892486 30.08192853
[127] 30.19145943 29.70417081 25.23041276 34.87388338 18.50578554 12.76172051 11.73443566  9.90921734  9.39834512
[136] 28.00842275 19.48776784 30.10458561 21.27981872 20.93315582 22.13150387 16.63961939 23.00874361 21.19003456
[145] 13.83007840  3.61556765  2.11736622 24.06786450 23.28223920 11.29794158  7.29171085  7.04476301 18.97540284
[154] 17.29813748  6.17782613  0.36337665 24.12308344 23.70995191 13.57704381 31.16634604 30.03073367 13.94625251
[163]  5.15191464  4.44505216 23.19421901 21.85921820 11.50534387  5.90079594  4.95216139  4.92085811  8.94935797
[172]  8.61993813  7.51286219  0.14849370 28.18291470 13.48128915 29.14454485  1.87315111  1.42340063 26.45563216
[181] 29.15562195 28.05488941 24.78726558 16.14810831  8.91856500 26.55579464 23.60677214 18.05065871  8.32376861
[190] 27.38908598 25.72945032 20.03166879 14.55839658 20.11787923 21.41978244 20.31525099 18.47618659 17.74048798
[199] 14.83756155 10.70734945  9.41451114 13.68823556 17.89130421 15.97008341  9.54419842  8.76649155 19.79361861
[208] 23.97680989 19.02149447  4.58837186  2.82711067 16.22812010 14.77962042 21.04957479 14.34997232 23.45846171
[217] 13.97577009  9.21391319  5.29752650 19.97009454 24.49352697 18.35547291 15.88512573 15.79282386  9.12637455
[226] 24.24012738 22.43358842 20.06337990 17.08839614 13.74888927 18.26188356 19.29726945 11.94486723 19.96519484
[235]  4.75567152 18.98512010  5.23651069  0.65779516  1.43111254 18.59885954 13.49033407 13.36182344 12.61929742
[244]  9.55531064 10.70469050  7.92433899  6.63912138 15.25693990 23.23985946  9.64870363 22.56410422 21.68489728
[253] 19.81587169 16.86072845 12.14024050 11.30416754 16.46861012  6.87746310 22.44108893 21.36588251 13.40901589
[262]  7.43978148  7.07920850 19.41495757 18.97308187 12.91565614  2.91369040 20.55002765 17.22271429  6.80058485
[271]  9.90543955  9.09561015 13.72772234 19.31127382 15.06083677 14.27620705 10.84953018  7.76518868 20.19415526
[280] 15.87137660  1.33482121  1.57763456 20.44687367 13.92396387 13.90001344  0.63369090 19.67271271 18.93169572
[289]  5.34397356  2.71860884  0.01166423 19.97506909 14.09591289  8.80762160  4.52239091 10.37578518  0.39345170
[298] 14.18060245 10.96980354  7.54542547  1.88889798 18.44240981  4.68056692 14.64934765 19.47194380  1.70189462
[307] 17.32686003  4.57863231 16.56550602 15.99774983 15.31057493  5.03199255  9.72712919  1.21717137 15.82415625
[316] 11.78196971  8.96235255 15.85179910 15.22732982 11.23384281  0.30520766 10.40916711  0.95871614  8.07805225
[325]  0.98110613 17.38616746 10.82538541  5.79729298  3.09809932 15.93366672  9.53090753 11.03448839  4.56600147
[334]  1.02129474 18.37167927 11.56020764  8.30668030  7.72563188  6.65367602 11.30053194  8.41990106  3.95911816
[343] 17.37000828 14.65949083  7.82521110 17.18871383 10.04279097  6.42408937 12.31703262 11.65464347 15.76965818
[352] 12.77511429 10.37556411  4.71836482  2.75243076 13.83356973  6.56556465  2.62714491  9.54856026 10.74878119
[361] 10.49088877 10.87909201  3.97316951  5.68582026  0.56636365 14.42857832 13.21414874  0.31262042 15.84849111
[370] 12.03106019  9.77473482 10.55365878  0.21153186 12.87442166 11.25365745 15.03059576  9.39238839  5.80677249
[379]  1.89194259 14.20413079 10.31959991  1.97687651 12.56085822  8.96567482  1.10742627 13.67423863 11.26830611
[388] 15.72941837  0.77449835 15.19923273 13.37814586 11.35091264 13.42432936 13.00305692  5.14338021  2.86939488
[397] 15.20815565  6.68723800  5.97091868 13.85423319  2.90255319 13.84253604 13.06207632  8.57274479 15.04970217
[406]  5.48732933 10.09755484  9.26703625 14.34934517  6.53172467  8.93409072  9.52377286  5.64587683  7.69108117
[415] 10.95732351  1.92577167 11.56008699  8.86621299  4.22561525  0.26780174 12.35468988  2.26133213  0.26681190
[424] 11.95504326 10.73611499  8.59966288  5.33056440  4.51972751 10.70708887  1.13612290  5.19542934  2.80718873
[433]  2.34113609  9.73426537  2.99822266  0.52815976 13.19678900  6.14108602  5.09770306  2.97576470  1.64703645
[442]  6.98415623  2.86660164  7.54588846  3.48460566 12.32728016  4.08694685  1.40940585  4.22839101  0.57834567
[451] 10.45046440  4.46401931  9.51135826  3.19158104  7.87349092 10.26915032  6.34506605 10.98780851  8.64029540
[460]  2.67985490  0.86904040  4.07365875  8.89158371  9.02272523  7.10229339  3.12621979  2.56685213 10.15751627
[469]  7.80631840  9.44635848  1.95743691 10.86981412  2.20778977  1.55941058  8.49975229 10.93352561  4.35718955
[478]  3.48307217  2.31165039  9.00397186  8.70978622  7.39072784  6.44958039  0.32616246  9.47829375  6.47003838
[487]  2.40898593  1.97438508 10.65144202  6.15889633  6.93277159  2.46497350  2.37420000  9.09771282  7.96197544
[496] 10.33311017  2.86045622 10.23687735  7.18752959  4.67777253  5.12695172 10.27646471  7.83062836  7.69903987
[505]  7.00579118  4.54173317  2.27925511  0.38248545  7.19148809  8.33894422  5.14160661  9.38683354  5.89990097
[514]  2.85272207  1.81316784  2.80232431  7.87070861  1.72224686  5.89625578  3.57164430  8.08708342  4.13034379
[523]  2.78756496  0.52486700  9.34456039  1.54395163  8.32505336  4.81734416  2.40466286  0.22652449  7.41376721
[532]  0.29107312  7.43518251  2.85369134  2.00682264  8.15397492  2.13370708  5.79271210  6.31643533  2.71978264
[541]  1.66105051  0.41537292  4.79201938  0.45604052  0.27526249  3.66369691  0.68852614  6.97081529  4.12663730
[550]  1.76799528  6.80652311  6.51567646  7.32783003  1.53889437  2.05867435  5.70836646  4.08158127  2.78639887
[559]  1.52682973  0.26760945  7.40347141  6.91045734  6.68891754  0.81938939  6.43251506  5.32034405  3.29588567
[568]  6.62829235  1.28119946  2.02273690  5.01745205  4.47053598  6.87064991  3.48928798  5.75752442  1.10006421
[577]  6.36286589  2.02203689  0.92192134  0.14662546  3.37018060  3.56062065  5.79734993  2.35125326  4.96716491
[586]  4.10062334  1.41751849  4.16796955  2.96203557  2.34928138  1.41603513  1.28816574  1.71460379  0.97656289
[595]  4.75240488  3.77001197  4.59152322  2.98610545  2.38845870  4.05925358  1.25418264  4.47121939  4.06020876
[604]  2.77679447  0.05638105  1.14086671  5.30928267  3.35099015  0.18475012  1.51306587  0.76462859  0.48511793
[613]  4.33919742  1.41933230  1.14151494  3.30732811  2.06015096  3.65277820  2.55633581  0.92760305  0.04510945
[622]  4.48645665  3.03008086  2.32057887  0.13471028  2.80737344  1.14144166  1.24556186  2.62875383  3.64907171
[631]  3.04048198  2.34157649  2.01552833  1.38896263  2.94483510  1.19821090  2.95753292  1.71194155  1.20368185
[640]  0.50940478  0.71639717  2.66087195  0.17213694  2.55070991  2.24217980  2.07308342  2.16932858  0.75488053
[649]  0.35498701  1.54896641  0.22724510  1.09334521  1.50539911  1.03537948  0.96641803  1.07012815  0.33697937
[658]  1.19637931  0.68420777  0.04760973  0.09071750  0.05853044

$PAR
  [1]  NA   1   1   1   1   1   3   4   4   4   4   4   7   7  13  13  13  13  13  13  13  13   8   8   8   8  15  16
 [29]  16  16  23  23  23  17  28  28  14  14  14  14  14  14  29  10  10  10  10  18  18  18   5   5   5  43  43  48
 [57]  48  48  48  27  27  27  27  27  19  19  56  65  65  65  65  66  66  66  34  34  30  25  25  25  25  49  49  49
 [85]  49  49  49  49  49  44  44  72  72  72  72  72  92  92  92  92  92  92  92  92  67  67  67  67  67  57  57  60
[113]  60  60  60  60  97  97  97  97  97  97  78  98  98  98  82  82  82 110 110 110 110 110 110 112 112  36  36  36
[141]  61  61  83  83  83  83  83 111 111 111 111 111 125 125 125 125  58  58  58  84  84 160 160 160 127 127 127 127
[169] 127 127  26  26  26  26 138 138 126 126 126 161 128 128 128 181 181 177 177 177 118  51 175 175 175 182 136 136
[197] 136 136 136 136 136 190  21  21  99  99  52 186 186 186 186 180 180  90  90 191 191 191 191 119 129 129 129 129
[225] 129  94  94  94  94  94  31 221 221 226 226  75  75  75 148 208 208 208 208 208 158 158 158 187  50  50 216 216
[253] 216 216 149 149 165 165 143 143 143  73  73 251 259 141 141  53  62  62 100 100 166  38  38  38  38  38  80  80
[281]  80 195 260  59  59  59 139 139 139 139 139 120 120 120 120 214 214 140 140 268 268 283 283 196 194 194 228 228
[309] 192 192 292 292 220 220 207 287 287 106 106 137 305 264 264 274 274 232 232 232 232 236 236 153 153 153 265 265
[337] 265 265 265 240 240 240 131 131 335 222 231 231 188 188 198  95  47  47  39 326 326 343 307 154 154 101 101 229
[365] 229 113 113 113  96  96 309 257 257  32  32  91 212 212 212 184 310 310 204 204 204 330 330 223 223 280 280 280
[393] 318 318 318 369 315 315 224 351 388 311 311 311 248 397 376 199 213 213 344 193 193  76 409 409  86  86 276 380
[421] 298 293 293 217 114 114 162 162 284 285 356 356 145 273 202 202 386 386 386 107 107 176 176 261 261 115 115 115
[449] 394 394 123 352 132 243 383 421 446 349 349 109 109 255 370 133 133 133 350 336 417 392 256 340 340 340 150 375
[477] 320 320 320 332 458 458 476 362 327 327 327 360 425 425 200 200 200 429 489 361  40 451 296 296 353 381 456 456
[505] 456 498 347 134 271 434 250  70  70  70  70 121 359 331 412 412 485 485 485 485 135 494 464 464 464 464 171 171
[533] 185 294 481 459 172 341 510 510 510 189 337 337 337 536 536 521 521 324 495 495 246 345 278 338 504 414 414 414
[561] 102 102 102 444 533 533 533  41  41 509 499 499 263 263 152 548 491  42  42  42 562 258 270 270 398 486 486 565
[589] 103 103 577 577 457 457 539 155 490 490 490 438 438 399 399 399 168 513 538 566 607 237 395 395 511 439 312 169
[617] 235 595 595 500 210 333 333 333 333  64 572 164 613 363 116 596 596 596 581 581 466 466 637 637 401 443 514 626
[645] 460 642 487 487 570 578 382 488 178 650 526 559 591 281 281 641 649 643

$EXTANT
  [1] FALSE FALSE FALSE FALSE  TRUE FALSE FALSE FALSE FALSE FALSE FALSE FALSE FALSE  TRUE FALSE FALSE FALSE FALSE FALSE
 [20] FALSE  TRUE FALSE  TRUE FALSE FALSE  TRUE  TRUE FALSE FALSE FALSE  TRUE FALSE  TRUE FALSE FALSE FALSE FALSE  TRUE
 [39]  TRUE  TRUE  TRUE  TRUE FALSE FALSE FALSE FALSE  TRUE FALSE  TRUE FALSE FALSE  TRUE  TRUE FALSE FALSE FALSE FALSE
 [58] FALSE  TRUE  TRUE FALSE  TRUE  TRUE  TRUE FALSE  TRUE  TRUE FALSE FALSE  TRUE  TRUE FALSE  TRUE  TRUE  TRUE  TRUE
 [77] FALSE FALSE FALSE  TRUE FALSE FALSE  TRUE FALSE  TRUE  TRUE FALSE  TRUE  TRUE  TRUE  TRUE  TRUE  TRUE FALSE  TRUE
 [96]  TRUE  TRUE FALSE  TRUE FALSE  TRUE  TRUE  TRUE  TRUE FALSE FALSE  TRUE  TRUE  TRUE  TRUE FALSE FALSE  TRUE FALSE
[115]  TRUE  TRUE FALSE  TRUE FALSE  TRUE  TRUE  TRUE  TRUE FALSE  TRUE  TRUE  TRUE FALSE  TRUE FALSE FALSE  TRUE  TRUE
[134]  TRUE  TRUE  TRUE  TRUE FALSE  TRUE FALSE  TRUE  TRUE  TRUE FALSE FALSE  TRUE  TRUE  TRUE FALSE FALSE  TRUE  TRUE
[153]  TRUE  TRUE  TRUE  TRUE FALSE  TRUE FALSE  TRUE FALSE  TRUE  TRUE  TRUE  TRUE  TRUE FALSE  TRUE  TRUE  TRUE  TRUE
[172]  TRUE  TRUE  TRUE  TRUE  TRUE  TRUE  TRUE  TRUE  TRUE  TRUE  TRUE FALSE  TRUE  TRUE  TRUE FALSE FALSE  TRUE  TRUE
[191]  TRUE FALSE  TRUE  TRUE  TRUE  TRUE FALSE  TRUE FALSE  TRUE  TRUE  TRUE FALSE  TRUE  TRUE FALSE FALSE  TRUE  TRUE
[210]  TRUE  TRUE FALSE  TRUE  TRUE FALSE  TRUE FALSE  TRUE  TRUE  TRUE  TRUE  TRUE  TRUE  TRUE  TRUE  TRUE  TRUE  TRUE
[229]  TRUE FALSE  TRUE  TRUE  TRUE FALSE  TRUE FALSE  TRUE  TRUE  TRUE  TRUE FALSE  TRUE  TRUE  TRUE FALSE  TRUE  TRUE
[248] FALSE FALSE  TRUE FALSE  TRUE FALSE FALSE  TRUE  TRUE  TRUE  TRUE  TRUE FALSE  TRUE  TRUE  TRUE  TRUE  TRUE  TRUE
[267]  TRUE  TRUE FALSE  TRUE  TRUE  TRUE FALSE  TRUE  TRUE FALSE FALSE  TRUE  TRUE FALSE  TRUE  TRUE  TRUE  TRUE  TRUE
[286]  TRUE  TRUE FALSE  TRUE FALSE  TRUE FALSE  TRUE  TRUE FALSE  TRUE  TRUE FALSE  TRUE FALSE  TRUE FALSE  TRUE FALSE
[305]  TRUE  TRUE FALSE  TRUE FALSE  TRUE FALSE  TRUE  TRUE  TRUE  TRUE FALSE FALSE  TRUE  TRUE  TRUE  TRUE  TRUE  TRUE
[324]  TRUE  TRUE  TRUE  TRUE  TRUE  TRUE FALSE  TRUE FALSE  TRUE  TRUE  TRUE  TRUE  TRUE  TRUE  TRUE  TRUE  TRUE  TRUE
[343]  TRUE FALSE  TRUE  TRUE  TRUE  TRUE FALSE  TRUE FALSE FALSE  TRUE  TRUE FALSE  TRUE  TRUE  TRUE  TRUE  TRUE  TRUE
[362]  TRUE  TRUE FALSE  TRUE FALSE FALSE  TRUE  TRUE  TRUE  TRUE FALSE  TRUE FALSE FALSE  TRUE  TRUE FALSE  TRUE  TRUE
[381]  TRUE  TRUE  TRUE  TRUE  TRUE  TRUE FALSE  TRUE  TRUE  TRUE FALSE  TRUE  TRUE  TRUE  TRUE  TRUE  TRUE FALSE  TRUE
[400]  TRUE  TRUE FALSE FALSE  TRUE FALSE FALSE  TRUE  TRUE  TRUE FALSE  TRUE  TRUE FALSE  TRUE FALSE  TRUE  TRUE FALSE
[419] FALSE  TRUE  TRUE  TRUE  TRUE  TRUE FALSE FALSE  TRUE  TRUE FALSE  TRUE  TRUE  TRUE  TRUE FALSE  TRUE  TRUE FALSE
[438]  TRUE  TRUE  TRUE  TRUE  TRUE  TRUE  TRUE  TRUE  TRUE  TRUE  TRUE  TRUE  TRUE  TRUE  TRUE FALSE  TRUE  TRUE  TRUE
[457]  TRUE  TRUE  TRUE  TRUE FALSE FALSE FALSE  TRUE  TRUE  TRUE  TRUE  TRUE  TRUE FALSE  TRUE FALSE  TRUE  TRUE  TRUE
[476]  TRUE  TRUE  TRUE  TRUE FALSE  TRUE  TRUE  TRUE  TRUE  TRUE  TRUE  TRUE  TRUE  TRUE  TRUE  TRUE  TRUE  TRUE  TRUE
[495]  TRUE  TRUE  TRUE  TRUE  TRUE  TRUE  TRUE FALSE  TRUE  TRUE  TRUE  TRUE  TRUE  TRUE  TRUE  TRUE FALSE  TRUE  TRUE
[514]  TRUE  TRUE  TRUE  TRUE  TRUE  TRUE  TRUE  TRUE  TRUE  TRUE  TRUE  TRUE  TRUE  TRUE  TRUE  TRUE  TRUE  TRUE  TRUE
[533]  TRUE  TRUE  TRUE  TRUE  TRUE  TRUE  TRUE  TRUE  TRUE  TRUE  TRUE  TRUE  TRUE  TRUE  TRUE  TRUE  TRUE  TRUE  TRUE
[552]  TRUE  TRUE  TRUE  TRUE  TRUE  TRUE  TRUE  TRUE  TRUE  TRUE  TRUE  TRUE  TRUE  TRUE  TRUE  TRUE  TRUE  TRUE  TRUE
[571]  TRUE  TRUE  TRUE  TRUE FALSE  TRUE  TRUE  TRUE  TRUE  TRUE  TRUE  TRUE  TRUE  TRUE  TRUE FALSE  TRUE  TRUE  TRUE
[590]  TRUE  TRUE  TRUE  TRUE  TRUE  TRUE  TRUE  TRUE  TRUE  TRUE  TRUE  TRUE  TRUE  TRUE  TRUE  TRUE  TRUE  TRUE  TRUE
[609]  TRUE  TRUE  TRUE FALSE  TRUE  TRUE  TRUE  TRUE  TRUE  TRUE  TRUE  TRUE  TRUE  TRUE  TRUE  TRUE  TRUE  TRUE  TRUE
[628]  TRUE  TRUE  TRUE  TRUE  TRUE  TRUE  TRUE  TRUE  TRUE  TRUE  TRUE  TRUE  TRUE  TRUE  TRUE  TRUE FALSE  TRUE  TRUE
[647]  TRUE  TRUE  TRUE  TRUE  TRUE  TRUE  TRUE  TRUE  TRUE  TRUE  TRUE  TRUE  TRUE  TRUE  TRUE  TRUE

