
Birth-death simulation object with 743 species and 500 extant species

Details for some species:

Extinction times (NA means extant)
[1] 62.040233 59.637820 40.399976 28.400733  2.066486  3.460806


Speciation times 
[1] 80.25819 78.89611 75.26463 62.05790 67.12838 59.77793


Species parents (NA for initial)
[1] NA  1  1  1  2  2


Species status (extinct or extant)
[1] "extinct" "extinct" "extinct" "extinct" "extinct" "extinct"


For more details on vector y, try sim$y, with y one of
TE TS PAR EXTANT



$TE
  [1] 62.0402329 59.6378204 40.3999756 28.4007334  2.0664856  3.4608055 64.8729862         NA 47.8663782 42.8022737
 [11] 46.4236752         NA         NA         NA         NA  7.5114986         NA         NA 24.0415164         NA
 [21]         NA 36.2981419 43.3959083 28.9351746 31.7354406 45.2006231 52.4923692 17.1396599 21.4341781 14.4396302
 [31] 35.9603244  5.9446219         NA 30.1796225 34.4739288 32.6612407 21.1360501  9.0331610         NA 33.7845196
 [41] 42.1251107 12.0512129 34.7512363 52.2781272         NA 23.3845612         NA 24.9874997 18.1941449 23.8834066
 [51]         NA         NA         NA 31.0262721 40.0793845         NA         NA 48.4258786 47.7300159 34.3524688
 [61]         NA 10.5102826 11.6606297 48.1756156 41.9827098  7.6929360 20.0412105         NA         NA 27.4932732
 [71]         NA         NA         NA 16.9631459  2.4121171 28.5795960         NA         NA 16.6366670         NA
 [81] 25.4784898         NA 33.7494964 12.4007508         NA         NA 13.8867128 21.0484486 18.8388453 43.0514154
 [91] 22.3672481         NA  4.3229888  2.7745963         NA  1.1025052  7.3491179         NA         NA 40.2089555
[101] 35.6866469 34.7606113 27.7994154 14.5077117 24.8049842         NA         NA         NA 18.3631664         NA
[111] 10.6617664         NA 20.5305229 11.6940910 14.6275281         NA 17.9751195 32.1008720 10.0007147 15.7056765
[121]         NA 27.0298540         NA         NA 15.3311095         NA  4.2385375         NA 23.8213078 33.4602467
[131]         NA         NA         NA         NA         NA         NA 21.9926805         NA  0.5960226         NA
[141]  8.7015923         NA         NA 11.1063120         NA         NA  3.4755602 23.0373009 29.4462500  6.4086242
[151] 28.7643157         NA         NA  7.5026166         NA  3.9673808  8.7377570  5.9013280  5.1393874         NA
[161] 23.6972124 12.9915433 26.7503033 10.5755833         NA 20.4152387 17.1659180         NA 16.6845052  7.3775050
[171] 20.4489407         NA         NA         NA         NA         NA 19.5943416         NA         NA  6.7629673
[181]         NA         NA         NA         NA         NA  7.5896469         NA         NA         NA 12.6162469
[191]         NA  1.7007412         NA         NA  1.5477678         NA         NA         NA 19.5586492         NA
[201]  0.8794024 23.4511706         NA         NA 11.7938775         NA  3.3609630         NA         NA         NA
[211]  7.3829193 17.4282797         NA  6.9257345         NA         NA         NA         NA         NA  7.3271087
[221]         NA         NA 19.4563411 23.0280484 17.8994918 27.5997252  6.7277384         NA 17.4054278 14.1694684
[231]         NA         NA         NA         NA  2.3957682         NA  7.0631155 27.2922780  1.6633531         NA
[241] 20.7273946         NA         NA         NA 10.6658503         NA  1.1960579         NA         NA         NA
[251]  0.3633932         NA  6.6190492         NA         NA  6.3681785         NA         NA         NA 13.4521909
[261] 12.8746599  9.5417642         NA         NA         NA         NA         NA  3.7844172  4.6086897         NA
[271]  7.9665196  2.8080431         NA         NA         NA         NA         NA         NA         NA         NA
[281] 19.6554264 22.0592843         NA         NA         NA         NA  9.7132717 14.6994942         NA  9.1955820
[291]         NA 21.5483590         NA 15.3642328  2.2230280 13.4751085  4.7003618         NA         NA         NA
[301]  4.0751483         NA         NA         NA         NA         NA         NA 13.0813347         NA         NA
[311] 13.7657437         NA  6.8797807 17.3029163         NA         NA         NA  9.0286553         NA         NA
[321]  1.0110204  6.5856728         NA 20.8110384  9.4242946         NA         NA 16.1357247         NA         NA
[331]         NA  8.4967781         NA         NA  7.4447391         NA  1.2356453         NA         NA 10.1063448
[341]         NA         NA         NA  9.9839884  2.0611825         NA         NA         NA         NA 14.0465103
[351] 11.3052669         NA         NA         NA         NA         NA         NA         NA         NA         NA
[361]         NA         NA         NA  5.4164933         NA         NA 13.6286740 13.0969845         NA  8.9279177
[371]         NA 14.6084298         NA         NA 11.2694389  5.8012485         NA  7.8374066         NA  0.2768781
[381]         NA         NA         NA  4.3466360 13.1927172         NA         NA         NA  3.0452049         NA
[391]         NA         NA  1.9304339         NA 13.0232663         NA         NA         NA         NA         NA
[401] 13.7653780         NA         NA         NA         NA         NA         NA  4.8879674         NA         NA
[411]         NA         NA         NA         NA 17.5962093  0.3227633         NA         NA         NA  6.7527712
[421]         NA         NA         NA         NA         NA         NA         NA         NA 11.6658590         NA
[431]         NA  5.2779748         NA         NA         NA         NA  8.3367333  6.0397513         NA         NA
[441]         NA         NA         NA         NA         NA         NA 11.2042493  2.7858887         NA         NA
[451]         NA         NA         NA         NA         NA  3.3752429         NA  9.8908588         NA         NA
[461]         NA         NA         NA  3.8341353         NA         NA         NA         NA         NA  2.2160471
[471]         NA         NA         NA         NA         NA         NA  1.0914741         NA         NA         NA
[481]         NA         NA  1.8512669         NA  7.9581148         NA  9.1941658  3.5432577 12.7320764         NA
[491] 10.5826969         NA         NA         NA  9.5448968         NA         NA         NA  0.8255451         NA
[501]         NA         NA  6.2367728         NA 11.6337964         NA         NA         NA         NA         NA
[511]  7.4029897         NA         NA  7.0258460         NA         NA         NA         NA         NA  6.8118738
[521]         NA         NA         NA  5.8296848  9.7416956         NA         NA         NA         NA         NA
[531]         NA         NA  1.7040036         NA         NA         NA         NA         NA         NA         NA
[541]  5.8062397         NA         NA         NA         NA         NA  3.1111747  4.3016999         NA         NA
[551]         NA         NA         NA         NA         NA         NA         NA         NA         NA         NA
[561]         NA         NA  6.7386543         NA         NA         NA  6.8571935         NA  7.3493740         NA
[571]         NA         NA         NA         NA         NA         NA         NA         NA         NA         NA
[581]         NA         NA  1.7200558         NA         NA         NA         NA         NA         NA         NA
[591]         NA         NA         NA         NA         NA         NA         NA         NA         NA         NA
[601]         NA         NA         NA         NA         NA  0.4006242  2.5119239         NA         NA         NA
[611]         NA         NA  5.4547577         NA         NA         NA         NA         NA         NA         NA
[621]  3.4280233         NA         NA         NA         NA         NA  1.5821109         NA         NA         NA
[631]         NA         NA  1.6297720         NA  3.1195258         NA         NA         NA  6.9553801         NA
[641]         NA  7.0772819         NA         NA         NA         NA  3.1123601         NA  6.4916084         NA
[651]         NA         NA         NA         NA         NA  2.0989615         NA         NA         NA         NA
[661]         NA         NA         NA         NA         NA         NA         NA  0.6957144         NA         NA
[671]         NA         NA         NA         NA         NA         NA  0.3048056         NA         NA         NA
[681]         NA         NA         NA         NA         NA         NA         NA         NA         NA         NA
[691]         NA         NA         NA         NA         NA         NA         NA         NA         NA         NA
[701]         NA         NA         NA         NA         NA         NA         NA         NA         NA         NA
[711]         NA         NA         NA         NA         NA         NA         NA         NA         NA         NA
[721]         NA         NA         NA         NA         NA         NA         NA         NA         NA         NA
[731]         NA         NA         NA         NA         NA         NA         NA         NA         NA         NA
[741]         NA         NA         NA

$TS
  [1] 80.25819240 78.89610909 75.26462836 62.05789788 67.12838449 59.77792663 67.36866325 64.06086568 53.81497098
 [10] 52.65934629 63.24672903 54.90631398 49.27252900 35.51854115 22.36221231  9.21266965 54.80902889 50.31446947
 [19] 38.15134862 30.20445904 19.45805917 59.72974760 59.12529915 53.55749647 47.61466011 47.36559329 55.72289321
 [28] 48.77358123 47.84164196 46.71523294 40.04754500 34.59072774 34.12832526 56.62328298 45.88935266 45.70364200
 [37] 44.81731219 40.10102964 38.03583852 45.02765863 47.54905944 47.02563724 37.97412627 52.74020857 40.68788099
 [46] 40.24937146 38.61460822 36.35530106 28.94798548 26.80101380 12.67631237  9.79868856  7.36400921 45.31418464
 [55] 42.86845971 19.45010100 12.66764302 53.12474343 49.54529141 43.33537473 39.74339902 31.03363074 30.17280745
 [64] 50.30519655 49.08682354 43.33956381 47.95971882  6.57777926 34.86341513 29.30742791 24.98896143 18.06519172
 [73] 17.35974455 43.40253890 38.59720497 37.28554627 31.84111602 28.02616121 25.21078967 37.78993799 43.72618304
 [82] 41.43629564 34.45986664 19.76198231 17.96866115 16.23974784 42.08738078 21.20267934 19.30526998 45.16869542
 [91] 38.60009067 43.34051839 41.10467999 37.96232213 34.17691416 31.93827429 39.76186865 37.72791410 29.85863157
[100] 41.88649370 35.96649824 35.00122507 31.64915035 21.94281907 41.03126232 23.68619735 19.42997894 31.48442254
[109] 31.27468913 26.61778174 42.16867482 40.41622812 26.83208618 17.48013882 16.02806743 33.61080156 19.48454784
[118] 35.79921480 30.42729270 19.65353113  1.40384862 38.11175853 36.62368188 29.07301682 25.87777596 16.63962220
[127]  8.69040432 29.68754246 27.00054613 36.45567747 31.29998842 15.14836665 12.46025069  2.94724964 28.72943087
[136] 16.27989751 29.60169588 17.77488608 39.31760740 24.86386691 20.05385930 19.19594791 15.60791753 23.58954610
[145] 20.22138415 10.88535943  4.34342925 34.08722736 33.04836717 31.71728284 31.16980291 19.27384088  3.84933382
[154] 34.78336290 16.90687523  4.71998168 31.98536559 18.19511742  8.74762516 27.16264583 33.69745206 15.54541196
[163] 37.51748787 14.31060414 13.91553742 32.11670821 30.76710698 27.48680864 19.73910603 18.17459908 27.41161095
[172]  6.29699790  1.54167952 28.26296539 27.26635893 26.05840710 27.09691494 26.50401324 15.35490318  8.62138044
[181]  6.83551865  3.80143471  3.14818261 21.90647740  9.34045724 15.33781566  6.02476262 34.08709849 24.49931856
[190] 22.20549868  9.66719474  6.90057130  5.99600296  1.71665579  7.50934336 27.94739766 15.14039288 14.52001478
[199] 25.38984700  4.04376740 21.71228467 26.59729472 17.66767938 13.31996509 26.44291979 17.65092359 27.11568918
[208] 14.40229371  7.54261930  2.28944411 29.25048788 28.46496528 21.97858116 13.80408001  2.08633153  1.61232974
[217]  4.76628222 29.22899105 28.76760193 23.68345940 22.60163785 22.48715941 30.09442665 29.12591627 20.61361819
[226] 29.75027844 27.37283701 21.03411150 29.27809859 27.57786639 14.29474186 21.15735002 16.53228018  7.08368096
[235] 28.48991321  5.41166115 22.30239722 27.61290514 28.95439144 18.47492274 28.96073650 21.61299459 17.70905353
[244] 17.53366937 11.75627295 21.20279466 20.24872324 13.62559415 13.51271101  5.00623448  4.42919334  4.13407204
[253] 11.77904018 10.50707649 10.21920051  9.34704510  4.26441934  2.70785180 23.12752440 23.86017108 14.08813267
[262] 20.53968701 17.34447162 12.41360918 10.97200826 28.15204629 27.49954615 17.78721019 20.70451909 21.58895895
[271] 21.34375914 15.74457491 12.68243673  8.74381123  5.39939924  2.16607490  7.64945112 15.72771409 13.81458717
[280] 26.25910917 23.97368861 23.87697434  9.41988573  5.81768550  5.50782840  1.31935038 18.48030105 18.11628545
[289] 15.98136070 24.99231234  9.72109215 26.59863795 21.37649607 25.41428568 20.47486099 16.20481148 26.14345245
[298] 21.15551604 17.77024545 17.03644073 11.99670194  3.58421422  0.77456109  7.26612889  5.17064837  1.45950019
[307]  0.20226873 26.91779445 23.92513453 17.98453163 17.25109141 16.11937513 15.58715168 26.05884332  6.01697361
[316]  3.86969443 25.82255317 23.82945625 18.30794724 15.12417195 19.52259603 16.22657375  8.25624868 23.61595066
[325] 23.56943950 19.97269832 11.37382674 17.51944662 13.72887678  2.06615575 16.83986522 23.96054122 16.67729361
[334] 24.48370127 10.70866763  8.65949657 19.04400495 13.77621934  1.72116827 21.42117601 23.78068337 10.23529499
[343] 22.86678450 18.81028772 16.64257968  9.21328215 13.89686179 19.50399413 10.89784972 18.92958580 18.41225027
[352] 13.55697973  0.07690319 21.42328612 16.12482254 13.40713345  8.24619571  4.12415670 17.74618539 14.60559351
[361] 13.60391060  2.83625677  0.23258157  8.21441435  9.68141707  1.75165149 21.38732907 15.09381005  8.84584615
[370] 12.28042005  2.88467839 20.68583948 14.09703448  8.93233539 20.92445290 15.77870156 15.13533846  9.06456192
[379] 20.02712100 13.37009797 12.93439064  7.70224106  5.29823362 17.26466971 14.84597258  6.41543923 18.05630963
[388]  9.66701920 14.96980453  5.39072776 15.47940799  6.72850725  3.51595799  3.43762361 13.30332553  0.18737464
[397] 15.98309195 13.13471216  6.58179220 19.04096768 18.39885429 11.67272697 10.19281479  1.22618591  0.83045498
[406] 16.40987491 15.16018180  5.45864301  5.01823184  4.63675306  3.47888413 13.31607812 11.50664153  5.47796047
[415] 17.68385967 15.03189226 17.60260796  4.80618782  2.39414384 10.67733057 10.30707569  3.40751262 16.29370256
[424] 14.98391524 14.31092096 18.28754995  5.30198140  2.25615457 14.27903559  3.92348177 17.73378830 15.20443242
[433]  2.85924980 10.24580011  7.00260246  1.54799862 13.00313744 10.46926838  5.53312457 15.45799015 15.40625410
[442]  4.60928951  4.66180313  8.33073626  6.56165833  3.40739986 15.84750666  4.22754230  0.73412065 13.13626449
[451]  6.31032700 17.47233694  8.81384141  2.20663896 16.40081690 14.35590904  6.17280431 15.04256410 13.98828423
[460]  7.51555187  0.07482242  7.97937811  7.50783321  9.21282026 11.68852315 17.09697336  1.55966876 13.26244957
[469]  9.65971310  8.68326315  8.01276639  9.80550709  5.64570108  1.39135622 11.37081231  1.89114643 14.19491530
[478] 10.94863356 10.50987997  4.28251833  1.17200502  8.41766676  7.02191517  4.01773531 10.56902014  5.05670481
[487]  9.76497103 16.15310095 14.02185798 13.62099617 14.29211365 15.79470451  9.94991209  5.49700101 15.12165884
[496]  5.99304425  8.91625303  4.27584270  8.29710433 12.83070616 10.20763281 13.65483357  8.31346996  6.55470396
[505] 12.91657663  5.05910467 11.79372250  4.21330030  1.16320032  1.00050286 11.12282685  3.93216558  1.84013210
[514]  9.71347102  8.27216645  7.31929424  8.96268788  6.01508393  5.56405104  7.91717981  5.61704920  2.70455011
[523]  7.51068542  6.66953662 11.52946662  2.77205019 12.73300777 11.97616743  2.07130436  1.30084966  3.21777760
[532]  5.09520292 10.90139139  6.65070597  8.73325937  7.61461696  4.75997736  3.54295194  2.48726563  0.07243529
[541] 12.39011860  6.66132202  3.55872807  0.50531152  7.77877676  4.54870238  4.19090870 12.07919014  8.84252973
[550]  1.38696640  0.46418280  5.03793727  0.33231935  1.45447770  0.03700818  3.83347929 11.98136845  9.89340502
[559]  1.66271630 11.03882666 11.48479866  3.49148053 11.04013326 10.09734505  2.97088179 12.26368047 11.40437042
[568]  2.46916632 12.29063261  9.65049614  1.15180679 10.10944741  8.17491719 11.20680425  8.64483387  5.76174368
[577]  1.38581246  1.03530811  9.06451483  5.79447401  4.23199994  1.65854041  7.81963853  5.02320627  5.26211917
[586]  6.22344823  7.29753055  8.25801453  5.73189640  5.49974055  6.98281553  2.66309819  1.14782790  7.16614011
[595]  9.79535956  5.96867954  9.21268452  3.82833816  2.01452038  1.54213067  2.53291941  8.53189027  2.80865064
[604]  7.12918702  7.13702706  3.53743621  2.79388974  4.90597709  0.62289920  9.56213904  0.04904938  8.44866627
[613]  9.23968254  7.34262873  3.53566326  2.44602964  8.93574168  8.83053066  5.68109394  3.28460868  9.03587276
[622]  3.21077311  0.54918984  8.97551420  7.76058616  5.32426051  6.18976828  2.15557882  7.17122043  7.62323932
[631]  5.35485876  8.19551675  3.62298056  3.31640046  3.79348121  0.66878933  6.39642728  7.82509031  8.63356988
[640]  6.54053227  1.30622240  8.41653712  5.55062382  2.03648443  2.19711190  1.94978711  3.67978457  5.88053799
[649]  6.70130503  6.64221922  2.12186475  7.26802530  0.62566442  5.51709005  3.29322275  4.00407945  1.36693029
[658]  3.69746640  6.17927964  2.50115772  0.93261999  4.83397203  2.25876623  2.04819902  6.15511189  3.69858238
[667]  0.44571027  5.43243012  3.27292971  0.95840066  4.29104369  3.14772494  4.87285791  3.87774133  6.10829974
[676]  4.39896103  4.32739242  2.13577130  6.43510406  6.19092118  6.28008748  6.18890824  3.44214576  1.85043892
[685]  3.03412954  4.87683925  1.86932795  5.24506062  1.17127279  4.68338437  5.72859865  2.66260824  3.30174653
[694]  1.33892917  0.84347134  1.81301465  3.85268656  3.01393122  4.63909861  2.00827309  4.60662479  3.43744518
[703]  0.01196470  1.22876907  1.05587752  2.06069385  1.36555092  1.13191181  2.97259611  2.00300396  0.48531311
[712]  1.39182000  1.97577502  0.53112413  1.41725998  2.14247478  0.65936106  0.55126164  2.39833339  2.78187918
[721]  3.54488572  1.00601991  2.56557100  2.40362124  1.61417271  0.35314596  2.56453491  1.05541587  0.76518685
[730]  0.56096122  1.32919084  0.38449926  1.40544077  0.12097199  1.02015910  0.57027080  0.21361835  1.23754289
[739]  0.16364326  0.43165809  1.01208001  0.39981603  0.10156531

$PAR
  [1]  NA   1   1   1   2   2   3   3   3   3   5   5   5   5   5   5   8   8   8   8   8  11  11  11  11  11   4   4
 [29]   4   4   4   4   4   6   6   6   6   6   6  22  34  34  34  12  12  12  12  12  12  12  12  12  12  17  17  17
 [57]  17  24  24  24  24  24  24  58  58  18  13  13  28  28  28  28  28  67  67  67  67  67  67  29  42  42  42  42
 [85]  42  42  30  30  30  36  36  37  37  37  37  37  81  81  81  74  74  74  74  74  92  92  92  66  66  66  55 111
[113] 111 111 111  87  87  82  82  82  82  93  93  93  93  93  93 105 105  45  45  45  45  45 112 112  46  38  31  97
[141]  97  97  97  61  61  61  61 139 139 139 139 139 139  47  47  47  91  75  75  19  39  39  43  94  94  80  80  80
[169]  80  80  98  98  98 163 163 123  48  14  14  14  14  14  14  69  69 154  32  83  95  95  95  95  95  95  33 188
[197] 188 188 116 116 166 157 157 157  96  96  77  77  77  77 150 108 108 108 108 108 131 109 109  62  62  62 167 167
[225] 167  20  20  20  63  63  63 223  99  99 128 128 137  70 229 229 211 211 211 211 211 218 218 218 218 218 218 218
[253] 124 124 124 124 124 124 241 239 239  49 219 219 219 135 135 135 235 212 174 174 174 174 174 174 266  78  78 196
[281] 196 196 196 196 196 196 230 267 267 168 168 171 171 227 227 227 175 175 175 175 175 175 175 160 160 160 160 207
[309] 308 308 308 308 308 110 110 110 292 202 205 280 297 297 297 314 314 176 176 125 317 317 294  79  79 290 189 189
[337] 334 334 334 281 332 309 260 260 260 318 341 106 220 144 144 325 259 222 222 222 222 222  15  15  15  15  15 237
[365] 213 213 184 184 184 242 242 270 270 270 340 340 340 293 271 246 246 246 246 232 232 232 375 269 295 295 247 247
[393] 247 247 145 145 379 379 321 348  21  21  21  21  21  56  56  56  56  56  56 107 107 107 152 152 142 142 142 400
[421] 400 400 350 350 350 344 240 240 401 319 426 426 426 387 387 387 310 310 310 268 268 268 138 299 299 299 359 359
[449] 359 431 431 243 243 243 206 206 206 244 244 244 244 452 452  73 263 311 466 300 155 155 155 333 333 333 126 126
[477] 233 233 233 233 233 406 406 455 423 423  86 322 322 296 312 115 289 289 492 376 272 272 278 143 143 162 391 391
[505] 441 179 407 197 377 377 495 416 416 424 424 424 360 360 360 198 208 208 456 425 164 231 429 477 477 477 459 165
[533] 347 347 279 279 279 279 279 329 502 502 248 490 361 361 361 352 352 352 352 204 204 412 412 450 398 381 381 500
[561] 527 527  51  57 133 264 264 264 541 566 566 301 301 557 557 528 507 507 253 465 413 413 561 327 475 560 265 478
[589] 349 349 254 254 254 438 421 421 434 434 434 434 342 255 255 501 403 493 558 472  52 291 291 514 191 388 388 570
[617] 283 185 185 185 613 346 346 464 464 597 624 624 517 617 374 497 497 497 549 549 618 453 274 274 535 336 602 602
[645] 499 499 588 323 364 632 462 520 638 583 583 382 277 630 209 209  53 516 652 304 629 594 594 604 604 604 234 435
[673] 192 181 534 650 650 650 399  68 445 640 679 679 586 680 518 496 496 596 580 576 619 619 643 494 275 383 506 506
[701] 486 584 584 608 686 217 690 410 701 701 701 546 676 480 430 674 153 153 598 666 302 606 422 446 446 565 526 258
[729] 592 601 660 215 599 646 554 577 577 641 641 481 578 449 551

$EXTANT
  [1] FALSE FALSE FALSE FALSE FALSE FALSE FALSE  TRUE FALSE FALSE FALSE  TRUE  TRUE  TRUE  TRUE FALSE  TRUE  TRUE FALSE
 [20]  TRUE  TRUE FALSE FALSE FALSE FALSE FALSE FALSE FALSE FALSE FALSE FALSE FALSE  TRUE FALSE FALSE FALSE FALSE FALSE
 [39]  TRUE FALSE FALSE FALSE FALSE FALSE  TRUE FALSE  TRUE FALSE FALSE FALSE  TRUE  TRUE  TRUE FALSE FALSE  TRUE  TRUE
 [58] FALSE FALSE FALSE  TRUE FALSE FALSE FALSE FALSE FALSE FALSE  TRUE  TRUE FALSE  TRUE  TRUE  TRUE FALSE FALSE FALSE
 [77]  TRUE  TRUE FALSE  TRUE FALSE  TRUE FALSE FALSE  TRUE  TRUE FALSE FALSE FALSE FALSE FALSE  TRUE FALSE FALSE  TRUE
 [96] FALSE FALSE  TRUE  TRUE FALSE FALSE FALSE FALSE FALSE FALSE  TRUE  TRUE  TRUE FALSE  TRUE FALSE  TRUE FALSE FALSE
[115] FALSE  TRUE FALSE FALSE FALSE FALSE  TRUE FALSE  TRUE  TRUE FALSE  TRUE FALSE  TRUE FALSE FALSE  TRUE  TRUE  TRUE
[134]  TRUE  TRUE  TRUE FALSE  TRUE FALSE  TRUE FALSE  TRUE  TRUE FALSE  TRUE  TRUE FALSE FALSE FALSE FALSE FALSE  TRUE
[153]  TRUE FALSE  TRUE FALSE FALSE FALSE FALSE  TRUE FALSE FALSE FALSE FALSE  TRUE FALSE FALSE  TRUE FALSE FALSE FALSE
[172]  TRUE  TRUE  TRUE  TRUE  TRUE FALSE  TRUE  TRUE FALSE  TRUE  TRUE  TRUE  TRUE  TRUE FALSE  TRUE  TRUE  TRUE FALSE
[191]  TRUE FALSE  TRUE  TRUE FALSE  TRUE  TRUE  TRUE FALSE  TRUE FALSE FALSE  TRUE  TRUE FALSE  TRUE FALSE  TRUE  TRUE
[210]  TRUE FALSE FALSE  TRUE FALSE  TRUE  TRUE  TRUE  TRUE  TRUE FALSE  TRUE  TRUE FALSE FALSE FALSE FALSE FALSE  TRUE
[229] FALSE FALSE  TRUE  TRUE  TRUE  TRUE FALSE  TRUE FALSE FALSE FALSE  TRUE FALSE  TRUE  TRUE  TRUE FALSE  TRUE FALSE
[248]  TRUE  TRUE  TRUE FALSE  TRUE FALSE  TRUE  TRUE FALSE  TRUE  TRUE  TRUE FALSE FALSE FALSE  TRUE  TRUE  TRUE  TRUE
[267]  TRUE FALSE FALSE  TRUE FALSE FALSE  TRUE  TRUE  TRUE  TRUE  TRUE  TRUE  TRUE  TRUE FALSE FALSE  TRUE  TRUE  TRUE
[286]  TRUE FALSE FALSE  TRUE FALSE  TRUE FALSE  TRUE FALSE FALSE FALSE FALSE  TRUE  TRUE  TRUE FALSE  TRUE  TRUE  TRUE
[305]  TRUE  TRUE  TRUE FALSE  TRUE  TRUE FALSE  TRUE FALSE FALSE  TRUE  TRUE  TRUE FALSE  TRUE  TRUE FALSE FALSE  TRUE
[324] FALSE FALSE  TRUE  TRUE FALSE  TRUE  TRUE  TRUE FALSE  TRUE  TRUE FALSE  TRUE FALSE  TRUE  TRUE FALSE  TRUE  TRUE
[343]  TRUE FALSE FALSE  TRUE  TRUE  TRUE  TRUE FALSE FALSE  TRUE  TRUE  TRUE  TRUE  TRUE  TRUE  TRUE  TRUE  TRUE  TRUE
[362]  TRUE  TRUE FALSE  TRUE  TRUE FALSE FALSE  TRUE FALSE  TRUE FALSE  TRUE  TRUE FALSE FALSE  TRUE FALSE  TRUE FALSE
[381]  TRUE  TRUE  TRUE FALSE FALSE  TRUE  TRUE  TRUE FALSE  TRUE  TRUE  TRUE FALSE  TRUE FALSE  TRUE  TRUE  TRUE  TRUE
[400]  TRUE FALSE  TRUE  TRUE  TRUE  TRUE  TRUE  TRUE FALSE  TRUE  TRUE  TRUE  TRUE  TRUE  TRUE FALSE FALSE  TRUE  TRUE
[419]  TRUE FALSE  TRUE  TRUE  TRUE  TRUE  TRUE  TRUE  TRUE  TRUE FALSE  TRUE  TRUE FALSE  TRUE  TRUE  TRUE  TRUE FALSE
[438] FALSE  TRUE  TRUE  TRUE  TRUE  TRUE  TRUE  TRUE  TRUE FALSE FALSE  TRUE  TRUE  TRUE  TRUE  TRUE  TRUE  TRUE FALSE
[457]  TRUE FALSE  TRUE  TRUE  TRUE  TRUE  TRUE FALSE  TRUE  TRUE  TRUE  TRUE  TRUE FALSE  TRUE  TRUE  TRUE  TRUE  TRUE
[476]  TRUE FALSE  TRUE  TRUE  TRUE  TRUE  TRUE FALSE  TRUE FALSE  TRUE FALSE FALSE FALSE  TRUE FALSE  TRUE  TRUE  TRUE
[495] FALSE  TRUE  TRUE  TRUE FALSE  TRUE  TRUE  TRUE FALSE  TRUE FALSE  TRUE  TRUE  TRUE  TRUE  TRUE FALSE  TRUE  TRUE
[514] FALSE  TRUE  TRUE  TRUE  TRUE  TRUE FALSE  TRUE  TRUE  TRUE FALSE FALSE  TRUE  TRUE  TRUE  TRUE  TRUE  TRUE  TRUE
[533] FALSE  TRUE  TRUE  TRUE  TRUE  TRUE  TRUE  TRUE FALSE  TRUE  TRUE  TRUE  TRUE  TRUE FALSE FALSE  TRUE  TRUE  TRUE
[552]  TRUE  TRUE  TRUE  TRUE  TRUE  TRUE  TRUE  TRUE  TRUE  TRUE  TRUE FALSE  TRUE  TRUE  TRUE FALSE  TRUE FALSE  TRUE
[571]  TRUE  TRUE  TRUE  TRUE  TRUE  TRUE  TRUE  TRUE  TRUE  TRUE  TRUE  TRUE FALSE  TRUE  TRUE  TRUE  TRUE  TRUE  TRUE
[590]  TRUE  TRUE  TRUE  TRUE  TRUE  TRUE  TRUE  TRUE  TRUE  TRUE  TRUE  TRUE  TRUE  TRUE  TRUE  TRUE FALSE FALSE  TRUE
[609]  TRUE  TRUE  TRUE  TRUE FALSE  TRUE  TRUE  TRUE  TRUE  TRUE  TRUE  TRUE FALSE  TRUE  TRUE  TRUE  TRUE  TRUE FALSE
[628]  TRUE  TRUE  TRUE  TRUE  TRUE FALSE  TRUE FALSE  TRUE  TRUE  TRUE FALSE  TRUE  TRUE FALSE  TRUE  TRUE  TRUE  TRUE
[647] FALSE  TRUE FALSE  TRUE  TRUE  TRUE  TRUE  TRUE  TRUE FALSE  TRUE  TRUE  TRUE  TRUE  TRUE  TRUE  TRUE  TRUE  TRUE
[666]  TRUE  TRUE FALSE  TRUE  TRUE  TRUE  TRUE  TRUE  TRUE  TRUE  TRUE FALSE  TRUE  TRUE  TRUE  TRUE  TRUE  TRUE  TRUE
[685]  TRUE  TRUE  TRUE  TRUE  TRUE  TRUE  TRUE  TRUE  TRUE  TRUE  TRUE  TRUE  TRUE  TRUE  TRUE  TRUE  TRUE  TRUE  TRUE
[704]  TRUE  TRUE  TRUE  TRUE  TRUE  TRUE  TRUE  TRUE  TRUE  TRUE  TRUE  TRUE  TRUE  TRUE  TRUE  TRUE  TRUE  TRUE  TRUE
[723]  TRUE  TRUE  TRUE  TRUE  TRUE  TRUE  TRUE  TRUE  TRUE  TRUE  TRUE  TRUE  TRUE  TRUE  TRUE  TRUE  TRUE  TRUE  TRUE
[742]  TRUE  TRUE

