
Birth-death simulation object with 712 species and 500 extant species

Details for some species:

Extinction times (NA means extant)
[1] 70.66400 99.21081 85.92601       NA 63.29164 43.89363


Speciation times 
[1] 108.05669 100.94867  92.54507  77.24349  72.55214  71.14503


Species parents (NA for initial)
[1] NA  1  1  1  1  1


Species status (extinct or extant)
[1] "extinct" "extinct" "extinct" "extant"  "extinct" "extinct"


For more details on vector y, try sim$y, with y one of
TE TS PAR EXTANT



$TE
  [1] 70.6640012 99.2108120 85.9260055         NA 63.2916358 43.8936301 62.3021265 45.1642122 42.9034037 50.6079665
 [11] 26.4061299 35.0945262         NA 35.3312508 59.7514308         NA 29.0019220 40.0603085 61.7127358  1.7019707
 [21] 26.2663562 39.1878000         NA  4.4918657         NA         NA         NA         NA 15.7323528 35.0971102
 [31] 30.7497189         NA 13.4899978         NA 26.2130601         NA 31.2707020         NA         NA  9.0651716
 [41]         NA 37.2185633 25.1731000 17.4188157 22.2195988 17.5149660         NA 12.1210899         NA         NA
 [51]         NA         NA         NA         NA 21.6054361         NA 30.2677108         NA 29.7700587         NA
 [61]         NA         NA 13.5963222 17.6200905         NA 39.3168342 33.4044884         NA 37.3690876 28.8992191
 [71] 35.8719058 10.4527043  0.7476833         NA         NA  0.9803122         NA         NA  3.9692470 21.7123662
 [81] 20.6813693         NA         NA         NA 13.6461911         NA  9.2176889 11.4525200 18.1624601 18.7404296
 [91] 26.4541444 19.8936602 20.4335152         NA         NA         NA 17.0477457  8.1491637 28.7810438         NA
[101] 16.6516292         NA 32.1164046         NA 29.0010943 31.7847933         NA         NA         NA         NA
[111]  5.4456456         NA  4.2695741         NA 14.4719206         NA 21.8980793  7.5811410 16.7113521 18.1406810
[121] 20.3394149 17.5403944  7.3059501         NA         NA         NA 14.3316968         NA         NA         NA
[131]         NA 20.9516061         NA         NA  4.1594017         NA 24.0495771 13.7738770 21.6761670         NA
[141]         NA         NA         NA  4.5994319         NA         NA         NA         NA  4.0787753         NA
[151] 15.2022201  5.4734274 12.7948395  1.7655098 10.3493045         NA         NA 17.6705234 11.3140255         NA
[161]         NA         NA  1.0830206 10.0338944 25.9011233  0.4698705         NA 19.7003269         NA  2.3089269
[171]         NA         NA         NA  9.2089437         NA         NA 20.2065710         NA  5.0919269 14.2233618
[181]         NA 15.5206160         NA         NA         NA 10.8544031 14.6771797         NA         NA  8.0189111
[191]         NA         NA         NA 20.9486072         NA  0.8959698         NA 11.0258386         NA         NA
[201]  8.3985925  1.5203415  0.9781370         NA 18.2069700         NA         NA 18.0520669 11.8696740 12.4917297
[211]         NA         NA         NA  3.1995628         NA         NA  8.5910379  1.7013202         NA 22.7716725
[221]         NA 13.6983407         NA         NA         NA         NA  3.6843216         NA         NA         NA
[231]  4.2578498         NA         NA 13.0812354         NA  4.2484543         NA  0.2335038         NA         NA
[241]         NA         NA         NA 10.1908341  8.3756777 20.0890298         NA         NA 24.4913510 10.8587131
[251]  7.6776324         NA         NA         NA         NA         NA         NA 14.6244803 10.1179940  2.8345125
[261]         NA  2.6846743  9.4951096         NA         NA         NA         NA         NA         NA  2.5174068
[271]  8.9929279         NA 15.7891531  8.1826101         NA         NA 18.4244288  4.2425166         NA         NA
[281] 15.5502262 13.1357317 14.0904525         NA  4.0476287         NA         NA         NA         NA         NA
[291]         NA         NA         NA         NA 17.2425705         NA         NA         NA         NA         NA
[301]  9.2993267 14.4037603         NA         NA         NA  6.7835539  6.1639092         NA  8.5263907         NA
[311]         NA  7.1645058         NA         NA  3.3845980 11.1894145         NA         NA         NA  7.7884606
[321]         NA         NA  8.6882530         NA         NA         NA         NA 15.7638333  2.9041964         NA
[331]         NA         NA         NA         NA         NA         NA 13.8358682         NA         NA         NA
[341]         NA         NA         NA         NA         NA         NA         NA         NA         NA  8.5302494
[351]         NA         NA         NA         NA 16.3975235         NA         NA         NA         NA         NA
[361]         NA         NA         NA         NA         NA         NA         NA  7.4710950         NA         NA
[371]         NA         NA         NA         NA         NA         NA         NA  8.0340758         NA         NA
[381]  7.4810661         NA  3.7892809         NA         NA         NA  2.1229256         NA         NA  1.1646143
[391]  1.5550149  3.8556443         NA         NA 13.3733777         NA         NA         NA         NA         NA
[401]         NA         NA         NA         NA         NA         NA         NA         NA         NA         NA
[411]         NA         NA         NA         NA         NA         NA         NA         NA  0.2290959         NA
[421]  4.0992735         NA         NA         NA         NA         NA         NA         NA 15.4118627  8.1657108
[431]         NA         NA         NA         NA  9.8987935         NA 15.0604568  4.8760354  2.1916179  6.4429404
[441]         NA         NA         NA  0.4599705         NA         NA         NA         NA         NA         NA
[451]  2.8713071         NA         NA         NA         NA  0.1200493         NA         NA         NA         NA
[461]         NA         NA         NA         NA         NA         NA  1.5694269         NA  7.9590643  8.8389800
[471]         NA         NA         NA         NA         NA         NA         NA         NA  8.5290129  3.7492738
[481]         NA         NA         NA         NA         NA  4.8350903         NA         NA         NA  4.5502125
[491]         NA         NA         NA         NA         NA  0.1783818         NA         NA         NA  2.0733012
[501]         NA         NA         NA         NA         NA  1.1757230         NA         NA         NA         NA
[511]         NA         NA         NA         NA         NA         NA         NA         NA         NA         NA
[521]         NA 11.0079777         NA         NA  5.6658293         NA         NA  4.5577611         NA         NA
[531]         NA         NA         NA         NA         NA 10.7225986         NA         NA         NA         NA
[541]  1.8210007         NA  1.6563784         NA         NA  9.6345175         NA         NA         NA         NA
[551]         NA         NA         NA         NA         NA         NA         NA  2.7707068         NA  0.2406023
[561]         NA         NA         NA         NA  6.2936853         NA         NA         NA  4.9350895         NA
[571]         NA         NA         NA         NA         NA         NA         NA         NA  0.8083855         NA
[581]         NA         NA         NA         NA         NA         NA         NA         NA         NA         NA
[591]         NA         NA         NA         NA         NA         NA         NA         NA  4.6526935         NA
[601]         NA  1.7750710         NA         NA         NA         NA  4.1074611         NA         NA         NA
[611]         NA         NA         NA         NA         NA         NA         NA         NA         NA         NA
[621]         NA         NA         NA         NA         NA         NA         NA         NA         NA         NA
[631]         NA         NA         NA         NA         NA         NA         NA  3.8974356         NA         NA
[641]  2.1352108         NA         NA         NA  0.1473281  0.0111658         NA         NA         NA         NA
[651]         NA         NA         NA         NA         NA         NA         NA         NA         NA         NA
[661]         NA         NA         NA         NA         NA         NA         NA  0.3223187         NA         NA
[671]         NA         NA         NA         NA         NA         NA         NA         NA  0.2603964         NA
[681]         NA         NA         NA         NA         NA         NA         NA         NA         NA         NA
[691]         NA         NA         NA         NA         NA         NA         NA         NA         NA         NA
[701]         NA         NA         NA         NA         NA         NA         NA         NA         NA         NA
[711]         NA         NA

$TS
  [1] 108.05669096 100.94866718  92.54507330  77.24349484  72.55214378  71.14502581  73.88967184  57.53431776
  [9]  55.89955203  51.16037827  48.52188511  43.56743563   7.92845242  66.97447409  65.91786010  71.12498696
 [17]  70.93248536  47.80488188  67.65357437  66.75075666  48.44423084  43.49890237  20.82355767  18.89945465
 [25]  17.75987692  12.29002699  10.20890076   0.28903048  55.70540174  41.58426194  37.14687593  35.78629976
 [33]  60.58006981  52.27234487  49.32273727  45.02433717  38.18786041  35.23522948  34.77590721  22.74693880
 [41]  21.28778014  58.10579532  32.15408988  44.74252589  40.77817796  26.50752656  18.91886889  19.65262544
 [49]  16.98717928  13.54537741  10.12070381   9.65206172   6.73300343   1.40969032  44.12270456  35.11103003
 [57]  45.90913038  38.32156019  34.88546641  28.18724683  26.42103809  41.98285730  29.84977242  40.55421799
 [65]  45.26277869  41.06167015  35.52040863  32.70039252  44.07542891  43.91896206  38.45518841  34.90653263
 [73]  33.21733220  25.99945329  24.79266950  16.85966871  12.73067601  10.13082656   8.09764945  42.15550491
 [81]  33.41301575  33.01582857  26.67360527  24.46597510  15.08230471   2.64707761  44.04127763  21.72732874
 [89]  37.71568701  29.63341629  27.24351449  29.14171875  24.70815264  17.07407279  34.28895040  29.41192268
 [97]  40.27185373  32.06795940  40.78430086  31.08890217  17.66252281  31.72443042  40.28511950  31.71726325
[105]  37.46227403  36.12546995  29.12988976  32.33183413  31.21907741  27.90834916  26.25264779  24.88480970
[113]  19.17476850  19.03901125  18.99433280  29.36242124  28.58197348  23.12032902  19.59785701  30.77527202
[121]  32.02454433  31.86625363  30.36435349  21.06429404  16.73429015   1.56074004  28.60533801  25.38267997
[129]   6.96775508   3.14654071  34.81197396  28.98031027  14.69288935   7.14799807   6.16067591   3.04858548
[137]  32.98531087  32.11097892  26.55645850  25.50846472  23.30620241   9.56338084   7.69156706  26.53619621
[145]  20.14454601  10.47138307   6.07953232  20.43448480  16.07714341  28.17611417  22.42093805  18.37048764
[153]  14.72528165   4.06711491  19.92093740   7.82438834   6.01484719  32.05998084  26.13097315  16.36688595
[161]  26.43087661  18.09591112  10.69462840  23.69285338  30.24081344  19.98745063  26.29075818  21.25514265
[169]  16.10287123   9.78478912   8.13437442   0.82887990  17.81105979  17.14846329  27.12990131  19.22501310
[177]  27.60184836   8.66707069  28.00551893  24.23870974  14.04171130  28.24297219  25.57025980  11.02777041
[185]   1.54240596  20.43695668  15.14367808  22.37825334  14.46023249  10.74841521   2.53948895   1.26007585
[193]  24.28165384  23.39402800  22.63926982  17.31756785  28.23266602  27.00047764  16.12480459  27.44667631
[201]  19.86617592  16.78811527  14.67753690   6.35598895  21.28694973  22.01645166  26.74976985  23.80434358
[209]  16.83344431  13.92207498   4.18724216   2.04980277  24.62013001  23.67002025   6.25453298   1.33306690
[217]  18.54930811  16.28180467  15.00625464  26.95418866  24.44626735  18.13628794  16.73310687   5.26147831
[225]  21.59719617  10.05408620  23.70907349  20.94988707  15.86396540  14.22361879   7.92718051  20.46766327
[233]  21.98090039  16.51755567   9.78569451   6.20172101  21.35890996  13.12579672  11.31825215   8.41889316
[241]   5.32732768  16.96078411  16.46296145  13.18706208  11.96238009  25.39496631  17.25418052   1.73363382
[249]  24.49244217  13.04305005   9.51729417  24.56207625   6.49567264   3.34942266   0.49376161  17.15450802
[257]   6.39170438  24.13251407  22.67077623   9.21567014  17.52157325  13.44552597  11.99678942   6.02323066
[265]   5.83732654   0.30540555  17.33458964   7.58157624   5.38067542   4.61178308  17.37621905  17.02857111
[273]  15.83911714  15.50852172   6.38306877   2.02922516  23.30747952   7.66663417  22.66564540   5.76163966
[281]  17.71475281  22.61496060  17.95216311   3.72172563  22.12448411  20.53598740  17.96643697  13.13725314
[289]  15.23795541  13.62628534  10.74801395  18.30870311  11.23049173  10.44109635  20.67761864  22.00019112
[297]  21.58469436  16.17676207   4.89044534   4.40021479  20.77370705  17.92402756  16.74862990   1.92173920
[305]   1.29156936  17.56299171  13.45213603  12.31332853  14.56006992   7.65826775  21.40674844  19.25040536
[313]  11.55577585  14.46188839  12.67200698  21.12085270  19.33520734  15.48656513  11.00466361   7.83474921
[321]   5.31562762   4.55196124  20.18907132  15.60980964   8.68930988   2.14672409  19.66726646  20.58164742
[329]  19.50071558   1.55771924  19.32528729  10.02534247   3.51989978  15.26957464   2.44518271  20.76649097
[337]  18.27705466  17.17734637  19.10417280  16.76674129  16.75951597  13.55223125   6.35077202  17.69106782
[345]  11.94848441  17.47973632  11.36097481   3.50195917   1.06159641  16.39314287  12.51428285  10.82412492
[353]   5.70208507   4.90854889  17.34819304  17.21691225  14.18859714  11.15396369  18.14670846  12.47688299
[361]  11.06758403  10.63838239   7.34826159   1.78213249  10.41746415  14.02697945   7.54246449  15.14253908
[369]  10.86142485  18.06971211  16.56383056  17.19894262  13.72252578  16.31864789   4.93397807  13.56417531
[377]  12.75431423   9.18393701   7.29690250  12.17882253   8.10869305  16.67362219   4.41462228  15.24721569
[385]  15.13365534   1.38865312  16.23433942  11.29281804  10.81794995   9.28443372  15.27787866  10.82925282
[393]  12.11503864   1.46600735  15.16904500  14.28061671  12.72702309   5.80979452   7.26042566   3.84745006
[401]   5.66740949   2.89806060  15.80563255  14.24844072   5.77979449   1.54638863   9.12958970   5.91439363
[409]   2.47087670   3.42358615  15.38774060   9.24423312  15.63293235  14.47308565  12.54021892   9.29602928
[417]   2.01480107  16.57446082   1.44682008  13.74690724   8.23235904   7.36616912  11.67949063  10.10417589
[425]  14.78523284   2.63842368  15.43015221  10.70591448  16.31586515   8.51853966   1.77691202   1.37888298
[433]   3.84293269   6.88171134  15.23902782   4.83502845  15.26069896   9.17256735  14.36614504  13.55448185
[441]   4.94240558  11.25712777   5.87758602   9.88131799  14.45540937   7.87623091  12.92474934   8.31793541
[449]   1.96985089   9.01230515   8.70410345  14.17412875  14.35887494  10.40922092   6.40131580  13.25044598
[457]  12.09172752  10.42304250  12.22649879   6.51746574   5.31468090   4.17089964  12.00467009   5.77693922
[465]   2.30875270   0.50142481   2.86007341   9.81614643  10.00810182  11.40629781   5.44700908   5.05410724
[473]  12.52464936   6.13685252   0.78179545  11.77434045  10.32243485   1.65976484   9.19828108  11.76191641
[481]  10.32243443   2.29538576   8.90802812  11.63444797   9.86294190   5.45813382   6.07537827   4.35428508
[489]   4.19843984  12.89911714   8.42582687  11.89201385   5.19751842   3.15778675   0.14764748   7.43870778
[497]   5.28503110   8.04373203  11.73528099   6.08328978   5.71418958   4.37022220   5.75798776   0.21870236
[505]  12.44516230  11.87372973   0.17509372  12.27005582   9.71528442   1.32269602   9.13097859   6.92852339
[513]   2.18308106   0.74240277  10.34055189   4.92385372  11.02538664   4.62074996   4.40676602   0.85638760
[521]   8.84198400  11.62965165   6.25094739   6.93304417   6.70775366   5.08784394   1.76218917   5.46203039
[529]   1.71324904   7.21390042   0.47665571  10.64642006  10.10254280   2.43587164   4.86597886  10.98930670
[537]   0.94181058  10.58974349   8.85579070   1.24599301   8.56921685   4.12319849   2.08800168   4.92954168
[545]   1.17014367   9.97197385   6.41065251   4.03540019   2.99625104   9.42357090   9.74006543   4.71729735
[553]   4.10745824   3.21102363   8.60941998   3.95133174   4.80358804   7.05699762   4.98582696   2.73907976
[561]   1.65522939   6.61595145   4.49361175   8.77820959   9.38763958   3.36391781   7.42395481   1.79683868
[569]   6.44167776   1.25983125   4.46187800   1.63316240   6.79755129   8.30537644   7.66184277   8.29085656
[577]   2.50379944   0.43827674   8.14214833   2.64957924   0.48108335   6.09850959   3.73350026   0.65463326
[585]   5.15583849   7.08383124   7.65780672   6.82034099   0.73606509   7.88859098   7.05554366   4.31299165
[593]   3.64103768   8.13446598   2.03852749   1.73182119   0.33023405   8.26959433   6.13591893   3.84259518
[601]   7.34194593   7.94965181   4.15426105   2.19959730   5.93057833   1.10561728   4.38229269   2.63034819
[609]   2.11268284   5.59449582   4.95046450   0.07413022   5.04800682   2.95209720   5.67372963   4.16744657
[617]   4.75134630   4.19281850   6.01995414   4.85161948   4.36491773   3.13346670   6.97744966   0.03948637
[625]   6.01536751   6.89978349   4.38675767   1.57540142   6.75802916   3.37479888   0.69886408   5.83080749
[633]   5.31109571   3.53240648   1.76907740   4.21023225   6.52295560   5.43042960   2.94665247   1.47723646
[641]   3.67079808   2.26170587   6.27798226   4.29047311   0.23996912   1.48907514   5.14650785   2.06011595
[649]   4.93927877   1.58866405   0.76194052   5.30285676   5.16637793   5.64297156   1.46028273   1.57462107
[657]   2.11529543   3.85947380   0.57635813   0.36237658   5.29365001   5.25809798   0.70199997   3.92070433
[665]   0.84347200   4.36752965   0.48882644   2.37323732   1.07155249   4.28543868   1.36232497   2.79293832
[673]   4.72898343   4.57583830   2.80593972   2.78093792   2.84530809   4.16510218   0.99024700   0.78443020
[681]   0.97204029   0.50255958   2.81229905   3.12625883   2.35629405   0.77714707   1.51884441   0.53362997
[689]   2.71000687   1.21522234   1.65373989   1.11554058   2.71368914   0.45800471   2.05883989   1.74812613
[697]   2.33663851   1.61404015   1.23417655   2.44144887   0.38911312   1.08983127   1.48181125   1.97966042
[705]   1.22352099   1.04095888   1.11429027   1.45297635   0.15768463   0.35046299   0.13021623   0.02103097

$PAR
  [1]  NA   1   1   1   1   1   4   4   4   4   4   4   4   7   7   5   6   6  16  16  16  16  16  16  16  16  16  16
 [29]  17  17  17  14  20  20  20  20  20  20  20  20  20  33  33   9  29  29  29  34  34  34  34  34  34  34  35  35
 [57]  11  11  11  11  11  21  21  18  57  57  57  57  65  65  65  65  65  65  65  65  65  65  65  36  36  36  36  36
 [85]  36  36  44  44  55  55  55  87  87  87  70  70  12  80  62  62  62  99  45  45  64  64  64  97  97  97  97  58
[113]  58  58  58  89  89  89  89 105 106  32  32  32  32  32  38  38  38  38  56  56  56  56  56  56  59 131 131 131
[141] 131  39  39  95  95  95  95  73  73  82  82  82  82  82  68 108 108  43 138 138  98  98  98 121 102 102 104 104
[169] 104 104 104 104 109 109 120 120 123 123 165  63  63  96  96  96  96 116 116  92 107 107 107 107 127 127 127 127
[197] 117 182 182 197 197 197 197  60 150 179 110 110 110 110 110 110 200 200 200 200 175 175 175 198 220 207 207 207
[225]  83  83 139 144 144 144 144  46 161 161 161 161  61  61  61  61  61 111 111 111 111  74  74  74 183 183 183 140
[253] 140 140 140 128 128 112 112 112  75  75  75  75  75  75 213 213 213 213 252  84  84  84  84 221 193 193 208 227
[281] 164 214 214 214 277 141 141 118  40 259 259 279 195 195 282 151 151 285 285 285 206 206 206 206 206 296 296 296
[309] 233 233  88  88  88 225 225 297 297 297 297 297 297 297 311 311 237 237 205 168 316 124 228 228 228  23  23 301
[337] 301 301 336 336 286 286 286 232 186 323 145 145 145 155 155 201 327 327  48  48  48 329 317 317 317 331 331 331
[365] 176 113 113 114 114 115 115  47  47  24  24 217 217 217 152 292 292 359 359 222 222 162 287 287 287 287 302 173
[393]  25  25 344 306 306 261 267 267 196 356 372 372 338 256  94  94  94 272  49  49  76 209 209 341 341 303 303 125
[421] 125 125 223 418 371 371 243 350 160 160 160 160 218 199 149 149 403 403 413 413 413 324 324 274 318 427 334 334
[449] 334 384 368  85 219 425 425 203 203 314 189 189 189 439 453 453 453 453 396 404 357 452 452 366 373 373 373 290
[477] 376 376 440 342 342 342 307 262 262 262 456 456 288 238 238 250 447 447 447 490  77 397 415 415 473 473 351 351
[505] 360 360 360 505 505 308  26  26  26 393 463 463 345 345 492 492 506 476 476 480 480 499 499 484 484 313 313 470
[533] 347 347 239 388 442 293 293 293 358 358 358 361 184 319 319 319 319 369 389 389 389 389 163 163 532 362 362 362
[561] 538 146 294 458 365 365 454 515  27  27  78  78  51 424 424 226 226 226 444 444 444 485 485 468 235 509 142 142
[589] 550 565 260 260 260 438 511 539 564 451 178 178 555 541 541 240 448 448 574 579 579 594 171 498 602 590 446 156
[617] 587 587 367 496 422 422 363 363 601 399 134 586 558 623 623 129 129 129 512 434 588 573 573 573 460 460 253 253
[645] 253 547 455 257 275 204 204 215 523 236 147 487 443 280 280 280 654 654 654 652 661 497 224 662 662 613 613 441
[673] 375 375 354 299 673 674 674 519 300 502 666 621 636 618 542 553 154 400 583 284 641 634 333 333 614 639 639 675
[701] 672 693 580 426 700 529 561 646 305 680 667 711

$EXTANT
  [1] FALSE FALSE FALSE  TRUE FALSE FALSE FALSE FALSE FALSE FALSE FALSE FALSE  TRUE FALSE FALSE  TRUE FALSE FALSE FALSE
 [20] FALSE FALSE FALSE  TRUE FALSE  TRUE  TRUE  TRUE  TRUE FALSE FALSE FALSE  TRUE FALSE  TRUE FALSE  TRUE FALSE  TRUE
 [39]  TRUE FALSE  TRUE FALSE FALSE FALSE FALSE FALSE  TRUE FALSE  TRUE  TRUE  TRUE  TRUE  TRUE  TRUE FALSE  TRUE FALSE
 [58]  TRUE FALSE  TRUE  TRUE  TRUE FALSE FALSE  TRUE FALSE FALSE  TRUE FALSE FALSE FALSE FALSE FALSE  TRUE  TRUE FALSE
 [77]  TRUE  TRUE FALSE FALSE FALSE  TRUE  TRUE  TRUE FALSE  TRUE FALSE FALSE FALSE FALSE FALSE FALSE FALSE  TRUE  TRUE
 [96]  TRUE FALSE FALSE FALSE  TRUE FALSE  TRUE FALSE  TRUE FALSE FALSE  TRUE  TRUE  TRUE  TRUE FALSE  TRUE FALSE  TRUE
[115] FALSE  TRUE FALSE FALSE FALSE FALSE FALSE FALSE FALSE  TRUE  TRUE  TRUE FALSE  TRUE  TRUE  TRUE  TRUE FALSE  TRUE
[134]  TRUE FALSE  TRUE FALSE FALSE FALSE  TRUE  TRUE  TRUE  TRUE FALSE  TRUE  TRUE  TRUE  TRUE FALSE  TRUE FALSE FALSE
[153] FALSE FALSE FALSE  TRUE  TRUE FALSE FALSE  TRUE  TRUE  TRUE FALSE FALSE FALSE FALSE  TRUE FALSE  TRUE FALSE  TRUE
[172]  TRUE  TRUE FALSE  TRUE  TRUE FALSE  TRUE FALSE FALSE  TRUE FALSE  TRUE  TRUE  TRUE FALSE FALSE  TRUE  TRUE FALSE
[191]  TRUE  TRUE  TRUE FALSE  TRUE FALSE  TRUE FALSE  TRUE  TRUE FALSE FALSE FALSE  TRUE FALSE  TRUE  TRUE FALSE FALSE
[210] FALSE  TRUE  TRUE  TRUE FALSE  TRUE  TRUE FALSE FALSE  TRUE FALSE  TRUE FALSE  TRUE  TRUE  TRUE  TRUE FALSE  TRUE
[229]  TRUE  TRUE FALSE  TRUE  TRUE FALSE  TRUE FALSE  TRUE FALSE  TRUE  TRUE  TRUE  TRUE  TRUE FALSE FALSE FALSE  TRUE
[248]  TRUE FALSE FALSE FALSE  TRUE  TRUE  TRUE  TRUE  TRUE  TRUE FALSE FALSE FALSE  TRUE FALSE FALSE  TRUE  TRUE  TRUE
[267]  TRUE  TRUE  TRUE FALSE FALSE  TRUE FALSE FALSE  TRUE  TRUE FALSE FALSE  TRUE  TRUE FALSE FALSE FALSE  TRUE FALSE
[286]  TRUE  TRUE  TRUE  TRUE  TRUE  TRUE  TRUE  TRUE  TRUE FALSE  TRUE  TRUE  TRUE  TRUE  TRUE FALSE FALSE  TRUE  TRUE
[305]  TRUE FALSE FALSE  TRUE FALSE  TRUE  TRUE FALSE  TRUE  TRUE FALSE FALSE  TRUE  TRUE  TRUE FALSE  TRUE  TRUE FALSE
[324]  TRUE  TRUE  TRUE  TRUE FALSE FALSE  TRUE  TRUE  TRUE  TRUE  TRUE  TRUE  TRUE FALSE  TRUE  TRUE  TRUE  TRUE  TRUE
[343]  TRUE  TRUE  TRUE  TRUE  TRUE  TRUE  TRUE FALSE  TRUE  TRUE  TRUE  TRUE FALSE  TRUE  TRUE  TRUE  TRUE  TRUE  TRUE
[362]  TRUE  TRUE  TRUE  TRUE  TRUE  TRUE FALSE  TRUE  TRUE  TRUE  TRUE  TRUE  TRUE  TRUE  TRUE  TRUE FALSE  TRUE  TRUE
[381] FALSE  TRUE FALSE  TRUE  TRUE  TRUE FALSE  TRUE  TRUE FALSE FALSE FALSE  TRUE  TRUE FALSE  TRUE  TRUE  TRUE  TRUE
[400]  TRUE  TRUE  TRUE  TRUE  TRUE  TRUE  TRUE  TRUE  TRUE  TRUE  TRUE  TRUE  TRUE  TRUE  TRUE  TRUE  TRUE  TRUE  TRUE
[419] FALSE  TRUE FALSE  TRUE  TRUE  TRUE  TRUE  TRUE  TRUE  TRUE FALSE FALSE  TRUE  TRUE  TRUE  TRUE FALSE  TRUE FALSE
[438] FALSE FALSE FALSE  TRUE  TRUE  TRUE FALSE  TRUE  TRUE  TRUE  TRUE  TRUE  TRUE FALSE  TRUE  TRUE  TRUE  TRUE FALSE
[457]  TRUE  TRUE  TRUE  TRUE  TRUE  TRUE  TRUE  TRUE  TRUE  TRUE FALSE  TRUE FALSE FALSE  TRUE  TRUE  TRUE  TRUE  TRUE
[476]  TRUE  TRUE  TRUE FALSE FALSE  TRUE  TRUE  TRUE  TRUE  TRUE FALSE  TRUE  TRUE  TRUE FALSE  TRUE  TRUE  TRUE  TRUE
[495]  TRUE FALSE  TRUE  TRUE  TRUE FALSE  TRUE  TRUE  TRUE  TRUE  TRUE FALSE  TRUE  TRUE  TRUE  TRUE  TRUE  TRUE  TRUE
[514]  TRUE  TRUE  TRUE  TRUE  TRUE  TRUE  TRUE  TRUE FALSE  TRUE  TRUE FALSE  TRUE  TRUE FALSE  TRUE  TRUE  TRUE  TRUE
[533]  TRUE  TRUE  TRUE FALSE  TRUE  TRUE  TRUE  TRUE FALSE  TRUE FALSE  TRUE  TRUE FALSE  TRUE  TRUE  TRUE  TRUE  TRUE
[552]  TRUE  TRUE  TRUE  TRUE  TRUE  TRUE FALSE  TRUE FALSE  TRUE  TRUE  TRUE  TRUE FALSE  TRUE  TRUE  TRUE FALSE  TRUE
[571]  TRUE  TRUE  TRUE  TRUE  TRUE  TRUE  TRUE  TRUE FALSE  TRUE  TRUE  TRUE  TRUE  TRUE  TRUE  TRUE  TRUE  TRUE  TRUE
[590]  TRUE  TRUE  TRUE  TRUE  TRUE  TRUE  TRUE  TRUE  TRUE FALSE  TRUE  TRUE FALSE  TRUE  TRUE  TRUE  TRUE FALSE  TRUE
[609]  TRUE  TRUE  TRUE  TRUE  TRUE  TRUE  TRUE  TRUE  TRUE  TRUE  TRUE  TRUE  TRUE  TRUE  TRUE  TRUE  TRUE  TRUE  TRUE
[628]  TRUE  TRUE  TRUE  TRUE  TRUE  TRUE  TRUE  TRUE  TRUE  TRUE FALSE  TRUE  TRUE FALSE  TRUE  TRUE  TRUE FALSE FALSE
[647]  TRUE  TRUE  TRUE  TRUE  TRUE  TRUE  TRUE  TRUE  TRUE  TRUE  TRUE  TRUE  TRUE  TRUE  TRUE  TRUE  TRUE  TRUE  TRUE
[666]  TRUE  TRUE FALSE  TRUE  TRUE  TRUE  TRUE  TRUE  TRUE  TRUE  TRUE  TRUE  TRUE FALSE  TRUE  TRUE  TRUE  TRUE  TRUE
[685]  TRUE  TRUE  TRUE  TRUE  TRUE  TRUE  TRUE  TRUE  TRUE  TRUE  TRUE  TRUE  TRUE  TRUE  TRUE  TRUE  TRUE  TRUE  TRUE
[704]  TRUE  TRUE  TRUE  TRUE  TRUE  TRUE  TRUE  TRUE  TRUE

