
Birth-death simulation object with 688 species and 500 extant species

Details for some species:

Extinction times (NA means extant)
[1]       NA 65.51225       NA 59.14317 44.84745       NA


Speciation times 
[1] 89.07802 80.31538 75.60729 73.77160 57.56255 49.61594


Species parents (NA for initial)
[1] NA  1  1  1  1  1


Species status (extinct or extant)
[1] "extant"  "extinct" "extant"  "extinct" "extinct" "extant" 


For more details on vector y, try sim$y, with y one of
TE TS PAR EXTANT



$TE
  [1]         NA 65.5122530         NA 59.1431670 44.8474514         NA         NA         NA 60.6357710         NA
 [11] 71.3760036         NA 61.1013472 36.5846856 57.3213343 44.4297821 27.4960920 24.3099325         NA         NA
 [21]         NA 31.1092810 26.3884192 44.7779788         NA 20.2463445  7.0185842         NA  9.5093280         NA
 [31]         NA         NA         NA         NA 24.1566919         NA 17.7482882         NA 45.5663304  3.0862829
 [41] 47.4308145 39.5650945 36.6847699 35.7584203 31.3720095         NA 37.7623441 28.1335758         NA         NA
 [51]         NA 44.7905874 25.2086931 23.1267248 19.1206322 47.2469546         NA 38.6702912 46.3002241 47.0097292
 [61] 26.7393375 35.2392191 25.5622347 21.7003757 25.1698570 23.6683734         NA 44.3603546         NA         NA
 [71]  9.4198858         NA 39.7997536 18.4026782         NA 23.6274328         NA         NA 48.8227411         NA
 [81] 41.7684481 23.9967056         NA         NA         NA  5.5823729         NA  0.5688313         NA         NA
 [91]         NA         NA         NA  0.8701689 17.7046774         NA  7.4169855 18.9417518 15.6950326 38.0848352
[101] 14.6225539         NA  3.5629026 26.6804750  5.5377806         NA         NA         NA         NA         NA
[111]         NA         NA         NA         NA         NA         NA  5.1559455 15.4019536         NA         NA
[121]         NA 15.7957642 43.3899492 26.2376728         NA 22.7800156         NA 16.7789095         NA 12.2822713
[131]         NA 13.4396486  3.8024431         NA 21.7111259         NA         NA         NA         NA         NA
[141] 34.7477263  3.1768319 21.0208517 17.9655465         NA         NA  3.4246025         NA         NA 14.3831488
[151]         NA         NA 13.2180439 15.7568739         NA 16.7065369         NA  9.4548541  0.4264360 16.1679068
[161]  8.9866649         NA         NA         NA  0.9778111         NA 32.7715073         NA         NA 19.5291563
[171]         NA         NA         NA         NA         NA 19.6799007         NA         NA  2.2464690  2.6194468
[181] 17.2796502         NA 20.9769546  9.2678146         NA         NA 23.7588207 23.0594221  4.8506370 26.1560445
[191]         NA         NA         NA         NA 15.1803423         NA         NA         NA         NA         NA
[201]  9.3377123         NA 21.8996605  7.3461335 10.4417404         NA 22.6010555         NA         NA         NA
[211]         NA         NA         NA 20.3368934         NA         NA  5.8624623         NA         NA         NA
[221]         NA         NA         NA         NA         NA  2.6935770         NA  6.7297818         NA         NA
[231]         NA         NA 18.8183035  2.4107998  1.6430371  9.0046757         NA         NA         NA         NA
[241]         NA         NA         NA         NA         NA         NA         NA         NA         NA         NA
[251]         NA         NA         NA         NA 17.1710598         NA         NA         NA  6.5426066         NA
[261]         NA         NA         NA  7.8036140         NA         NA         NA         NA 14.6535186 12.0230285
[271]         NA         NA         NA         NA 15.0828367         NA         NA         NA         NA         NA
[281] 15.0922192         NA         NA         NA  7.5246551 18.2452048         NA         NA  3.9006917         NA
[291]  0.4104055         NA  5.4955766         NA         NA         NA         NA         NA         NA  0.9509406
[301]         NA         NA         NA  0.6728948         NA         NA         NA 18.3317039         NA         NA
[311]         NA         NA         NA         NA         NA  7.8064943         NA         NA 14.4327060         NA
[321]         NA         NA         NA         NA         NA         NA         NA         NA  4.8039992         NA
[331]         NA         NA         NA         NA         NA         NA         NA         NA         NA         NA
[341]         NA 11.3344014         NA         NA         NA 12.0908520  0.5980985         NA  6.1630497         NA
[351] 11.3424093 17.7646309 10.6568242         NA         NA         NA         NA         NA         NA         NA
[361]  8.6686538  1.8586159         NA  7.3585254         NA         NA         NA         NA         NA         NA
[371]         NA         NA         NA         NA         NA         NA         NA         NA         NA 12.5609736
[381]         NA         NA  8.5538922         NA         NA         NA         NA         NA         NA  6.0457655
[391]         NA  8.7993213         NA         NA         NA         NA  6.1288507  1.7154317  1.2607050         NA
[401]         NA         NA         NA         NA         NA  9.3442099         NA         NA         NA         NA
[411]  3.1056260         NA         NA         NA         NA         NA  6.2328005         NA  2.9629017         NA
[421]         NA         NA         NA         NA         NA         NA         NA         NA         NA         NA
[431]         NA         NA         NA         NA         NA  2.0058874  9.0361544  1.1414288         NA         NA
[441] 10.3453205         NA         NA         NA         NA         NA         NA         NA         NA         NA
[451]         NA         NA         NA  1.1227010  1.5680793         NA         NA         NA         NA         NA
[461]  3.2550840         NA         NA  3.7708009         NA  5.7862772         NA         NA         NA  6.5791348
[471]         NA  5.3531741         NA         NA         NA         NA         NA         NA         NA         NA
[481] 10.8205706         NA         NA  0.9698563         NA  6.2642656         NA         NA         NA         NA
[491]         NA         NA         NA         NA         NA         NA         NA         NA  1.2713588         NA
[501]         NA         NA         NA         NA         NA         NA         NA         NA         NA         NA
[511]         NA  3.4532210         NA         NA         NA         NA         NA         NA         NA         NA
[521]         NA         NA         NA         NA  0.6998472         NA         NA  0.5112459         NA         NA
[531]         NA         NA         NA         NA         NA         NA  0.1284096         NA         NA         NA
[541]  7.3934497         NA         NA         NA         NA         NA         NA         NA  3.8484070         NA
[551]         NA         NA         NA         NA         NA         NA         NA         NA  3.8780608         NA
[561]         NA         NA         NA         NA  3.3203669         NA  1.6984244         NA         NA         NA
[571]         NA         NA         NA         NA         NA         NA         NA         NA         NA         NA
[581]         NA         NA         NA         NA         NA         NA  2.5483258         NA  0.7422135         NA
[591]         NA         NA         NA         NA         NA         NA         NA         NA         NA         NA
[601]  1.5926130         NA         NA  3.5019595         NA         NA  0.2755545         NA         NA         NA
[611]         NA         NA         NA         NA  1.9637994         NA         NA         NA         NA         NA
[621]         NA         NA         NA  1.4155118         NA         NA         NA         NA         NA         NA
[631]         NA         NA         NA         NA         NA         NA         NA         NA         NA         NA
[641]         NA         NA         NA         NA         NA         NA         NA         NA  1.8814363  0.2735117
[651]         NA         NA         NA  0.2956391         NA  3.6475381         NA         NA         NA         NA
[661]  0.5174835         NA         NA         NA         NA         NA         NA         NA         NA         NA
[671]         NA         NA         NA         NA         NA         NA         NA         NA         NA         NA
[681]         NA         NA         NA         NA         NA         NA         NA         NA

$TS
  [1] 8.907802e+01 8.031538e+01 7.560729e+01 7.377160e+01 5.756255e+01 4.961594e+01 2.435077e+01 9.861371e+00
  [9] 7.902946e+01 7.767163e+01 7.655220e+01 7.462925e+01 7.123188e+01 6.105330e+01 6.043724e+01 5.121257e+01
 [17] 4.854832e+01 4.149440e+01 3.746056e+01 3.020276e+01 2.321557e+00 6.619282e+01 6.594778e+01 5.964709e+01
 [25] 5.617820e+01 3.757461e+01 3.497088e+01 1.883911e+01 1.663885e+01 1.631251e+01 7.918463e+00 6.434363e+00
 [33] 3.474552e+00 6.455766e+01 3.993898e+01 7.077467e+01 5.490424e+01 5.209049e+01 4.986887e+01 6.751943e+00
 [41] 5.318628e+01 4.114998e+01 6.170968e+01 4.120371e+01 3.558746e+01 2.916073e+01 5.980710e+01 5.840281e+01
 [49] 1.993669e+01 1.487544e+01 4.050779e+01 5.434466e+01 4.786948e+01 4.404089e+01 5.770494e+01 5.100572e+01
 [57] 4.866333e+01 4.075756e+01 5.603020e+01 5.189947e+01 4.694530e+01 3.701635e+01 3.360857e+01 3.352871e+01
 [65] 3.130698e+01 2.381114e+01 2.076526e+01 4.845877e+01 1.727680e+01 8.424336e+00 3.601839e+01 2.222387e+01
 [73] 5.234635e+01 5.021629e+01 4.784778e+01 2.708269e+01 9.269628e+00 2.146838e+00 4.931697e+01 4.758846e+01
 [81] 4.396490e+01 3.580758e+01 4.726862e+01 4.727738e+01 4.185669e+01 2.619517e+01 1.860754e+01 1.613964e+01
 [89] 8.143510e+00 4.160085e+00 2.222144e+00 8.007751e-01 2.711469e+01 5.011887e+00 3.930911e+01 3.092100e+01
 [97] 3.173595e+01 4.447290e+01 4.085929e+01 4.348926e+01 3.312931e+01 2.429907e+01 1.853169e+01 3.707968e+01
[105] 2.697368e+01 2.389371e+01 2.350438e+01 2.200070e+01 1.309773e+01 1.158693e+01 6.334504e-02 2.026474e+01
[113] 6.493147e+00 6.302149e+00 4.615441e+00 3.375553e+01 2.761464e+01 2.446247e+01 2.392161e+01 1.945538e+01
[121] 3.312397e+01 2.642341e+01 4.356417e+01 4.225568e+01 3.843596e+01 3.637928e+01 4.095674e+01 2.419320e+01
[129] 2.239640e+01 1.410028e+01 3.309602e+01 3.045675e+01 2.707529e+01 3.651665e+01 2.459700e+01 1.853370e+01
[137] 3.311141e+00 1.404207e+00 8.671714e-01 3.553195e+01 3.585219e+01 3.201188e+01 2.852855e+01 2.262036e+01
[145] 1.051923e+01 3.672689e+01 2.549459e+01 2.222979e+01 1.878355e+01 2.065489e+01 3.439306e+01 2.037056e+01
[153] 2.989466e+01 2.913542e+01 2.390315e+01 1.979916e+01 1.867006e+01 1.686130e+01 3.168675e+01 2.584882e+01
[161] 2.448147e+01 8.847914e+00 6.142719e+00 9.292698e-01 2.592879e+01 1.836974e+00 3.352106e+01 3.453005e+01
[169] 2.757853e+01 2.031116e+01 1.889570e+01 1.016325e+01 2.891235e+01 2.602118e+01 2.277380e+01 2.874454e+01
[177] 2.664473e+01 2.443993e+01 1.660344e+01 3.423623e+01 2.990218e+01 2.980352e+01 2.538093e+01 9.869050e+00
[185] 7.205518e+00 1.189148e+00 2.412446e+01 2.400431e+01 7.168798e+00 3.133136e+01 1.966111e+01 1.222029e+01
[193] 1.070008e+01 3.172620e+01 3.170433e+01 8.873113e+00 6.045645e+00 5.138411e+00 1.865296e+00 6.159524e-01
[201] 2.299124e+01 2.155682e+01 2.794054e+01 2.180373e+01 2.038898e+01 7.921441e+00 2.841380e+01 1.361717e+01
[209] 1.311067e+01 8.878681e+00 8.650498e+00 5.548130e+00 2.918163e+01 2.801426e+01 1.777950e+01 5.244642e+00
[217] 2.968937e+01 2.021065e+01 4.479337e+00 3.843998e+00 2.230894e+01 2.742691e+01 2.031875e+01 1.647927e+01
[225] 1.104236e+00 8.521036e+00 1.432313e+01 1.258196e+01 9.717758e+00 3.752961e+00 2.628192e+01 2.495312e+01
[233] 2.711236e+01 2.748707e+01 1.967618e+01 1.796755e+01 1.322352e+01 8.000946e+00 1.462609e+01 6.281228e+00
[241] 4.643303e-02 2.388569e+01 2.693437e+01 2.152658e+01 9.605525e+00 2.522565e+01 1.755012e+01 1.757985e+00
[249] 2.376133e+01 2.545873e+01 1.725340e+01 1.823834e+01 1.707846e+01 2.206776e+01 1.900137e+01 6.288315e+00
[257] 5.889917e+00 4.671631e+00 2.193406e+01 1.137377e+01 1.348208e+01 9.540624e+00 7.783965e+00 1.996619e+01
[265] 1.696485e+01 1.218279e+01 1.194537e+01 7.398855e+00 1.508040e+01 1.277287e+01 7.387975e+00 2.533054e+00
[273] 2.500469e+01 4.235249e+00 2.499433e+01 1.887239e+01 1.220741e+01 2.278503e+01 2.416695e+01 1.530436e+01
[281] 2.260491e+01 2.005964e+01 1.217053e+01 5.789940e+00 1.154399e+01 2.251241e+01 8.346380e+00 7.363431e+00
[289] 5.057136e+00 3.804068e+00 1.420517e+00 1.529440e+01 1.126638e+01 7.246994e+00 2.115367e+01 1.087053e+01
[297] 1.503697e+01 1.175620e+01 1.129492e+01 7.008831e+00 9.481651e+00 7.944006e+00 1.028605e+01 4.619994e+00
[305] 1.116773e+01 8.252187e+00 7.632149e+00 2.138698e+01 1.387298e+01 7.755530e+00 7.366678e+00 3.506783e+00
[313] 3.971087e-01 1.998907e+01 1.643975e+01 1.491048e+01 2.011058e+01 6.842529e+00 1.528745e+01 1.429086e+01
[321] 1.373735e+01 8.440629e+00 3.294025e-01 1.954290e+01 9.273646e+00 2.011262e+01 1.526521e+01 9.570082e+00
[329] 1.511094e+01 4.741391e+00 1.937404e+01 4.209716e+00 1.728460e+00 8.902524e+00 6.970475e+00 1.351553e+01
[337] 9.330795e+00 6.582628e+00 9.607891e-01 1.756540e+01 1.738749e+01 1.215173e+01 1.505743e+00 1.456010e+01
[345] 1.245775e+01 1.725265e+01 1.277139e+01 1.254610e+01 6.848636e+00 2.805610e+00 1.865984e+01 1.793723e+01
[353] 1.670086e+01 1.212350e+01 1.560777e+01 7.914455e+00 1.112999e+01 1.947996e+01 8.925713e+00 3.998117e+00
[361] 9.102679e+00 6.846024e+00 2.860686e+00 1.030251e+01 7.101959e+00 1.903245e+01 1.552369e+01 3.510908e+00
[369] 4.276645e+00 8.944841e+00 5.249899e+00 1.489869e+01 8.657223e+00 7.581801e+00 2.498365e+00 3.191756e+00
[377] 1.173369e+00 8.881332e+00 2.180956e+00 1.455069e+01 1.829228e+01 1.440018e+01 1.117018e+01 9.748566e+00
[385] 9.416153e+00 8.524879e+00 1.086038e+01 9.347189e+00 8.686083e+00 6.777574e+00 3.641025e+00 1.319496e+01
[393] 8.158638e+00 4.720666e+00 1.182365e+00 1.098411e+01 8.408418e+00 4.123140e+00 3.065714e+00 1.003381e+01
[401] 1.403471e+01 6.483344e+00 5.194648e+00 1.088916e+01 1.715085e+01 1.055432e+01 1.346330e+00 9.793356e-01
[409] 1.497925e+01 8.704803e+00 4.913210e+00 4.580480e+00 2.994966e+00 4.455217e+00 3.345090e+00 1.623522e+01
[417] 1.168362e+01 5.718953e+00 1.438214e+01 1.021849e+01 3.904216e+00 1.580893e+01 1.748293e+00 1.037062e+01
[425] 7.074705e+00 1.490063e+01 6.187793e+00 6.212553e+00 6.667357e+00 1.206224e+01 1.083625e+01 6.201066e+00
[433] 8.127646e+00 4.626466e+00 2.535095e+00 1.463772e+01 1.396812e+01 1.196705e+01 1.393022e+01 6.211450e+00
[441] 1.072293e+01 3.354187e+00 1.166726e+01 5.165120e+00 2.293195e+00 8.921984e+00 7.311174e+00 2.605408e+00
[449] 2.153610e+00 5.965947e+00 2.973701e+00 1.307453e+01 1.300597e+01 1.274820e+00 1.183461e+01 4.267364e+00
[457] 3.551683e+00 8.531647e+00 7.344911e+00 2.915914e+00 1.242860e+01 1.165990e+01 7.847302e+00 1.141564e+01
[465] 1.008017e+01 8.947775e+00 1.209712e+01 1.149253e-01 9.605051e+00 9.717967e+00 4.487595e+00 8.377040e+00
[473] 8.772108e+00 6.037339e+00 8.683092e+00 7.945245e+00 1.032882e+00 1.592943e+00 1.203751e+01 1.159963e+01
[481] 1.119001e+01 7.618363e+00 3.591340e+00 5.360404e+00 3.611300e+00 1.031421e+01 4.259672e+00 5.489856e+00
[489] 1.771064e+00 1.018918e+01 5.644785e+00 6.415598e-01 7.327659e+00 4.928186e+00 8.504251e+00 6.189964e+00
[497] 1.002588e+01 7.122553e+00 1.937217e+00 1.021474e+01 1.414404e+00 3.176059e+00 1.805212e+00 5.237809e-01
[505] 9.001848e+00 6.256982e+00 1.345206e+00 6.313595e-01 3.845931e+00 9.961573e+00 6.747467e+00 9.151416e+00
[513] 7.410553e+00 5.163288e+00 1.006643e+01 1.471059e+00 7.714854e+00 5.864120e+00 5.120266e+00 4.030591e+00
[521] 2.359550e+00 6.406880e+00 3.820656e+00 4.324458e-01 7.342525e+00 3.419579e+00 2.035269e+00 4.380333e+00
[529] 1.917769e+00 2.532437e+00 6.752773e+00 5.741111e+00 5.174803e+00 1.387405e-01 2.666824e+00 6.618885e+00
[537] 6.190970e+00 1.452663e+00 6.181664e+00 8.243831e+00 7.867942e+00 4.240395e+00 6.430452e+00 4.702142e+00
[545] 3.285058e+00 3.162994e+00 2.714990e+00 8.209468e+00 8.101809e+00 6.932628e+00 1.994485e+00 6.800658e+00
[553] 7.852583e+00 4.707320e+00 2.839753e+00 8.063914e+00 6.566548e+00 4.069538e-04 5.287614e+00 3.628603e+00
[561] 2.225843e-01 3.389461e+00 7.905822e+00 7.522287e+00 4.427684e+00 2.752497e+00 4.848763e+00 5.148831e+00
[569] 1.192688e+00 7.723298e+00 3.602569e+00 4.208208e-02 4.843396e+00 2.681641e+00 1.984129e+00 2.258176e+00
[577] 2.163321e+00 2.188820e+00 4.674812e+00 3.436913e+00 3.318995e+00 1.666312e+00 3.565003e-01 5.876689e-01
[585] 3.537280e+00 3.243956e+00 5.051964e+00 7.160372e+00 5.471781e+00 6.559427e+00 3.362268e+00 3.349534e+00
[593] 2.188237e+00 4.730227e+00 2.695237e+00 2.146654e+00 6.454290e+00 5.021393e+00 2.674432e+00 6.102822e-01
[601] 6.194883e+00 5.469253e+00 4.420221e+00 6.149205e+00 6.622223e+00 6.495869e+00 5.329295e+00 5.711157e+00
[609] 3.266592e+00 5.279386e+00 1.690762e-01 2.205437e+00 5.895314e-01 6.084211e+00 4.483046e+00 2.755134e+00
[617] 9.554090e-01 3.289367e+00 1.239547e+00 2.896293e+00 5.799469e+00 4.116162e+00 1.594527e-01 5.266576e+00
[625] 1.520762e+00 2.874159e+00 1.823834e+00 4.261992e+00 5.088388e+00 6.606591e-01 3.974766e+00 3.775823e+00
[633] 2.129608e+00 3.871194e+00 5.038443e+00 3.091947e+00 4.162367e+00 1.760879e+00 3.508438e+00 6.374367e-02
[641] 3.080897e+00 2.315082e+00 1.790299e+00 4.125427e-01 4.182096e+00 3.263452e+00 9.689402e-01 3.162030e+00
[649] 2.082628e+00 3.143885e+00 3.336572e+00 2.599630e+00 1.339572e-01 1.244507e+00 8.029247e-02 3.668570e+00
[657] 3.164283e+00 2.579914e+00 9.672880e-01 3.070483e+00 6.791819e-01 2.907898e+00 3.173319e+00 1.643416e+00
[665] 3.538196e-01 2.708170e+00 2.961919e+00 1.509479e+00 1.491678e+00 2.212943e+00 6.617638e-01 1.911573e-03
[673] 9.949092e-01 1.473409e+00 1.466772e+00 2.383332e+00 1.656088e+00 5.931604e-01 3.038735e-01 1.591558e+00
[681] 4.783164e-01 5.912118e-01 6.639998e-01 1.613706e+00 1.067265e+00 1.171705e+00 9.806501e-01 6.466518e-01

$PAR
  [1]  NA   1   1   1   1   1   1   1   2   2   2   2  10  10  10  10  10  10  10  10  10   3   3   3   3   3   3   3
 [29]   3   3   3   3   3  12  12   4  36  36  36  36  22  22  23  23  23  23  34  34  34  34  43  14  14  14  15  47
 [57]  47  47  24  48  48  48  48  48  48  55  55  25  25  25  37  37  52  73  73  38  38  38  60  60  74  74  39   6
 [85]   6   6   6   6   6   6   6   6  57  57  17  17  53  75  75  80  80  80  80  84  84  84  84  84  84  84  84  83
[113]  83  83  83  61  61  98  98  98  54  54  81 100 100 124  85  85  85  85  18  18  18  44 127 127 127 127 127  99
[141]  51  51  51  51  51  35  95  95  95 125  26  26  19  19  19  19  19  19 146 146 146 146 146 146 134 134 126  71
[169]  71  71  71  71 140 140 140  27  27  27  27 168 168 168 168 168 168 168 151 151 151 116 116 116 116  63 101 121
[197] 121 121 121 121 131 131 142 142 142 142  97 194 194 194 194 159 190 190  96  96 132 132  20  20 181 153 182 182
[225] 182 213  46  46 173 173 176 176 203 117 117 117 117 117 169 169 169 234 222 222 222  93  93  93 233 105 105 243
[253] 243 177 177 177 231 231  86  86 174 174 165 160 160 147 147 147 250 250 250 250 246 246 273 273 273 275 161 161
[281] 118 118 178 178   7 102 102 102 102 102 102 279 279 279 119 155 106 106 106 106 242 242 249 249 107 107 107 278
[309] 278 278 278 278 175 281 281 129 221 221 148 148 148 148 148  72  72 254 254 254 108 108 259 244 244 295 295  67
[337]  67  67  67 152 152 152 152 223 223 112 112 218 218 218 317 317 317 317 282 282 314 264 264  49 235 235 191 324
[365] 324 358 358 358 120 331 331 366 366 366 171 276 276  28  28 157 136 136 136 136 136 136 103 103 103 103 103 381
[393] 381 381 381 252 252 252 252 236 215 215 215 340 247 247 247 247  69  69  69 251 251 253 265  29 224 224 315 315
[421] 315  30  30 416 422 367 367 292 327 329 329 329 297 297 297 409 409 316 426 372  50  50 436 436 436 344 344 344
[449] 344 382 382 419 320 401 309 309 309 321 208 336 261 261 261 237 109 109 270 348 345 461 461 192 266 266 283 283
[477] 283 354 467 430 430 430 430 479 479 267 267 455 455 443 443 443 462 480 110 110 285 464 260 383 396 404 404 404
[505] 296 296 296 387 431 193 145 424 303 303 420 172 400 497 497 497 497   8   8   8 470 229 245 469 328 262 301 301
[533] 301 337 325 505 505 505 446 334 334 196 162 473 473 475 475 373 373 373 458 386 226 495 495  70 287 287 306 306
[561] 540  89 238 302 302 302  31 356 553 263 263 263 310 310 310 517 517 307 482 482 374 374 513 268 271 311 459 493
[589] 493 447 447 447 447 294 300 335 349 318 318 318 552 552 552 531  40  40 605 338 338 557 590 606 597  32 543 240
[617] 240 440 440 496 539 539 539 163 163 197 450 518 608 608 602 602 602 607 216 216 514 514 568 198 587  94 330 330
[645] 394 554 544 115 115 219 603 369 487 637  90 622 634 230 230 485 368 312 526 442 442 137 663 657 641 413 662 363
[673] 555 616 566 599 448 375 642 670 379 527 166 638 668 516 501 671

$EXTANT
  [1]  TRUE FALSE  TRUE FALSE FALSE  TRUE  TRUE  TRUE FALSE  TRUE FALSE  TRUE FALSE FALSE FALSE FALSE FALSE FALSE  TRUE
 [20]  TRUE  TRUE FALSE FALSE FALSE  TRUE FALSE FALSE  TRUE FALSE  TRUE  TRUE  TRUE  TRUE  TRUE FALSE  TRUE FALSE  TRUE
 [39] FALSE FALSE FALSE FALSE FALSE FALSE FALSE  TRUE FALSE FALSE  TRUE  TRUE  TRUE FALSE FALSE FALSE FALSE FALSE  TRUE
 [58] FALSE FALSE FALSE FALSE FALSE FALSE FALSE FALSE FALSE  TRUE FALSE  TRUE  TRUE FALSE  TRUE FALSE FALSE  TRUE FALSE
 [77]  TRUE  TRUE FALSE  TRUE FALSE FALSE  TRUE  TRUE  TRUE FALSE  TRUE FALSE  TRUE  TRUE  TRUE  TRUE  TRUE FALSE FALSE
 [96]  TRUE FALSE FALSE FALSE FALSE FALSE  TRUE FALSE FALSE FALSE  TRUE  TRUE  TRUE  TRUE  TRUE  TRUE  TRUE  TRUE  TRUE
[115]  TRUE  TRUE FALSE FALSE  TRUE  TRUE  TRUE FALSE FALSE FALSE  TRUE FALSE  TRUE FALSE  TRUE FALSE  TRUE FALSE FALSE
[134]  TRUE FALSE  TRUE  TRUE  TRUE  TRUE  TRUE FALSE FALSE FALSE FALSE  TRUE  TRUE FALSE  TRUE  TRUE FALSE  TRUE  TRUE
[153] FALSE FALSE  TRUE FALSE  TRUE FALSE FALSE FALSE FALSE  TRUE  TRUE  TRUE FALSE  TRUE FALSE  TRUE  TRUE FALSE  TRUE
[172]  TRUE  TRUE  TRUE  TRUE FALSE  TRUE  TRUE FALSE FALSE FALSE  TRUE FALSE FALSE  TRUE  TRUE FALSE FALSE FALSE FALSE
[191]  TRUE  TRUE  TRUE  TRUE FALSE  TRUE  TRUE  TRUE  TRUE  TRUE FALSE  TRUE FALSE FALSE FALSE  TRUE FALSE  TRUE  TRUE
[210]  TRUE  TRUE  TRUE  TRUE FALSE  TRUE  TRUE FALSE  TRUE  TRUE  TRUE  TRUE  TRUE  TRUE  TRUE  TRUE FALSE  TRUE FALSE
[229]  TRUE  TRUE  TRUE  TRUE FALSE FALSE FALSE FALSE  TRUE  TRUE  TRUE  TRUE  TRUE  TRUE  TRUE  TRUE  TRUE  TRUE  TRUE
[248]  TRUE  TRUE  TRUE  TRUE  TRUE  TRUE  TRUE FALSE  TRUE  TRUE  TRUE FALSE  TRUE  TRUE  TRUE  TRUE FALSE  TRUE  TRUE
[267]  TRUE  TRUE FALSE FALSE  TRUE  TRUE  TRUE  TRUE FALSE  TRUE  TRUE  TRUE  TRUE  TRUE FALSE  TRUE  TRUE  TRUE FALSE
[286] FALSE  TRUE  TRUE FALSE  TRUE FALSE  TRUE FALSE  TRUE  TRUE  TRUE  TRUE  TRUE  TRUE FALSE  TRUE  TRUE  TRUE FALSE
[305]  TRUE  TRUE  TRUE FALSE  TRUE  TRUE  TRUE  TRUE  TRUE  TRUE  TRUE FALSE  TRUE  TRUE FALSE  TRUE  TRUE  TRUE  TRUE
[324]  TRUE  TRUE  TRUE  TRUE  TRUE FALSE  TRUE  TRUE  TRUE  TRUE  TRUE  TRUE  TRUE  TRUE  TRUE  TRUE  TRUE  TRUE FALSE
[343]  TRUE  TRUE  TRUE FALSE FALSE  TRUE FALSE  TRUE FALSE FALSE FALSE  TRUE  TRUE  TRUE  TRUE  TRUE  TRUE  TRUE FALSE
[362] FALSE  TRUE FALSE  TRUE  TRUE  TRUE  TRUE  TRUE  TRUE  TRUE  TRUE  TRUE  TRUE  TRUE  TRUE  TRUE  TRUE  TRUE FALSE
[381]  TRUE  TRUE FALSE  TRUE  TRUE  TRUE  TRUE  TRUE  TRUE FALSE  TRUE FALSE  TRUE  TRUE  TRUE  TRUE FALSE FALSE FALSE
[400]  TRUE  TRUE  TRUE  TRUE  TRUE  TRUE FALSE  TRUE  TRUE  TRUE  TRUE FALSE  TRUE  TRUE  TRUE  TRUE  TRUE FALSE  TRUE
[419] FALSE  TRUE  TRUE  TRUE  TRUE  TRUE  TRUE  TRUE  TRUE  TRUE  TRUE  TRUE  TRUE  TRUE  TRUE  TRUE  TRUE FALSE FALSE
[438] FALSE  TRUE  TRUE FALSE  TRUE  TRUE  TRUE  TRUE  TRUE  TRUE  TRUE  TRUE  TRUE  TRUE  TRUE  TRUE FALSE FALSE  TRUE
[457]  TRUE  TRUE  TRUE  TRUE FALSE  TRUE  TRUE FALSE  TRUE FALSE  TRUE  TRUE  TRUE FALSE  TRUE FALSE  TRUE  TRUE  TRUE
[476]  TRUE  TRUE  TRUE  TRUE  TRUE FALSE  TRUE  TRUE FALSE  TRUE FALSE  TRUE  TRUE  TRUE  TRUE  TRUE  TRUE  TRUE  TRUE
[495]  TRUE  TRUE  TRUE  TRUE FALSE  TRUE  TRUE  TRUE  TRUE  TRUE  TRUE  TRUE  TRUE  TRUE  TRUE  TRUE  TRUE FALSE  TRUE
[514]  TRUE  TRUE  TRUE  TRUE  TRUE  TRUE  TRUE  TRUE  TRUE  TRUE  TRUE FALSE  TRUE  TRUE FALSE  TRUE  TRUE  TRUE  TRUE
[533]  TRUE  TRUE  TRUE  TRUE FALSE  TRUE  TRUE  TRUE FALSE  TRUE  TRUE  TRUE  TRUE  TRUE  TRUE  TRUE FALSE  TRUE  TRUE
[552]  TRUE  TRUE  TRUE  TRUE  TRUE  TRUE  TRUE FALSE  TRUE  TRUE  TRUE  TRUE  TRUE FALSE  TRUE FALSE  TRUE  TRUE  TRUE
[571]  TRUE  TRUE  TRUE  TRUE  TRUE  TRUE  TRUE  TRUE  TRUE  TRUE  TRUE  TRUE  TRUE  TRUE  TRUE  TRUE FALSE  TRUE FALSE
[590]  TRUE  TRUE  TRUE  TRUE  TRUE  TRUE  TRUE  TRUE  TRUE  TRUE  TRUE FALSE  TRUE  TRUE FALSE  TRUE  TRUE FALSE  TRUE
[609]  TRUE  TRUE  TRUE  TRUE  TRUE  TRUE FALSE  TRUE  TRUE  TRUE  TRUE  TRUE  TRUE  TRUE  TRUE FALSE  TRUE  TRUE  TRUE
[628]  TRUE  TRUE  TRUE  TRUE  TRUE  TRUE  TRUE  TRUE  TRUE  TRUE  TRUE  TRUE  TRUE  TRUE  TRUE  TRUE  TRUE  TRUE  TRUE
[647]  TRUE  TRUE FALSE FALSE  TRUE  TRUE  TRUE FALSE  TRUE FALSE  TRUE  TRUE  TRUE  TRUE FALSE  TRUE  TRUE  TRUE  TRUE
[666]  TRUE  TRUE  TRUE  TRUE  TRUE  TRUE  TRUE  TRUE  TRUE  TRUE  TRUE  TRUE  TRUE  TRUE  TRUE  TRUE  TRUE  TRUE  TRUE
[685]  TRUE  TRUE  TRUE  TRUE

