
Birth-death simulation object with 729 species and 500 extant species

Details for some species:

Extinction times (NA means extant)
[1] 38.14745 17.56779 53.46571       NA 39.68288 39.74156


Speciation times 
[1] 106.11968  69.72480  57.39739  48.04418  44.34698  44.09847


Species parents (NA for initial)
[1] NA  1  1  1  1  1


Species status (extinct or extant)
[1] "extinct" "extinct" "extinct" "extant"  "extinct" "extinct"


For more details on vector y, try sim$y, with y one of
TE TS PAR EXTANT



$TE
  [1] 38.14744613 17.56779477 53.46571440          NA 39.68287997 39.74155519 16.17948433 27.17032898 26.14643440
 [10] 52.21884252          NA 34.90656138 23.19615711          NA 11.25418594 46.95622210 48.30272275 27.79192882
 [19] 25.45890388          NA          NA          NA 28.58826222          NA 31.99175583          NA          NA
 [28]          NA 38.07102421          NA 46.51606976 22.92154199 36.19629225 12.97612649  5.45596294  5.38904127
 [37]          NA          NA          NA  4.94488502          NA 36.19499292 23.23142768 40.90323749 32.95759813
 [46]          NA 32.03678740 18.26628221          NA          NA          NA  1.70639086 34.85627318  3.89706303
 [55]  7.24866465  2.56348083 38.90151384          NA 14.97447962          NA          NA  6.03786221          NA
 [64] 43.38089019 40.49974421 35.60826414 39.67282951 25.19283336          NA 16.69997459  1.88376772          NA
 [73] 17.97636097  3.29450756  3.04760993  7.89883538  9.57653076 23.75947060          NA          NA          NA
 [82]          NA          NA 21.97607086  5.45166623          NA          NA  9.48417289          NA          NA
 [91]  4.55696456  4.98847743 31.25793357  8.28805964          NA          NA  2.38752717  1.16310673 14.86126408
[100] 11.93133788          NA 31.60392192 22.06664801          NA          NA 22.50921626          NA          NA
[109]          NA 22.44684389          NA          NA          NA          NA 22.24911633          NA          NA
[118] 13.69214062  2.61327879 20.54339450          NA 11.36878204          NA          NA          NA          NA
[127]          NA          NA 28.10298736          NA 23.72986558          NA  3.24690088  6.47514044          NA
[136] 19.63200335 27.25652878          NA          NA  4.74939355          NA          NA          NA  5.24709998
[145]          NA          NA 12.02222583          NA 23.00277856          NA          NA          NA          NA
[154]          NA 26.52657308          NA 20.29005851          NA  7.80034527  7.26235106 23.94843519 22.51208112
[163]  9.00970599 11.78702548  8.06891841          NA  7.09712164          NA          NA  8.17703967          NA
[172]          NA          NA  3.74201207  6.00130080          NA 19.65299541 25.61338065          NA  8.49305804
[181]          NA          NA 18.76956804  3.24214572 17.34566563          NA  9.65137038  0.57045165          NA
[190]          NA 11.12625753          NA          NA 22.54174055          NA          NA 19.50741460          NA
[199]          NA          NA 11.00765575  6.18448688          NA          NA          NA          NA          NA
[208]          NA          NA  2.60248807 10.74268978          NA 18.83768289 14.67684126          NA          NA
[217] 19.19145378  4.61397623          NA  0.11269635          NA  2.58492630          NA          NA          NA
[226]          NA  1.94513088          NA          NA          NA          NA          NA          NA  2.02982014
[235]          NA          NA  3.84105646          NA  9.23136552          NA 18.60481479  4.88138070          NA
[244]  1.93768115          NA 17.38023575          NA  6.45488883          NA          NA          NA          NA
[253]          NA 13.40386613          NA          NA          NA          NA 21.10689857          NA  8.51037657
[262]          NA          NA          NA          NA  7.90711298          NA          NA          NA          NA
[271]          NA  1.05376114          NA          NA          NA          NA          NA  1.72152754  6.09000471
[280]          NA          NA 22.32585220  6.10163769          NA          NA          NA  8.34389054          NA
[289]          NA          NA          NA          NA  5.44907089          NA          NA          NA  9.23037010
[298]          NA  5.76991511          NA 16.95118482  0.90190186 11.39724273          NA          NA 17.19516274
[307]          NA          NA  1.83594533          NA          NA  4.62610933          NA  5.05422228          NA
[316]          NA          NA          NA          NA 19.26160768  6.62389838          NA          NA          NA
[325]          NA  3.70403179          NA          NA  8.79368264          NA  2.49515280  6.67650601          NA
[334]          NA  7.63738399 12.27680119          NA  9.95529346  9.88083501          NA          NA  8.68553879
[343]          NA          NA          NA          NA          NA  6.32201483          NA          NA          NA
[352]          NA  2.48599761          NA          NA          NA  4.95785693  6.59739295          NA 13.28839075
[361]          NA  3.58308403          NA          NA          NA          NA          NA 13.07052341          NA
[370]  2.40412887 10.47663601 10.80471080  4.63835141          NA          NA          NA 13.32167859          NA
[379]          NA          NA          NA          NA          NA 15.49601971  4.04516439          NA          NA
[388]          NA  0.43520073  2.31276673          NA          NA          NA          NA          NA          NA
[397]          NA  6.81432238  2.86594653          NA          NA          NA          NA          NA          NA
[406]          NA  1.72854680          NA 11.13385437          NA  6.17465956  5.93615476  3.00865631          NA
[415]          NA          NA          NA          NA  2.83585950          NA          NA          NA  8.25549523
[424]          NA 11.83165544          NA          NA          NA          NA  1.56708089          NA          NA
[433]  0.19071614          NA          NA          NA          NA  4.43741573          NA          NA          NA
[442]          NA  1.07189287          NA  2.69075870          NA          NA          NA          NA          NA
[451]          NA          NA          NA  4.76300509  0.42006500          NA          NA          NA          NA
[460]          NA          NA          NA  7.69369157          NA  3.84227462  7.35882758          NA          NA
[469]          NA  1.05274041          NA  0.43653228          NA          NA  2.18321852          NA          NA
[478]  0.98991818          NA          NA  1.17705011          NA          NA          NA  4.47067855          NA
[487]  9.49189476          NA          NA          NA          NA          NA          NA          NA          NA
[496]          NA          NA          NA          NA          NA          NA          NA  2.32897409          NA
[505]          NA          NA  7.16114687          NA  1.70696807          NA          NA          NA          NA
[514]          NA          NA          NA  1.19069077          NA          NA          NA          NA          NA
[523]          NA  8.53943330          NA          NA          NA          NA          NA          NA          NA
[532]          NA          NA          NA          NA  0.05414985          NA          NA  0.98389637  0.75650985
[541]          NA          NA          NA          NA          NA          NA  6.83893533          NA          NA
[550]  3.29421273  2.97610664          NA          NA          NA          NA          NA          NA          NA
[559]  4.07564292  0.55713367          NA          NA          NA          NA          NA  3.69919900  5.08895877
[568]  5.83334121          NA          NA          NA          NA  0.02465482          NA          NA          NA
[577]  3.43193240          NA          NA          NA          NA          NA          NA          NA          NA
[586]          NA  3.57888715          NA          NA          NA          NA          NA  2.90678616          NA
[595]  2.93375512          NA          NA          NA          NA          NA          NA          NA          NA
[604]          NA          NA          NA          NA          NA          NA  4.37143351          NA          NA
[613]          NA          NA          NA          NA          NA          NA          NA          NA          NA
[622]          NA          NA          NA          NA          NA          NA          NA          NA          NA
[631]          NA          NA          NA          NA          NA          NA          NA          NA          NA
[640]          NA          NA          NA          NA          NA          NA  1.86742752          NA          NA
[649]          NA          NA          NA          NA          NA          NA          NA  0.91800898          NA
[658]  0.79724086          NA          NA          NA          NA          NA          NA          NA          NA
[667]          NA          NA          NA          NA          NA          NA  4.16082329          NA          NA
[676]          NA          NA          NA          NA          NA          NA          NA          NA          NA
[685]          NA          NA          NA          NA          NA          NA          NA          NA          NA
[694]          NA          NA          NA  0.03339854          NA          NA          NA          NA          NA
[703]          NA          NA          NA          NA          NA  0.39702262          NA          NA  0.45403752
[712]          NA          NA          NA          NA          NA          NA          NA          NA          NA
[721]          NA          NA          NA          NA          NA          NA          NA          NA          NA

$TS
  [1] 1.061197e+02 6.972480e+01 5.739739e+01 4.804418e+01 4.434698e+01 4.409847e+01 4.295472e+01 6.447051e+01
  [9] 6.372107e+01 5.973943e+01 5.178343e+01 3.814564e+01 3.711294e+01 3.405275e+01 3.047095e+01 6.198791e+01
 [17] 5.878257e+01 4.721395e+01 3.646873e+01 3.385491e+01 2.953200e+01 2.728127e+01 5.889663e+01 5.267141e+01
 [25] 3.762006e+01 3.580792e+01 3.059730e+01 5.530156e+01 5.300115e+01 4.726752e+01 5.510220e+01 5.079014e+01
 [33] 4.775386e+01 4.155751e+01 3.098959e+01 1.034082e+01 8.799939e+00 2.012157e+00 4.654678e+01 4.038987e+01
 [41] 3.480590e+01 5.157770e+01 5.058878e+01 4.889650e+01 3.443624e+01 3.406556e+01 3.279145e+01 3.258239e+01
 [49] 2.537424e+01 1.881681e+01 1.719296e+01 4.588632e+00 3.976170e+01 2.811789e+01 2.967333e+01 2.493143e+01
 [57] 4.788179e+01 3.796744e+01 2.930393e+01 2.807689e+01 1.336681e+01 1.289462e+01 3.030011e+00 4.487437e+01
 [65] 4.090165e+01 4.222607e+01 4.085390e+01 3.143890e+01 2.820456e+01 2.719057e+01 1.664520e+01 2.647436e+00
 [73] 3.144680e+01 2.884777e+01 4.599713e+01 3.183635e+01 3.071788e+01 2.932490e+01 2.065242e+01 1.391915e+01
 [81] 1.047205e+01 7.545216e+00 3.550959e+01 3.093460e+01 2.509384e+01 4.507290e+00 3.956153e+00 4.261359e+01
 [89] 2.112627e+01 1.866772e+01 1.804616e+01 3.752355e+01 3.161851e+01 3.117664e+01 2.929708e+01 1.144856e+01
 [97] 2.982815e+01 8.164818e+00 3.645468e+01 3.625156e+01 1.030010e+00 3.195429e+01 3.014350e+01 1.319350e+01
[105] 6.454306e+00 2.843660e+01 1.650824e+01 3.174803e+01 2.974036e+01 2.544386e+01 2.442573e+01 1.901696e+01
[113] 1.426587e+01 1.351145e+01 3.534708e+01 2.765445e+01 5.522709e-01 1.866434e+01 2.504428e+01 3.173907e+01
[121] 2.389503e+01 2.034786e+01 1.216188e+01 9.001405e+00 1.103815e+00 2.092480e+01 1.347129e+00 3.190297e+01
[129] 3.136460e+01 2.960266e+01 2.439752e+01 9.634852e+00 9.286995e+00 2.720681e+01 2.638129e+01 2.431130e+01
[137] 2.982116e+01 7.144798e+00 3.035450e+01 2.945633e+01 2.565272e+01 2.315192e+01 6.956337e+00 3.042095e+01
[145] 2.283238e+01 1.889953e+01 3.034583e+01 2.785748e+01 2.316507e+01 2.165284e+01 1.730084e+01 1.362783e+01
[153] 9.906595e+00 2.074052e+01 2.969546e+01 2.461429e+01 2.446035e+01 1.768347e+01 1.532446e+01 7.622299e+00
[161] 2.553743e+01 2.312824e+01 2.189048e+01 2.729246e+01 1.650689e+01 1.097068e+01 9.409827e+00 6.628379e+00
[169] 2.926821e+01 1.946614e+01 9.265549e+00 2.963904e+00 1.527267e+00 2.576346e+01 2.019723e+01 1.374481e+01
[177] 2.996307e+01 2.816826e+01 2.690484e+01 2.871771e+01 2.408867e+01 2.239840e+00 2.738930e+01 2.496077e+01
[185] 1.947109e+01 1.915421e+01 2.699570e+01 5.429462e+00 1.232985e+00 2.536021e+01 2.074001e+01 1.913400e+01
[193] 2.556299e+01 2.816577e+01 2.701721e+01 1.892273e+00 2.061259e+01 1.452175e+01 1.525705e+01 6.991457e+00
[201] 2.348381e+01 1.561576e+01 1.422224e+01 2.251181e+01 2.467457e+01 5.767684e+00 1.318938e-01 2.732631e+01
[209] 2.591618e+01 2.713976e+01 2.138829e+01 1.869944e+01 2.469660e+01 2.152379e+01 1.794930e+01 1.263792e+01
[217] 2.675564e+01 9.943184e+00 7.418009e+00 2.106161e+01 1.629585e+01 3.258744e+00 6.935975e-01 1.154867e+01
[225] 1.778553e+01 2.128067e+01 1.978596e+01 1.301233e+01 1.188081e+01 1.164366e+01 2.514806e+01 2.148756e+01
[233] 2.057574e+01 8.356047e+00 8.076421e+00 6.590546e+00 5.374174e+00 3.369945e+00 1.808510e+01 1.583711e+01
[241] 2.117245e+01 2.095435e+01 1.801851e+01 5.516703e+00 4.091859e+00 2.283973e+01 1.157951e+01 8.788338e+00
[249] 4.036699e+00 1.143902e+00 1.025256e+00 2.367903e+01 4.523664e+00 2.425988e+01 1.506779e+01 9.314921e+00
[257] 1.083400e+01 8.152970e+00 2.380501e+01 1.823758e+01 1.462392e+01 1.204919e+01 1.075890e+01 1.049714e+01
[265] 1.741779e+00 1.972139e+01 8.265958e+00 2.239915e+01 8.804798e+00 7.797969e+00 1.631451e+01 8.163065e+00
[273] 7.837240e+00 6.082393e+00 4.406202e+00 1.392754e+01 1.381865e+01 4.590085e+00 2.341922e+01 8.732198e+00
[281] 2.839114e+00 2.330069e+01 2.152169e+01 5.308615e+00 3.253153e+00 1.646437e+00 2.233494e+01 1.973393e+01
[289] 1.750611e+01 1.280212e+01 1.153220e+01 1.689238e+00 2.219192e+01 1.775508e+01 6.949114e+00 2.292498e+01
[297] 2.279482e+01 9.813725e-01 1.581057e+01 2.148105e+01 1.898697e+01 2.937615e+00 1.700383e+01 1.452516e+01
[305] 2.289746e+00 1.755084e+01 1.505843e+01 8.952136e+00 1.742574e+01 2.073090e+01 1.775571e+01 2.064997e+01
[313] 1.119508e+01 1.557762e+01 3.561149e+00 1.846716e+00 2.048682e+01 1.707389e+01 7.425864e+00 2.039472e+01
[321] 1.298883e+01 7.279686e+00 1.720618e+00 1.312814e+01 1.274255e+01 1.965897e+01 1.745220e+01 1.595327e+01
[329] 1.954385e+01 1.575746e+01 7.561848e+00 1.340482e+01 4.278987e+00 1.815933e+01 1.814321e+01 1.570477e+01
[337] 1.936215e+01 1.638268e+01 2.023800e+01 1.833848e+01 8.529543e+00 1.434671e+01 6.936890e+00 4.637703e+00
[345] 2.286936e+00 1.192985e+01 1.939977e+01 1.740930e+01 1.510797e+01 1.077865e+01 1.687119e+01 1.907088e+01
[353] 5.724687e+00 1.090559e+01 1.278615e+01 1.683172e+01 1.155090e+01 1.078604e+01 7.164715e+00 1.866832e+01
[361] 1.713406e+01 1.166484e+01 1.070892e+01 5.775064e+00 1.046108e+01 7.928546e+00 1.304845e-01 1.760844e+01
[369] 1.708024e+01 7.976928e+00 1.830781e+01 1.747595e+01 9.891924e+00 2.070178e+00 1.665788e+01 1.464067e+01
[377] 1.809682e+01 1.109161e+01 5.618246e-01 9.423058e+00 1.140725e+00 1.060455e+01 8.077112e+00 1.662902e+01
[385] 1.116418e+01 2.960353e-01 9.019009e+00 5.507502e+00 4.384103e+00 1.629264e+01 1.594574e+01 1.447738e+01
[393] 1.362327e+01 1.298953e+01 1.033230e+01 8.300128e+00 1.788426e+00 1.739617e+01 6.529328e+00 6.527605e+00
[401] 2.864423e+00 1.442442e+01 1.351167e+01 1.238609e+01 9.432320e+00 5.326537e+00 6.966980e+00 1.564945e+01
[409] 1.511397e+01 1.009634e+01 1.004086e+01 9.325483e+00 5.422308e+00 1.157062e+01 4.736205e+00 1.291616e+01
[417] 1.122758e+01 4.656179e+00 1.497999e+01 7.597515e+00 5.120158e-01 9.120648e+00 1.616698e+01 5.694727e+00
[425] 1.331380e+01 9.349848e+00 1.274297e+01 5.786832e+00 1.339596e+01 7.984096e+00 2.119815e-01 1.604105e+01
[433] 1.043973e+00 1.266813e+01 1.185545e+01 6.573282e+00 2.666296e+00 1.523322e+01 1.313034e+01 9.286233e+00
[441] 2.193753e+00 1.128269e+01 4.780954e+00 3.781663e+00 1.525625e+01 1.150134e+01 1.109556e+01 1.294190e+01
[449] 2.079182e+00 1.074732e+01 1.327684e+01 9.000227e+00 9.009757e+00 1.324056e+01 1.239421e+01 9.767170e+00
[457] 8.879051e+00 8.466341e+00 2.885853e-02 1.367314e+01 5.610070e+00 1.131992e+01 1.348194e+01 6.989951e+00
[465] 1.226138e+01 8.320471e+00 4.773574e+00 4.215602e+00 1.280145e+01 1.176709e+01 6.560828e+00 1.696254e+00
[473] 1.360181e+01 7.400720e+00 6.917752e+00 1.861576e+00 1.113077e+01 4.990910e+00 3.268162e+00 2.710920e+00
[481] 1.123835e+01 1.215447e+01 9.088570e+00 6.723111e-01 8.934726e+00 3.140731e+00 1.012703e+01 8.525704e+00
[489] 1.228822e+01 1.083368e+01 4.049600e+00 1.232691e+01 8.695227e+00 1.143414e+01 1.046131e+01 1.009290e+01
[497] 8.535181e+00 4.066076e+00 8.922406e+00 1.330348e+00 2.416851e+00 9.901341e+00 2.679242e+00 8.459989e-01
[505] 9.024685e+00 1.379590e+00 1.184959e+01 7.717301e+00 3.560732e+00 2.983659e+00 2.295321e-01 5.295118e+00
[513] 2.893666e+00 2.356769e+00 5.750019e+00 1.014851e+01 5.339873e+00 8.232251e+00 6.791268e+00 1.163936e+01
[521] 5.118817e+00 6.456731e+00 6.236381e+00 9.026281e+00 6.809449e+00 6.644761e+00 3.470030e+00 1.020032e+01
[529] 5.273532e+00 6.950943e-01 6.056371e+00 1.316159e+00 8.907316e+00 5.689523e+00 9.935079e-03 2.980564e+00
[537] 3.680013e-01 9.536847e+00 5.170081e+00 9.369215e+00 7.378568e+00 1.058907e+01 8.185154e+00 8.759316e+00
[545] 4.636930e+00 6.574924e+00 7.994870e+00 3.852791e+00 7.165401e+00 5.518523e+00 5.323705e+00 3.952165e+00
[553] 3.777415e+00 2.852921e-01 2.352431e+00 6.637701e+00 3.483319e-01 9.382348e+00 4.847180e+00 3.403279e+00
[561] 2.438846e+00 2.032736e+00 9.927543e+00 8.908701e+00 2.511585e+00 9.419526e+00 9.335755e+00 7.090826e+00
[569] 5.910549e-01 4.903602e+00 9.455361e+00 4.088191e+00 1.838096e+00 7.983941e+00 1.160141e+00 5.917163e+00
[577] 4.391219e+00 3.017544e+00 8.046565e+00 6.118492e+00 5.298790e+00 4.999313e+00 1.364832e+00 5.429486e+00
[585] 4.606293e+00 5.100699e+00 4.932575e+00 4.916780e+00 4.246268e+00 7.746625e-02 3.653841e+00 3.012237e+00
[593] 5.498311e+00 1.189318e+00 7.482707e+00 3.804771e+00 5.155294e-01 1.277858e+00 8.644702e+00 4.766229e+00
[601] 2.381114e+00 3.106925e+00 6.369597e+00 6.630610e+00 5.902586e+00 7.089164e+00 6.814277e+00 6.973274e+00
[609] 1.026552e+00 7.965363e+00 6.907968e+00 5.807150e+00 5.099118e+00 4.200740e-01 7.258656e+00 6.612362e-01
[617] 6.434937e+00 2.131258e+00 1.943157e+00 2.365607e-01 4.840226e+00 6.198975e+00 4.018418e+00 2.512870e+00
[625] 2.641203e+00 5.039296e+00 6.097413e+00 2.780381e+00 2.603018e+00 1.167102e+00 6.113079e-01 6.456233e+00
[633] 6.080640e+00 6.876072e+00 2.811095e+00 4.448869e+00 2.664268e+00 1.353373e+00 2.065650e+00 1.343779e+00
[641] 2.023758e+00 8.502325e-01 5.718932e+00 6.065323e+00 1.465052e+00 5.253145e+00 5.796945e+00 1.507847e+00
[649] 1.461565e-01 5.129789e+00 5.633098e+00 9.118590e-01 8.639247e-01 2.718708e-01 5.284985e+00 5.091689e+00
[657] 5.170534e+00 5.271654e+00 3.635030e+00 1.786823e+00 4.767537e+00 2.280161e+00 4.512138e+00 2.889614e+00
[665] 3.672045e-01 5.213635e+00 2.352153e+00 4.835906e+00 2.541610e+00 2.259304e+00 2.139025e+00 1.809200e+00
[673] 4.214738e+00 2.899187e+00 2.440099e+00 2.272574e-01 1.259123e+00 4.060128e-01 3.483801e+00 2.245752e+00
[681] 1.831527e-01 1.866596e+00 5.609794e-01 2.053816e+00 3.916141e+00 2.470915e+00 9.681726e-01 6.492110e-01
[689] 3.657819e-01 2.398423e+00 1.304229e+00 2.036205e-01 2.336847e+00 1.902398e+00 2.099900e+00 3.628537e+00
[697] 1.778413e-01 1.814080e+00 7.804453e-01 7.722274e-01 1.844107e+00 4.669433e-01 2.571488e+00 3.566585e-01
[705] 4.781422e-01 3.432461e-01 8.845597e-01 3.999864e-01 5.611504e-01 6.178213e-02 2.402486e+00 1.834698e+00
[713] 1.236193e+00 6.210404e-01 6.701027e-01 1.279686e+00 9.572412e-01 6.466004e-02 5.918576e-01 3.702523e-01
[721] 9.583097e-01 9.399449e-01 5.205927e-01 8.345504e-01 4.497340e-01 2.354673e-01 1.936357e-01 3.451233e-01
[729] 2.600470e-01

$PAR
  [1]  NA   1   1   1   1   1   1   2   2   2   2   2   2   2   2   8   8   8   8   8   8   8   9   9   9   9   9  16
 [29]  16  16  23  23  23  28  28  28  28  28  29  29  24  11  11  11  11  11  11  11  11  11  11  11  42  32  43  43
 [57]   4   4   4   4   4   4   4  57  57  33  33  30  30  30  30  30  18  18  39  39  39  39  39  39  39  39  75  75
 [85]  75  75  75   7   7   7   7  88  88  88  88  88  40  40  53  53  58  92  92  92  92  99  99 100 100 100 100 100
[113] 100 100  26  26  26  83  41  46  46  46  46  46  46  14  14  20  20  20  20  20  20  48  48  48 128 128  76  76
[141] 108 108 108 120 120  73 129  94  94  94  94  94  35  77  27  27  27  27  27  27  15  15  15 144 144 144 144 144
[169] 139 139 139 139 139 147 147 147 103  97  97 109 109 109 155  55  55  55 130 130 130  21  21  21 140  59  59  95
[197] 169 169  74  74 180 180 180 106  69  69  69 194 194  54  54  54  60  60  60  60 148 148 148 116 116 208 208  22
[225] 134 210 210 210 210 210 195 195 195 195 195 195 195 195 187 187 179 179 179 179 179 217 135 135 135 135 135 209
[253] 174 141 141 141 193 193  49  49  49  49  49 190 190 231 231  85  85  85 119 119 184 184 184  56  56  56 213 205
[281] 205 156 156 156 156 156 111 111 111 111 111 111 254 181 181 121 259 252 279 142 145 145 204 204 204 268 268 268
[309] 287 293 293 163 163 150 150 150 214 214 283 232 232 232 232 300 300 226 226 226 241  89 220 154 154 191 191 191
[337]  79  79 312 312 233 317 317 317 317 122 339 339 175 175 227 288 326 329 170 347 347 337 337 186 186 186 192 192
[365] 352 352 352 112 112 112 301 301  50  50 212 212  90  90  90 340 340 371 260 215 215 215 225 225 311 294 294 294
[393] 294 294 294 294 294 158 158 327 327 309 309 309 309 309 348 398 398 398 398 151 151 361 361 318 318 318 303 351
[421] 351 356 375 375  71  71 107 107 271 271 271 221 221 390 390 390 390 432 432 432 328 391 391 391 240 299 299 408
[449] 408 202 314 314 159 199 199 199 199 199 199 445 445 349 307 307 376 304 304 304 402 342 203 276  80  80  80  80
[477] 277 277 176 176 152 473 473 473 403 403 114 463 332 332 451 439 439 228 394 448 448 416 469 469 427 325 434 434
[505] 216 455 489 489 489 489 489 123 123 123 482 262 346 229 229 362 362 247 247 224 224 224 224 446  96  96 494 494
[533] 462 462 462 442 442 481 481 417 417 313 385 477 477 166 257 490 350 350 263 263 263 263 450 382 264  81 495 528
[561] 528 528 516 496 496 411 563 563 153 502 538 538 538 571 405 540 540 540 567 256 256 171 171 422 422 483 483 483
[589] 505 387 124 124 452 308 499 533 544 280 493 493 493 599 497 341 458 396 543 383 383 547 547 366 273 273 270 270
[617] 508 508 219 474 322 615 615 615 549 359 138 138 606 606 464 343 343 475 611 634 634 634 607 556 604 604 236 436
[645] 436 471 400 522 632 603 523 523 523 580 627 627 364 643 424 461 388 388 188 284 581 658 657 539 650 613 613 613
[673] 656 626 626 626 582 668 443 443 467 545 585 636 577 333 333 498 491 249  87  87 552 552 548 596 591 479 536 536
[701] 172 172 302 480 637 624 565 686 561 561 501 601 667 680 182 671 684  38 694 316 292 251 721 653 530 723 702 557
[729] 654

$EXTANT
  [1] FALSE FALSE FALSE  TRUE FALSE FALSE FALSE FALSE FALSE FALSE  TRUE FALSE FALSE  TRUE FALSE FALSE FALSE FALSE FALSE
 [20]  TRUE  TRUE  TRUE FALSE  TRUE FALSE  TRUE  TRUE  TRUE FALSE  TRUE FALSE FALSE FALSE FALSE FALSE FALSE  TRUE  TRUE
 [39]  TRUE FALSE  TRUE FALSE FALSE FALSE FALSE  TRUE FALSE FALSE  TRUE  TRUE  TRUE FALSE FALSE FALSE FALSE FALSE FALSE
 [58]  TRUE FALSE  TRUE  TRUE FALSE  TRUE FALSE FALSE FALSE FALSE FALSE  TRUE FALSE FALSE  TRUE FALSE FALSE FALSE FALSE
 [77] FALSE FALSE  TRUE  TRUE  TRUE  TRUE  TRUE FALSE FALSE  TRUE  TRUE FALSE  TRUE  TRUE FALSE FALSE FALSE FALSE  TRUE
 [96]  TRUE FALSE FALSE FALSE FALSE  TRUE FALSE FALSE  TRUE  TRUE FALSE  TRUE  TRUE  TRUE FALSE  TRUE  TRUE  TRUE  TRUE
[115] FALSE  TRUE  TRUE FALSE FALSE FALSE  TRUE FALSE  TRUE  TRUE  TRUE  TRUE  TRUE  TRUE FALSE  TRUE FALSE  TRUE FALSE
[134] FALSE  TRUE FALSE FALSE  TRUE  TRUE FALSE  TRUE  TRUE  TRUE FALSE  TRUE  TRUE FALSE  TRUE FALSE  TRUE  TRUE  TRUE
[153]  TRUE  TRUE FALSE  TRUE FALSE  TRUE FALSE FALSE FALSE FALSE FALSE FALSE FALSE  TRUE FALSE  TRUE  TRUE FALSE  TRUE
[172]  TRUE  TRUE FALSE FALSE  TRUE FALSE FALSE  TRUE FALSE  TRUE  TRUE FALSE FALSE FALSE  TRUE FALSE FALSE  TRUE  TRUE
[191] FALSE  TRUE  TRUE FALSE  TRUE  TRUE FALSE  TRUE  TRUE  TRUE FALSE FALSE  TRUE  TRUE  TRUE  TRUE  TRUE  TRUE  TRUE
[210] FALSE FALSE  TRUE FALSE FALSE  TRUE  TRUE FALSE FALSE  TRUE FALSE  TRUE FALSE  TRUE  TRUE  TRUE  TRUE FALSE  TRUE
[229]  TRUE  TRUE  TRUE  TRUE  TRUE FALSE  TRUE  TRUE FALSE  TRUE FALSE  TRUE FALSE FALSE  TRUE FALSE  TRUE FALSE  TRUE
[248] FALSE  TRUE  TRUE  TRUE  TRUE  TRUE FALSE  TRUE  TRUE  TRUE  TRUE FALSE  TRUE FALSE  TRUE  TRUE  TRUE  TRUE FALSE
[267]  TRUE  TRUE  TRUE  TRUE  TRUE FALSE  TRUE  TRUE  TRUE  TRUE  TRUE FALSE FALSE  TRUE  TRUE FALSE FALSE  TRUE  TRUE
[286]  TRUE FALSE  TRUE  TRUE  TRUE  TRUE  TRUE FALSE  TRUE  TRUE  TRUE FALSE  TRUE FALSE  TRUE FALSE FALSE FALSE  TRUE
[305]  TRUE FALSE  TRUE  TRUE FALSE  TRUE  TRUE FALSE  TRUE FALSE  TRUE  TRUE  TRUE  TRUE  TRUE FALSE FALSE  TRUE  TRUE
[324]  TRUE  TRUE FALSE  TRUE  TRUE FALSE  TRUE FALSE FALSE  TRUE  TRUE FALSE FALSE  TRUE FALSE FALSE  TRUE  TRUE FALSE
[343]  TRUE  TRUE  TRUE  TRUE  TRUE FALSE  TRUE  TRUE  TRUE  TRUE FALSE  TRUE  TRUE  TRUE FALSE FALSE  TRUE FALSE  TRUE
[362] FALSE  TRUE  TRUE  TRUE  TRUE  TRUE FALSE  TRUE FALSE FALSE FALSE FALSE  TRUE  TRUE  TRUE FALSE  TRUE  TRUE  TRUE
[381]  TRUE  TRUE  TRUE FALSE FALSE  TRUE  TRUE  TRUE FALSE FALSE  TRUE  TRUE  TRUE  TRUE  TRUE  TRUE  TRUE FALSE FALSE
[400]  TRUE  TRUE  TRUE  TRUE  TRUE  TRUE  TRUE FALSE  TRUE FALSE  TRUE FALSE FALSE FALSE  TRUE  TRUE  TRUE  TRUE  TRUE
[419] FALSE  TRUE  TRUE  TRUE FALSE  TRUE FALSE  TRUE  TRUE  TRUE  TRUE FALSE  TRUE  TRUE FALSE  TRUE  TRUE  TRUE  TRUE
[438] FALSE  TRUE  TRUE  TRUE  TRUE FALSE  TRUE FALSE  TRUE  TRUE  TRUE  TRUE  TRUE  TRUE  TRUE  TRUE FALSE FALSE  TRUE
[457]  TRUE  TRUE  TRUE  TRUE  TRUE  TRUE FALSE  TRUE FALSE FALSE  TRUE  TRUE  TRUE FALSE  TRUE FALSE  TRUE  TRUE FALSE
[476]  TRUE  TRUE FALSE  TRUE  TRUE FALSE  TRUE  TRUE  TRUE FALSE  TRUE FALSE  TRUE  TRUE  TRUE  TRUE  TRUE  TRUE  TRUE
[495]  TRUE  TRUE  TRUE  TRUE  TRUE  TRUE  TRUE  TRUE FALSE  TRUE  TRUE  TRUE FALSE  TRUE FALSE  TRUE  TRUE  TRUE  TRUE
[514]  TRUE  TRUE  TRUE FALSE  TRUE  TRUE  TRUE  TRUE  TRUE  TRUE FALSE  TRUE  TRUE  TRUE  TRUE  TRUE  TRUE  TRUE  TRUE
[533]  TRUE  TRUE  TRUE FALSE  TRUE  TRUE FALSE FALSE  TRUE  TRUE  TRUE  TRUE  TRUE  TRUE FALSE  TRUE  TRUE FALSE FALSE
[552]  TRUE  TRUE  TRUE  TRUE  TRUE  TRUE  TRUE FALSE FALSE  TRUE  TRUE  TRUE  TRUE  TRUE FALSE FALSE FALSE  TRUE  TRUE
[571]  TRUE  TRUE FALSE  TRUE  TRUE  TRUE FALSE  TRUE  TRUE  TRUE  TRUE  TRUE  TRUE  TRUE  TRUE  TRUE FALSE  TRUE  TRUE
[590]  TRUE  TRUE  TRUE FALSE  TRUE FALSE  TRUE  TRUE  TRUE  TRUE  TRUE  TRUE  TRUE  TRUE  TRUE  TRUE  TRUE  TRUE  TRUE
[609]  TRUE FALSE  TRUE  TRUE  TRUE  TRUE  TRUE  TRUE  TRUE  TRUE  TRUE  TRUE  TRUE  TRUE  TRUE  TRUE  TRUE  TRUE  TRUE
[628]  TRUE  TRUE  TRUE  TRUE  TRUE  TRUE  TRUE  TRUE  TRUE  TRUE  TRUE  TRUE  TRUE  TRUE  TRUE  TRUE  TRUE  TRUE FALSE
[647]  TRUE  TRUE  TRUE  TRUE  TRUE  TRUE  TRUE  TRUE  TRUE FALSE  TRUE FALSE  TRUE  TRUE  TRUE  TRUE  TRUE  TRUE  TRUE
[666]  TRUE  TRUE  TRUE  TRUE  TRUE  TRUE  TRUE FALSE  TRUE  TRUE  TRUE  TRUE  TRUE  TRUE  TRUE  TRUE  TRUE  TRUE  TRUE
[685]  TRUE  TRUE  TRUE  TRUE  TRUE  TRUE  TRUE  TRUE  TRUE  TRUE  TRUE  TRUE FALSE  TRUE  TRUE  TRUE  TRUE  TRUE  TRUE
[704]  TRUE  TRUE  TRUE  TRUE FALSE  TRUE  TRUE FALSE  TRUE  TRUE  TRUE  TRUE  TRUE  TRUE  TRUE  TRUE  TRUE  TRUE  TRUE
[723]  TRUE  TRUE  TRUE  TRUE  TRUE  TRUE  TRUE

