
Birth-death simulation object with 765 species and 500 extant species

Details for some species:

Extinction times (NA means extant)
[1] 52.58947 69.31088 55.52654 87.70572 55.03296 52.14704


Speciation times 
[1] 102.93445 101.68229  97.11807  88.80712  79.75189  72.28780


Species parents (NA for initial)
[1] NA  1  2  2  2  2


Species status (extinct or extant)
[1] "extinct" "extinct" "extinct" "extinct" "extinct" "extinct"


For more details on vector y, try sim$y, with y one of
TE TS PAR EXTANT



$TE
  [1] 52.5894740 69.3108794 55.5265387 87.7057244 55.0329599 52.1470388 39.7014534 49.7979832         NA 32.5776527
 [11] 49.2533727 27.8303652 31.6879616 33.3669531         NA 49.4196387 63.1415880         NA         NA 17.7990891
 [21] 29.1742233 28.7579421         NA 10.0961492         NA 36.1764156 33.9017717 60.9347397 36.1146011 30.6363493
 [31] 30.1716711         NA 11.8772082         NA 25.7698049         NA 29.6122586 20.9782075         NA  8.6346725
 [41]         NA         NA         NA         NA 22.2904743  7.0390118 50.5301179         NA 34.8395888 19.2337415
 [51]  8.9069769  1.8286739  2.7324890 44.6215741 30.7989164 21.5149005         NA         NA 26.4839381 33.0950853
 [61] 35.6808489 15.7026239 18.9926062 34.4817750 37.2918257         NA         NA  0.2106418  7.3164331         NA
 [71]         NA 18.1842347 30.4127417         NA         NA         NA  4.1682024 26.6987478  4.8722208 19.7032949
 [81] 31.0503896         NA         NA         NA         NA 21.8315580 16.9439663 25.5601559 13.8531468         NA
 [91]         NA 20.2486610 22.4713584         NA         NA         NA         NA 13.4189268 27.1035607 33.9106985
[101] 10.6424819  1.9399859         NA 10.7101028         NA         NA         NA         NA         NA 22.6765520
[111] 14.0365442 14.3448028 34.7352526 14.6589022 37.2599169 28.0222736 15.9719611 23.5496770 22.9727137         NA
[121] 26.6338244         NA 36.3677618  4.9700402         NA 23.1429993 10.8908533  0.8917275         NA 22.3585955
[131] 10.4071720  2.4325234         NA         NA 10.8782673         NA 31.5912591  0.7808566 16.3291132 13.5784002
[141]         NA         NA         NA         NA 28.6023991 24.5124891 16.8070307 29.9600711         NA 30.4110307
[151]         NA 16.2597197 30.2891172 19.8587990         NA 18.5545099 16.7923700         NA         NA  3.1372309
[161]         NA  0.2219413 26.4625676         NA         NA  2.9810157         NA  0.9452943         NA         NA
[171]         NA 11.2147746         NA  3.1009550 23.7645902         NA 13.1639971 22.8219842         NA  0.4233004
[181]         NA 14.7894550  2.0236360         NA         NA         NA         NA         NA 19.3378854 27.0580000
[191] 27.2466719         NA         NA  7.2812869         NA         NA         NA  6.0930146         NA  6.9725320
[201]  3.9286965         NA         NA 10.1427020         NA 28.5582235 15.0125637 18.1189351  7.0360685         NA
[211] 27.4401283 15.1053162         NA 16.2915239 25.5890279         NA 20.1929571         NA         NA         NA
[221]         NA  7.8313695         NA  1.8117562 19.1977974         NA  1.8508437  8.8519078 18.0078090  4.4933554
[231] 13.5435585         NA         NA         NA         NA         NA         NA 23.8453584         NA         NA
[241]  8.3075155         NA  3.6117865         NA 14.8311116         NA         NA  9.4489445         NA         NA
[251]  7.1757809  3.7367565  0.8084217         NA         NA         NA 18.8171931 17.7082356  5.6774158 12.8255963
[261]         NA         NA         NA         NA         NA         NA         NA         NA         NA         NA
[271]         NA         NA         NA         NA         NA         NA  6.4998785 11.1883152         NA         NA
[281]  1.9879296  6.7185212         NA         NA 18.1783724 14.6002697         NA 19.9177876 10.1815101         NA
[291]         NA         NA         NA         NA         NA 10.9021249         NA         NA 10.5438765  1.9433228
[301] 22.0214095  9.5945985  7.6356806         NA         NA  1.1306408         NA         NA 17.7693828         NA
[311]         NA  4.2570695         NA  0.8567498         NA  2.8525957  3.0575061  1.3652737         NA         NA
[321]         NA  8.3498063         NA         NA  5.3292030         NA         NA         NA         NA 12.5318333
[331]         NA  1.9489124  7.9706317         NA         NA         NA         NA         NA         NA 13.2890175
[341] 17.2865568         NA         NA  2.2556010         NA 12.7241452  1.9486134 20.7186564         NA 12.1211060
[351]         NA 10.8317488         NA         NA  0.6314062 16.0888312         NA         NA         NA         NA
[361]         NA         NA         NA         NA  6.9859994         NA         NA 19.0115191         NA         NA
[371]         NA         NA         NA  2.1836976         NA         NA         NA  9.8152913         NA         NA
[381]         NA         NA  3.1440686         NA 12.0441165  6.9307300         NA         NA         NA         NA
[391]         NA         NA         NA  9.0034528         NA         NA         NA         NA         NA         NA
[401]         NA         NA  2.2347368         NA  4.4549574         NA         NA         NA         NA         NA
[411]         NA         NA         NA  5.3664360         NA         NA  4.7024968         NA         NA         NA
[421]         NA         NA         NA  8.1637447  7.6365960         NA  6.4979425         NA         NA  7.8944826
[431]  6.2932787         NA         NA         NA  3.4243742         NA         NA         NA         NA         NA
[441]         NA         NA         NA  2.2859607         NA         NA         NA  4.7055520         NA  6.5886623
[451]         NA         NA         NA         NA         NA  5.6561503  0.1290362         NA         NA  0.4126041
[461]  1.8602066         NA  2.2917865 15.2772337         NA         NA         NA  2.0240472         NA         NA
[471]  7.3571020         NA         NA         NA         NA  3.1464794         NA         NA         NA  5.7162304
[481]         NA         NA         NA  1.1525158         NA         NA         NA  3.6037937         NA         NA
[491]  1.8439427         NA         NA         NA         NA  2.2005381         NA  8.9022730  7.4879088         NA
[501]         NA         NA         NA         NA         NA         NA  5.7892324         NA         NA 10.0302924
[511]  5.7129355         NA  4.6315717         NA         NA         NA         NA         NA         NA         NA
[521]  4.5129842         NA         NA         NA         NA  2.7537684         NA         NA         NA         NA
[531]         NA         NA         NA         NA         NA  9.3309358         NA         NA         NA         NA
[541]         NA         NA         NA         NA         NA         NA  3.8876296         NA         NA  4.8745629
[551]         NA         NA         NA         NA         NA         NA         NA         NA         NA         NA
[561]         NA  2.8824284         NA         NA         NA         NA         NA         NA         NA         NA
[571]         NA         NA         NA         NA         NA  7.7802677         NA  1.4394985         NA         NA
[581]         NA         NA         NA  1.5373754         NA         NA         NA         NA         NA         NA
[591]         NA         NA         NA         NA         NA         NA         NA         NA         NA         NA
[601]         NA         NA         NA  3.9471164         NA         NA  2.3207664         NA         NA         NA
[611]         NA  4.2250077         NA         NA         NA  2.2736805         NA         NA         NA  2.3880170
[621]         NA         NA  4.5603456  3.4055062         NA         NA  3.1495268         NA         NA         NA
[631]         NA         NA         NA         NA         NA         NA         NA         NA         NA         NA
[641]         NA         NA         NA         NA         NA         NA         NA         NA  6.3146977         NA
[651]         NA         NA         NA  2.4591460         NA         NA         NA         NA  0.5213026         NA
[661]  5.0648777         NA  1.1588350         NA         NA         NA         NA         NA         NA         NA
[671]         NA         NA         NA         NA         NA         NA  3.0337695         NA         NA         NA
[681]         NA         NA  1.5472464         NA  2.5138917         NA         NA         NA         NA         NA
[691]         NA         NA         NA         NA  1.7422952         NA         NA         NA         NA         NA
[701]         NA         NA         NA         NA  3.9004042         NA         NA         NA         NA         NA
[711]  0.4323499         NA         NA         NA  3.6731865         NA         NA  0.3706034         NA         NA
[721]         NA         NA         NA         NA         NA         NA         NA         NA         NA         NA
[731]         NA         NA         NA  2.7057279         NA  2.4851980         NA         NA         NA         NA
[741]         NA         NA         NA         NA         NA  0.3046580         NA         NA         NA         NA
[751]         NA  1.8637782         NA         NA  0.3289861         NA         NA         NA         NA         NA
[761]         NA         NA         NA         NA         NA

$TS
  [1] 1.029345e+02 1.016823e+02 9.711807e+01 8.880712e+01 7.975189e+01 7.228780e+01 8.535025e+01 5.596138e+01
  [9] 7.220323e+01 5.361785e+01 5.172630e+01 4.704747e+01 4.128059e+01 6.923011e+01 5.784119e+01 5.767178e+01
 [17] 6.613820e+01 6.553792e+01 6.498358e+01 6.242031e+01 4.297690e+01 3.932438e+01 3.035650e+01 1.256222e+01
 [25] 5.740733e+01 5.736549e+01 4.024592e+01 6.337578e+01 4.954351e+01 3.682230e+01 3.061238e+01 2.089096e+01
 [33] 1.484765e+01 5.175864e+01 4.656631e+01 4.562098e+01 4.264142e+01 2.491945e+01 2.201812e+01 2.020266e+01
 [41] 5.547778e+01 3.988640e+01 3.730810e+01 3.066171e+01 2.682115e+01 2.605800e+01 5.505371e+01 5.098482e+01
 [49] 4.636945e+01 4.511936e+01 1.563065e+01 1.554030e+01 1.438560e+01 5.211969e+01 5.306300e+01 3.881336e+01
 [57] 1.599574e+01 2.552220e+01 4.775703e+01 3.892961e+01 3.855727e+01 3.280453e+01 4.772567e+01 3.758293e+01
 [65] 3.735414e+01 3.606656e+01 2.664372e+01 1.657871e+01 8.077373e+00 1.442139e+00 3.504865e+01 3.376672e+01
 [73] 3.265381e+01 2.950282e+01 2.650256e+01 1.799250e+01 4.780371e+01 4.006178e+01 3.941338e+01 3.779921e+01
 [81] 3.701589e+01 1.627195e+01 1.147075e+01 7.150259e+00 4.634956e+01 3.471687e+01 2.761083e+01 2.556690e+01
 [89] 2.427338e+01 2.087345e+01 3.636004e+01 4.247421e+01 4.391921e+01 3.023686e+01 9.912404e+00 4.549962e+00
 [97] 1.590015e+00 4.439026e+01 4.268339e+01 4.042579e+01 2.551775e+01 1.963538e+01 1.856405e+01 1.593185e+01
[105] 1.349516e+01 1.110804e+01 1.080845e+01 9.090987e+00 6.617212e+00 3.257713e+01 2.624489e+01 2.026184e+01
[113] 4.242132e+01 1.600449e+01 4.187616e+01 3.519637e+01 2.899387e+01 3.751030e+01 3.657438e+01 3.534045e+01
[121] 3.165325e+01 4.199244e+01 3.919524e+01 3.448816e+01 3.406147e+01 2.737538e+01 2.086979e+01 4.481450e+00
[129] 1.756813e+00 3.890973e+01 3.787855e+01 3.693466e+01 2.091623e+01 1.318962e+01 1.286513e+01 3.609384e+01
[137] 3.392235e+01 3.019445e+01 3.016570e+01 1.851763e+01 1.842456e+01 1.003523e+01 7.050926e+00 6.750075e+00
[145] 3.571579e+01 2.857204e+01 2.542460e+01 3.560270e+01 3.237566e+01 3.199918e+01 2.629684e+01 2.322120e+01
[153] 3.603254e+01 3.613169e+01 3.005978e+01 2.446355e+01 2.889736e+01 6.757786e+00 4.607784e+00 3.423343e+00
[161] 3.659212e+01 3.039462e+01 2.719119e+01 2.115064e+01 9.508578e+00 3.474847e+00 9.103179e+00 5.586729e+00
[169] 2.698289e+01 3.498299e+01 1.875201e+01 1.853946e+01 1.588633e+01 1.293161e+01 2.421692e+01 2.103197e+01
[177] 2.877248e+01 2.334691e+01 1.260749e+01 6.066107e+00 1.210999e+00 3.224758e+01 2.504155e+01 5.500211e+00
[185] 2.128440e+00 5.481379e-01 3.120813e+01 3.005116e+01 2.216365e+01 3.345699e+01 3.284508e+01 3.072964e+01
[193] 2.780753e+01 2.612255e+01 4.495969e-01 7.820767e+00 2.981028e+01 2.227034e+01 1.713179e+01 1.374693e+01
[201] 8.695553e+00 3.355537e+00 2.755620e+00 2.837200e+01 1.914089e+01 3.263054e+01 2.521042e+01 2.392600e+01
[209] 1.699058e+01 2.904974e+01 3.219763e+01 2.136325e+01 1.260601e+01 2.071245e+01 3.047121e+01 1.068278e+01
[217] 2.570790e+01 2.462859e+01 2.094676e+01 2.014911e+01 2.904238e+01 2.289395e+01 1.851135e+01 1.102189e+01
[225] 2.651397e+01 2.592437e+01 1.040845e+01 8.887314e+00 2.847929e+01 4.724558e+00 2.233763e+01 9.506251e+00
[233] 4.635634e+00 1.705964e+01 1.162580e+01 1.141975e+01 1.060676e+01 2.515158e+01 2.244645e+01 1.970072e+00
[241] 2.655457e+01 1.104936e+01 9.632141e+00 1.775693e+00 1.713476e+01 1.646818e+01 2.820111e+01 1.826936e+01
[249] 1.662141e+01 1.542779e+01 1.048278e+01 6.835219e+00 2.356604e+01 1.661545e+01 1.171989e+00 1.962469e+01
[257] 1.999272e+01 2.688011e+01 1.910425e+01 1.700082e+01 1.289976e+01 8.707532e+00 6.311961e+00 2.074080e+01
[265] 1.720292e+01 2.698395e+01 2.670525e+01 2.106249e+01 1.794524e+01 2.262659e+01 9.092398e+00 2.416124e+01
[273] 1.074656e+01 4.255122e+00 2.556189e+01 4.383184e+00 1.755124e+01 1.747877e+01 9.731375e+00 5.978274e+00
[281] 2.012721e+00 2.652926e+01 2.603787e+01 2.344078e+01 2.325853e+01 2.269527e+01 2.566457e+01 2.496141e+01
[289] 2.426446e+01 1.335084e+01 6.501901e+00 4.604629e+00 2.396159e+00 1.097583e+01 2.552264e+01 2.335069e+01
[297] 2.076302e+01 1.464203e+01 1.116615e+01 3.028141e+00 2.409014e+01 1.309521e+01 1.311738e+01 7.277321e+00
[305] 5.120505e+00 1.672382e+01 1.634304e+01 9.524003e+00 2.313943e+01 2.285740e+01 1.439743e+01 1.336545e+01
[313] 5.340184e+00 1.896296e+00 2.491941e+01 2.164842e+01 1.785032e+01 9.382120e+00 8.909896e+00 8.562971e+00
[321] 2.447453e+01 1.697301e+01 1.134324e+01 4.626345e+00 2.030582e+01 9.002314e+00 6.984043e+00 4.932568e+00
[329] 1.627758e+01 1.376362e+01 1.070330e+01 2.253260e+01 2.164973e+01 1.160426e+01 1.120882e+01 8.117754e+00
[337] 1.789593e+01 1.100997e+01 1.869177e+01 1.787457e+01 2.308216e+01 1.502647e+01 7.853729e+00 2.210252e+01
[345] 1.878100e+01 1.659735e+01 1.098945e+01 2.073499e+01 1.678193e+01 1.550655e+01 9.191286e+00 1.341485e+01
[353] 1.264557e+01 1.663422e+01 6.429825e+00 2.097492e+01 2.182552e+01 1.797779e+01 1.585075e+01 1.576309e+01
[361] 1.318666e+01 5.848434e+00 4.738437e+00 1.554891e+01 1.650416e+01 7.740414e+00 6.837203e+00 1.997782e+01
[369] 5.618089e+00 4.942288e+00 1.617303e+01 1.300760e+01 1.152723e+01 2.060659e+01 1.356868e+01 1.320200e+01
[377] 4.982706e+00 1.952567e+01 1.928711e+01 1.288496e+01 3.101826e+00 9.011499e+00 3.208210e+00 1.855981e+01
[385] 1.568035e+01 8.481414e+00 1.170020e+01 1.769902e+01 1.610390e+01 1.831067e+01 5.750567e+00 1.835251e+01
[393] 3.313220e+00 1.143549e+01 1.070835e+01 1.164626e+01 8.004544e+00 5.978584e+00 4.412565e+00 1.755234e+01
[401] 1.347777e+01 1.594064e+01 3.967130e+00 5.861826e+00 7.729123e+00 5.867497e+00 2.334253e+00 1.650468e+01
[409] 1.488667e+01 1.270952e+01 8.884235e+00 5.940640e+00 6.211547e-01 1.278914e+01 6.263789e+00 7.731845e+00
[417] 8.243827e+00 1.474554e+01 1.328498e+01 1.212672e+01 1.098323e+01 6.538271e+00 5.751347e+00 1.669370e+01
[425] 1.301739e+01 8.714332e+00 1.778903e+01 1.343567e+01 1.011576e+01 1.429029e+01 1.691363e+01 7.105843e+00
[433] 3.645808e+00 1.463433e+01 1.665382e+01 1.333431e+01 1.678008e+01 1.651672e+01 1.346106e+01 5.737937e+00
[441] 5.311954e+00 8.517275e-01 8.489562e+00 1.043872e+01 8.517827e-01 1.474619e+01 1.509778e+01 8.485551e+00
[449] 1.258365e+01 1.170537e+01 9.320477e+00 2.473142e+00 1.892855e-01 5.550315e+00 4.069273e+00 8.649716e+00
[457] 1.456933e+01 1.109165e+01 6.572237e+00 1.152987e+00 1.258588e+01 1.005592e+01 6.866547e+00 1.559094e+01
[465] 9.142629e+00 3.282550e+00 1.085970e+01 8.398428e+00 6.030525e+00 4.475767e+00 1.352006e+01 8.536402e+00
[473] 1.382346e+01 1.299228e+01 1.223785e+01 1.030897e+01 1.535628e+01 1.186322e+01 1.484264e+00 7.696139e+00
[481] 3.588166e+00 4.717628e+00 2.602847e+00 2.686996e+00 2.579123e+00 5.509925e+00 1.305865e+01 8.589735e+00
[489] 5.807529e+00 3.009169e+00 1.375478e+01 5.581926e+00 5.156761e+00 6.280441e-01 1.122687e+01 1.566046e+01
[497] 1.363559e+01 1.527598e+01 1.325255e+01 6.223646e+00 5.440121e-01 3.483951e+00 2.861252e+00 1.465421e+01
[505] 1.017593e+01 7.333231e+00 6.314928e+00 4.765382e+00 4.663446e+00 1.370591e+01 1.019611e+01 3.676720e+00
[513] 7.407252e+00 6.693033e+00 1.014521e+01 1.185057e+01 1.008073e+01 6.604857e+00 3.811767e+00 2.691777e+00
[521] 1.100587e+01 1.165811e+01 6.304956e+00 4.113829e+00 5.720482e+00 7.956359e+00 3.141864e+00 7.631894e+00
[529] 5.906680e+00 9.021553e+00 7.167475e+00 4.452765e+00 1.250815e+00 1.270667e+01 1.191909e+01 1.116320e+01
[537] 7.799499e+00 6.119083e+00 4.480348e+00 6.335301e+00 1.218178e+01 6.273922e+00 8.594506e+00 3.146727e+00
[545] 6.111333e+00 1.196839e+01 1.152927e+01 9.850146e+00 9.040602e+00 7.576072e+00 1.946570e+00 1.110049e+01
[553] 9.984166e+00 1.185428e+01 4.916405e+00 6.247890e+00 3.208439e+00 3.367590e-01 6.036354e+00 7.752069e+00
[561] 6.377074e+00 6.162788e+00 3.047620e+00 4.352930e-01 7.739143e+00 1.504875e-01 7.212950e+00 4.397236e+00
[569] 4.133555e+00 1.191901e+00 5.711690e-01 2.901801e+00 9.641841e+00 1.492227e-01 2.991029e+00 1.032452e+01
[577] 7.401095e+00 6.015953e+00 3.222796e+00 1.906862e+00 7.531999e-02 1.099883e+01 1.064277e+01 9.487146e+00
[585] 9.178539e+00 7.976126e+00 5.858116e+00 9.107483e+00 3.805680e+00 7.267451e+00 1.052339e+01 9.281447e+00
[593] 6.563331e+00 6.040526e+00 5.623209e+00 3.539455e+00 1.158362e+00 4.018937e+00 4.987782e-03 8.704251e+00
[601] 6.455149e+00 1.270972e+00 1.012275e+01 9.637351e+00 6.311930e+00 6.891186e+00 6.622352e+00 6.934888e+00
[609] 3.314174e+00 4.445653e+00 1.725813e+00 8.719053e+00 4.675912e+00 9.544027e-01 7.748314e+00 4.871605e+00
[617] 1.408179e-01 9.282892e+00 9.245335e+00 2.717328e+00 9.224937e+00 7.333009e+00 6.393981e+00 6.684426e+00
[625] 5.276491e+00 5.661718e+00 9.206608e+00 7.599665e+00 7.407580e+00 5.606489e+00 3.602737e+00 8.782872e+00
[633] 4.699157e+00 1.918443e+00 4.249797e+00 7.193014e-01 8.766318e+00 4.225314e+00 3.584651e+00 1.338779e+00
[641] 4.259453e-01 1.342536e+00 3.867751e+00 6.880647e+00 5.731863e+00 5.300889e+00 2.351302e+00 7.784987e+00
[649] 6.884966e+00 5.707595e+00 6.295904e+00 8.187099e+00 5.927981e+00 3.612114e+00 4.469704e-01 7.895905e+00
[657] 2.865722e+00 7.035258e+00 4.368137e+00 2.736663e-02 5.122738e+00 4.533440e-01 1.906383e+00 2.978694e+00
[665] 3.262120e+00 4.736827e+00 7.097936e-01 7.494784e+00 3.160100e+00 5.950301e-01 3.852808e+00 6.950008e+00
[673] 6.910262e+00 5.797783e+00 1.453093e+00 5.240052e+00 3.436293e+00 1.886308e+00 2.353526e+00 5.082670e+00
[681] 4.876304e+00 6.127184e+00 6.218324e+00 4.782598e+00 4.010297e+00 4.471645e+00 3.541824e+00 1.432013e+00
[689] 5.061165e+00 4.771310e+00 7.668564e-01 9.975934e-01 1.456646e+00 5.227830e+00 3.208863e+00 5.572415e+00
[697] 2.605419e+00 4.782350e+00 1.387787e+00 1.976207e+00 1.761109e+00 1.473743e+00 3.442492e+00 1.972793e+00
[705] 5.927732e+00 5.267622e+00 2.017455e+00 2.881931e+00 1.888054e+00 2.265260e+00 3.921685e+00 2.497226e+00
[713] 1.453728e-01 3.639404e-01 5.188753e+00 2.731513e+00 3.819074e+00 2.310747e+00 4.031104e-01 3.416378e+00
[721] 4.081496e+00 2.289399e-02 3.243315e+00 1.142533e-02 3.626354e+00 3.611090e+00 3.288779e+00 3.583333e+00
[729] 2.897999e+00 2.836271e+00 5.090219e-01 1.098788e-01 1.664939e-01 3.788422e+00 3.843867e+00 2.670976e+00
[737] 3.320078e+00 1.477022e+00 2.263416e+00 4.419535e-01 2.839266e+00 2.093490e+00 3.047821e+00 1.819013e+00
[745] 1.430267e+00 2.092716e+00 2.292171e+00 2.330387e+00 1.690794e+00 7.211411e-01 3.926691e-01 2.481002e+00
[753] 2.434396e+00 1.355018e+00 2.255783e+00 1.927713e+00 1.925776e+00 7.517778e-02 4.599298e-01 2.010143e-01
[761] 1.715899e-01 2.170534e-01 7.555199e-01 5.093590e-01 4.565241e-01

$PAR
  [1]  NA   1   2   2   2   2   3   3   7   7   7   7   7   5   5   5   9   9   9   9   9   9   9   9  14  14  14  17
 [29]  18  18  18  18  18  19  19  19  19  19  19  19  20  20  20  20  20  20  15  15  15  15  15  15  15  16  25  25
 [57]  25  41  10  10  10  10  34  34  34  34  34  34  34  34  48  48  48  48  48  48  29  29  29  29  77  77  77  77
 [85]  59  63  63  63  63  63  35  49  85  85  85  85  85  36  36  36  36  36  36  36  36  36  36  36  36  50  50  50
[113]  98  98  21  21  99  37  37  37  37  92 113 122 122 122 122 122 122 115 115 100  42  42  42  79  79  79  79  79
[141]  79  79  79  79 130 130 130  56  56  56  56  56  61 131 131  80 118  43  43  43  81 132 132 132 132 132 161 161
[169] 119  91  91  91  91  91 154 136  66  66  66  66  66 148 120 120 120 120 116  71  71 170 170 170 170 170 170 124
[197] 125 125 125 125 125 125 125  72  72 191  62  62  62 206 110 149 149 182 187 187 192 192 192 192  44  44  44  44
[225] 215 215 162 162  23  23  94  94  94 138 138 138 138 155 155 155 188 188 188 188 197 197  74 210 210 210 210 210
[253] 221 221 221 157 177 146 229 204 204 247 247 193 193  87  87  87  87 266 266 169 169 169 267 267  67  67  67  67
[281]  67 241 241 241 241 241 282 282 282 282  75  75  75 151 111 111 194 194  46 283 226 226 287 287 287 295 295 295
[309]  58  58  58  58  58  58 147 147 207 183 183 183 288 315 315 315 218 218 218 218 321 321 321  89  89 272 272 272
[337] 253 284 296 296 152 222 310 286 286 286 270 332 332 332 332 239 239 198 198 189 344  39  39  39  39  39 357 333
[365] 268 176 176 356 219 219 133 133  32  90 297 297 297 264 264 264 264 374 374 325 325 325  40 220 220 102 102 205
[393] 205 259 259 345 345 345 345 171 171 339 339 103 384 384 384 172 172 223 223 223 223 141 141 392 390  76  76  76
[421]  76  76  76 358 358 358 337 337 337 340 427 388 388 277 278 278 265 265 265 265 265 265 199 234 234 260 209 322
[449] 431 349 349 349 437 306 306 424 435 435 354 354 249 249 249 254 254 254  68  68 438 438 408 408 365 365 365 365
[477] 246 246 246 307 307 329 329  82  82 371 389 389 389 389  57  57 402 402 104 173 360 364 350 250 250 477 477 498
[505] 498 409 409 409 409 504 504 504 434 434 457 311 430 473 473 491 200 497 497 375 439 428 428 312 312 419 376 376
[533] 376 134 487 487 487 372 372 474 174 174 261 261 380 414 414 414 410 410 534 353 353 179 179 461 475 541 420 478
[561] 554 554 554 554 516 522 396 396 396 235 235 373 394 236 495 552 552 458 458 224 338 521 521 521 521 521 421 467
[589] 467 107 395 395 395 395 395 216 216 583 237 591 591 591 251 444 444 227 476 505 505 515 515 517 462 462 142 142
[617] 142 553 553  95 548 548 548 279 573 308 232 584 584 584 451 592 592 619 627 351 167 167 271 530 530 382 411 632
[645] 632 632 262 600 201 456 543 488 488 488 320 472 468 417 397 397 656 648 615 366 565 416 416 480 528 528 668 513
[673] 577 304 531 432 143 143 658 327 672 608 606 644 252 158 514 514 624 109 518 459 422 601 601 263 263 523 523 542
[701] 415 545 594 594 412 412 653 529 529 406 645 645 645 525 650 650 626 595 595 696 454 454 646 625 706 676 328 616
[729] 698 482 633 233 324 128 470 532 399 635 403 735 512 512 725 725 631 703 720 737 727 466 665 381 620 520 697 753
[757] 710 710 580 701  97 479 533 667 501

$EXTANT
  [1] FALSE FALSE FALSE FALSE FALSE FALSE FALSE FALSE  TRUE FALSE FALSE FALSE FALSE FALSE  TRUE FALSE FALSE  TRUE  TRUE
 [20] FALSE FALSE FALSE  TRUE FALSE  TRUE FALSE FALSE FALSE FALSE FALSE FALSE  TRUE FALSE  TRUE FALSE  TRUE FALSE FALSE
 [39]  TRUE FALSE  TRUE  TRUE  TRUE  TRUE FALSE FALSE FALSE  TRUE FALSE FALSE FALSE FALSE FALSE FALSE FALSE FALSE  TRUE
 [58]  TRUE FALSE FALSE FALSE FALSE FALSE FALSE FALSE  TRUE  TRUE FALSE FALSE  TRUE  TRUE FALSE FALSE  TRUE  TRUE  TRUE
 [77] FALSE FALSE FALSE FALSE FALSE  TRUE  TRUE  TRUE  TRUE FALSE FALSE FALSE FALSE  TRUE  TRUE FALSE FALSE  TRUE  TRUE
 [96]  TRUE  TRUE FALSE FALSE FALSE FALSE FALSE  TRUE FALSE  TRUE  TRUE  TRUE  TRUE  TRUE FALSE FALSE FALSE FALSE FALSE
[115] FALSE FALSE FALSE FALSE FALSE  TRUE FALSE  TRUE FALSE FALSE  TRUE FALSE FALSE FALSE  TRUE FALSE FALSE FALSE  TRUE
[134]  TRUE FALSE  TRUE FALSE FALSE FALSE FALSE  TRUE  TRUE  TRUE  TRUE FALSE FALSE FALSE FALSE  TRUE FALSE  TRUE FALSE
[153] FALSE FALSE  TRUE FALSE FALSE  TRUE  TRUE FALSE  TRUE FALSE FALSE  TRUE  TRUE FALSE  TRUE FALSE  TRUE  TRUE  TRUE
[172] FALSE  TRUE FALSE FALSE  TRUE FALSE FALSE  TRUE FALSE  TRUE FALSE FALSE  TRUE  TRUE  TRUE  TRUE  TRUE FALSE FALSE
[191] FALSE  TRUE  TRUE FALSE  TRUE  TRUE  TRUE FALSE  TRUE FALSE FALSE  TRUE  TRUE FALSE  TRUE FALSE FALSE FALSE FALSE
[210]  TRUE FALSE FALSE  TRUE FALSE FALSE  TRUE FALSE  TRUE  TRUE  TRUE  TRUE FALSE  TRUE FALSE FALSE  TRUE FALSE FALSE
[229] FALSE FALSE FALSE  TRUE  TRUE  TRUE  TRUE  TRUE  TRUE FALSE  TRUE  TRUE FALSE  TRUE FALSE  TRUE FALSE  TRUE  TRUE
[248] FALSE  TRUE  TRUE FALSE FALSE FALSE  TRUE  TRUE  TRUE FALSE FALSE FALSE FALSE  TRUE  TRUE  TRUE  TRUE  TRUE  TRUE
[267]  TRUE  TRUE  TRUE  TRUE  TRUE  TRUE  TRUE  TRUE  TRUE  TRUE FALSE FALSE  TRUE  TRUE FALSE FALSE  TRUE  TRUE FALSE
[286] FALSE  TRUE FALSE FALSE  TRUE  TRUE  TRUE  TRUE  TRUE  TRUE FALSE  TRUE  TRUE FALSE FALSE FALSE FALSE FALSE  TRUE
[305]  TRUE FALSE  TRUE  TRUE FALSE  TRUE  TRUE FALSE  TRUE FALSE  TRUE FALSE FALSE FALSE  TRUE  TRUE  TRUE FALSE  TRUE
[324]  TRUE FALSE  TRUE  TRUE  TRUE  TRUE FALSE  TRUE FALSE FALSE  TRUE  TRUE  TRUE  TRUE  TRUE  TRUE FALSE FALSE  TRUE
[343]  TRUE FALSE  TRUE FALSE FALSE FALSE  TRUE FALSE  TRUE FALSE  TRUE  TRUE FALSE FALSE  TRUE  TRUE  TRUE  TRUE  TRUE
[362]  TRUE  TRUE  TRUE FALSE  TRUE  TRUE FALSE  TRUE  TRUE  TRUE  TRUE  TRUE FALSE  TRUE  TRUE  TRUE FALSE  TRUE  TRUE
[381]  TRUE  TRUE FALSE  TRUE FALSE FALSE  TRUE  TRUE  TRUE  TRUE  TRUE  TRUE  TRUE FALSE  TRUE  TRUE  TRUE  TRUE  TRUE
[400]  TRUE  TRUE  TRUE FALSE  TRUE FALSE  TRUE  TRUE  TRUE  TRUE  TRUE  TRUE  TRUE  TRUE FALSE  TRUE  TRUE FALSE  TRUE
[419]  TRUE  TRUE  TRUE  TRUE  TRUE FALSE FALSE  TRUE FALSE  TRUE  TRUE FALSE FALSE  TRUE  TRUE  TRUE FALSE  TRUE  TRUE
[438]  TRUE  TRUE  TRUE  TRUE  TRUE  TRUE FALSE  TRUE  TRUE  TRUE FALSE  TRUE FALSE  TRUE  TRUE  TRUE  TRUE  TRUE FALSE
[457] FALSE  TRUE  TRUE FALSE FALSE  TRUE FALSE FALSE  TRUE  TRUE  TRUE FALSE  TRUE  TRUE FALSE  TRUE  TRUE  TRUE  TRUE
[476] FALSE  TRUE  TRUE  TRUE FALSE  TRUE  TRUE  TRUE FALSE  TRUE  TRUE  TRUE FALSE  TRUE  TRUE FALSE  TRUE  TRUE  TRUE
[495]  TRUE FALSE  TRUE FALSE FALSE  TRUE  TRUE  TRUE  TRUE  TRUE  TRUE  TRUE FALSE  TRUE  TRUE FALSE FALSE  TRUE FALSE
[514]  TRUE  TRUE  TRUE  TRUE  TRUE  TRUE  TRUE FALSE  TRUE  TRUE  TRUE  TRUE FALSE  TRUE  TRUE  TRUE  TRUE  TRUE  TRUE
[533]  TRUE  TRUE  TRUE FALSE  TRUE  TRUE  TRUE  TRUE  TRUE  TRUE  TRUE  TRUE  TRUE  TRUE FALSE  TRUE  TRUE FALSE  TRUE
[552]  TRUE  TRUE  TRUE  TRUE  TRUE  TRUE  TRUE  TRUE  TRUE  TRUE FALSE  TRUE  TRUE  TRUE  TRUE  TRUE  TRUE  TRUE  TRUE
[571]  TRUE  TRUE  TRUE  TRUE  TRUE FALSE  TRUE FALSE  TRUE  TRUE  TRUE  TRUE  TRUE FALSE  TRUE  TRUE  TRUE  TRUE  TRUE
[590]  TRUE  TRUE  TRUE  TRUE  TRUE  TRUE  TRUE  TRUE  TRUE  TRUE  TRUE  TRUE  TRUE  TRUE FALSE  TRUE  TRUE FALSE  TRUE
[609]  TRUE  TRUE  TRUE FALSE  TRUE  TRUE  TRUE FALSE  TRUE  TRUE  TRUE FALSE  TRUE  TRUE FALSE FALSE  TRUE  TRUE FALSE
[628]  TRUE  TRUE  TRUE  TRUE  TRUE  TRUE  TRUE  TRUE  TRUE  TRUE  TRUE  TRUE  TRUE  TRUE  TRUE  TRUE  TRUE  TRUE  TRUE
[647]  TRUE  TRUE FALSE  TRUE  TRUE  TRUE  TRUE FALSE  TRUE  TRUE  TRUE  TRUE FALSE  TRUE FALSE  TRUE FALSE  TRUE  TRUE
[666]  TRUE  TRUE  TRUE  TRUE  TRUE  TRUE  TRUE  TRUE  TRUE  TRUE  TRUE FALSE  TRUE  TRUE  TRUE  TRUE  TRUE FALSE  TRUE
[685] FALSE  TRUE  TRUE  TRUE  TRUE  TRUE  TRUE  TRUE  TRUE  TRUE FALSE  TRUE  TRUE  TRUE  TRUE  TRUE  TRUE  TRUE  TRUE
[704]  TRUE FALSE  TRUE  TRUE  TRUE  TRUE  TRUE FALSE  TRUE  TRUE  TRUE FALSE  TRUE  TRUE FALSE  TRUE  TRUE  TRUE  TRUE
[723]  TRUE  TRUE  TRUE  TRUE  TRUE  TRUE  TRUE  TRUE  TRUE  TRUE  TRUE FALSE  TRUE FALSE  TRUE  TRUE  TRUE  TRUE  TRUE
[742]  TRUE  TRUE  TRUE  TRUE FALSE  TRUE  TRUE  TRUE  TRUE  TRUE FALSE  TRUE  TRUE FALSE  TRUE  TRUE  TRUE  TRUE  TRUE
[761]  TRUE  TRUE  TRUE  TRUE  TRUE

