
Birth-death simulation object with 719 species and 500 extant species

Details for some species:

Extinction times (NA means extant)
[1] 30.30120 51.16685       NA 47.26961 44.54720       NA


Speciation times 
[1] 94.60397 82.73544 40.75617 74.82985 66.00918 61.67155


Species parents (NA for initial)
[1] NA  1  1  2  2  2


Species status (extinct or extant)
[1] "extinct" "extinct" "extant"  "extinct" "extinct" "extant" 


For more details on vector y, try sim$y, with y one of
TE TS PAR EXTANT



$TE
  [1] 30.30120025 51.16684526          NA 47.26961257 44.54720041          NA  3.29522924 40.64793323 58.66985360
 [10] 27.78561291 33.37853442 44.95470203 40.02543239 39.84853354          NA 18.67588097 26.72476280          NA
 [19]  6.24096697  8.33288947          NA 27.13771915 45.29434964          NA          NA          NA          NA
 [28] 15.07644488          NA          NA 29.31007322 24.03608234  1.28173290 34.23371871 38.84537706          NA
 [37] 31.52721357 18.43925269 12.20920993          NA          NA 29.15401296 47.54832646          NA 32.52769091
 [46] 42.31796888 16.17083040 50.72738570 27.22912169  2.00531338          NA 19.70602984 10.36474749 26.73930423
 [55]          NA  3.03005342          NA 17.56620868          NA          NA  5.12446249          NA          NA
 [64]  7.24075231          NA          NA 10.17199949          NA 17.26669878  4.00967317  4.05981754          NA
 [73]          NA 28.11021417          NA 23.47579732          NA  6.03320787          NA 33.80478199 30.83771536
 [82]          NA          NA          NA          NA          NA          NA 19.86038717  8.59245835          NA
 [91] 36.11096708 21.34857308          NA          NA          NA          NA  3.18739172  4.68004276 12.45056106
[100]          NA  3.05265384 11.48115639          NA          NA 27.62649189          NA          NA 18.86212775
[109]          NA  4.55653620          NA 12.11363304          NA 16.96677433 30.48607479 22.62059397 20.17771485
[118] 25.74155290          NA 17.51991739          NA 16.66907506 32.27325143          NA 12.85941356          NA
[127]  5.98657798          NA          NA          NA  8.61638429          NA          NA          NA          NA
[136]          NA 12.01561640 12.93252462          NA 22.40073355  9.74061579 13.53959233  2.82539468          NA
[145]          NA  5.88000302          NA 22.03328388          NA 13.21840464          NA          NA          NA
[154]          NA 19.90183756          NA 11.58700657          NA          NA 11.34407331          NA          NA
[163] 31.16752392          NA 14.11161424          NA 18.44695619  7.40280318  9.27618269  2.83072982 15.59113269
[172] 14.19415326          NA          NA  3.90882791  3.83931261  2.78525907          NA          NA          NA
[181]          NA          NA          NA 17.07404734  3.44806792 12.66888459          NA 12.49901496  0.10486165
[190]          NA          NA 21.53954722 13.54675441 14.96197079 17.01985289          NA  5.96061161 19.85665621
[199]          NA          NA          NA          NA          NA          NA 18.49823824  4.93743932          NA
[208]          NA 10.21593018          NA 14.03887767          NA  3.72382568  2.51776682          NA          NA
[217]  5.51381678          NA          NA          NA          NA  2.85155202 21.92369751          NA          NA
[226]  9.42770263          NA          NA  5.50059299 13.57048214  7.52984327          NA 23.49447780          NA
[235] 10.88010258          NA          NA          NA          NA          NA          NA  0.28589054  3.17003987
[244]          NA 13.86689277  0.35308621  7.25149542          NA          NA          NA  8.73171925 18.09738662
[253]          NA 22.90382085          NA          NA 16.02860313          NA 24.11048963          NA          NA
[262]          NA 14.05906303          NA 18.22006196          NA          NA  7.97765196          NA          NA
[271]          NA          NA          NA 21.34229687 10.63422095          NA          NA          NA          NA
[280]          NA          NA          NA          NA          NA          NA          NA  2.46749361          NA
[289]          NA          NA 17.65289581 16.65429803 18.11728744          NA  9.73159988          NA          NA
[298]          NA          NA          NA 12.20786097          NA          NA          NA          NA          NA
[307] 19.54436703          NA  3.68614818          NA  4.21069554          NA  1.66738785          NA          NA
[316] 14.05845441  0.73137880          NA          NA          NA          NA  1.06957851  4.31421826  5.37936960
[325]          NA          NA          NA          NA          NA          NA          NA          NA 19.70498748
[334]          NA          NA          NA          NA          NA          NA          NA          NA          NA
[343] 19.90875303          NA          NA          NA          NA  3.21305986          NA          NA          NA
[352]          NA  6.70560261          NA          NA          NA          NA          NA          NA  3.37250664
[361]  5.79878519          NA 10.57364389          NA          NA          NA          NA          NA 14.02711433
[370]          NA          NA          NA          NA  5.13366186          NA 10.85070449          NA          NA
[379]          NA          NA  6.42094560          NA  8.75105024  0.38189558          NA          NA          NA
[388]          NA          NA          NA  9.90785477 18.48921009  6.74772599          NA          NA          NA
[397]  4.08537212          NA          NA  9.37637991          NA          NA          NA          NA          NA
[406]          NA          NA          NA          NA          NA          NA          NA          NA  0.99312682
[415]          NA  2.29773651          NA          NA          NA          NA          NA          NA          NA
[424]          NA          NA          NA          NA  6.89863025          NA  4.07455651          NA          NA
[433]          NA          NA          NA  6.79722257          NA          NA          NA          NA          NA
[442]          NA  3.70463354  9.61651293          NA          NA  4.02306424 12.44237986          NA          NA
[451]  6.00860309  0.09400318          NA          NA  5.97131926          NA  3.79889919  4.89018600 10.28736804
[460]          NA          NA  6.98101155  2.40466823          NA          NA          NA          NA          NA
[469]          NA          NA  1.71847433  1.53265405          NA  7.86224361  2.08300083          NA          NA
[478]          NA  1.97362529 11.46860148          NA          NA          NA  3.88367697  5.01234270          NA
[487]          NA          NA          NA          NA          NA  5.05835064          NA          NA          NA
[496]          NA          NA          NA          NA          NA          NA          NA  6.80438250          NA
[505]          NA          NA  7.83608614  7.72192675          NA          NA          NA          NA          NA
[514]  0.89924668          NA          NA          NA          NA  4.36966688          NA          NA  4.13984551
[523]          NA          NA  7.22460575          NA          NA          NA          NA          NA          NA
[532]          NA          NA          NA          NA          NA          NA          NA          NA          NA
[541]          NA          NA          NA  4.63026470          NA          NA          NA          NA          NA
[550]          NA          NA          NA  1.42512198          NA          NA          NA  1.01079847          NA
[559]          NA          NA          NA          NA          NA          NA          NA          NA          NA
[568]          NA          NA          NA          NA          NA          NA  4.73139149          NA  2.81792035
[577]          NA          NA  1.17825300          NA          NA          NA          NA          NA          NA
[586]          NA          NA          NA          NA          NA  4.59856871          NA          NA          NA
[595]          NA          NA          NA          NA          NA          NA          NA          NA          NA
[604]          NA          NA          NA          NA          NA          NA          NA          NA          NA
[613]          NA          NA          NA          NA          NA          NA          NA          NA          NA
[622]  6.65655239          NA          NA          NA          NA          NA          NA          NA  1.90432208
[631]          NA          NA          NA          NA          NA          NA          NA  0.03792353          NA
[640]          NA          NA          NA          NA          NA          NA          NA          NA  0.75316522
[649]          NA          NA          NA          NA          NA          NA  3.00427593          NA          NA
[658]          NA          NA          NA          NA          NA          NA          NA          NA          NA
[667]          NA          NA          NA          NA          NA          NA          NA          NA          NA
[676]          NA          NA  4.20325902          NA  1.99482773          NA          NA          NA          NA
[685]          NA          NA          NA          NA          NA          NA          NA          NA          NA
[694]          NA          NA          NA          NA          NA          NA          NA          NA          NA
[703]          NA          NA          NA          NA          NA          NA          NA          NA          NA
[712]          NA          NA          NA          NA          NA          NA          NA          NA

$TS
  [1] 9.460397e+01 8.273544e+01 4.075617e+01 7.482985e+01 6.600918e+01 6.167155e+01 5.929163e+01 5.439831e+01
  [9] 6.179610e+01 5.283656e+01 5.068187e+01 5.310366e+01 5.816933e+01 5.710722e+01 5.327384e+01 3.829813e+01
 [17] 2.988571e+01 2.848164e+01 1.178006e+01 1.027942e+01 8.565957e-01 5.758832e+01 5.152270e+01 4.855773e+01
 [25] 4.012902e+01 1.138571e+01 3.959350e+00 5.180767e+01 4.620920e+01 4.009592e+01 5.374807e+01 5.342486e+01
 [33] 3.958788e+01 5.289296e+01 5.218715e+01 4.635491e+01 4.117984e+01 3.079933e+01 2.697569e+01 2.941237e+01
 [41] 5.983359e+00 5.208252e+01 5.086137e+01 4.709596e+01 4.842980e+01 4.608835e+01 3.743968e+01 5.176688e+01
 [49] 4.011668e+01 4.704910e+01 3.258686e+01 2.765584e+01 1.674738e+01 4.578821e+01 4.806340e+01 2.952754e+01
 [57] 2.920794e+01 2.200294e+01 1.629395e+01 1.336261e+01 5.645780e+00 4.621056e+00 4.284579e+01 4.105823e+01
 [65] 4.085630e+01 3.758574e+01 3.651344e+01 2.157655e+01 3.181316e+01 1.476480e+01 1.177430e+01 7.127772e+00
 [73] 4.675620e+01 3.387751e+01 1.362448e+01 2.602770e+01 2.157392e+01 1.657664e+01 3.112875e+00 3.446923e+01
 [81] 3.329649e+01 1.447891e+01 8.987587e+00 8.365268e+00 8.120620e+00 1.368532e+00 1.249627e+00 1.992779e+01
 [89] 1.248737e+01 4.267244e+01 4.116365e+01 4.096868e+01 3.082513e+01 2.126898e+01 3.690148e-01 4.199205e+01
 [97] 2.675765e+01 2.256434e+01 2.205275e+01 2.081667e+01 1.641294e+01 2.370588e+01 1.529775e+01 1.524970e+01
[105] 3.873520e+01 3.831091e+01 2.466689e+01 2.326084e+01 2.204311e+01 1.837378e+01 3.301309e+01 3.132671e+01
[113] 2.539373e+01 2.428970e+01 3.560935e+01 3.406057e+01 3.152196e+01 2.831858e+01 2.541684e+01 3.849004e+01
[121] 3.319760e+01 2.592090e+01 3.376729e+01 3.220701e+01 3.148761e+01 1.132082e+01 1.057069e+01 1.284104e+00
[129] 3.411925e+01 2.018605e+01 1.870779e+01 1.834178e+01 4.173583e+00 2.242682e+01 1.161729e+01 1.587737e+00
[137] 3.435488e+01 2.972697e+01 2.941032e+01 2.340375e+01 1.893312e+01 1.421386e+01 9.458005e+00 5.247794e+00
[145] 2.056810e+00 3.565986e+01 2.953986e+01 2.813233e+01 1.935039e+01 3.064831e+01 2.327538e+01 2.174464e+01
[153] 2.633593e+00 2.866616e+01 3.025253e+01 1.929368e+01 1.742747e+01 1.573738e+01 3.439731e+01 1.570777e+01
[161] 6.960619e+00 6.388006e+00 3.244416e+01 3.124949e+01 3.096083e+01 2.207073e+01 2.570643e+01 2.557116e+01
[169] 1.156594e+01 2.961177e+01 3.296731e+01 2.950536e+01 4.188693e+00 1.007906e+01 3.253290e+01 2.276193e+01
[177] 1.973754e+01 2.751586e+01 2.151313e+01 2.050939e+01 8.104975e+00 6.537413e+00 7.051857e-01 2.715284e+01
[185] 1.894375e+01 3.006525e+01 2.198357e+01 1.692932e+01 2.804737e+00 2.816308e+01 2.690892e+01 2.570479e+01
[193] 2.592148e+01 2.628056e+01 2.155379e+01 1.286490e+01 6.980135e+00 2.039620e+01 2.253124e+01 6.553303e+00
[201] 3.026072e+00 2.801189e+01 2.283680e+01 3.008348e+01 2.613060e+01 2.051884e+01 1.917580e+01 1.014785e+01
[209] 1.369473e+01 8.907169e-01 2.407343e+01 5.431057e+00 1.219986e+01 5.958291e+00 2.571021e+01 2.523271e+01
[217] 1.154875e+01 1.094824e+01 3.353386e+00 1.864351e+01 1.310943e+01 7.092198e+00 2.308927e+01 6.229969e-01
[225] 2.166985e+01 1.924398e+01 1.405440e+01 1.012316e+01 2.737506e+01 2.558063e+01 2.570077e+01 2.553557e+01
[233] 2.676443e+01 1.907727e+01 1.145448e+01 2.182086e+01 1.917131e+01 2.367876e+01 2.298002e+01 1.241399e+01
[241] 1.326213e+01 1.285275e+01 8.512429e+00 2.670471e+01 1.718118e+01 7.091506e+00 2.228539e+01 2.225555e+01
[249] 2.599559e+01 2.415808e+01 2.377255e+01 2.071122e+01 2.013765e+01 2.492267e+01 7.854248e+00 5.078095e+00
[257] 2.223393e+01 2.526596e+01 2.563503e+01 2.437340e+01 2.021690e+01 2.003444e+01 1.665837e+01 1.501851e+01
[265] 2.139813e+01 1.978765e+01 1.501052e+01 1.727840e+01 2.228182e+01 1.725110e+01 1.496004e+01 6.674364e+00
[273] 3.934800e+00 2.465333e+01 1.769955e+01 4.902443e+00 2.380156e+01 1.400991e+01 1.129052e+01 1.984507e+01
[281] 1.432524e+01 2.134273e+01 1.501055e+01 2.116845e+01 2.345056e+01 1.156280e+01 7.989498e+00 5.002472e+00
[289] 1.548583e+01 1.142749e+01 2.099247e+01 2.139907e+01 2.198100e+01 1.823096e+01 1.721175e+01 1.118542e+01
[297] 2.047941e+01 4.253530e+00 1.742330e+01 1.697127e+01 1.407007e+01 6.104549e+00 1.828603e+01 1.529208e+01
[305] 4.143433e+00 1.362145e+00 2.157140e+01 2.080190e+01 4.407090e+00 2.122870e+01 1.045318e+01 2.578885e+00
[313] 1.915487e+01 2.148042e+01 3.126029e+00 1.791089e+01 2.929594e+00 2.074602e+00 2.159361e+01 2.015125e+01
[321] 5.620679e-01 1.879576e+01 1.392104e+01 2.051166e+01 1.667381e+01 1.464046e+01 1.403631e+01 1.754135e+01
[329] 1.358440e+01 2.254909e+00 7.975215e-01 1.799403e+01 2.149568e+01 2.013141e+01 2.414271e+00 1.995157e+01
[337] 1.239215e+01 3.929685e+00 2.359263e+00 9.182008e+00 5.510328e-01 4.959448e+00 2.028615e+01 2.111901e+01
[345] 9.101378e+00 1.239737e+01 7.807914e-01 3.932732e+00 1.843236e+01 1.524720e+01 1.530761e+00 1.949333e+01
[353] 1.566738e+01 1.116250e+01 1.055245e+01 7.574514e+00 2.005409e+01 1.155276e+01 7.930940e+00 1.353836e+01
[361] 1.179202e+01 6.246029e+00 1.472790e+01 6.618633e+00 7.841152e+00 4.631836e+00 1.906690e+01 1.119415e+01
[369] 1.549764e+01 9.870742e+00 9.838211e+00 1.070450e+01 1.291981e+00 9.965021e+00 3.570476e+00 1.859094e+01
[377] 1.131170e+01 2.302375e-01 3.997001e+00 1.695046e+01 1.274994e+01 1.274133e+01 1.720547e+01 1.720501e+01
[385] 1.159151e+01 1.220281e+01 6.881513e+00 1.324928e+01 4.198012e+00 3.914198e+00 1.350061e+01 1.877143e+01
[393] 1.533113e+01 1.481823e+01 1.135453e+01 8.710700e+00 4.225647e+00 1.101938e+00 1.609715e+01 1.162164e+01
[401] 6.172333e+00 1.649098e+01 9.447521e+00 5.677891e+00 1.749772e+01 1.714641e+01 1.466172e+01 6.864643e+00
[409] 1.237440e+01 1.413379e+01 4.323604e+00 1.329695e+01 5.246762e+00 1.610342e+01 1.449614e+01 1.505800e+01
[417] 1.347295e+01 1.455553e+01 1.519850e+01 8.916176e+00 5.963946e+00 1.633660e+00 1.324254e+01 1.068381e+01
[425] 1.477418e+01 1.614183e+01 1.531634e+01 1.511926e+01 1.013634e+01 7.589568e+00 5.321282e+00 9.039357e+00
[433] 5.788230e+00 2.211914e+00 1.562125e+01 7.333404e+00 1.259075e+01 1.413966e+01 5.200393e+00 4.771382e+00
[441] 4.086246e+00 1.649223e+01 7.828881e+00 1.177884e+01 9.160519e-04 1.065375e+01 4.228779e+00 1.493965e+01
[449] 1.426421e+01 5.140186e+00 1.070447e+01 1.558929e+01 1.220670e+01 5.139366e+00 1.384181e+01 9.613187e+00
[457] 8.791616e+00 1.353061e+01 1.553074e+01 4.961002e+00 8.670494e-01 1.335511e+01 1.177456e+01 1.165367e+01
[465] 6.508633e+00 8.868886e+00 9.558917e-01 1.032851e+01 7.564373e+00 1.121711e+01 1.150974e+01 5.294797e+00
[473] 8.776822e+00 1.360340e+01 1.055793e+01 9.799099e+00 6.901142e+00 6.001658e+00 1.281168e+01 1.263412e+01
[481] 7.059312e+00 1.098084e+00 1.305871e+01 1.074750e+01 9.070585e+00 8.406794e+00 8.631557e+00 5.625390e+00
[489] 3.756816e+00 1.221856e+00 8.712412e-01 1.387105e+01 9.395282e+00 1.093921e+01 9.153113e+00 1.169803e+00
[497] 1.389447e+01 1.114312e+01 5.121160e+00 3.965694e-01 6.558080e+00 1.402001e+01 1.018614e+01 6.180768e+00
[505] 3.752106e+00 1.009894e+01 9.095744e+00 8.477180e+00 6.735189e+00 3.131767e+00 6.185990e-01 7.559396e+00
[513] 7.164230e+00 6.618796e+00 7.329497e+00 4.884479e+00 9.993790e+00 2.452912e+00 1.116891e+01 1.246297e+01
[521] 6.626043e+00 8.151973e+00 7.053534e+00 1.722896e+00 8.894885e+00 3.109378e+00 7.090724e+00 1.270921e+01
[529] 3.521822e+00 1.010792e+01 8.105355e+00 7.657386e+00 7.017904e+00 3.883200e+00 1.223720e+01 8.263753e+00
[537] 4.361549e+00 3.944061e+00 9.551005e+00 1.067643e+01 9.080383e+00 6.981918e+00 3.677167e+00 9.558305e+00
[545] 5.755270e+00 1.399544e+00 1.095373e+01 3.097239e+00 1.137893e-01 6.790657e+00 5.341318e+00 5.595673e+00
[553] 4.638109e+00 2.378729e+00 4.706884e+00 1.817344e+00 9.415412e+00 8.599919e+00 7.106845e+00 1.160462e+01
[561] 4.469777e+00 1.088071e+01 9.147778e+00 4.657910e+00 1.093485e+01 1.074712e+01 4.935906e+00 2.550589e-01
[569] 1.041744e+01 1.106518e+01 2.113747e+00 3.707142e+00 1.097086e+01 1.082828e+01 5.328611e-01 2.928788e+00
[577] 1.266819e+00 5.209111e+00 1.757290e+00 1.696056e+00 4.608916e+00 3.155257e+00 5.946180e+00 5.347981e+00
[585] 3.484257e+00 2.723298e+00 9.165686e+00 6.275351e+00 5.041745e+00 6.731358e+00 6.148107e+00 1.953884e+00
[593] 1.002942e+01 1.008469e+01 8.718413e+00 6.202455e-01 3.162092e+00 2.049444e+00 2.602459e+00 9.704372e+00
[601] 6.941273e+00 1.184936e+00 7.678599e-01 2.540208e+00 7.371598e+00 3.795457e+00 2.659073e+00 5.496545e+00
[609] 9.042937e+00 2.902669e+00 4.576721e-01 5.613622e+00 1.062852e+00 5.939682e+00 2.770137e+00 1.255288e+00
[617] 5.176564e+00 3.481819e+00 6.358748e+00 2.202030e+00 7.385364e+00 7.912988e+00 5.690677e+00 3.765116e+00
[625] 2.024798e+00 3.440188e-01 4.688385e+00 1.238754e+00 4.117845e+00 2.918543e+00 7.401620e+00 4.553921e+00
[633] 4.622445e+00 2.992774e-01 6.337945e-01 4.177719e+00 2.321548e+00 2.321464e+00 6.219177e-01 3.820358e-01
[641] 1.269677e-02 6.502926e+00 6.046505e+00 6.754167e+00 2.377462e+00 2.085383e+00 6.402274e+00 4.434368e+00
[649] 5.737557e+00 2.363676e+00 5.630364e+00 2.908776e+00 5.881273e+00 3.477997e+00 3.333279e+00 1.050513e+00
[657] 3.682615e+00 5.408839e+00 8.806151e-01 3.855560e+00 7.318259e-03 8.640047e-01 3.540202e+00 3.173024e+00
[665] 5.473213e-02 3.971779e+00 3.517977e+00 4.744608e-01 2.393813e-01 1.273078e+00 8.559897e-01 2.108142e+00
[673] 2.312665e+00 4.808518e+00 2.951863e+00 5.085891e-01 7.073946e-01 4.617133e+00 3.050798e+00 2.506924e+00
[681] 1.941324e+00 2.749370e+00 1.188231e+00 5.609479e-01 2.793149e+00 3.172751e+00 1.877941e+00 9.778871e-01
[689] 3.778986e+00 7.675572e-01 3.072730e+00 3.756244e+00 2.850092e+00 3.008916e+00 2.276423e+00 2.018926e+00
[697] 1.882514e-01 1.457424e+00 1.819229e+00 7.478607e-01 3.119826e+00 2.532863e+00 7.473419e-01 8.487734e-01
[705] 3.127498e-02 4.070720e-01 1.121805e+00 1.735572e+00 1.358091e+00 7.166846e-01 8.487518e-01 5.084478e-02
[713] 7.865278e-01 1.250008e+00 9.652736e-01 8.155581e-01 5.427338e-01 1.026956e-01 6.008801e-01

$PAR
  [1]  NA   1   1   2   2   2   2   2   4   4   4   5   6   6   6   6   6   6   6   6   6   7   7   7   7   7   7  13
 [29]  22  22   8  31  31  32  32  32  32  32  32  15  15  12  12  12  34  34  34  10  10  42  28  28  28  23  24  24
 [57]  24  24  24  24  24  24  45  45  55  55  55  55  44  44  44  44  50  50  50  73  73  73  73  36  36  36  36  36
 [85]  36  36  36  29  29  46  54  54  63  63  63  90  90  90  90  90  90  96  96  96  91  64  64  64  64  64  92  92
[113]  92  92  65  65  65  65  65   3   3   3  25  25  25  25  25  25  30  30  30  30  30  33  33  33 105 106 106 106
[141] 106 106 106 106 106  16  16  16  16  66  66  66  66  47  67  67  67  67 146 159 159 159 137 137 137 137 129 129
[169] 129  74  81 121 121 111 171 171 171  51  51  51  51  51  51 175 175 124 124 124 124  69  69  69 117 112 112 112
[197] 164 165  93  93  93  38 150 155 155 155 204 204 147 147  56  56  40  40 139 139 139 139 139  57  57  57 154 154
[225] 190 190 190 190 202 202  52  52 229 229 229 184 184  39  39  39 191 191 191  97  97  97 244 194 205 205 205 249
[253] 122 215 215 215 167 192 231 259 230 230 168 168 232 232 232 119 113 113 258 258 258 216 216 216 107 107 107 260
[281] 260 211 277 251 102 238 238 238 285 285 151 108 239 239 239 239 203 203  98  98  98  98 199 199 199 199 134 134
[309] 269 248 248 248 257  99 109 187 187 187 236 236 236 152 152 225 225 225 225 319 319 319 319  68  77  77  77 307
[337] 179 179 179 314 314 282  94 310 310 284 284 344 308 308 308 206 324 324 324 324 180 180 180 297 261 261 130 130
[365] 253 253 334 334 357 357 357 336 336 266 266 177 352 352 149 226 226 226 207 207 207 237 237 313 313 313 234 367
[393] 131 131 131 220 220 220 376 376 349 110 110 110 132 132 132 132 303 294 294 332 332 275 328 405 299 268 270 270
[421] 270 270 295 295 384 406 406 406 406 406 406 300 300 300 380 380  53 325 325 325 325 263  78 442 442 402 402 101
[449] 101 101  59 426 426 426 158 158 158 160 435 435 435 459 459 393 427 103 103 304 304 104 350 350 416 264 264 283
[477] 283 283 267 267 271 271 394 394 394  70 407 326 326 415 415  82 281 449 449 449 142 438 438 438 410 301 227 227
[505] 327 502 502 323 497 497 497 492  75 329 360 360 458  60 462 412 412 241 241 241 221 483 196 479 479 381 381 382
[533] 382 528 437 437 437 437  89 520 240 240 240 346 346 346 337 337 337 409 409 535 535 535 453 453 386 386 213  19
[561]  71 135 135 385 169 169  26  26 395 126 126 377 279 470 470 368 368 296 296 573 218 494 565 565 565 562 574 451
[589] 424 127 569 569  20 503 208 208 429 429 174 517 517 517 517 371 600 600 600 456 143 143 493 340 340 587 345 345
[617] 541 541 609 432 466 473 396 486 536 536 531 531 255 532 430 430 469 469 512  72  72 527 481 481 481 542 387 408
[645] 550 521 514 501 182 182 642 647 588 302 302 643 421 433 623 651 651 488 552 552 584 144 144 144 413 439 439 288
[673] 342 516 516 440 555 627 553 553  62 648 411 411 298 389 173 636 305 305 629 666 666 538 606 689 689 624 692 692
[701] 543 654 664 604 673 434 318 625 681 681 546  86 128 670  87 628 602 713 596

$EXTANT
  [1] FALSE FALSE  TRUE FALSE FALSE  TRUE FALSE FALSE FALSE FALSE FALSE FALSE FALSE FALSE  TRUE FALSE FALSE  TRUE FALSE
 [20] FALSE  TRUE FALSE FALSE  TRUE  TRUE  TRUE  TRUE FALSE  TRUE  TRUE FALSE FALSE FALSE FALSE FALSE  TRUE FALSE FALSE
 [39] FALSE  TRUE  TRUE FALSE FALSE  TRUE FALSE FALSE FALSE FALSE FALSE FALSE  TRUE FALSE FALSE FALSE  TRUE FALSE  TRUE
 [58] FALSE  TRUE  TRUE FALSE  TRUE  TRUE FALSE  TRUE  TRUE FALSE  TRUE FALSE FALSE FALSE  TRUE  TRUE FALSE  TRUE FALSE
 [77]  TRUE FALSE  TRUE FALSE FALSE  TRUE  TRUE  TRUE  TRUE  TRUE  TRUE FALSE FALSE  TRUE FALSE FALSE  TRUE  TRUE  TRUE
 [96]  TRUE FALSE FALSE FALSE  TRUE FALSE FALSE  TRUE  TRUE FALSE  TRUE  TRUE FALSE  TRUE FALSE  TRUE FALSE  TRUE FALSE
[115] FALSE FALSE FALSE FALSE  TRUE FALSE  TRUE FALSE FALSE  TRUE FALSE  TRUE FALSE  TRUE  TRUE  TRUE FALSE  TRUE  TRUE
[134]  TRUE  TRUE  TRUE FALSE FALSE  TRUE FALSE FALSE FALSE FALSE  TRUE  TRUE FALSE  TRUE FALSE  TRUE FALSE  TRUE  TRUE
[153]  TRUE  TRUE FALSE  TRUE FALSE  TRUE  TRUE FALSE  TRUE  TRUE FALSE  TRUE FALSE  TRUE FALSE FALSE FALSE FALSE FALSE
[172] FALSE  TRUE  TRUE FALSE FALSE FALSE  TRUE  TRUE  TRUE  TRUE  TRUE  TRUE FALSE FALSE FALSE  TRUE FALSE FALSE  TRUE
[191]  TRUE FALSE FALSE FALSE FALSE  TRUE FALSE FALSE  TRUE  TRUE  TRUE  TRUE  TRUE  TRUE FALSE FALSE  TRUE  TRUE FALSE
[210]  TRUE FALSE  TRUE FALSE FALSE  TRUE  TRUE FALSE  TRUE  TRUE  TRUE  TRUE FALSE FALSE  TRUE  TRUE FALSE  TRUE  TRUE
[229] FALSE FALSE FALSE  TRUE FALSE  TRUE FALSE  TRUE  TRUE  TRUE  TRUE  TRUE  TRUE FALSE FALSE  TRUE FALSE FALSE FALSE
[248]  TRUE  TRUE  TRUE FALSE FALSE  TRUE FALSE  TRUE  TRUE FALSE  TRUE FALSE  TRUE  TRUE  TRUE FALSE  TRUE FALSE  TRUE
[267]  TRUE FALSE  TRUE  TRUE  TRUE  TRUE  TRUE FALSE FALSE  TRUE  TRUE  TRUE  TRUE  TRUE  TRUE  TRUE  TRUE  TRUE  TRUE
[286]  TRUE FALSE  TRUE  TRUE  TRUE FALSE FALSE FALSE  TRUE FALSE  TRUE  TRUE  TRUE  TRUE  TRUE FALSE  TRUE  TRUE  TRUE
[305]  TRUE  TRUE FALSE  TRUE FALSE  TRUE FALSE  TRUE FALSE  TRUE  TRUE FALSE FALSE  TRUE  TRUE  TRUE  TRUE FALSE FALSE
[324] FALSE  TRUE  TRUE  TRUE  TRUE  TRUE  TRUE  TRUE  TRUE FALSE  TRUE  TRUE  TRUE  TRUE  TRUE  TRUE  TRUE  TRUE  TRUE
[343] FALSE  TRUE  TRUE  TRUE  TRUE FALSE  TRUE  TRUE  TRUE  TRUE FALSE  TRUE  TRUE  TRUE  TRUE  TRUE  TRUE FALSE FALSE
[362]  TRUE FALSE  TRUE  TRUE  TRUE  TRUE  TRUE FALSE  TRUE  TRUE  TRUE  TRUE FALSE  TRUE FALSE  TRUE  TRUE  TRUE  TRUE
[381] FALSE  TRUE FALSE FALSE  TRUE  TRUE  TRUE  TRUE  TRUE  TRUE FALSE FALSE FALSE  TRUE  TRUE  TRUE FALSE  TRUE  TRUE
[400] FALSE  TRUE  TRUE  TRUE  TRUE  TRUE  TRUE  TRUE  TRUE  TRUE  TRUE  TRUE  TRUE  TRUE FALSE  TRUE FALSE  TRUE  TRUE
[419]  TRUE  TRUE  TRUE  TRUE  TRUE  TRUE  TRUE  TRUE  TRUE FALSE  TRUE FALSE  TRUE  TRUE  TRUE  TRUE  TRUE FALSE  TRUE
[438]  TRUE  TRUE  TRUE  TRUE  TRUE FALSE FALSE  TRUE  TRUE FALSE FALSE  TRUE  TRUE FALSE FALSE  TRUE  TRUE FALSE  TRUE
[457] FALSE FALSE FALSE  TRUE  TRUE FALSE FALSE  TRUE  TRUE  TRUE  TRUE  TRUE  TRUE  TRUE FALSE FALSE  TRUE FALSE FALSE
[476]  TRUE  TRUE  TRUE FALSE FALSE  TRUE  TRUE  TRUE FALSE FALSE  TRUE  TRUE  TRUE  TRUE  TRUE  TRUE FALSE  TRUE  TRUE
[495]  TRUE  TRUE  TRUE  TRUE  TRUE  TRUE  TRUE  TRUE FALSE  TRUE  TRUE  TRUE FALSE FALSE  TRUE  TRUE  TRUE  TRUE  TRUE
[514] FALSE  TRUE  TRUE  TRUE  TRUE FALSE  TRUE  TRUE FALSE  TRUE  TRUE FALSE  TRUE  TRUE  TRUE  TRUE  TRUE  TRUE  TRUE
[533]  TRUE  TRUE  TRUE  TRUE  TRUE  TRUE  TRUE  TRUE  TRUE  TRUE  TRUE FALSE  TRUE  TRUE  TRUE  TRUE  TRUE  TRUE  TRUE
[552]  TRUE FALSE  TRUE  TRUE  TRUE FALSE  TRUE  TRUE  TRUE  TRUE  TRUE  TRUE  TRUE  TRUE  TRUE  TRUE  TRUE  TRUE  TRUE
[571]  TRUE  TRUE  TRUE FALSE  TRUE FALSE  TRUE  TRUE FALSE  TRUE  TRUE  TRUE  TRUE  TRUE  TRUE  TRUE  TRUE  TRUE  TRUE
[590]  TRUE FALSE  TRUE  TRUE  TRUE  TRUE  TRUE  TRUE  TRUE  TRUE  TRUE  TRUE  TRUE  TRUE  TRUE  TRUE  TRUE  TRUE  TRUE
[609]  TRUE  TRUE  TRUE  TRUE  TRUE  TRUE  TRUE  TRUE  TRUE  TRUE  TRUE  TRUE  TRUE FALSE  TRUE  TRUE  TRUE  TRUE  TRUE
[628]  TRUE  TRUE FALSE  TRUE  TRUE  TRUE  TRUE  TRUE  TRUE  TRUE FALSE  TRUE  TRUE  TRUE  TRUE  TRUE  TRUE  TRUE  TRUE
[647]  TRUE FALSE  TRUE  TRUE  TRUE  TRUE  TRUE  TRUE FALSE  TRUE  TRUE  TRUE  TRUE  TRUE  TRUE  TRUE  TRUE  TRUE  TRUE
[666]  TRUE  TRUE  TRUE  TRUE  TRUE  TRUE  TRUE  TRUE  TRUE  TRUE  TRUE  TRUE FALSE  TRUE FALSE  TRUE  TRUE  TRUE  TRUE
[685]  TRUE  TRUE  TRUE  TRUE  TRUE  TRUE  TRUE  TRUE  TRUE  TRUE  TRUE  TRUE  TRUE  TRUE  TRUE  TRUE  TRUE  TRUE  TRUE
[704]  TRUE  TRUE  TRUE  TRUE  TRUE  TRUE  TRUE  TRUE  TRUE  TRUE  TRUE  TRUE  TRUE  TRUE  TRUE  TRUE

