
Birth-death simulation object with 735 species and 500 extant species

Details for some species:

Extinction times (NA means extant)
[1] 49.24984 37.01404 62.17371       NA 27.75702 41.68103


Speciation times 
[1] 83.28810 80.10893 75.25036 55.53110 70.56731 43.32549


Species parents (NA for initial)
[1] NA  1  1  1  2  2


Species status (extinct or extant)
[1] "extinct" "extinct" "extinct" "extant"  "extinct" "extinct"


For more details on vector y, try sim$y, with y one of
TE TS PAR EXTANT



$TE
  [1] 49.2498389 37.0140394 62.1737090         NA 27.7570232 41.6810316 50.4434788 43.3057060         NA 35.4175991         NA 27.4898878
 [13]         NA 50.1301350 27.5293956         NA         NA  8.4311351         NA 25.8734840 44.7975001         NA         NA 14.2851301
 [25] 18.6802939         NA         NA  6.6284568 45.2901319 44.5288500 40.7189166         NA 12.7498810 42.6912456 37.4925215 45.7091811
 [37] 43.9371440 37.9650556 31.8555939         NA  6.9465805  4.5320384 43.3334852         NA         NA         NA         NA 22.9250472
 [49] 47.1142757 17.6848303 21.0572620         NA 27.4510442         NA         NA 47.5132138         NA         NA         NA 22.7096865
 [61] 38.5297455 29.8799803         NA         NA 20.0568847 27.6868786         NA         NA  9.0448527         NA 18.2988612 14.4846392
 [73]         NA         NA         NA  5.4027858         NA 45.2134222         NA 30.3629957         NA  0.9495441 40.7693678  2.6123731
 [85]  7.3699079 21.5389268 17.3067937         NA 18.5768125         NA         NA  7.9075295         NA         NA 32.2073155         NA
 [97] 34.6474765 18.0158562         NA 16.6420094 33.9428307 15.4937313 34.4011440 24.5658541 23.5339333         NA         NA         NA
[109] 13.6329385         NA         NA  9.0498175         NA         NA  5.4057775         NA         NA         NA 10.0400356         NA
[121]  1.5399778         NA         NA         NA         NA         NA 23.9351247         NA 16.2225550 26.9828904 25.6160751 17.1436038
[133]  2.3759499  3.2165518         NA         NA  4.9414089 28.3882664         NA  0.6274605 24.3331656         NA 34.0737876         NA
[145]         NA         NA 10.4324349         NA  1.1001320  3.5197942         NA 18.8010083         NA         NA  3.2430888         NA
[157]         NA 15.2724621  4.3806978         NA         NA         NA         NA  0.6126939         NA         NA         NA  1.5415099
[169]         NA         NA         NA 19.4714455 16.4428315         NA         NA         NA         NA         NA  5.8151148         NA
[181]         NA 17.3401533         NA         NA 18.4210578         NA         NA  2.3520665         NA         NA  6.0686591  4.6804089
[193] 29.9378048         NA  4.1543123  3.3927764         NA 22.8860032         NA 11.6983178 19.1505255         NA         NA         NA
[205] 24.8344229 12.4654073         NA         NA         NA  9.7494600 11.1039191         NA         NA  6.0546740  8.4162970         NA
[217] 25.7096660         NA  6.4287588  2.5703665         NA 19.5555890         NA  3.1971223         NA         NA 17.3931607         NA
[229] 11.3754504  0.7325336 15.6160879         NA 27.0962090 19.0756636 11.3985899  6.2002724  6.1235860         NA 15.1746613         NA
[241]         NA         NA         NA         NA         NA 19.6124511         NA         NA         NA  7.8475852  3.0909501         NA
[253]         NA 24.0118791  6.5507188 13.5290613         NA 20.3723340         NA         NA 16.5689166 10.0888688         NA 17.2467171
[265]         NA         NA         NA 19.6187095 22.2521507 19.4376139 19.5287719         NA  3.2312541         NA         NA         NA
[277] 16.6449105  3.1142634         NA         NA         NA         NA         NA         NA         NA  6.9749711         NA         NA
[289]  2.3505533  0.5414203         NA 11.8573030         NA         NA         NA         NA         NA         NA         NA         NA
[301]         NA         NA         NA         NA  0.7203265 17.1085564         NA 15.8958761         NA         NA         NA         NA
[313]  4.4126474  2.5913420  3.8078667         NA         NA  6.9026355         NA         NA         NA         NA 14.1023454         NA
[325]         NA         NA         NA  2.7347255         NA         NA         NA  4.1906940 20.5535190         NA         NA         NA
[337] 14.9689868         NA         NA         NA         NA 15.5689146         NA 14.8625897  4.9780756         NA         NA         NA
[349]  6.1242948         NA         NA  4.5336561  6.3579229         NA         NA         NA  0.7332944         NA         NA  2.5010687
[361]         NA  3.9454473  6.4996706         NA         NA         NA         NA         NA  5.4248583  0.7899578  2.4400068         NA
[373]         NA         NA         NA         NA         NA         NA         NA         NA         NA         NA         NA         NA
[385]         NA  9.1732032 11.4039230         NA         NA         NA         NA         NA         NA  3.6879966         NA         NA
[397] 11.9914920  7.9669997  2.1371018         NA 14.6601320  1.1488956 13.4498562         NA         NA         NA         NA         NA
[409]         NA         NA  0.5880087         NA  2.1378071         NA  2.7742947         NA         NA         NA         NA         NA
[421]  6.5831110 13.3209718         NA  8.3853140         NA         NA         NA         NA         NA         NA         NA         NA
[433]         NA         NA         NA  3.2413042         NA         NA         NA         NA         NA         NA         NA         NA
[445]         NA         NA         NA  5.4799002         NA         NA         NA         NA  8.7877872         NA  5.0644945  0.1921719
[457]         NA         NA  9.2854954         NA         NA         NA         NA         NA         NA         NA         NA  3.8359430
[469]         NA         NA         NA         NA  1.1808087         NA  3.7027447         NA         NA         NA         NA  4.3835498
[481]         NA  4.0912919         NA         NA         NA         NA         NA  2.1056844         NA         NA  4.8723158         NA
[493]         NA         NA         NA         NA         NA         NA  3.6968019  1.5678268         NA         NA         NA         NA
[505]         NA         NA         NA         NA  4.7835513  5.3727316         NA  2.1842495         NA         NA         NA         NA
[517]         NA  4.3220839         NA         NA         NA         NA         NA         NA         NA         NA         NA         NA
[529]         NA         NA  7.8629132  4.6939551  6.8267320  5.8186848         NA         NA         NA  0.1238113         NA         NA
[541]         NA         NA         NA         NA         NA         NA  6.1320215  0.5768198  2.0336572  1.6453584         NA         NA
[553]         NA         NA         NA  1.4318098         NA         NA         NA         NA         NA         NA         NA         NA
[565]         NA         NA         NA  8.6954222  1.1197690         NA  0.2906249         NA         NA         NA         NA         NA
[577]         NA         NA         NA         NA  1.7254651         NA         NA         NA         NA         NA         NA         NA
[589]         NA         NA         NA         NA  7.6802359         NA         NA         NA         NA         NA  4.1861949         NA
[601]         NA         NA         NA         NA         NA         NA         NA  2.8765858         NA         NA         NA  3.2423991
[613]         NA  6.3930901         NA         NA         NA         NA  6.1396977         NA         NA         NA         NA  0.1755467
[625]         NA         NA         NA         NA  3.5827511         NA         NA         NA         NA         NA  3.8991007         NA
[637]         NA         NA         NA         NA  3.4748432         NA         NA         NA         NA         NA         NA  0.4357444
[649]         NA         NA         NA         NA         NA         NA         NA         NA         NA         NA         NA         NA
[661]         NA         NA         NA         NA         NA         NA         NA         NA         NA         NA         NA         NA
[673]         NA         NA         NA         NA  1.5109188         NA         NA         NA         NA         NA         NA         NA
[685]         NA         NA         NA         NA         NA         NA  0.3837478         NA         NA         NA         NA         NA
[697]         NA         NA         NA         NA         NA         NA         NA  1.5528679         NA  0.5038401         NA         NA
[709]         NA         NA  0.8196379         NA         NA         NA         NA         NA         NA         NA         NA         NA
[721]         NA         NA         NA         NA         NA         NA         NA         NA         NA         NA         NA         NA
[733]         NA         NA         NA

$TS
  [1] 83.28809560 80.10892518 75.25036398 55.53110117 70.56730800 43.32549340 74.75744057 65.60614945 58.26227831 69.07980104 66.85846454
 [12] 40.72348983 35.16100137 53.84999679 53.66086206 59.54992152 55.29380648 53.34834033 28.84595238 58.87737684 47.85567321 46.53125662
 [23] 44.26449586 43.98940952 40.66462365 33.04675257 13.21907072 12.21339913 58.37288797 58.28593030 40.93634810 28.54058299 47.61114028
 [34] 53.21917791 53.06449938 52.23982475 47.02054384 44.92394460 40.21214161 34.81803773 31.45864619 18.73768666 45.60099278 44.24305618
 [45] 16.01628734  5.95203419 42.82745119 26.59057188 52.72100299 51.89198844 39.22301255 30.77279429 50.47625600 37.36339136  8.64836550
 [56] 51.75532514 50.96143539 43.13960016 40.34692417 48.58676813 42.27683443 40.80567837 27.50813561 21.42964654 43.73934207 30.75031128
 [67] 21.37069752 14.92465088 13.98945010 29.50534233 28.35672267 40.29397122 35.57097095 32.81923117 41.27030529 28.69066376 24.83999366
 [78] 46.09618706 40.17148524 32.81972195 20.83734253 10.90271385 44.09205137 42.55943005 41.65646983 38.54159842 43.89869906 37.99975401
 [89] 19.05949868 13.21503626  0.89340156 14.12400554 38.22909032 23.74060273 43.23862982 40.20378282 38.28563686 37.57687539 21.77235485
[100] 19.33921509 38.48718495 37.95960695 37.13219661 28.74901020 35.81380762 17.39502188 13.40088246  0.25688919 42.11434133  5.59772583
[111]  4.48876679 33.43189021 31.27648905 18.62725722 41.79296348 24.00467518 17.78277021 20.84245251 15.44078555 41.47562493 30.01169802
[122] 29.35801294 14.50315429 11.87262791  6.82557453  2.16828060 34.47840371  7.08861430 33.75549093 30.41441058 35.57795835 37.68082339
[133] 14.12100965 28.92122244 25.10701417 24.95164697 35.67657162 35.65460806 22.14418373  3.89852415 26.67942845 37.58658219 35.15859764
[144] 27.42932985 19.85632706  6.39022802 19.06457661 15.85018043 14.91995178  4.33351078  1.11735809 33.88635886 21.39044585 20.76564787
[155] 16.91339482 16.78235034 36.64924255 25.39187800 25.09154075 11.52991365  3.00502376  1.07712106 12.13759147 11.24474579  3.49728417
[166] 23.87272874 19.74388449 14.86314107 12.36221080 27.06254567 25.27148600 34.70894836 27.62193713 11.96415678 11.36267538 11.16686512
[177] 11.04913182 10.83806812  7.22068022  1.84904820 33.33808240 33.32217625 22.67986349 28.58018070 28.88636743 31.33151177 26.65163798
[188] 21.88782368 24.82959361 22.71778764 32.49799433 30.89881505 30.00835179 29.16187749 20.81565466 13.12265656  6.73991389 29.65947813
[199] 24.34311138 31.84828548 29.01371114 28.16048335 12.07573410  7.07298780 31.07451257 29.52843016 14.91093225 14.73936150  3.87927090
[210] 23.49725523 13.40486079 12.86761645  8.51479844 29.12313991 17.72011234  9.25758898 30.80602024  1.08695188 12.83873079 11.70383645
[221]  7.74396666 30.16349220 16.39415406 14.98852008 29.77067258 29.04576780 22.24950048 22.07576112 22.98061622 20.15764322 19.07687096
[232] 16.79383256 29.63689105 27.65213390 23.92305130 23.73585031 20.08719997 12.26259165 25.28515432 17.54152326  0.70861250 24.84035747
[243] 13.30615465  2.01546983  1.23909397 28.68593689 20.81911465  8.45890352 10.26503261 25.74944318 23.89053796  6.25415778  8.35179870
[254] 25.19995496 28.26088497 22.44030791 20.38886346 23.22019858  7.48041970 22.21489065 19.88618912 11.60989524 26.98893792 26.72290903
[265]  8.27851041  6.74140466  6.18838364 27.53843048 25.77206795 21.51557871 24.21781351 19.55770289 10.54048181 13.58177110 12.46535967
[276] 21.82749834 23.78897057 24.94802142 20.39761421  8.84306703 21.79081482 19.75951053  8.51819213  3.47697491  0.06316559 20.43925020
[287] 16.03277781 10.46753711  7.71480745  6.72464558  0.55227448 22.42958843 16.10279464  2.71107133  1.76445141  0.38293216 14.19328883
[298] 11.94449658 11.76270636 17.11596689  4.71247683 19.83445000 11.36094720  0.68924876 23.10262385 22.31255557  7.30417414 23.21739792
[309] 13.88840374  9.35858063  3.51037410 20.58442085 16.76962777  3.32887038  9.74851093 23.21552522 21.66031445 19.20274725 21.48594083
[320] 18.02728159  2.68199621  0.82358630 18.63163663 13.10738068 11.25608804 19.10643489 14.24611254  9.88035707 16.29749770 19.05666465
[331] 21.09771101 22.08380502 20.59833463 11.16541393  1.01944275 15.72135106 18.43631424 16.09306750 10.97974456  8.70550069  3.50648560
[342] 21.31961264 18.49149504 15.85566699 15.64572624  2.46528428  3.62583167  0.14055476 13.51927118 10.59492608 11.42936962 10.38564193
[353]  6.74222862 10.55680038 12.16732641 11.38025448 10.13385337  1.37934609 21.06987060 16.33936903 16.67150336  9.48479989  8.88226829
[364]  5.74151451  9.54258533 15.28349093 18.81794247  3.88674180 10.09235382  1.52611965 10.87204228  9.89757200  7.15084695 18.71029780
[375]  3.45744287  2.74798869 13.01373243  0.76594682 13.30730611  9.42150991 12.49851336  8.88870588 15.87994797  1.20029018  0.33696264
[386] 17.01833488 16.06731390 14.57567949 14.42548792 11.64096724  3.90724941 14.62347933  7.90751279  6.64436755  4.85501274  7.64818385
[397] 17.18243324 16.80437385  8.88056785  8.44206572 18.31137186 16.87633724 15.37829082 10.39694769  5.34297828 10.89818256 17.12932890
[408] 15.97324612 11.61242452  7.74406924  2.82119913  2.29115041  9.47056266 13.60265228  3.00015744  2.19727760 12.95436531  6.44617778
[419]  6.43737096  2.26025067 15.43517540 14.90548601  8.38649565 14.64158234 13.42926268  5.91563574  9.92633314  1.63823409  5.46722069
[430]  5.65971775  5.17988210  4.58122203 15.91611453 12.66474159 12.13741686 15.48241019  1.05456334 10.39148046  2.11630099 14.83034534
[441]  6.01870111  3.27216113 13.98853526 12.18295301  8.06465977  4.95998304 14.51879324  6.35366798  6.14484224 10.48038049  3.67414421
[452] 14.18016297 11.52440581 11.21080095 13.19077427 14.24525371 11.10650710  5.44893351 11.63419029  4.29797609  8.19539774 14.74890568
[463] 11.22699413 10.19305402  6.06224187 13.48545122 11.61952307  8.39083790  8.17649653  0.04597979  1.51983108 11.72569463  7.07242481
[474] 10.62137527  5.31313364  9.27287509  2.27846433 13.21999598  8.56688123  9.27432029  8.64680177  5.61076022 12.69635291  8.00607154
[485]  5.21877589  4.28941445 12.79019202 11.03406401  1.05347219  4.18648581 11.55646574 10.36740433  4.96750897  9.01326223  4.23206619
[496]  5.08491071  0.57308503  6.26456412 12.20775065  5.72553768  0.77907550 10.62895793  6.67565550  6.52325721  5.99621002  6.26178831
[507]  3.39679519 10.45238665  8.14513263 12.17065683  9.44394359  7.08737306  5.70807029  4.39201209  3.83289887 11.87904703  6.35995921
[518]  8.31054394  7.01016986  6.88239484  3.47307216  1.56159180 10.41654459  5.58373081  1.27975887  8.03064785  4.24158074  6.99716237
[529]  1.88476855 10.77957402  9.19619195 11.04950111  7.32899139 10.12095700 11.54703691  9.93433142  6.33245904 11.12570452  5.75749121
[540] 11.45735418 10.32799910  7.35840046  5.92911317  0.09238921  0.01418229  9.96885980  8.80035777  8.27606606 10.58934257  8.84745527
[551]  7.74485187  6.90630798  6.29603997  9.74998725  2.80142480  6.60895595  6.44664493  1.10435123  0.76198705 10.54348537  9.38224003
[562]  2.47492539  8.49834591  6.61314404  2.74672194 10.99147543  5.29660820  9.94335458  6.55763167 10.79476321  8.37160070  0.33251790
[573]  2.53044646 10.71367675 10.04415974  8.59256874  0.57033043  6.20674781  7.64849414  2.16414151  6.24684504  5.67103136  4.40516331
[584]  2.05358239  6.94171141  5.46092518  9.53464098  9.24698157  4.73557142  1.54670328  8.00236992  5.88169710  9.89044503  4.44566421
[595]  1.24587237  9.11245502  6.80187030  2.61755543  6.72682546  1.18759941  2.03481512  0.83035703  8.39384339  0.68594616  0.37413380
[606]  6.39642933  0.16321706  8.35055490  7.41712669  7.13518344  5.04153153  8.55715699  5.59453545  8.53444262  0.89026281  7.02537721
[617]  6.87688993  5.51986917  6.49939735  7.15367577  5.29255887  7.35043745  0.45344449  0.20754417  6.31345003  7.70835288  4.67457989
[628]  5.59531192  6.70688229  0.90898940  3.34634830  0.96355820  1.03148722  4.35563208  7.91280412  7.84955742  4.64375537  3.63231366
[639]  1.38099414  0.50642035  4.03241221  2.49887131  2.99266306  6.07020698  4.01495692  1.69015727  1.39804455  6.57145939  6.50595456
[650]  5.03265401  4.86809141  4.81432606  5.54074295  4.10333598  5.32100105  5.33933846  5.20225832  2.09117419  4.79695182  2.83432105
[661]  1.25434361  5.13573481  0.87888986  1.83848026  1.71316122  0.84036401  0.64452717  4.02289742  1.71421115  5.27345980  4.90867601
[672]  5.11383015  1.07920940  0.55706692  2.87400741  1.49777281  5.24448368  3.78760173  2.29522134  1.68051207  1.37247360  5.28788726
[683]  4.51169676  3.22899385  3.48176718  5.30228974  4.25082689  4.15447804  4.50912554  4.39520549  3.32478610  1.96977100  2.97452208
[694]  0.80086610  1.71984650  3.38411119  0.52355468  2.98736526  3.97244867  1.20009257  1.58657944  1.82872735  1.34090019  3.50958621
[705]  0.72619683  2.73805936  0.55347777  0.22960721  1.06046207  2.84213139  2.19601600  2.99958337  3.54389428  0.99336185  2.49933886
[716]  1.01482752  3.11411221  3.05735794  1.78642509  0.03134836  0.06662798  3.26711425  2.15329077  0.23501483  2.34467024  0.48147283
[727]  2.31076137  1.17630076  0.13593815  2.53862523  2.24267545  0.62031750  0.26173129  0.74756604  0.60462081

$PAR
  [1]  NA   1   1   1   2   2   3   7   7   5   5   5   5  10  10  11  11  11  11   8   8   8  16  16  16  16  16  16  20  20  20  20  29
 [34]  30  30  30  30  30   9   9   9   9   4   4   4   4  17  17  14  15  15  15  18  18  18  35  35  35  35  49  50  50  50  50  57  57
 [67]  57  57  57  53  53  60  60  60  33  33  33  22  22  22  22  22  43  38  38  38  23  23  23  23  23  44  24  24  87  87  87  87  87
[100]  87  65  65  65  65  58  58  58  58  47  47  47  84  84  84 109 109 109 115 115  85  85  85  85  85 120 120  75  75  12  12  25  59
[133]  59  72  72  72  96  96  79  79  86  93  93  93  93  93  88  88  88  88  88 102 102 102 102 102 132 142 142 142 142 142  54  54  54
[166] 157 157 157 157 105 105 137  73  73  73  73  73  73  73  73  13  13  13  40 172 127 152 152 129 129 112 112 181 181 181 181 181 182
[199] 182  26  26  26  26  26  80  74  74  74  74 191 191 191 191  41  41  41 113 113 192 192 192 217  52  52 130 130 222 222 225 225 225
[232] 225 198  70  70  70  70  70 122 122 122 194 194 194 194 214 214 214 226 201 185  19  76 246 184 184 184  32  32  71  71 255 202 202
[265] 202 202 202 234 234 234 173 173  63 263 263 264  48 250 250 250 158 171 135 135 135 159 159 136 136 136 136 278 278 242 242 242  77
[298]  77  77 189 189 199 199 199 271 271 116 166 166 166 166 277 277  94 236 210 210 210 316 316 316 316 305 229 190 183 183 183 256 306
[331] 227 260 260 260 260 139 228 228 188 188 188 281 281 281 281 281  99  99 317 317 319 319 319  64 153 153  67  67 342 342 359 359  81
[364]  81 312 286 279 279 257 257 230 230 237 145 145 145 282 282 167 272 318 318 326 326 326 231 231 330 330 330 330 367 367 367 367  42
[397] 374 374 374 374 323 114 114 114 114 343 337 337 320 320 320 117 215 240 240 240 106 106 106 300 386 155 402 398 232 156 313 223 360
[430] 329 329 329 387 387 387 287 287  45  45 433 433 433 383 383 383 383 148 148 148 336 336 345 345 345 119 366 366 366  68  68 149 422
[463] 462 208 208 424 424 392 392 392 388 447 447 389 389 327 297 452  92 133 133 133 443 443 443 309 414 414 414 107 478 478 478  27  90
[496] 324 324 377 417 417 417 212 212 219 487 483 483 381 381 275 275 275 169 169 499 510 510 355 355 355 355 355 163 163 163 435 435 203
[529] 203 174 174 516 516 124 472 472 390 467 491 160 160 160 160 160 160 453 453 540 356 356 325 325 325 164 164 463 463 463 454 176 176
[562] 176 334 334 538 457 457 532 532 177 177 177 566 178 178 530 502 354 560 450 288 523 404 438 352 352 492 492 492 492 541 541 464 372
[595] 365 413 413 511 380 380 561 310 216 216 216 596 596 382 382 382 399 280 280 547 340 481 481 479 612 283 283 213 213 563 248 400 400
[628] 603 423 423 571 253 461 469 445 635 636 551 410 221 289 289 259 373 204 204 204 473 616 125 266 266 197 629 394 564 556 556 569 569
[661] 504 649 419 606 146 146 537 553 267 644 441 543 543 543 426 426 592 592 430 110 613 524 524 618 429 586 586 458 405 686 682 485 662
[694] 650 493 446 446 651 589 589 301 111 583 460 460 486 486 527 688 654 645 368 451 638 713 165 685 685 284 507 696 442 722 161 712 712
[727] 693 675 555 598 725 695 471 245 633

$EXTANT
  [1] FALSE FALSE FALSE  TRUE FALSE FALSE FALSE FALSE  TRUE FALSE  TRUE FALSE  TRUE FALSE FALSE  TRUE  TRUE FALSE  TRUE FALSE FALSE  TRUE
 [23]  TRUE FALSE FALSE  TRUE  TRUE FALSE FALSE FALSE FALSE  TRUE FALSE FALSE FALSE FALSE FALSE FALSE FALSE  TRUE FALSE FALSE FALSE  TRUE
 [45]  TRUE  TRUE  TRUE FALSE FALSE FALSE FALSE  TRUE FALSE  TRUE  TRUE FALSE  TRUE  TRUE  TRUE FALSE FALSE FALSE  TRUE  TRUE FALSE FALSE
 [67]  TRUE  TRUE FALSE  TRUE FALSE FALSE  TRUE  TRUE  TRUE FALSE  TRUE FALSE  TRUE FALSE  TRUE FALSE FALSE FALSE FALSE FALSE FALSE  TRUE
 [89] FALSE  TRUE  TRUE FALSE  TRUE  TRUE FALSE  TRUE FALSE FALSE  TRUE FALSE FALSE FALSE FALSE FALSE FALSE  TRUE  TRUE  TRUE FALSE  TRUE
[111]  TRUE FALSE  TRUE  TRUE FALSE  TRUE  TRUE  TRUE FALSE  TRUE FALSE  TRUE  TRUE  TRUE  TRUE  TRUE FALSE  TRUE FALSE FALSE FALSE FALSE
[133] FALSE FALSE  TRUE  TRUE FALSE FALSE  TRUE FALSE FALSE  TRUE FALSE  TRUE  TRUE  TRUE FALSE  TRUE FALSE FALSE  TRUE FALSE  TRUE  TRUE
[155] FALSE  TRUE  TRUE FALSE FALSE  TRUE  TRUE  TRUE  TRUE FALSE  TRUE  TRUE  TRUE FALSE  TRUE  TRUE  TRUE FALSE FALSE  TRUE  TRUE  TRUE
[177]  TRUE  TRUE FALSE  TRUE  TRUE FALSE  TRUE  TRUE FALSE  TRUE  TRUE FALSE  TRUE  TRUE FALSE FALSE FALSE  TRUE FALSE FALSE  TRUE FALSE
[199]  TRUE FALSE FALSE  TRUE  TRUE  TRUE FALSE FALSE  TRUE  TRUE  TRUE FALSE FALSE  TRUE  TRUE FALSE FALSE  TRUE FALSE  TRUE FALSE FALSE
[221]  TRUE FALSE  TRUE FALSE  TRUE  TRUE FALSE  TRUE FALSE FALSE FALSE  TRUE FALSE FALSE FALSE FALSE FALSE  TRUE FALSE  TRUE  TRUE  TRUE
[243]  TRUE  TRUE  TRUE FALSE  TRUE  TRUE  TRUE FALSE FALSE  TRUE  TRUE FALSE FALSE FALSE  TRUE FALSE  TRUE  TRUE FALSE FALSE  TRUE FALSE
[265]  TRUE  TRUE  TRUE FALSE FALSE FALSE FALSE  TRUE FALSE  TRUE  TRUE  TRUE FALSE FALSE  TRUE  TRUE  TRUE  TRUE  TRUE  TRUE  TRUE FALSE
[287]  TRUE  TRUE FALSE FALSE  TRUE FALSE  TRUE  TRUE  TRUE  TRUE  TRUE  TRUE  TRUE  TRUE  TRUE  TRUE  TRUE  TRUE FALSE FALSE  TRUE FALSE
[309]  TRUE  TRUE  TRUE  TRUE FALSE FALSE FALSE  TRUE  TRUE FALSE  TRUE  TRUE  TRUE  TRUE FALSE  TRUE  TRUE  TRUE  TRUE FALSE  TRUE  TRUE
[331]  TRUE FALSE FALSE  TRUE  TRUE  TRUE FALSE  TRUE  TRUE  TRUE  TRUE FALSE  TRUE FALSE FALSE  TRUE  TRUE  TRUE FALSE  TRUE  TRUE FALSE
[353] FALSE  TRUE  TRUE  TRUE FALSE  TRUE  TRUE FALSE  TRUE FALSE FALSE  TRUE  TRUE  TRUE  TRUE  TRUE FALSE FALSE FALSE  TRUE  TRUE  TRUE
[375]  TRUE  TRUE  TRUE  TRUE  TRUE  TRUE  TRUE  TRUE  TRUE  TRUE  TRUE FALSE FALSE  TRUE  TRUE  TRUE  TRUE  TRUE  TRUE FALSE  TRUE  TRUE
[397] FALSE FALSE FALSE  TRUE FALSE FALSE FALSE  TRUE  TRUE  TRUE  TRUE  TRUE  TRUE  TRUE FALSE  TRUE FALSE  TRUE FALSE  TRUE  TRUE  TRUE
[419]  TRUE  TRUE FALSE FALSE  TRUE FALSE  TRUE  TRUE  TRUE  TRUE  TRUE  TRUE  TRUE  TRUE  TRUE  TRUE  TRUE FALSE  TRUE  TRUE  TRUE  TRUE
[441]  TRUE  TRUE  TRUE  TRUE  TRUE  TRUE  TRUE FALSE  TRUE  TRUE  TRUE  TRUE FALSE  TRUE FALSE FALSE  TRUE  TRUE FALSE  TRUE  TRUE  TRUE
[463]  TRUE  TRUE  TRUE  TRUE  TRUE FALSE  TRUE  TRUE  TRUE  TRUE FALSE  TRUE FALSE  TRUE  TRUE  TRUE  TRUE FALSE  TRUE FALSE  TRUE  TRUE
[485]  TRUE  TRUE  TRUE FALSE  TRUE  TRUE FALSE  TRUE  TRUE  TRUE  TRUE  TRUE  TRUE  TRUE FALSE FALSE  TRUE  TRUE  TRUE  TRUE  TRUE  TRUE
[507]  TRUE  TRUE FALSE FALSE  TRUE FALSE  TRUE  TRUE  TRUE  TRUE  TRUE FALSE  TRUE  TRUE  TRUE  TRUE  TRUE  TRUE  TRUE  TRUE  TRUE  TRUE
[529]  TRUE  TRUE FALSE FALSE FALSE FALSE  TRUE  TRUE  TRUE FALSE  TRUE  TRUE  TRUE  TRUE  TRUE  TRUE  TRUE  TRUE FALSE FALSE FALSE FALSE
[551]  TRUE  TRUE  TRUE  TRUE  TRUE FALSE  TRUE  TRUE  TRUE  TRUE  TRUE  TRUE  TRUE  TRUE  TRUE  TRUE  TRUE FALSE FALSE  TRUE FALSE  TRUE
[573]  TRUE  TRUE  TRUE  TRUE  TRUE  TRUE  TRUE  TRUE FALSE  TRUE  TRUE  TRUE  TRUE  TRUE  TRUE  TRUE  TRUE  TRUE  TRUE  TRUE FALSE  TRUE
[595]  TRUE  TRUE  TRUE  TRUE FALSE  TRUE  TRUE  TRUE  TRUE  TRUE  TRUE  TRUE  TRUE FALSE  TRUE  TRUE  TRUE FALSE  TRUE FALSE  TRUE  TRUE
[617]  TRUE  TRUE FALSE  TRUE  TRUE  TRUE  TRUE FALSE  TRUE  TRUE  TRUE  TRUE FALSE  TRUE  TRUE  TRUE  TRUE  TRUE FALSE  TRUE  TRUE  TRUE
[639]  TRUE  TRUE FALSE  TRUE  TRUE  TRUE  TRUE  TRUE  TRUE FALSE  TRUE  TRUE  TRUE  TRUE  TRUE  TRUE  TRUE  TRUE  TRUE  TRUE  TRUE  TRUE
[661]  TRUE  TRUE  TRUE  TRUE  TRUE  TRUE  TRUE  TRUE  TRUE  TRUE  TRUE  TRUE  TRUE  TRUE  TRUE  TRUE FALSE  TRUE  TRUE  TRUE  TRUE  TRUE
[683]  TRUE  TRUE  TRUE  TRUE  TRUE  TRUE  TRUE  TRUE FALSE  TRUE  TRUE  TRUE  TRUE  TRUE  TRUE  TRUE  TRUE  TRUE  TRUE  TRUE  TRUE FALSE
[705]  TRUE FALSE  TRUE  TRUE  TRUE  TRUE FALSE  TRUE  TRUE  TRUE  TRUE  TRUE  TRUE  TRUE  TRUE  TRUE  TRUE  TRUE  TRUE  TRUE  TRUE  TRUE
[727]  TRUE  TRUE  TRUE  TRUE  TRUE  TRUE  TRUE  TRUE  TRUE

