
Birth-death simulation object with 716 species and 500 extant species

Details for some species:

Extinction times (NA means extant)
[1] 41.44126 77.73373 75.44420 63.67987 46.87292       NA


Speciation times 
[1] 97.72167 85.93367 84.70401 81.45550 62.87492 61.45104


Species parents (NA for initial)
[1] NA  1  1  1  1  1


Species status (extinct or extant)
[1] "extinct" "extinct" "extinct" "extinct" "extinct" "extant" 


For more details on vector y, try sim$y, with y one of
TE TS PAR EXTANT



$TE
  [1] 41.44125624 77.73373291 75.44420059 63.67987021 46.87291590          NA 44.82496713 23.27888061          NA
 [10] 69.63054208 38.49458522 28.54727866          NA 26.18710866          NA          NA          NA          NA
 [19] 11.87120500 23.86014404 47.26147443 28.58623979 18.66612675          NA 23.93381026          NA          NA
 [28] 51.44269025 14.88367913 57.57433343 13.85321734  8.99759847 38.35277058 33.43429622 14.26225064  2.18553979
 [37]          NA 13.04588317 23.97883547 18.48440757 18.37260575          NA 30.12548490 23.31068351  8.14668369
 [46]          NA 52.05935253          NA          NA 20.00344828          NA          NA          NA  9.35866562
 [55]          NA 10.35410535          NA          NA          NA          NA  9.82646536 29.63256620          NA
 [64] 35.14540840 14.54644317 10.42145614 19.91457100          NA          NA          NA 26.32727512 26.77861119
 [73]          NA 22.39596908 13.11826373          NA          NA 28.57249282          NA          NA  8.29205615
 [82]          NA          NA 18.99762571          NA          NA 24.26653536  9.57948503  2.52196804          NA
 [91]          NA          NA          NA  2.04175731          NA          NA          NA 23.85014850 29.97378520
[100]  5.39779913  5.41374372 11.94773707  4.68291950          NA  0.69652748  6.41672844 17.22260867          NA
[109] 16.94174496          NA 19.97272525 20.26234716 21.87718105 21.11031844          NA          NA          NA
[118] 20.47597111          NA 18.06121955          NA 15.19461875 34.94147685          NA 11.64218060  7.32027778
[127]          NA 29.62508223 13.97039002 10.55612784          NA 17.06222852          NA          NA 14.05419739
[136]          NA          NA  5.57398225  1.68869375          NA          NA          NA 22.48065560  2.48881619
[145] 31.26992784 23.37301617          NA          NA  3.07272197          NA  6.61284396          NA 26.80865204
[154]  9.38389365 24.70239078          NA          NA          NA  2.86929345 27.77805800          NA  5.08798609
[163]          NA  8.49741906          NA  3.68969038  4.30524785          NA          NA 19.01586818 22.03528818
[172]          NA          NA          NA 18.19425793          NA  9.01262269          NA          NA          NA
[181] 12.53451207 21.84483695          NA          NA          NA 31.09429330  7.19364058          NA          NA
[190]          NA  4.89405666          NA          NA          NA          NA 16.75136799          NA  0.32971898
[199]  0.74967274  2.04643329  1.55236039          NA  0.08001932          NA  8.17005997  8.19806572 13.61900568
[208] 23.44479687          NA          NA          NA 19.82065531  6.54636868 20.05387551          NA 19.07037831
[217]          NA 16.32552774          NA  7.99286861          NA  3.95879912  2.39140569 11.53745878          NA
[226]          NA          NA          NA          NA          NA          NA          NA          NA          NA
[235]          NA          NA 12.35487040          NA  9.51337393          NA 11.39229363          NA          NA
[244]  4.92310508          NA  1.93580045          NA          NA          NA  0.39925836 13.45703588          NA
[253]          NA  9.21620282          NA          NA          NA          NA  0.90633932          NA          NA
[262]          NA          NA          NA          NA          NA          NA          NA          NA 13.69968366
[271]          NA          NA  2.24945719 19.84265970          NA          NA  1.35200697          NA          NA
[280]          NA          NA          NA  0.61493537  2.57743506  5.96822624          NA 14.65318949          NA
[289]          NA  9.51895083          NA          NA          NA          NA          NA          NA          NA
[298]          NA          NA          NA 20.85274257 16.50718026          NA 14.66476386          NA          NA
[307]          NA          NA  3.02503942          NA 10.24568144  2.37692394          NA          NA          NA
[316]          NA  6.05268145          NA          NA          NA          NA          NA          NA          NA
[325]          NA          NA          NA  2.39836092          NA          NA          NA  4.30850746          NA
[334]          NA          NA  0.16277121          NA 10.22509861          NA          NA          NA  1.34166706
[343]          NA          NA          NA  2.80209492  2.41528965          NA          NA  2.98043755          NA
[352]  5.74554162          NA  1.97978190          NA          NA          NA          NA  5.57071919          NA
[361] 12.85486333  7.40748252 11.67054951          NA          NA          NA          NA          NA          NA
[370]          NA          NA          NA          NA          NA          NA  5.69362825          NA  4.55138693
[379]          NA          NA          NA          NA          NA          NA          NA          NA          NA
[388]  0.71532293          NA          NA 13.72563104          NA          NA          NA  0.83009861          NA
[397]          NA          NA          NA          NA          NA          NA          NA  3.33146056          NA
[406]          NA          NA  9.58504592          NA          NA          NA          NA          NA          NA
[415]          NA          NA  6.02735878  6.85965852 13.12751959          NA          NA          NA  3.07314750
[424]          NA          NA          NA          NA          NA          NA          NA          NA          NA
[433]  9.90187236          NA          NA          NA  4.91251257          NA          NA          NA          NA
[442]          NA          NA  0.92423838          NA          NA          NA          NA          NA          NA
[451]  0.35215367          NA          NA          NA          NA          NA          NA          NA  4.06351930
[460]          NA          NA  0.38418182          NA          NA          NA          NA          NA          NA
[469] 13.62285001          NA          NA          NA  2.83506819  4.21287946          NA          NA  3.61613151
[478]  7.69391923  4.59259692          NA  6.60804919          NA          NA          NA  0.10408849          NA
[487]          NA          NA  5.52691949          NA          NA          NA          NA          NA          NA
[496]  1.63535655          NA          NA          NA          NA          NA          NA          NA  1.68422422
[505]          NA  5.65322768          NA          NA          NA          NA          NA          NA          NA
[514]          NA          NA          NA          NA          NA          NA  4.69540436          NA          NA
[523]          NA          NA          NA          NA          NA          NA          NA          NA          NA
[532]          NA          NA          NA  7.51087923          NA          NA          NA          NA  2.15731209
[541]  8.14762294  2.41240043          NA          NA          NA          NA  5.90623495          NA          NA
[550]          NA          NA          NA          NA          NA          NA          NA          NA          NA
[559]          NA  4.38264312  0.48723994          NA          NA          NA          NA  2.63620474          NA
[568]          NA          NA  1.51598453          NA          NA          NA          NA          NA          NA
[577]          NA          NA          NA          NA          NA          NA  4.16458328          NA          NA
[586]  0.08003653          NA          NA          NA          NA          NA          NA          NA          NA
[595]          NA  3.87509122          NA          NA          NA          NA          NA          NA          NA
[604]  0.92184486  1.87890107          NA          NA  0.36561642          NA          NA          NA          NA
[613]  4.62502971          NA          NA          NA          NA          NA          NA          NA          NA
[622]          NA          NA          NA          NA          NA          NA          NA          NA          NA
[631]          NA          NA          NA  0.05408206  2.29805946          NA          NA          NA          NA
[640]          NA          NA          NA          NA  0.25658732          NA          NA          NA          NA
[649]          NA          NA          NA          NA          NA          NA          NA          NA          NA
[658]          NA          NA          NA          NA          NA          NA  1.27362024          NA          NA
[667]          NA          NA          NA          NA          NA  2.43120305          NA          NA          NA
[676]          NA          NA          NA          NA          NA  0.57492859          NA          NA          NA
[685]          NA  2.81157447          NA          NA          NA          NA          NA          NA          NA
[694]          NA          NA          NA          NA          NA          NA          NA          NA          NA
[703]          NA          NA          NA          NA          NA          NA          NA          NA          NA
[712]          NA          NA          NA          NA          NA

$TS
  [1] 97.721666220 85.933666435 84.704012053 81.455499593 62.874923192 61.451040173 59.592997854 58.130989097
  [9] 53.594388634 72.013113134 61.293322744 32.743438747 32.605290118 30.704190663 10.972017244  9.751410669
 [17]  8.134850010  0.464263388 60.465941681 54.881183976 52.632775782 59.914707840 41.106326470 39.117574649
 [25] 37.954573367 55.669825730 46.416888629 54.343714252 44.903290452 58.030673157 45.053452881 42.293449481
 [33] 41.182334816 38.322587290 24.647958733 10.000141441 44.203991523 42.780700937 37.534847675 37.408655745
 [41] 30.007152300 41.815760992 30.137279815 23.797707767 23.137920005  5.793730365 52.354351194 44.885388991
 [49] 33.473695681 21.629672718 17.246540861 16.626483288  4.377238893 40.293490448 39.972095856 39.807648584
 [57] 39.738531895 39.448101000 28.877342913 24.756837575 23.680328144 31.767003484 15.435014060 41.121206843
 [65] 37.076792341 28.885181049 22.222650327 16.034486100 11.941027084  9.693102927 38.952430944 31.073196569
 [73] 28.984297203 28.274372598 15.414420511  5.613430595  4.935082036 31.119859290 29.669818842 39.613681914
 [81] 35.401219594 16.609436814 17.405547146 39.092365873 38.906145740 30.379377242 24.639130197 23.911656322
 [89] 14.395075724 39.612514622 23.208861279 17.409271613 14.497052580 23.424319756 21.258477930 20.814998968
 [97] 32.392775951 39.085478400 32.849754197 25.421949336 22.246197179 20.780989333 20.302339607 18.124341090
[105]  5.148660165 37.732857477 19.741248520  8.779016545 38.125757566 34.985304909 33.980085879 26.501906601
[113] 25.874071902 23.777356928 19.183276010  0.518113105 36.933468666 26.086046726 25.913900261 22.923748455
[121] 22.426886035 19.327315654 37.457921497 30.979225655 35.522176513 20.290883273 34.497431048 33.439314203
[129] 30.746933911 21.111848993 37.759594099 35.508775321 34.935214162 30.567664458 25.666071671 19.665399297
[137] 14.642604726 13.772816096  8.779572054 13.762248525 12.761774677 29.837911656 35.974094442 30.104293272
[145] 33.350353626 26.942267016 24.023099512 15.351285281 29.082063457 10.734121486 10.234464502  1.071745252
[153] 33.906309002 29.804492498 26.672272261 19.045969068 18.582371508 13.513820248 18.055563012 32.374253179
[161] 34.236337683 27.003397445 33.179218156 26.248995040 20.595886123 16.296449008 14.670060747  5.842901262
[169]  3.231695761 32.082647157 31.547874025 24.474281361  8.742156150  2.609548923 23.897764163 18.922806793
[177] 13.674034697 11.758406695  8.409892015  4.372942412 28.818397244 29.122755158 29.760606421 13.357933892
[185]  6.141141159 32.728480071 30.570192010 17.537249214 15.854351176 21.330452789 20.701604561 18.159283205
[193] 24.182837493 29.673775023 30.934801666 25.382032731 24.461025545 20.842353461 11.771178082  8.728452888
[201]  7.173809584 24.260061696 11.698643199  3.379158105 23.456750848 16.776851947 28.072327008 29.554411959
[209] 17.162966453  4.525251475 25.119194461 21.818777600  6.952140311 22.648533437  8.940339785 20.634719770
[217] 18.223180690 16.968150457 26.437090357  9.097856584 19.460562289 10.713022475  7.108437272 16.062233440
[225] 14.753054717  1.186297324 24.100131918 11.365989002 10.100682455 28.171067057 13.479085236  4.999806003
[233]  3.530405003  2.629926798 24.201423709 16.405929722 27.579536561 17.939244157 10.523930218  6.783334923
[241] 15.479379128 25.854503891 22.140016627 19.273096341 25.415765863 23.454846359 20.201939169  9.842014352
[249] 23.807747278 18.610528356 18.460960758 11.849797174  8.837421566 18.730622663 23.336709927  6.918666060
[257] 12.445949397  4.988890372  4.171239861 23.867030769 19.190247698 16.037116513 10.030929139  7.560671303
[265] 22.397597056  7.649404236  2.644368980 17.060391668  0.846499002 16.771009106 14.613897021 19.595269192
[273]  8.280933494 23.814553647 18.618211924 18.016723996 16.509489531  6.552642012  4.050787446  2.309066575
[281] 16.471372337 17.300134113  5.336334406 21.423116490 15.382718426 21.845932809 22.606830961 12.202666077
[289]  1.736782682 19.355321413 16.718345255 10.067557416  3.645750017 20.222844104 13.849113194 14.732499860
[297]  8.135072926 13.058936970  3.851526912 22.323153832 22.221497286 20.391882977  3.146485261 15.677168857
[305] 12.357952300 20.371732221 18.245190365 17.323137858 16.948607574  6.770285735 10.272272454 21.095569014
[313] 20.488660598  9.665454461  2.129133706  0.106046611  7.209241052 18.396280156  3.503175446  2.331351744
[321]  0.983480420  0.686264214 19.737550487 14.105300499  7.976076093 19.880796725 18.876816314 14.241597506
[329] 12.351197482  3.379528826 18.787953812 20.021022556  9.779348469  6.800390317 15.644908704 13.366086294
[337] 12.206537853 10.335856191  8.356318543 19.551667655 17.348567349 12.737569003 10.539597705 11.469191326
[345]  7.391680653 11.397712686  9.445570124 19.148508417 19.100947575 14.799955021 14.769200026  6.310206204
[353] 11.575818091 14.378371797 17.352430783  2.512115148 10.144724518 17.548610809 12.710021029 12.611371610
[361] 17.589517962  9.639572949 16.193217723 15.081528830 18.737563722 18.166441262  4.201261811  0.620367834
[369]  8.261073457  5.067458187  7.561027680 18.597700857  9.359511082  7.579162611  5.770879058 16.082623836
[377] 11.849526971 13.012192819  1.887613657  0.135337377  9.246423853  3.918877364  2.404407729  4.890422296
[385] 16.967823137 16.151839665  0.253589902 12.952954323  2.354684026  7.478584370 16.352447217 13.668134269
[393] 12.012098760 11.854645507  9.528154771  9.367126737  0.564316422 10.806062267  5.854322803 15.028034501
[401]  8.260285679  7.487131635  5.070192291  7.854365278  4.414825458  3.021415882  2.553292222 10.321286478
[409]  9.887379661  9.465379959 15.105049287 12.695299045  4.557847001  6.016195095  7.731454846  1.724629568
[417] 10.073413886  9.314778930 14.901607916 16.492852441  4.323136647  8.767532819  6.281716209  6.275273436
[425]  4.448790910 16.276822145  7.722628962  2.887901387 12.610914360 10.917713544  4.729494675  1.295020907
[433] 13.888630426  6.373929008  9.698060512  0.244426611 12.792555138  3.869735698 11.221360300 14.895196803
[441]  4.832608546  1.914713359  1.331361601 14.554102802 12.013050673  2.746013227  9.585626759 11.757500100
[449]  8.013005266  1.168944482  6.694980444  0.026816039 14.226038362  2.278748923  8.967056360  6.176655932
[457] 13.363170079  7.673704061  5.423142970  8.989451822  6.607039223  9.895302535  9.718247956  7.154836130
[465] 12.539872501  8.875941370  3.393580720  6.881264262 14.309908300 13.155102436  7.463858006  5.646797907
[473]  3.462058440 11.463450901 13.085275521  0.459941078 12.768872172  8.948346928  8.707754758  5.909277049
[481] 10.724645305 12.380557075 11.110907598  5.899409056  0.891071405  0.841070304  3.873369561 11.713553597
[489] 10.229374287 10.216788002  0.874057845 11.343195546  8.199285968  1.028432801 11.793137306 11.106961552
[497] 10.680484750  4.938068158  4.625118700  4.601030059  7.154900973  7.106743949 11.485630248  8.456435184
[505]  2.869983386 12.210542232  5.354455354  4.182299134  9.661554858  6.146512366 11.563974947  9.983873162
[513]  6.380215042  6.622322107  4.361706557  3.915807683  8.458857328  7.596327989  5.547924569 10.363309776
[521]  0.124455404  0.510754075  0.013301086  9.013428462  8.721951406  6.678677747  6.378306719  5.392653890
[529]  2.088974234  8.835720415  6.909891292  1.922880131  3.618462853  3.351980702 10.255219851  7.349615933
[537]  2.887386948  7.225916038  6.781050834 11.130947098  8.870403280  5.018177721  8.994309505  5.976188712
[545]  3.458247911  0.743951884 11.098376619  1.905700867  6.197763678  9.291089502  6.618175096 10.433885169
[553]  1.730488245  7.017654745  4.909971684  9.424423452  4.759642730  2.251164649  2.668999397  4.937401167
[561]  6.778313549  9.642135975  3.903566035  9.331990437  4.643579964  7.797327684  5.325711570  5.431752031
[569]  9.264600947  8.389823656  4.200091417  4.367831803  9.571688871  8.189974639  5.146423855  4.684566302
[577]  9.109335041  6.671070238  2.702736007  8.541456542  7.644858601  8.782223934  5.320278393  3.285761253
[585]  8.452440168  7.031109208  6.601083836  6.001811481  2.671341762  4.505694689  1.674823667  4.999797864
[593]  6.606222344  7.972243510  5.764855199  8.093522798  5.692942963  5.598486027  6.999656543  7.877720132
[601]  7.978794981  1.041099493  7.528752661  6.941363457  3.553955373  0.136474967  3.057075625  2.144931338
[609]  0.947318778  2.554207138  5.727919211  3.952271954  6.956268900  6.830336707  5.592380258  7.479068677
[617]  5.721139916  5.208598397  1.822524903  1.417864650  0.735930979  5.453723426  1.271815905  1.351101448
[625]  0.920138422  5.099171611  3.966414778  1.077065252  4.886683001  2.963031298  6.480937879  4.772995649
[633]  0.926471976  0.922792162  3.259514506  1.663440917  1.800142378  1.546493644  3.688378159  5.680430297
[641]  0.748317486  4.889093729  1.926674428  1.016739771  4.384468599  3.945578821  1.854812772  2.733785986
[649]  1.605966633  4.486875669  0.578899784  0.033612623  0.318221079  2.197184597  4.885332691  3.565636075
[657]  1.990068558  4.966750670  4.978149295  2.699558929  4.901450238  0.981111507  3.258621887  3.316192608
[665]  2.233262572  4.642277250  2.008359566  0.655866213  0.049175234  2.482948050  3.378244628  3.774864161
[673]  2.534812950  2.607456022  3.712369681  2.347424396  3.345668831  2.136361007  0.582011745  0.182555506
[681]  2.428800554  4.094368278  3.982782227  0.339731604  3.925416241  3.508791272  3.650947336  1.910920123
[689]  0.451531678  0.633516793  0.829876975  2.494857459  0.604659819  2.582037730  2.031591121  0.764073334
[697]  2.726723525  1.762164795  0.397729777  1.036296929  0.157660265  2.294962706  1.688334501  1.043891105
[705]  1.282147340  0.746429007  1.512993103  0.007513267  1.537092907  0.017329886  0.855934972  0.432194672
[713]  0.111693694  0.170636701  0.255029985  0.213576459

$PAR
  [1]  NA   1   1   1   1   1   1   1   1   4   5   6   6   6   6   6   6   6  11  11  11  19  19  19  19  22  22   7
 [29]   7   8   8   8  26  26  26  26  20  20  20  20  20   9   9   9   9   9  21  27  27  27  27  27  27  31  31  31
 [57]  31  31  31  31  31  29  29  48  48  48  48  48  48  48  37  37  37  37  37  37  37  38  38  32  32  32  42  33
 [85]  64  23  54  54  54  55  55  56  56  57  57  57  80  90  90  90  90  90  90  90  90  58  58  58  24  24  24  24
[113]  24  24  24  24  84  84  84  84  84  84  98  71  85  85  34 109 109 109  25  25 131 131 131 131 131 131 131 106
[141] 106  39  40  40  65  65  65  65 117 117 117 117 143 143 143 125 125 125 132  81 110 110 133 133 133 133 133 133
[169] 133 127 127 127 127 127 161 161 161 161 161 161 111 153  49  49 163  12  13  13  13  97  97  97 171  78 124 124
[197] 124 124 124 124 124 195 195 195 129 129  14 187 187 134 144 144 144  41 142 154 154 154 183 183 194 194 194  79
[225]  79  79 208 149 149  73  73  73  73  73  66  66  59  59  59  59 230 237 237 237 162 162 162 162 112 219 219 219
[253] 219 164 118 119 242 242 242 135 135 135 100 100 245 245 245 211 211  35  35 172 172 197 202 202 202 202 202 202
[281] 235 147 147  88  88 175 260 260 260 249 249 249 249  61 205 246 246  94  94 255 255  91  91  45  45 287 265 265
[309] 265 300 101  67 243 243 243 243 284 190 190 190 190 190 130 130 312 198 198  96  96  96 191 216 165 313 306 126
[337] 126 126 126 294 294 294 294 247 247 332 332 326 326 326 326 326 323 340 221 221 290 122 115 115 348 348 349 349
[365] 156 156 156 156 176 176 327 331 331 331 331 365 365 250 318 307 217 217 217 366 192 192 192 104 104 159 276 276
[393] 276 276 238 358 358 188 188  92  92  83  83 355 355 355 355 341 308 308 282 282  51 209 268 268 385 385 206 270
[421] 291  52  82  82  82 277 277 277 281 236 236 236 391 166 426 386 376 262  68 189 189 189 335 241 241  63 285 148
[449] 411 411 440 440 350 351 225 225 296 296 167 137 137 271 271 271 444 444 444  93  89 354 354 354 328 453 324 324
[477] 295 295 295 295 177 392 392 392 392 158 336 457 457 470 470 475 475 475 298 298 298 298 298 378 388 388 477 342
[505] 342 412 412 412 360 360 429 429 465 305 329 329 288 288 288 445 445 393 393  69  69  69  69  69  69 394 394 394
[533] 377 377 178 178 178 353 353 511 344 474 228 228 228 228 492 492 496 430 398 150 150 481 497 343 343 343 552 490
[561] 357 229 229 292 263 512 512  16 463 463 435  70 314 314 314 447 395 395 395 410 396 373 373 373 564 564 577 524
[589] 460 466 466 253 530 582 582 479 517 585 339 273 401 401 493 493 493 493 297 297 297  17 601 601 325 427 427 581
[617] 581 518 518 264 264 402 402 616 390 345 536 536 201 501 586 599 604 531 468 614 334 334 539 561 451 514 551 461
[645] 278 631 434 549 549 185 414 168 611 597 472 598 598 615 528 528 507 283 567 370 232 592 659 659 659 658 555 441
[673] 441 565 499 499 500 413 210 210 650  53  53 572 367 571 612 685 685 299 687 467 204 635 406 630 505 505 446 697
[701] 579 234 610 610 692 692 647 619 553 707 705 705 691 706 668 387

$EXTANT
  [1] FALSE FALSE FALSE FALSE FALSE  TRUE FALSE FALSE  TRUE FALSE FALSE FALSE  TRUE FALSE  TRUE  TRUE  TRUE  TRUE FALSE
 [20] FALSE FALSE FALSE FALSE  TRUE FALSE  TRUE  TRUE FALSE FALSE FALSE FALSE FALSE FALSE FALSE FALSE FALSE  TRUE FALSE
 [39] FALSE FALSE FALSE  TRUE FALSE FALSE FALSE  TRUE FALSE  TRUE  TRUE FALSE  TRUE  TRUE  TRUE FALSE  TRUE FALSE  TRUE
 [58]  TRUE  TRUE  TRUE FALSE FALSE  TRUE FALSE FALSE FALSE FALSE  TRUE  TRUE  TRUE FALSE FALSE  TRUE FALSE FALSE  TRUE
 [77]  TRUE FALSE  TRUE  TRUE FALSE  TRUE  TRUE FALSE  TRUE  TRUE FALSE FALSE FALSE  TRUE  TRUE  TRUE  TRUE FALSE  TRUE
 [96]  TRUE  TRUE FALSE FALSE FALSE FALSE FALSE FALSE  TRUE FALSE FALSE FALSE  TRUE FALSE  TRUE FALSE FALSE FALSE FALSE
[115]  TRUE  TRUE  TRUE FALSE  TRUE FALSE  TRUE FALSE FALSE  TRUE FALSE FALSE  TRUE FALSE FALSE FALSE  TRUE FALSE  TRUE
[134]  TRUE FALSE  TRUE  TRUE FALSE FALSE  TRUE  TRUE  TRUE FALSE FALSE FALSE FALSE  TRUE  TRUE FALSE  TRUE FALSE  TRUE
[153] FALSE FALSE FALSE  TRUE  TRUE  TRUE FALSE FALSE  TRUE FALSE  TRUE FALSE  TRUE FALSE FALSE  TRUE  TRUE FALSE FALSE
[172]  TRUE  TRUE  TRUE FALSE  TRUE FALSE  TRUE  TRUE  TRUE FALSE FALSE  TRUE  TRUE  TRUE FALSE FALSE  TRUE  TRUE  TRUE
[191] FALSE  TRUE  TRUE  TRUE  TRUE FALSE  TRUE FALSE FALSE FALSE FALSE  TRUE FALSE  TRUE FALSE FALSE FALSE FALSE  TRUE
[210]  TRUE  TRUE FALSE FALSE FALSE  TRUE FALSE  TRUE FALSE  TRUE FALSE  TRUE FALSE FALSE FALSE  TRUE  TRUE  TRUE  TRUE
[229]  TRUE  TRUE  TRUE  TRUE  TRUE  TRUE  TRUE  TRUE FALSE  TRUE FALSE  TRUE FALSE  TRUE  TRUE FALSE  TRUE FALSE  TRUE
[248]  TRUE  TRUE FALSE FALSE  TRUE  TRUE FALSE  TRUE  TRUE  TRUE  TRUE FALSE  TRUE  TRUE  TRUE  TRUE  TRUE  TRUE  TRUE
[267]  TRUE  TRUE  TRUE FALSE  TRUE  TRUE FALSE FALSE  TRUE  TRUE FALSE  TRUE  TRUE  TRUE  TRUE  TRUE FALSE FALSE FALSE
[286]  TRUE FALSE  TRUE  TRUE FALSE  TRUE  TRUE  TRUE  TRUE  TRUE  TRUE  TRUE  TRUE  TRUE  TRUE FALSE FALSE  TRUE FALSE
[305]  TRUE  TRUE  TRUE  TRUE FALSE  TRUE FALSE FALSE  TRUE  TRUE  TRUE  TRUE FALSE  TRUE  TRUE  TRUE  TRUE  TRUE  TRUE
[324]  TRUE  TRUE  TRUE  TRUE FALSE  TRUE  TRUE  TRUE FALSE  TRUE  TRUE  TRUE FALSE  TRUE FALSE  TRUE  TRUE  TRUE FALSE
[343]  TRUE  TRUE  TRUE FALSE FALSE  TRUE  TRUE FALSE  TRUE FALSE  TRUE FALSE  TRUE  TRUE  TRUE  TRUE FALSE  TRUE FALSE
[362] FALSE FALSE  TRUE  TRUE  TRUE  TRUE  TRUE  TRUE  TRUE  TRUE  TRUE  TRUE  TRUE  TRUE FALSE  TRUE FALSE  TRUE  TRUE
[381]  TRUE  TRUE  TRUE  TRUE  TRUE  TRUE  TRUE FALSE  TRUE  TRUE FALSE  TRUE  TRUE  TRUE FALSE  TRUE  TRUE  TRUE  TRUE
[400]  TRUE  TRUE  TRUE  TRUE FALSE  TRUE  TRUE  TRUE FALSE  TRUE  TRUE  TRUE  TRUE  TRUE  TRUE  TRUE  TRUE FALSE FALSE
[419] FALSE  TRUE  TRUE  TRUE FALSE  TRUE  TRUE  TRUE  TRUE  TRUE  TRUE  TRUE  TRUE  TRUE FALSE  TRUE  TRUE  TRUE FALSE
[438]  TRUE  TRUE  TRUE  TRUE  TRUE  TRUE FALSE  TRUE  TRUE  TRUE  TRUE  TRUE  TRUE FALSE  TRUE  TRUE  TRUE  TRUE  TRUE
[457]  TRUE  TRUE FALSE  TRUE  TRUE FALSE  TRUE  TRUE  TRUE  TRUE  TRUE  TRUE FALSE  TRUE  TRUE  TRUE FALSE FALSE  TRUE
[476]  TRUE FALSE FALSE FALSE  TRUE FALSE  TRUE  TRUE  TRUE FALSE  TRUE  TRUE  TRUE FALSE  TRUE  TRUE  TRUE  TRUE  TRUE
[495]  TRUE FALSE  TRUE  TRUE  TRUE  TRUE  TRUE  TRUE  TRUE FALSE  TRUE FALSE  TRUE  TRUE  TRUE  TRUE  TRUE  TRUE  TRUE
[514]  TRUE  TRUE  TRUE  TRUE  TRUE  TRUE FALSE  TRUE  TRUE  TRUE  TRUE  TRUE  TRUE  TRUE  TRUE  TRUE  TRUE  TRUE  TRUE
[533]  TRUE  TRUE FALSE  TRUE  TRUE  TRUE  TRUE FALSE FALSE FALSE  TRUE  TRUE  TRUE  TRUE FALSE  TRUE  TRUE  TRUE  TRUE
[552]  TRUE  TRUE  TRUE  TRUE  TRUE  TRUE  TRUE  TRUE FALSE FALSE  TRUE  TRUE  TRUE  TRUE FALSE  TRUE  TRUE  TRUE FALSE
[571]  TRUE  TRUE  TRUE  TRUE  TRUE  TRUE  TRUE  TRUE  TRUE  TRUE  TRUE  TRUE FALSE  TRUE  TRUE FALSE  TRUE  TRUE  TRUE
[590]  TRUE  TRUE  TRUE  TRUE  TRUE  TRUE FALSE  TRUE  TRUE  TRUE  TRUE  TRUE  TRUE  TRUE FALSE FALSE  TRUE  TRUE FALSE
[609]  TRUE  TRUE  TRUE  TRUE FALSE  TRUE  TRUE  TRUE  TRUE  TRUE  TRUE  TRUE  TRUE  TRUE  TRUE  TRUE  TRUE  TRUE  TRUE
[628]  TRUE  TRUE  TRUE  TRUE  TRUE  TRUE FALSE FALSE  TRUE  TRUE  TRUE  TRUE  TRUE  TRUE  TRUE  TRUE FALSE  TRUE  TRUE
[647]  TRUE  TRUE  TRUE  TRUE  TRUE  TRUE  TRUE  TRUE  TRUE  TRUE  TRUE  TRUE  TRUE  TRUE  TRUE  TRUE  TRUE FALSE  TRUE
[666]  TRUE  TRUE  TRUE  TRUE  TRUE  TRUE FALSE  TRUE  TRUE  TRUE  TRUE  TRUE  TRUE  TRUE  TRUE FALSE  TRUE  TRUE  TRUE
[685]  TRUE FALSE  TRUE  TRUE  TRUE  TRUE  TRUE  TRUE  TRUE  TRUE  TRUE  TRUE  TRUE  TRUE  TRUE  TRUE  TRUE  TRUE  TRUE
[704]  TRUE  TRUE  TRUE  TRUE  TRUE  TRUE  TRUE  TRUE  TRUE  TRUE  TRUE  TRUE  TRUE

