
Birth-death simulation object with 740 species and 500 extant species

Details for some species:

Extinction times (NA means extant)
[1] 84.30820 88.21215       NA 73.72916       NA 44.81935


Speciation times 
[1] 109.83153  99.34969  89.69695  88.73547  54.47551  50.39790


Species parents (NA for initial)
[1] NA  1  1  1  3  3


Species status (extinct or extant)
[1] "extinct" "extinct" "extant"  "extinct" "extant"  "extinct"


For more details on vector y, try sim$y, with y one of
TE TS PAR EXTANT



$TE
  [1] 84.30819651 88.21214576          NA 73.72916360          NA 44.81935457  5.01534980 36.39461943 20.04143261
 [10]          NA          NA          NA 66.86923098 40.21808706 75.17888480 43.80569981 23.09583835 42.77620250
 [19] 31.47285642 17.43119110 30.22339925  2.97234820 61.42430271  3.58342183 31.47284739 23.71120236          NA
 [28] 23.30867475 29.99432971          NA 45.67306678          NA          NA  4.52994586          NA          NA
 [37] 14.48931179 35.53351037 14.37181942 39.48696071 31.02553628 29.91244618 27.78629376          NA          NA
 [46] 24.47200724 10.96234104 24.94110790          NA          NA  4.40698365 15.65310745          NA 21.23589142
 [55] 19.92120816          NA 31.91037944 30.24210775 13.73400668 15.60187415 13.22333857  4.35745957          NA
 [64] 14.31154334          NA 36.64004277 34.15662232 27.17914740  1.71667120  3.66730165 24.38637877  9.09681163
 [73]          NA          NA          NA 34.79430265 19.71409033          NA 24.00583333          NA 17.01723971
 [82]          NA  4.93582982          NA          NA 34.04772606          NA  7.95872179          NA 13.74946994
 [91] 13.40927567 33.63313032 27.39353176          NA 12.59977391 11.53456375          NA          NA  7.69783402
[100] 27.33294172  1.77518685          NA  5.66134948  9.39441438  8.11427348  2.95833317          NA          NA
[109] 12.62427623 13.35595486  3.24890780 13.61027947          NA          NA  3.32756970          NA 10.53593227
[118]          NA  5.29510449          NA  8.53074499          NA          NA          NA          NA  1.02095441
[127]          NA          NA 34.29064548          NA 22.95922843 22.39535777  7.71745679 21.08722157 22.61446662
[136]          NA          NA          NA 15.20057865          NA  7.29539251 34.09262965  7.76940604          NA
[145]          NA          NA 18.52876847          NA 29.49348140 25.77210870 24.75661379  8.29148115          NA
[154]          NA          NA 15.63455574          NA          NA          NA 33.67757411 11.82279602          NA
[163]          NA          NA          NA          NA          NA 11.39298196          NA          NA          NA
[172]  1.14608001 17.06563327          NA          NA          NA          NA 15.38163642          NA          NA
[181]          NA  5.96715716          NA          NA          NA          NA          NA          NA 17.31323483
[190]          NA  9.75108655 22.40786103 22.47992202          NA          NA          NA  3.28059234  1.57032347
[199]          NA          NA  1.21568414 10.78186516 24.91622292 15.45323476          NA 13.93711442          NA
[208]          NA  6.13747591  4.89235259          NA          NA  8.12428174          NA          NA          NA
[217]          NA 22.47085088          NA          NA  2.63788336  1.96265011          NA          NA          NA
[226] 17.09317540          NA          NA          NA          NA 25.50714389  6.85776989  0.93292612          NA
[235]          NA 19.60787373          NA          NA  1.03058761  9.52195403          NA 21.19709169          NA
[244]          NA          NA 24.29465511          NA 10.89178525  1.80223375          NA          NA          NA
[253]          NA          NA          NA          NA          NA          NA  3.67694380  3.86859201          NA
[262]          NA          NA          NA  6.92435794          NA 18.74213242  9.65481369          NA  3.77448253
[271]          NA          NA          NA 15.74820860 15.05237129  8.78253701          NA 21.75516475          NA
[280]          NA          NA 12.50579596          NA 10.30256546          NA          NA          NA          NA
[289]          NA          NA          NA          NA          NA          NA 11.18920795  6.32979276  7.42917820
[298]  6.93474685          NA          NA          NA 16.92559974          NA          NA  0.56036275 10.59231469
[307]          NA          NA          NA          NA          NA          NA          NA          NA          NA
[316]          NA          NA 19.54838631          NA          NA  8.99718436  1.46663123          NA  9.63203804
[325]          NA          NA  9.96667375 14.86970690          NA          NA          NA  9.09950810  6.24738834
[334]  4.72659602          NA          NA  9.85361564          NA          NA          NA          NA          NA
[343] 18.48505657  9.66383043  6.49549873          NA          NA 13.41204965          NA          NA  8.17317521
[352]          NA 13.37798410  3.62368184          NA 13.49766609          NA          NA          NA          NA
[361]  4.45621940          NA          NA          NA          NA          NA  0.25485298 14.93022047          NA
[370]          NA          NA          NA  8.43439757          NA  2.77974723  9.00473987          NA          NA
[379]          NA          NA  5.05979504          NA 10.90101810  8.80790803          NA          NA          NA
[388]          NA  0.17952051  3.27857092          NA          NA          NA          NA          NA  4.31741127
[397] 13.02836602          NA  9.29627366          NA          NA          NA          NA          NA          NA
[406]          NA  7.18222674          NA          NA          NA          NA 15.26885474          NA  0.07485810
[415]          NA  8.58655770  4.73567495          NA          NA          NA          NA          NA          NA
[424] 15.61391405          NA          NA  0.01992551 10.24717022 14.12789499          NA          NA  7.82661564
[433]          NA          NA          NA          NA          NA          NA          NA          NA          NA
[442]  1.17993913          NA          NA          NA          NA          NA          NA          NA          NA
[451]  4.00136797          NA  1.47220100  4.16089755          NA          NA          NA          NA          NA
[460]          NA          NA          NA  0.74243955          NA          NA          NA          NA          NA
[469]          NA          NA  3.80371269          NA          NA  3.75505229          NA          NA          NA
[478]          NA          NA          NA          NA          NA          NA  3.23502979          NA          NA
[487]          NA          NA          NA          NA          NA          NA          NA 10.94596236          NA
[496]          NA          NA          NA          NA  4.45640027          NA  8.58751887          NA          NA
[505]  7.59455935          NA          NA          NA  4.33546971  9.41255169          NA          NA  2.03000486
[514]          NA          NA          NA          NA  1.10919234          NA  7.31483421          NA          NA
[523]          NA          NA          NA  6.78615619          NA          NA          NA  4.70282929          NA
[532]          NA          NA          NA          NA  3.84522655          NA          NA          NA          NA
[541]          NA          NA 10.77678477  4.20950578          NA          NA  0.85701127  1.50125803          NA
[550]          NA          NA          NA          NA  9.47787379          NA          NA          NA  6.26949018
[559]          NA  6.38908648          NA  3.60159294  2.97573291          NA          NA          NA  7.20507847
[568]  2.04079335          NA          NA          NA          NA          NA          NA          NA          NA
[577]          NA          NA          NA          NA          NA  3.75449728          NA          NA          NA
[586]          NA          NA          NA          NA  3.35574198          NA          NA          NA          NA
[595]          NA          NA          NA          NA          NA          NA          NA          NA          NA
[604]  6.83381887          NA          NA          NA          NA          NA  0.62992997          NA          NA
[613]          NA  0.70539428          NA          NA          NA  0.84869514          NA  4.55953279          NA
[622]          NA          NA          NA          NA          NA  2.34703822          NA          NA          NA
[631]          NA          NA          NA  2.98400589          NA          NA          NA          NA          NA
[640]          NA          NA          NA          NA          NA          NA          NA          NA  4.50460489
[649]          NA          NA          NA          NA          NA          NA          NA  1.75723515          NA
[658]          NA          NA          NA          NA          NA          NA  0.78031162          NA          NA
[667]          NA          NA          NA          NA          NA          NA          NA          NA          NA
[676]          NA          NA          NA          NA          NA          NA          NA          NA          NA
[685]          NA          NA          NA          NA          NA          NA  2.54814634          NA          NA
[694]          NA          NA          NA          NA          NA          NA          NA          NA          NA
[703]          NA          NA          NA          NA          NA          NA          NA  0.89927046          NA
[712]          NA          NA  2.27603006          NA          NA          NA          NA          NA          NA
[721]          NA          NA          NA          NA          NA          NA          NA          NA          NA
[730]          NA          NA          NA          NA          NA          NA          NA          NA          NA
[739]          NA          NA

$TS
  [1] 1.098315e+02 9.934969e+01 8.969695e+01 8.873547e+01 5.447551e+01 5.039790e+01 4.854416e+01 4.421166e+01
  [9] 3.517506e+01 2.539295e+01 1.520261e+01 1.756062e+00 8.023254e+01 8.014124e+01 7.926506e+01 7.607141e+01
 [17] 4.957112e+01 7.415357e+01 6.503493e+01 5.465230e+01 5.076852e+01 4.915905e+01 6.456979e+01 5.340800e+01
 [25] 5.262123e+01 4.748683e+01 4.683135e+01 4.281359e+01 4.181403e+01 4.822953e+01 4.630417e+01 3.687384e+01
 [33] 1.875297e+01 1.316795e+01 8.610375e+00 5.157191e+01 5.112487e+01 3.721753e+01 2.171393e+01 4.403516e+01
 [41] 3.809136e+01 3.215736e+01 5.070659e+01 3.980877e+01 3.512129e+01 4.406423e+01 3.881495e+01 3.790134e+01
 [49] 2.513421e+01 2.447185e+01 1.745510e+01 1.600098e+01 3.102019e+01 4.566651e+01 3.795257e+01 3.556455e+01
 [57] 4.645278e+01 4.837125e+01 4.605401e+01 3.985645e+01 2.637576e+01 2.366582e+01 2.554828e+01 1.780036e+01
 [65] 4.775768e+00 4.023589e+01 3.747414e+01 3.437442e+01 1.411389e+01 5.453423e+00 3.400027e+01 3.011891e+01
 [73] 2.533900e+01 6.985325e+00 5.022274e+00 4.744102e+01 4.507948e+01 2.431927e+01 4.469768e+01 4.232854e+01
 [81] 4.031512e+01 3.693320e+01 3.788191e+01 2.894921e+01 1.381866e+01 4.270985e+01 4.417422e+01 3.518272e+01
 [89] 1.963006e+01 1.714124e+01 2.803168e+01 3.771745e+01 3.173278e+01 2.324113e+01 2.086838e+01 3.643815e+01
 [97] 2.701450e+01 4.410340e+01 4.366175e+01 4.321267e+01 4.151903e+01 3.455353e+01 1.930876e+01 2.695862e+01
[105] 2.360430e+01 1.563920e+01 1.275036e+01 2.245882e+00 4.318496e+01 3.780218e+01 3.449223e+01 2.022689e+01
[113] 1.933570e+01 1.779320e+01 2.400524e+01 3.734775e+01 2.469333e+01 1.654670e+01 5.480519e+00 4.762911e+00
[121] 3.315599e+01 2.063678e+01 2.056791e+01 3.964891e+01 3.256919e+01 2.474517e+01 2.210314e+01 5.558092e+00
[129] 3.601541e+01 3.188057e+01 2.779080e+01 2.358499e+01 9.706246e+00 3.525334e+01 3.390684e+01 3.073710e+01
[137] 2.695157e+01 2.334060e+01 1.978574e+01 1.821928e+01 1.605534e+01 3.748130e+01 2.342697e+01 1.909229e+01
[145] 5.907512e+00 5.053776e+00 2.258534e+01 1.521747e+01 3.410452e+01 3.311680e+01 2.492160e+01 2.432147e+01
[153] 1.078292e+01 2.238928e+00 2.452311e+01 2.239174e+01 2.396122e+01 2.452974e+00 6.270653e-01 3.406315e+01
[161] 1.559861e+01 2.823996e+01 1.207160e+01 9.927220e-01 4.885934e-01 2.758487e+01 3.376497e+01 3.122965e+01
[169] 1.621642e+01 1.275771e+01 1.082929e+01 3.478539e+01 2.580399e+01 1.355682e+01 8.605955e+00 3.498568e+00
[177] 1.585313e+00 3.258409e+01 2.047645e+01 1.794271e+01 1.218096e+01 1.080576e+01 1.777757e+01 1.322336e+01
[185] 3.080857e+01 7.363708e+00 2.862818e+01 3.149098e+01 2.933212e+01 2.632708e+01 3.041153e+01 2.406514e+01
[193] 3.130318e+01 1.442602e+01 1.197235e+01 1.178191e+01 9.427784e+00 8.412688e+00 7.188717e+00 3.773058e+00
[201] 2.794772e+01 2.667641e+01 2.549867e+01 1.558486e+01 2.423216e+01 1.415424e+01 1.404826e+01 8.472714e+00
[209] 3.088285e+01 1.502262e+01 1.462530e+01 3.073180e+01 2.170678e+01 1.967074e+01 9.416430e+00 2.407608e+00
[217] 2.787900e+01 2.585823e+01 2.335424e+01 2.699238e+01 2.364413e+01 2.700426e+01 2.256131e+01 1.946240e+01
[225] 9.902261e+00 1.978565e+01 6.968813e+00 2.461247e+00 2.344232e+01 2.659294e+01 2.561481e+01 2.328873e+01
[233] 2.277566e+01 1.178473e+01 1.004043e+01 2.245412e+01 1.962020e+01 1.533064e+01 6.902280e+00 1.293682e+01
[241] 7.657802e+00 2.749412e+01 6.762454e+00 4.421922e+00 2.550367e+01 2.444089e+01 1.564903e+01 1.511421e+01
[249] 2.169637e+01 2.103230e+01 1.870663e+01 4.619491e+00 2.669992e+01 2.194195e+01 5.501652e+00 1.828886e+01
[257] 2.232136e+01 1.956120e+01 1.698180e+01 1.689790e+01 4.830432e+00 1.868769e+01 1.741159e+01 1.681233e+01
[265] 8.618963e+00 2.752879e+00 2.124504e+01 1.362048e+01 1.986170e+01 1.655464e+01 1.104814e+01 1.601581e+00
[273] 1.416788e+00 2.012020e+01 2.479230e+01 1.613785e+01 7.268685e+00 2.477227e+01 5.772026e+00 5.675305e+00
[281] 2.369243e+01 1.791624e+01 1.136248e+01 2.327529e+01 1.924133e+01 1.780967e+01 5.515256e+00 2.427969e+01
[289] 1.867353e+01 1.356462e+01 1.343280e+01 1.304056e+01 6.365049e+00 2.092583e+01 2.465378e+01 1.264246e+01
[297] 1.159217e+01 2.396338e+01 1.188390e+01 2.119214e+01 1.362857e+01 2.416999e+01 2.203248e+01 1.284446e+01
[305] 5.772825e+00 2.436595e+01 1.261092e+01 2.188255e+01 1.832683e+01 2.278900e+01 2.210133e+01 1.545828e+01
[313] 6.128907e+00 1.663727e+01 1.370273e+01 3.063241e+00 1.648245e+01 1.971396e+01 1.648479e+01 1.443131e+01
[321] 2.124207e+01 1.717495e+01 2.016032e+01 1.314509e+01 6.784117e+00 1.472932e+01 1.159986e+01 1.577002e+01
[329] 1.215589e+01 2.162975e+01 2.752294e+00 1.699420e+01 9.984354e+00 1.122883e+01 1.101943e+01 1.892083e+01
[337] 1.496258e+01 1.173682e+01 1.080541e+01 4.939579e-01 6.104708e+00 2.252723e+01 2.086021e+01 1.747431e+01
[345] 1.466983e+01 2.567785e+00 2.550184e+00 1.827510e+01 2.295731e+00 2.029879e+00 1.208905e+01 4.250564e+00
[353] 2.074585e+01 1.912246e+01 6.498871e+00 1.505096e+01 1.500834e+01 3.798526e+00 2.030521e+01 1.167796e+01
[361] 2.183995e+01 1.078203e+01 1.089168e+01 6.788547e+00 4.285654e+00 1.931518e+01 2.009140e+00 2.000778e+01
[369] 5.691945e+00 1.267102e+01 3.570197e+00 1.622677e+01 1.775672e+01 1.109731e+01 1.834448e+01 1.209472e+01
[377] 1.087139e+01 7.941236e+00 5.902677e+00 2.104180e+01 1.804076e+01 1.557566e+01 1.205533e+01 1.002042e+01
[385] 4.662613e+00 1.975016e+01 1.576391e+01 9.990929e+00 1.676156e+01 7.960694e+00 2.779048e-01 2.410260e-02
[393] 1.792870e+01 9.893303e+00 8.575672e+00 7.713724e+00 1.430328e+01 3.575680e+00 1.552852e+01 1.761625e+01
[401] 1.580552e+01 7.470775e+00 4.890641e+00 4.218215e+00 1.682970e+01 1.158486e+01 1.987134e+01 1.586533e+01
[409] 3.463647e+00 1.894142e+01 1.933126e+01 1.670108e+01 1.471228e+01 1.745240e+00 1.457772e+01 1.265204e+01
[417] 1.918784e+01 1.953638e+01 1.511542e+01 1.778921e+01 1.208058e+01 1.017531e+01 1.454539e+01 1.780463e+01
[425] 1.161854e+01 1.077695e+01 5.139255e+00 1.767210e+01 1.658286e+01 1.098798e+01 5.529678e+00 1.262918e+01
[433] 1.872861e+01 1.434466e+01 7.872881e+00 7.457593e+00 1.663569e+00 7.108199e-01 1.621268e+01 6.052480e+00
[441] 5.303854e+00 6.620909e+00 5.722491e+00 1.503194e+01 1.460350e+01 1.220142e+01 9.156484e+00 8.157520e+00
[449] 1.629035e+01 7.592660e+00 1.062364e+01 3.779838e+00 1.395004e+01 1.576084e+01 7.358727e+00 6.637304e+00
[457] 1.252392e+00 2.828140e+00 4.969543e+00 3.480492e+00 1.303556e+01 1.513732e+01 6.805233e+00 4.453828e+00
[465] 1.406515e+01 4.322634e+00 1.644701e+01 1.640375e+01 7.755891e+00 6.451764e+00 6.055869e+00 5.853919e+00
[473] 1.484937e+01 6.537862e+00 1.305139e+01 5.499998e+00 5.119564e+00 1.570490e+00 6.018197e+00 5.606909e+00
[481] 6.720508e+00 1.599051e+00 5.386873e-03 9.942794e+00 8.227381e+00 2.945658e+00 9.492517e+00 1.209177e+01
[489] 2.934365e+00 1.396424e+01 9.954609e+00 1.213482e+01 4.801012e-01 1.329970e+01 1.289686e+01 1.199404e+01
[497] 8.521707e+00 1.235334e+01 6.556054e-01 1.196951e+01 1.596185e+00 9.444521e+00 1.167742e-01 6.642571e+00
[505] 8.879378e+00 5.508349e+00 3.791593e+00 1.316373e+01 1.171252e+01 9.441689e+00 7.626026e+00 6.463492e+00
[513] 1.253443e+01 2.915725e+00 2.840583e+00 1.133463e+01 8.052180e+00 1.251115e+01 1.107159e+01 1.080383e+01
[521] 8.870231e-03 1.048023e+01 4.953603e+00 3.204032e+00 1.026113e+01 1.191214e+01 6.593719e+00 1.641650e+00
[529] 3.556013e-01 1.376305e+01 9.262515e+00 3.330107e+00 8.967989e+00 2.780902e+00 2.475315e+00 9.717105e+00
[537] 1.127892e+00 7.350920e+00 1.310837e+01 6.890059e+00 4.025858e-01 9.511424e+00 1.208470e+01 9.718645e+00
[545] 2.744415e+00 3.406775e-01 1.115233e+01 1.103386e+01 3.478439e-01 3.031715e+00 1.605948e+00 1.134180e+01
[553] 8.669831e+00 1.082287e+01 8.768790e+00 2.376634e+00 7.449690e+00 1.065530e+01 7.008837e+00 9.524375e+00
[561] 2.042895e+00 3.904794e+00 1.064831e+01 1.148191e+01 1.154673e+01 1.203129e+01 7.986547e+00 4.146798e+00
[569] 2.836312e+00 4.876345e+00 3.188564e+00 7.545786e+00 1.539715e+00 7.029961e+00 6.097731e+00 2.797447e+00
[577] 7.114842e+00 4.353876e+00 2.968961e+00 6.648120e-01 1.034977e+01 4.895301e+00 2.786028e+00 7.020477e+00
[585] 7.633384e+00 1.215522e+00 3.579323e+00 7.934075e+00 1.070922e+01 1.018603e+01 6.338707e+00 6.614232e+00
[593] 3.905503e+00 1.120880e+01 3.627695e+00 5.732116e+00 9.314027e+00 3.372713e+00 1.151454e+00 9.590807e+00
[601] 4.711090e+00 6.472634e+00 4.372567e+00 8.339187e+00 9.047933e-01 6.368734e+00 4.979347e+00 2.950168e+00
[609] 7.185880e+00 5.553317e+00 8.157447e+00 9.930091e+00 3.685009e-01 1.046770e+01 1.074596e+00 3.680857e+00
[617] 1.024067e+01 5.574605e+00 7.527085e-01 1.012150e+01 3.456453e+00 8.600913e+00 7.639944e+00 6.155488e+00
[625] 3.545503e+00 9.712392e+00 4.637779e+00 9.818837e+00 3.928162e+00 7.172686e+00 6.310697e+00 8.049945e+00
[633] 5.840261e-03 7.028557e+00 8.675667e+00 8.563356e+00 3.980494e+00 3.855457e+00 8.022376e+00 3.314414e+00
[641] 6.697273e+00 8.836111e+00 7.888273e+00 6.883081e+00 2.319063e-01 7.229192e+00 1.512109e+00 6.777350e+00
[649] 6.967194e+00 2.377016e+00 1.568332e+00 5.295507e-01 2.030910e+00 7.259157e-01 7.303870e+00 4.514286e+00
[657] 7.306543e-01 3.154394e+00 4.880858e-01 6.869312e+00 4.002062e+00 3.002658e+00 2.135198e+00 1.554359e+00
[665] 4.448565e+00 2.261103e+00 3.989635e+00 6.146292e+00 1.324124e+00 5.552148e+00 4.772118e+00 3.810360e+00
[673] 5.589990e+00 3.999841e+00 1.151927e+00 5.485299e+00 2.196902e+00 3.984500e+00 5.163966e+00 5.117949e+00
[681] 5.923524e-01 5.368382e+00 4.559162e+00 3.515036e+00 2.633312e+00 2.358282e+00 1.300368e+00 4.215878e+00
[689] 3.852681e+00 3.872466e-02 3.647295e+00 3.171378e+00 3.223464e+00 4.596841e-01 2.086440e+00 8.681819e-01
[697] 4.060615e+00 2.654511e-01 3.742580e+00 4.272623e+00 2.531477e+00 1.341301e+00 2.253690e+00 1.932938e-01
[705] 2.726039e+00 3.721000e+00 1.725269e+00 3.293924e+00 1.839106e+00 2.254397e+00 3.109898e+00 2.880328e+00
[713] 2.880765e+00 2.378873e+00 1.813889e+00 1.184640e+00 1.249221e+00 2.121347e-01 1.460965e+00 2.559028e+00
[721] 1.686899e+00 2.173871e+00 3.642070e-02 3.622174e-01 4.745974e-01 1.422079e+00 2.357881e+00 2.060772e+00
[729] 1.137188e+00 2.207118e+00 2.257756e-01 1.403177e-01 1.644359e+00 1.673807e-01 1.435838e+00 5.652138e-01
[737] 7.853807e-01 1.933845e-01 2.325726e-02 2.259364e-01

$PAR
  [1]  NA   1   1   1   3   3   3   3   3   3   3   3   4   4   4  13  14  16  18  18  18  18  19  19  19  19  19  19
 [29]  19   5   5   5   5   5   5  24  24  24  24  25  25  25  36  36  36  37  37  37  37  37  37  37  21  43  43  43
 [57]   6  17  17  17  17  17  22  22  22   7   7   7   7   7  58  30  30  30  30  26  26  26  76  76  76  76  27  27
 [85]  27  57  59  59  59  59  54  77  77  77  77  79  79   8   8   8   8  87  87  98  98  98  98  98  46 100 109 109
[113] 109 109  28  80  80  80  80 101  81  81  81  66  44  44  44  44 124 124 124 124 124  47  47  47  47  47  47  47
[141]  47  83  83  83  83  83 110 110 142 116 116 116 116 116  82  82  32  32  32  96  96  56  56  56  56 134  88  88
[169]  88  88  88  45  45  45  45  45  45 172 172 172 172 172 102 102 111 111  68 149  71  71 135 135 167 167 167 167
[197] 167 167 167 167 121 121 178 178 125 125 125 125  42 130 130  93 188 188 188 188 193 193 193 168 168  53  53 209
[225] 209 185 185 185 136 212 212 212 191 191 191 189 189  84  84 187 187 162 162 162  91  91  91  91 201 201 201 201
[253] 217 217 217 166 222 222 222 222 222 220 220 220 220 220 104 104 137 253 253 253 253 202 230 230 230 190 190 190
[281] 173 173  63 245  10  10  73  49  49  49  49  49  49 275 126 126 126 295 295 155 155  50  50  50  50 246 306 152
[309] 152  78  78  78  78 288 288 288 205 115 115 115 298 298 157 157 157 281 281  62  62 221 221 105 105 229 229 219
[337] 219 219 219 219 138 284  94  94  94  94  94 310 310 310 233 233 147 147 223 342 342 342 257 257 127 127 311 311
[365] 311 303 303 254 254 308 308  39 213 213 249 249 249 249 249 330 330 330 330 330 330 321 321 321 300 300 300 300
[393] 250 250 250 250 294 294 353 122 122 123 123 179 359 359 323 323 323 368 407 269 386 386 214 214  89 237 237 258
[421] 224 224 113 411 411 411 411 366 366 366 366 285 417 417 144 144 410 336  33 433 433 251 289 375 375 375 375 375
[449] 309 256 140 140 381 393 393 286 286 114 420 420 344  51  51 322  90 259 260 260 405 405 264 314 270 270 319 319
[477] 317 317 467 467 468 468 468 449 449 449 372 439 439 141 408 401 401 454 454 454 454 247 312 238 238 148 148  11
[505] 462 462 462 444 444 444 444 444 210 357 473 413 345 211 211 211 211 445 415 415 423 320 320 434 434  69 465 465
[533] 207 207 207 490 490  85 268 290 290 174  34  34 508 508 324 539 475 292 292 495 304 170 370 370 296 307 307 518
[561] 518 498 492 376 488 421 421 421 421 566 566 496 496 195 195 195 526 299 234 234 196 196 338 509 360 360 425 297
[589] 406 565 565 564 564 283 552 516 594 594 594 547 547 374 374 519 519 271 271 271 548 548 335 430 363 339 426 589
[617] 451 522 525 617 617 422 422 422 422 388 388 333 491 612 612 628 628 626 133 133 600 600 542 542 487 531 447 447
[645] 642 265  35 175 395 395 636 636 611 639 390 378 435 469 469 241 623 557 655 655 277 646 199 559 227 540 540 641
[673] 527 512 512 631 313 341 305 305 480 673 618 676 679 679 427  75 403 403 570 570  65 671 120 120 665 665 244 466
[701] 352 661 674 674 507 200 200 699 371 625 684 684 409 409 409 571 692 692 316 579 489 514 514 569 720 347 216 727
[729] 349 108 663 350 709 721 272 615 696 696 549 546

$EXTANT
  [1] FALSE FALSE  TRUE FALSE  TRUE FALSE FALSE FALSE FALSE  TRUE  TRUE  TRUE FALSE FALSE FALSE FALSE FALSE FALSE FALSE
 [20] FALSE FALSE FALSE FALSE FALSE FALSE FALSE  TRUE FALSE FALSE  TRUE FALSE  TRUE  TRUE FALSE  TRUE  TRUE FALSE FALSE
 [39] FALSE FALSE FALSE FALSE FALSE  TRUE  TRUE FALSE FALSE FALSE  TRUE  TRUE FALSE FALSE  TRUE FALSE FALSE  TRUE FALSE
 [58] FALSE FALSE FALSE FALSE FALSE  TRUE FALSE  TRUE FALSE FALSE FALSE FALSE FALSE FALSE FALSE  TRUE  TRUE  TRUE FALSE
 [77] FALSE  TRUE FALSE  TRUE FALSE  TRUE FALSE  TRUE  TRUE FALSE  TRUE FALSE  TRUE FALSE FALSE FALSE FALSE  TRUE FALSE
 [96] FALSE  TRUE  TRUE FALSE FALSE FALSE  TRUE FALSE FALSE FALSE FALSE  TRUE  TRUE FALSE FALSE FALSE FALSE  TRUE  TRUE
[115] FALSE  TRUE FALSE  TRUE FALSE  TRUE FALSE  TRUE  TRUE  TRUE  TRUE FALSE  TRUE  TRUE FALSE  TRUE FALSE FALSE FALSE
[134] FALSE FALSE  TRUE  TRUE  TRUE FALSE  TRUE FALSE FALSE FALSE  TRUE  TRUE  TRUE FALSE  TRUE FALSE FALSE FALSE FALSE
[153]  TRUE  TRUE  TRUE FALSE  TRUE  TRUE  TRUE FALSE FALSE  TRUE  TRUE  TRUE  TRUE  TRUE  TRUE FALSE  TRUE  TRUE  TRUE
[172] FALSE FALSE  TRUE  TRUE  TRUE  TRUE FALSE  TRUE  TRUE  TRUE FALSE  TRUE  TRUE  TRUE  TRUE  TRUE  TRUE FALSE  TRUE
[191] FALSE FALSE FALSE  TRUE  TRUE  TRUE FALSE FALSE  TRUE  TRUE FALSE FALSE FALSE FALSE  TRUE FALSE  TRUE  TRUE FALSE
[210] FALSE  TRUE  TRUE FALSE  TRUE  TRUE  TRUE  TRUE FALSE  TRUE  TRUE FALSE FALSE  TRUE  TRUE  TRUE FALSE  TRUE  TRUE
[229]  TRUE  TRUE FALSE FALSE FALSE  TRUE  TRUE FALSE  TRUE  TRUE FALSE FALSE  TRUE FALSE  TRUE  TRUE  TRUE FALSE  TRUE
[248] FALSE FALSE  TRUE  TRUE  TRUE  TRUE  TRUE  TRUE  TRUE  TRUE  TRUE FALSE FALSE  TRUE  TRUE  TRUE  TRUE FALSE  TRUE
[267] FALSE FALSE  TRUE FALSE  TRUE  TRUE  TRUE FALSE FALSE FALSE  TRUE FALSE  TRUE  TRUE  TRUE FALSE  TRUE FALSE  TRUE
[286]  TRUE  TRUE  TRUE  TRUE  TRUE  TRUE  TRUE  TRUE  TRUE FALSE FALSE FALSE FALSE  TRUE  TRUE  TRUE FALSE  TRUE  TRUE
[305] FALSE FALSE  TRUE  TRUE  TRUE  TRUE  TRUE  TRUE  TRUE  TRUE  TRUE  TRUE  TRUE FALSE  TRUE  TRUE FALSE FALSE  TRUE
[324] FALSE  TRUE  TRUE FALSE FALSE  TRUE  TRUE  TRUE FALSE FALSE FALSE  TRUE  TRUE FALSE  TRUE  TRUE  TRUE  TRUE  TRUE
[343] FALSE FALSE FALSE  TRUE  TRUE FALSE  TRUE  TRUE FALSE  TRUE FALSE FALSE  TRUE FALSE  TRUE  TRUE  TRUE  TRUE FALSE
[362]  TRUE  TRUE  TRUE  TRUE  TRUE FALSE FALSE  TRUE  TRUE  TRUE  TRUE FALSE  TRUE FALSE FALSE  TRUE  TRUE  TRUE  TRUE
[381] FALSE  TRUE FALSE FALSE  TRUE  TRUE  TRUE  TRUE FALSE FALSE  TRUE  TRUE  TRUE  TRUE  TRUE FALSE FALSE  TRUE FALSE
[400]  TRUE  TRUE  TRUE  TRUE  TRUE  TRUE  TRUE FALSE  TRUE  TRUE  TRUE  TRUE FALSE  TRUE FALSE  TRUE FALSE FALSE  TRUE
[419]  TRUE  TRUE  TRUE  TRUE  TRUE FALSE  TRUE  TRUE FALSE FALSE FALSE  TRUE  TRUE FALSE  TRUE  TRUE  TRUE  TRUE  TRUE
[438]  TRUE  TRUE  TRUE  TRUE FALSE  TRUE  TRUE  TRUE  TRUE  TRUE  TRUE  TRUE  TRUE FALSE  TRUE FALSE FALSE  TRUE  TRUE
[457]  TRUE  TRUE  TRUE  TRUE  TRUE  TRUE FALSE  TRUE  TRUE  TRUE  TRUE  TRUE  TRUE  TRUE FALSE  TRUE  TRUE FALSE  TRUE
[476]  TRUE  TRUE  TRUE  TRUE  TRUE  TRUE  TRUE  TRUE FALSE  TRUE  TRUE  TRUE  TRUE  TRUE  TRUE  TRUE  TRUE  TRUE FALSE
[495]  TRUE  TRUE  TRUE  TRUE  TRUE FALSE  TRUE FALSE  TRUE  TRUE FALSE  TRUE  TRUE  TRUE FALSE FALSE  TRUE  TRUE FALSE
[514]  TRUE  TRUE  TRUE  TRUE FALSE  TRUE FALSE  TRUE  TRUE  TRUE  TRUE  TRUE FALSE  TRUE  TRUE  TRUE FALSE  TRUE  TRUE
[533]  TRUE  TRUE  TRUE FALSE  TRUE  TRUE  TRUE  TRUE  TRUE  TRUE FALSE FALSE  TRUE  TRUE FALSE FALSE  TRUE  TRUE  TRUE
[552]  TRUE  TRUE FALSE  TRUE  TRUE  TRUE FALSE  TRUE FALSE  TRUE FALSE FALSE  TRUE  TRUE  TRUE FALSE FALSE  TRUE  TRUE
[571]  TRUE  TRUE  TRUE  TRUE  TRUE  TRUE  TRUE  TRUE  TRUE  TRUE  TRUE FALSE  TRUE  TRUE  TRUE  TRUE  TRUE  TRUE  TRUE
[590] FALSE  TRUE  TRUE  TRUE  TRUE  TRUE  TRUE  TRUE  TRUE  TRUE  TRUE  TRUE  TRUE  TRUE FALSE  TRUE  TRUE  TRUE  TRUE
[609]  TRUE FALSE  TRUE  TRUE  TRUE FALSE  TRUE  TRUE  TRUE FALSE  TRUE FALSE  TRUE  TRUE  TRUE  TRUE  TRUE  TRUE FALSE
[628]  TRUE  TRUE  TRUE  TRUE  TRUE  TRUE FALSE  TRUE  TRUE  TRUE  TRUE  TRUE  TRUE  TRUE  TRUE  TRUE  TRUE  TRUE  TRUE
[647]  TRUE FALSE  TRUE  TRUE  TRUE  TRUE  TRUE  TRUE  TRUE FALSE  TRUE  TRUE  TRUE  TRUE  TRUE  TRUE  TRUE FALSE  TRUE
[666]  TRUE  TRUE  TRUE  TRUE  TRUE  TRUE  TRUE  TRUE  TRUE  TRUE  TRUE  TRUE  TRUE  TRUE  TRUE  TRUE  TRUE  TRUE  TRUE
[685]  TRUE  TRUE  TRUE  TRUE  TRUE  TRUE FALSE  TRUE  TRUE  TRUE  TRUE  TRUE  TRUE  TRUE  TRUE  TRUE  TRUE  TRUE  TRUE
[704]  TRUE  TRUE  TRUE  TRUE  TRUE  TRUE FALSE  TRUE  TRUE  TRUE FALSE  TRUE  TRUE  TRUE  TRUE  TRUE  TRUE  TRUE  TRUE
[723]  TRUE  TRUE  TRUE  TRUE  TRUE  TRUE  TRUE  TRUE  TRUE  TRUE  TRUE  TRUE  TRUE  TRUE  TRUE  TRUE  TRUE  TRUE

