
Birth-death simulation object with 690 species and 500 extant species

Details for some species:

Extinction times (NA means extant)
[1]       NA       NA 23.25840 43.62078 52.81773 30.02519


Speciation times 
[1] 85.88058 67.66631 59.67427 55.34694 54.90899 46.86030


Species parents (NA for initial)
[1] NA  1  1  1  1  1


Species status (extinct or extant)
[1] "extant"  "extant"  "extinct" "extinct" "extinct" "extinct"


For more details on vector y, try sim$y, with y one of
TE TS PAR EXTANT



$TE
  [1]          NA          NA 23.25839923 43.62077979 52.81772560 30.02519278          NA          NA  6.60470487 30.09081023 55.68941586
 [12] 21.57355532 41.07932911          NA  0.55775239          NA 51.21520548          NA  8.50853018 28.79661818 48.13174230 24.87172459
 [23] 28.33175472 40.13091678 43.23701304 19.23186373 15.38515149          NA 25.71494108          NA 18.61289165  8.09402203 31.24010412
 [34]  7.58983855 44.69109055 18.49405392 12.42055012          NA 14.98331630 35.01455895          NA  3.58890395          NA 17.10211438
 [45] 18.79574088          NA 18.11011813          NA  3.57388699 19.52953965          NA  6.37989312  3.53902605  9.15686850  3.01020585
 [56]          NA  7.84625109  7.17704741          NA          NA          NA 35.11557271 13.11872042          NA 26.11480854 10.36710585
 [67]          NA          NA          NA          NA 18.00883117 23.38687502 29.74622566          NA          NA          NA 36.67701168
 [78]          NA 19.76838863  7.82424282          NA          NA          NA          NA          NA  5.04124095          NA  8.01659259
 [89]          NA          NA          NA          NA          NA 31.20374643          NA          NA  8.86147280          NA          NA
[100] 17.68772443 27.41695582          NA          NA          NA          NA          NA          NA          NA 23.42459324          NA
[111]          NA 30.84619414  0.70437597          NA          NA 23.43411055          NA          NA          NA          NA          NA
[122]  6.47236825 17.79136927 14.72881983  7.13814110  6.42554283          NA          NA          NA          NA          NA 32.99800643
[133]          NA 17.58459360          NA  3.72524754          NA 23.02189852 12.16047015          NA  8.92932961          NA 27.86570634
[144]          NA          NA  2.04009693 14.02959667          NA          NA          NA  3.35872123          NA 29.93813562          NA
[155]          NA          NA          NA          NA          NA  2.10529084 16.31644071  6.49845450          NA 17.95853043          NA
[166] 23.54142520 14.37722738          NA          NA          NA          NA          NA 20.26845041  5.36209983          NA          NA
[177]          NA          NA          NA          NA          NA          NA          NA          NA          NA          NA  0.14366570
[188]          NA 13.63638628 11.89550521          NA  1.52897867          NA          NA          NA          NA          NA 19.37155370
[199]  9.44648935          NA          NA 20.27676348          NA          NA          NA          NA          NA 22.80664129          NA
[210]          NA          NA 14.49676633          NA          NA          NA 23.30962343          NA 12.68822896          NA  9.27377157
[221]          NA  3.79452947          NA          NA  3.67146527          NA  7.00857939          NA          NA          NA 21.22443431
[232] 20.56595300          NA 16.97385921          NA          NA          NA          NA          NA          NA          NA          NA
[243]  4.26077738          NA          NA          NA 11.89807745          NA          NA          NA          NA  5.00941190          NA
[254] 11.28116904          NA  1.73098478          NA          NA          NA  9.94789641          NA          NA  3.35406182          NA
[265]          NA          NA 10.12191933          NA          NA          NA          NA          NA          NA          NA  9.63754068
[276]          NA 16.82972739  7.37655489          NA          NA          NA          NA          NA          NA          NA          NA
[287]  5.63866321          NA          NA          NA  0.40851099 15.01298230          NA          NA          NA          NA          NA
[298]          NA          NA          NA          NA          NA          NA  0.73187180          NA          NA 10.37262177          NA
[309]          NA          NA 10.12589269          NA          NA          NA          NA 17.63260092  9.42015836          NA 13.13943543
[320]          NA  0.12632106          NA  8.17062565          NA          NA  4.40371785          NA          NA  3.39176814 15.36587022
[331] 10.14998917          NA          NA          NA          NA          NA  2.34132218          NA  5.63097373          NA  9.15276025
[342]          NA          NA          NA 19.14756574  8.30759790          NA          NA 10.46369885 15.11750782          NA          NA
[353]          NA          NA          NA          NA  6.97496553          NA 18.57802232  9.43817452          NA          NA          NA
[364]          NA 17.03861244  6.18626158          NA          NA          NA          NA  6.89540784          NA          NA  3.49763735
[375]          NA          NA          NA  1.82594502          NA          NA          NA          NA          NA          NA          NA
[386]          NA  9.65790474          NA          NA          NA          NA          NA          NA          NA          NA          NA
[397]          NA          NA          NA          NA  0.65421571          NA          NA          NA          NA  0.47666769          NA
[408]          NA          NA          NA          NA          NA          NA          NA          NA          NA          NA          NA
[419]          NA          NA  3.42038023          NA          NA          NA  4.38826314  6.80049178          NA  7.90822208  0.28619553
[430] 13.39357669          NA          NA          NA          NA          NA  7.01256713          NA          NA          NA          NA
[441]  4.05080566          NA          NA          NA          NA  1.93477320          NA          NA          NA          NA          NA
[452]          NA 10.83975866          NA          NA          NA          NA          NA          NA          NA          NA  1.06666349
[463] 13.65432402          NA 11.90826373          NA          NA          NA          NA          NA          NA          NA          NA
[474]          NA          NA          NA          NA          NA          NA          NA 10.78323733          NA          NA  8.09363368
[485]          NA          NA  2.72425922          NA          NA          NA          NA          NA          NA          NA          NA
[496]  6.19070062          NA          NA          NA          NA          NA          NA          NA          NA          NA          NA
[507]  2.05650410          NA  2.09989385  3.86231448          NA          NA          NA  2.65949964          NA          NA          NA
[518]          NA  1.89099374          NA          NA          NA          NA  4.07722623          NA  3.32077010          NA          NA
[529]          NA          NA          NA          NA          NA          NA          NA          NA  3.58346563          NA          NA
[540]          NA          NA          NA          NA          NA          NA  2.55798307  6.15858055          NA          NA          NA
[551]          NA  2.77117526          NA  3.03823801  2.63580102          NA          NA          NA  4.26029899          NA          NA
[562]          NA          NA          NA          NA          NA          NA  4.50314228  3.86538602          NA          NA          NA
[573]          NA          NA          NA  0.08924674          NA          NA          NA          NA  2.70569656          NA          NA
[584]          NA          NA          NA          NA          NA          NA          NA          NA          NA          NA          NA
[595]          NA          NA          NA          NA          NA          NA          NA          NA  3.11071054          NA          NA
[606]          NA          NA  1.38436007          NA          NA          NA          NA  3.54184384          NA          NA          NA
[617]          NA          NA          NA          NA          NA          NA          NA          NA          NA          NA          NA
[628]          NA          NA          NA          NA          NA          NA          NA          NA          NA          NA  2.68599620
[639]          NA          NA          NA          NA          NA          NA          NA          NA          NA          NA          NA
[650]          NA          NA          NA          NA          NA          NA          NA          NA          NA          NA          NA
[661]          NA          NA  1.37840682          NA          NA          NA  3.23741936          NA          NA          NA          NA
[672]          NA          NA          NA          NA          NA          NA          NA          NA          NA          NA          NA
[683]          NA          NA          NA  0.60315596          NA          NA          NA          NA

$TS
  [1] 85.880584044 67.666309027 59.674270031 55.346937076 54.908988847 46.860304344 20.849108585 12.470287361 11.287898153 67.412722916
 [11] 61.826297314 47.097867261 42.391744907 35.314173861 13.841245617  0.233633347 62.938979686 45.187783591 56.478989724 54.760811904
 [21] 50.898094000 45.913422554 45.006395033 44.304772466 43.612506812 31.238540638 30.376464989 28.787371515 39.855280324 28.612448975
 [31] 49.271898934 34.130239187 50.115149013 37.667653543 49.245508154 45.908773741 26.932364325 25.460251836 21.643744922 42.896557966
 [41] 39.793820516 36.423968501 35.954802241 38.350296261 36.843150667 33.297439482 32.959757707 43.604471273 39.584999284 32.112440444
 [51] 30.565707381 23.090755527 15.893547905 15.545205126 11.224608512 10.281215955  9.614394057  7.940212225  5.602346935  3.818877099
 [61]  0.580652979 43.577330597 43.641866394 41.152748488 30.673896545 13.649596410 37.162485544 31.733795574 26.997700637 37.355955014
 [71] 41.541776365 24.733262796 34.349822187 22.147002984  5.411433597 39.150442937 38.042647308 31.873901756 39.259959815 20.090911801
 [81] 27.934670621 26.447840212 20.438707117 16.669588885 16.479084187 37.530855608 22.947002049 20.271128286 34.653153874 37.171654029
 [91] 29.465316065 26.136334507 24.732349204 34.916308158 31.736489966 23.408978666 23.244227316 20.198958769  9.261232029 36.999186682
[101] 30.765597489 12.950962862 32.493376624 27.165082641 22.099130390 11.224890384  4.824132914  0.866814623 32.091109542 20.682411384
[111] 34.413118327 33.610556635 13.160387248  6.937202651 35.678841877 25.663135104 24.520435437 33.067250041 22.926633753 19.508609315
[121] 10.697834489 34.748378973 24.860884209 19.165212644 17.440353033  8.094956786  6.366686477  3.212544746 24.688212728  9.279861010
[131]  1.198366375 34.915401641  9.805822322 32.196617028 30.605645965 12.772922903  1.338511245 31.117657025 17.690718997 32.697357055
[141] 18.622416579  3.841564977 28.548245867  5.930460626  4.438668332 27.524980380 27.273765973 25.238828463 23.195009129 22.381928437
[151] 19.408781840  7.677777722 32.024117810 26.737218378 30.961200906 29.421875420 28.845602227 27.804107279 26.797256456 24.437063974
[161] 17.247853899  9.388805496 31.030423900 21.596610861  6.786313801 31.120815792 23.977234133 11.605786694 28.522253292 23.720754156
[171] 23.104450683 28.359879616 27.933494432 25.758356012 25.727597470 23.768735928 20.394574343  6.283559683 25.035530397 10.533592182
[181]  6.187217289  5.662527517  5.348693943  5.175964489  1.395015264 25.672254804 11.231882297  2.164061335 24.298778932 18.949292797
[191] 14.289550187  7.594331765  1.078129508 18.184123197 13.937786598  0.192331788 14.605877318 28.013564901 23.662452371 21.408175234
[201] 27.644317525 24.570702345 22.429486767  2.636626506  1.588547275  0.661168920 27.587047224 25.224115855 20.148167640 21.974290092
[211] 21.179848195 18.061358292  0.507536411 20.364793262  9.835250364 24.241470604 14.842010002 24.803834749 22.511457313 10.171374028
[221]  3.438087400 12.461010329  7.408090479 24.944734760 22.644431210 19.521809146 17.248597323  0.600548746 17.224643366 26.646137088
[231] 25.856622043 21.610386162 21.160649868 19.234890534  5.507382239  4.888515883  4.298274476  2.949718839 24.635822740 23.051523645
[241] 15.312843460 12.091249664  8.658638018  4.981107892  1.542880497  0.390043138 22.933475436 19.830824533 16.175459428 12.434757068
[251]  9.025050229  6.273426549  2.553411727 22.582139565 12.792846288  5.751808186 19.791105602 13.342970158 12.414658451 17.182491268
[261] 13.853475521  0.615978385  6.897313856  6.500668517  3.804122946  6.794178212 13.489603972 12.797462540  9.681486844  8.101668511
[271] 16.493894762  3.799037668 22.499025893 16.513957503 12.227085201 10.637408329 18.239029529 14.217528933  8.136538062  7.849881396
[281]  0.551688019 18.272516846 17.851044811  9.118904521 23.557031950  8.152440968 20.256510383 16.569989479 14.918530164  8.970944616
[291]  6.872154460 21.020751986 12.320840964  2.314193351 14.128203783  0.913489494 21.110987641 20.581038639  4.486070153  0.621433587
[301]  9.444510126  3.053502752  1.993700663 10.314907412  5.364369472 22.822385139 21.940892173 20.829418629 10.301321288 22.456337781
[311] 21.718069240 20.073980717 18.536960012  0.182841095  6.450540040 22.046037322 19.665005066 13.676261312 19.502426383 15.412577923
[321] 16.753689530 16.178605005 10.582681171 15.945931443  9.942413785 22.259774869  4.339409070  0.068606442 20.922593409 16.590097286
[331] 12.752013928  2.736668294 16.939412234  3.011896360  2.397786603 16.461349533 14.009548182 18.953485010 16.748557798 18.671121484
[341] 18.339008437  5.433939350 11.194165175 10.328973977 20.549895594 14.645489728  0.043945936 15.109099642 16.652133707 15.225514772
[351] 10.104889816  6.587095268 17.444377015  8.214992905  1.472131545 19.715509225  9.883377941  5.688975600 19.257366531 14.142459266
[361] 20.239405622 10.555408934  8.686522994 17.543974514 17.149368394 13.159784921 10.618724401 13.969588544 12.657187254 13.462217740
[371] 18.690526822 17.509669733 10.579001727 10.374097890  8.169446758  7.969395257  2.712449408 15.167763475 11.080937604 11.127509995
[381] 10.211775227  4.434055093  2.268557089 14.790856299 18.450692970  7.771794220 14.174921858  0.844960438 14.310320613 18.980864554
[391]  7.072138709 18.925747992 16.782323907 12.515199783 10.474737205 10.166026268 13.201826295  6.849357951  6.131211994  1.166928071
[401] 15.451909398  0.976620837  0.076697589 13.177354149 13.437561840 14.428241056  3.450609769  5.971103943 14.681126463  2.793482427
[411]  1.156333136 15.535951335 13.127157165 16.013850459  6.439599285  0.247351961  9.686263663  6.745861143  3.211378526 11.377045061
[421]  7.530861406 12.174987552  1.186611663 15.874612876 13.023759003  8.592676807  0.387969900 16.182389206  9.755359569 13.439412023
[431]  9.193708924  8.307862886 11.404165565 10.800014789 13.102325397  8.536400435  7.100854197  7.091059607  6.512907708  5.176685347
[441]  9.263608458  8.677888626  6.856392196 14.090534442  7.891660354 10.415890402  3.748017287  0.197310067  2.666847950 14.682242174
[451]  3.484298100  1.565289672 13.171564820 11.472622216  9.580203615  3.743100543 15.022233410  7.729229493  7.985109540  5.748987107
[461] 10.548215203  5.654903736 13.934536274 13.155520102 12.503198892  5.089081996  5.761475991  1.714105373  6.805731992 11.226025103
[471]  9.728167082  6.688908196  5.575143002  5.215440705  4.206745230 11.683679329  2.724908694  6.635610766  3.161004654 13.556741475
[481] 11.885201003  5.125683307  3.964108329 14.204398316  5.722268948  2.386867427  9.787936654  3.577606795  8.441784045  3.549197525
[491]  2.612061006  1.542638452 12.759066772  3.180492435  7.763559384 10.692429616  9.028274474  8.114824119  6.125547295 13.020729262
[501]  7.859246417  2.587022109  2.604919481  2.484406280 10.986250360  2.333485833  7.175581981  3.224358352 10.650677485  8.908934854
[511]  7.992513980  1.747975517  2.715235175 10.940360707 11.152895619 11.591775053  3.847276698  9.853799834  4.916098995  0.014461658
[521]  9.217152106 11.723860619 10.792134916  8.327114955  4.866265357  3.720330056  7.085245360 11.456759182  9.401992710  1.912330273
[531]  0.788199319  9.813871652  7.540629914  7.236429326 11.012104107  8.911000941  4.389918162  8.454768355  1.976753431  2.742787453
[541]  4.802513613  6.385399338  6.686725570  2.617750326  1.056106436  9.141367279  8.422570685  0.317175316  6.873517242  0.831683547
[551]  2.406517053  8.192139998  9.879369647 10.158921054  4.899414636  4.676223725  6.505718475  0.302175951  8.416022628  2.414181896
[561]  3.826409823  0.146738479  9.611857985 10.272408430  5.908398581  0.418033167  0.096935932 10.019877345  8.366867855  4.526313836
[571]  1.419912230  1.754887304  0.025227475  9.449033020  0.487854312  9.281589287  4.452589481  3.921728704  5.505668962  8.808793265
[581]  3.926143227  6.772896035  0.102772240  9.182859067  7.999167101  6.850581389  1.674164735  0.323154168  7.455098943  9.191138160
[591]  4.317862087  0.926500933  4.776249732  8.840369053  5.081964936  7.239340754  4.019817197  7.559788006  4.009646416  0.090774318
[601]  2.758282013  7.919117133  3.579382154  8.330216849  8.410052145  2.911211238  2.028735715  5.794078775  4.312800334  7.489431714
[611]  5.798282735  8.152711560  6.156288817  1.674193640  2.899845276  4.365311451  4.572835653  5.558771615  6.116442990  1.848257009
[621]  0.100196191  0.070940498  5.597793487  3.383536712  6.850785899  2.598358748  6.596123197  6.461477891  5.618791472  0.844987722
[631]  6.416411886  4.304821082  4.007533845  5.747341017  1.562756565  0.622307153  6.055383648  5.047520585  6.131404315  5.621156932
[641]  1.470821255  2.231467820  4.184185611  1.724267900  4.216020334  0.407040378  3.978119442  5.103071362  1.265736257  5.676779496
[651]  3.901782157  1.076345131  2.695452526  4.448040586  2.858286083  0.345624938  0.222703927  1.461156971  3.233405307  2.318021197
[661]  4.204176619  0.901879409  4.787176242  2.347265505  2.335257536  0.512683635  3.937229669  1.126991711  3.389966964  0.665577066
[671]  2.022066727  2.850303691  0.390715050  2.100932362  0.675054705  2.059029138  1.644847025  1.551147967  2.352075090  1.990211198
[681]  2.146096006  2.211797048  0.407415973  1.328492305  1.759606547  0.927016319  0.422767109  0.087624128  0.278007646  0.004881544

$PAR
  [1]  NA   1   1   1   1   1   1   1   1   2   2   2   2   2   2   2  10  10  17  17   3   3   3   3   3   3   3   3  19  19   4  20  21
 [34]  33  31  31  31  31  31  12  12  12  12   6   6   6   6  36  36  36  36  18  18  18  18  18  18  18  18  18  18  23  24  24  63  63
 [67]  48  48  48  40  13  71  64  64  64  29  29  29  41  41  49  49  49  49  49  79  79  79  76  44  44  44  44  34  34  34  34  34  34
[100]  86  86  86  70  70  70  70  70  70  90  90  67  67  67  67 100 100 100  45  45  45  42  43  43  43  43  43  43  43 115 115 115  14
[133]  14 122  89 111 111  32  32  46  46  46 118 118 118  47  47  47  47 140 140 140 103 134 109 109  78  78  78  78  78  78  95  95  95
[166]  68  68  68  26  26  26 166 166 163 163 163 163 163 155 155 155 135 135 135 135  51  51  51  91  91  91  91  91 156 157 157  30 143
[199] 169 169 172 172 172 172 172 172 198 198 198  81  81  81  81 173 158 201 201 207 207 207 207 104 104  69  69  69  69  69  37 159 159
[232] 159 159 159 154 154 154 154 230 230 230 230 230 230 230 230  82  82  82  82  82  82  82  92  92  92 174 174 174 175 175 175 186 186
[265] 186  38 224 224 224 224  93  93 129 129 129 129 239 239 239 239 239 117 117 117 160 160 189 189 176 176 176 170 170 170 199 285  96
[298]  96  96  96 149 149 149 171 171  52  52 240 240  87  87 247 247 119 306 225 225 254 219 273 310 310 310 203 203 150 150 150  74  74
[331]  74  74 210 210 210 307 307  39  39 164 200 200 211 211 297 297 297 292 329 329 329 329   7   7   7 308 308 308 110 298  83 177 214
[364]  88  88  88 287 361 361  98 209 209  80 312 312 312 312 248 248 257 257 257 257 356 317 226 120 120 319 151 151 359 124 390 390 390
[397] 338 392 392 392 371 340 340 141 313 385 282 194 212 283 283 139 139 372 372 372 353 353 353 227 227 229 229 333 333 333 333 393 393
[430] 321 321 321 339 339  84 274 271 271 271 271  85  85  85 336 336 322 322 249 414 324 324 324 424 424 424 424  54 412 401 401 241 241
[463] 378 378 378 378 348 348 457 289 289 289 289 289 289 217 217 409 197 406 406 389 389 191 191 191 444 444 337 368 195 261  15  15 480
[496] 267 370 370 370 405 405 405 258 258 397 397 404 113 413 413 413 413 435 425 268 493 369 394 394 394 222 250 250 259 259 259 293 422
[529] 422 522 476 168 516 516 454 454 454 433 433 420  55 515 379 379 535 505 505 505 514 434 523 121 496 276 276 276 367 367 362 362 395
[562] 395 304 309 309 309 309  56  56 564 351 325 553 215 532 487 487 471 417  57 455 301 301 529 162 576 576 576 130 441  99 521 431 590
[595] 590 546 546 284 284 497 251 290 363 243 538 538 538 559 559 604 524 354 375 375 612 286 585 459 376 376 376 280 458 598 533 589 223
[628] 223 596 437 438 549 549 625 398 582 418 543 352 439 557 628 127 127 613 639 499 619 619 611 611 467 634 640 640 473 473 305 440 482
[661] 466 466 244 570 577 475 599 647  60  60 265 272 128 419 513 204 253 253 560 560 551 679 506 188 680 411 592 592 646 588

$EXTANT
  [1]  TRUE  TRUE FALSE FALSE FALSE FALSE  TRUE  TRUE FALSE FALSE FALSE FALSE FALSE  TRUE FALSE  TRUE FALSE  TRUE FALSE FALSE FALSE FALSE
 [23] FALSE FALSE FALSE FALSE FALSE  TRUE FALSE  TRUE FALSE FALSE FALSE FALSE FALSE FALSE FALSE  TRUE FALSE FALSE  TRUE FALSE  TRUE FALSE
 [45] FALSE  TRUE FALSE  TRUE FALSE FALSE  TRUE FALSE FALSE FALSE FALSE  TRUE FALSE FALSE  TRUE  TRUE  TRUE FALSE FALSE  TRUE FALSE FALSE
 [67]  TRUE  TRUE  TRUE  TRUE FALSE FALSE FALSE  TRUE  TRUE  TRUE FALSE  TRUE FALSE FALSE  TRUE  TRUE  TRUE  TRUE  TRUE FALSE  TRUE FALSE
 [89]  TRUE  TRUE  TRUE  TRUE  TRUE FALSE  TRUE  TRUE FALSE  TRUE  TRUE FALSE FALSE  TRUE  TRUE  TRUE  TRUE  TRUE  TRUE  TRUE FALSE  TRUE
[111]  TRUE FALSE FALSE  TRUE  TRUE FALSE  TRUE  TRUE  TRUE  TRUE  TRUE FALSE FALSE FALSE FALSE FALSE  TRUE  TRUE  TRUE  TRUE  TRUE FALSE
[133]  TRUE FALSE  TRUE FALSE  TRUE FALSE FALSE  TRUE FALSE  TRUE FALSE  TRUE  TRUE FALSE FALSE  TRUE  TRUE  TRUE FALSE  TRUE FALSE  TRUE
[155]  TRUE  TRUE  TRUE  TRUE  TRUE FALSE FALSE FALSE  TRUE FALSE  TRUE FALSE FALSE  TRUE  TRUE  TRUE  TRUE  TRUE FALSE FALSE  TRUE  TRUE
[177]  TRUE  TRUE  TRUE  TRUE  TRUE  TRUE  TRUE  TRUE  TRUE  TRUE FALSE  TRUE FALSE FALSE  TRUE FALSE  TRUE  TRUE  TRUE  TRUE  TRUE FALSE
[199] FALSE  TRUE  TRUE FALSE  TRUE  TRUE  TRUE  TRUE  TRUE FALSE  TRUE  TRUE  TRUE FALSE  TRUE  TRUE  TRUE FALSE  TRUE FALSE  TRUE FALSE
[221]  TRUE FALSE  TRUE  TRUE FALSE  TRUE FALSE  TRUE  TRUE  TRUE FALSE FALSE  TRUE FALSE  TRUE  TRUE  TRUE  TRUE  TRUE  TRUE  TRUE  TRUE
[243] FALSE  TRUE  TRUE  TRUE FALSE  TRUE  TRUE  TRUE  TRUE FALSE  TRUE FALSE  TRUE FALSE  TRUE  TRUE  TRUE FALSE  TRUE  TRUE FALSE  TRUE
[265]  TRUE  TRUE FALSE  TRUE  TRUE  TRUE  TRUE  TRUE  TRUE  TRUE FALSE  TRUE FALSE FALSE  TRUE  TRUE  TRUE  TRUE  TRUE  TRUE  TRUE  TRUE
[287] FALSE  TRUE  TRUE  TRUE FALSE FALSE  TRUE  TRUE  TRUE  TRUE  TRUE  TRUE  TRUE  TRUE  TRUE  TRUE  TRUE FALSE  TRUE  TRUE FALSE  TRUE
[309]  TRUE  TRUE FALSE  TRUE  TRUE  TRUE  TRUE FALSE FALSE  TRUE FALSE  TRUE FALSE  TRUE FALSE  TRUE  TRUE FALSE  TRUE  TRUE FALSE FALSE
[331] FALSE  TRUE  TRUE  TRUE  TRUE  TRUE FALSE  TRUE FALSE  TRUE FALSE  TRUE  TRUE  TRUE FALSE FALSE  TRUE  TRUE FALSE FALSE  TRUE  TRUE
[353]  TRUE  TRUE  TRUE  TRUE FALSE  TRUE FALSE FALSE  TRUE  TRUE  TRUE  TRUE FALSE FALSE  TRUE  TRUE  TRUE  TRUE FALSE  TRUE  TRUE FALSE
[375]  TRUE  TRUE  TRUE FALSE  TRUE  TRUE  TRUE  TRUE  TRUE  TRUE  TRUE  TRUE FALSE  TRUE  TRUE  TRUE  TRUE  TRUE  TRUE  TRUE  TRUE  TRUE
[397]  TRUE  TRUE  TRUE  TRUE FALSE  TRUE  TRUE  TRUE  TRUE FALSE  TRUE  TRUE  TRUE  TRUE  TRUE  TRUE  TRUE  TRUE  TRUE  TRUE  TRUE  TRUE
[419]  TRUE  TRUE FALSE  TRUE  TRUE  TRUE FALSE FALSE  TRUE FALSE FALSE FALSE  TRUE  TRUE  TRUE  TRUE  TRUE FALSE  TRUE  TRUE  TRUE  TRUE
[441] FALSE  TRUE  TRUE  TRUE  TRUE FALSE  TRUE  TRUE  TRUE  TRUE  TRUE  TRUE FALSE  TRUE  TRUE  TRUE  TRUE  TRUE  TRUE  TRUE  TRUE FALSE
[463] FALSE  TRUE FALSE  TRUE  TRUE  TRUE  TRUE  TRUE  TRUE  TRUE  TRUE  TRUE  TRUE  TRUE  TRUE  TRUE  TRUE  TRUE FALSE  TRUE  TRUE FALSE
[485]  TRUE  TRUE FALSE  TRUE  TRUE  TRUE  TRUE  TRUE  TRUE  TRUE  TRUE FALSE  TRUE  TRUE  TRUE  TRUE  TRUE  TRUE  TRUE  TRUE  TRUE  TRUE
[507] FALSE  TRUE FALSE FALSE  TRUE  TRUE  TRUE FALSE  TRUE  TRUE  TRUE  TRUE FALSE  TRUE  TRUE  TRUE  TRUE FALSE  TRUE FALSE  TRUE  TRUE
[529]  TRUE  TRUE  TRUE  TRUE  TRUE  TRUE  TRUE  TRUE FALSE  TRUE  TRUE  TRUE  TRUE  TRUE  TRUE  TRUE  TRUE FALSE FALSE  TRUE  TRUE  TRUE
[551]  TRUE FALSE  TRUE FALSE FALSE  TRUE  TRUE  TRUE FALSE  TRUE  TRUE  TRUE  TRUE  TRUE  TRUE  TRUE  TRUE FALSE FALSE  TRUE  TRUE  TRUE
[573]  TRUE  TRUE  TRUE FALSE  TRUE  TRUE  TRUE  TRUE FALSE  TRUE  TRUE  TRUE  TRUE  TRUE  TRUE  TRUE  TRUE  TRUE  TRUE  TRUE  TRUE  TRUE
[595]  TRUE  TRUE  TRUE  TRUE  TRUE  TRUE  TRUE  TRUE FALSE  TRUE  TRUE  TRUE  TRUE FALSE  TRUE  TRUE  TRUE  TRUE FALSE  TRUE  TRUE  TRUE
[617]  TRUE  TRUE  TRUE  TRUE  TRUE  TRUE  TRUE  TRUE  TRUE  TRUE  TRUE  TRUE  TRUE  TRUE  TRUE  TRUE  TRUE  TRUE  TRUE  TRUE  TRUE FALSE
[639]  TRUE  TRUE  TRUE  TRUE  TRUE  TRUE  TRUE  TRUE  TRUE  TRUE  TRUE  TRUE  TRUE  TRUE  TRUE  TRUE  TRUE  TRUE  TRUE  TRUE  TRUE  TRUE
[661]  TRUE  TRUE FALSE  TRUE  TRUE  TRUE FALSE  TRUE  TRUE  TRUE  TRUE  TRUE  TRUE  TRUE  TRUE  TRUE  TRUE  TRUE  TRUE  TRUE  TRUE  TRUE
[683]  TRUE  TRUE  TRUE FALSE  TRUE  TRUE  TRUE  TRUE

