
Birth-death simulation object with 671 species and 500 extant species

Details for some species:

Extinction times (NA means extant)
[1] 101.76832  96.30077  80.73172  60.17898  77.25950  52.93154


Speciation times 
[1] 102.94279 102.64009  96.73456  88.41709  85.08143  81.48885


Species parents (NA for initial)
[1] NA  1  2  3  4  4


Species status (extinct or extant)
[1] "extinct" "extinct" "extinct" "extinct" "extinct" "extinct"


For more details on vector y, try sim$y, with y one of
TE TS PAR EXTANT



$TE
  [1] 101.76832452  96.30077187  80.73172383  60.17897840  77.25949845  52.93154392  69.75134154  64.50604306
  [9]   3.76990017  41.53829493  54.55896670           NA  59.77027027           NA   5.14894914           NA
 [17]  42.13178133  28.53192937  35.77836349  44.27482025           NA           NA           NA   0.85599381
 [25]           NA           NA           NA  54.14158537  38.56635189  18.11225507           NA           NA
 [33]           NA           NA           NA           NA           NA   8.39980928           NA  11.82880912
 [41]           NA           NA           NA  34.09879134           NA  12.98469952  12.78710387           NA
 [49]   2.94820188           NA           NA           NA           NA           NA  12.71862659           NA
 [57]   1.70419394  35.44979943           NA           NA   7.79574351  44.53542554           NA   1.51720938
 [65]           NA           NA           NA  43.37772045  37.51584999  23.41794763           NA           NA
 [73]   1.76490774  37.37341699   3.87080471  13.46490143  10.06865021           NA           NA  33.06978153
 [81]  31.61269120           NA           NA           NA           NA           NA  35.65249586  31.84835160
 [89]           NA  29.65500789           NA           NA   7.87245410  31.22667030   2.38455981           NA
 [97]           NA           NA  14.65910038           NA           NA  18.31272026   1.31538738  20.14909034
[105]           NA           NA           NA   5.97944303  30.90344538   0.09470193  27.36117089  28.60145746
[113]   6.20458181  36.14337733  23.00290442   2.05806217           NA           NA           NA           NA
[121]           NA  16.16869175           NA           NA  27.93452878           NA  15.84862614           NA
[129]           NA           NA           NA           NA           NA  33.29193459           NA           NA
[137]  17.56924158           NA           NA           NA           NA           NA           NA           NA
[145]  18.18709113           NA  15.57469025  22.45054361  13.53340028           NA           NA  24.74640330
[153]  25.66596846  13.65583942           NA           NA  14.62580716           NA           NA           NA
[161]           NA   1.99654276           NA           NA   5.81766960           NA           NA  17.10790864
[169]  13.44400801           NA           NA           NA  30.70277371           NA           NA           NA
[177]   1.54632673   7.56602970           NA           NA           NA           NA           NA           NA
[185]           NA           NA           NA  10.20519516   1.49444834  27.74546641           NA           NA
[193]           NA           NA           NA           NA  12.10991652           NA  11.35226950           NA
[201]           NA   7.92716556           NA   2.75124452           NA           NA  15.03240906           NA
[209]  17.69474921           NA           NA           NA           NA  16.76199065   2.05153567   5.74524222
[217]           NA           NA           NA  18.92260381           NA   2.76546388           NA           NA
[225]           NA  13.21306410  13.86097422           NA           NA   1.29803025  14.56426030           NA
[233]           NA           NA   3.38265560   1.39652272   4.80100064           NA           NA           NA
[241]   3.41125547           NA           NA           NA  18.68995528   1.00763087           NA           NA
[249]   6.78860155           NA  17.95709744           NA  19.97443798           NA   6.17684762           NA
[257]           NA   9.76821676           NA  22.00018427   6.70849426           NA           NA           NA
[265]           NA           NA           NA           NA   5.75362515           NA           NA  13.65768452
[273]           NA           NA   2.10136739           NA           NA  16.35387251   3.47254595  14.10999302
[281]  21.97464225           NA           NA   1.88514473   2.50952723           NA           NA           NA
[289]   2.61674761           NA           NA   2.38399839           NA   1.80970091           NA  11.71640371
[297]           NA  10.44959796  11.98770734           NA           NA           NA           NA           NA
[305]           NA   7.18912802           NA           NA           NA  12.41509692           NA           NA
[313]           NA  16.13520342           NA           NA           NA           NA           NA           NA
[321]           NA           NA           NA  15.40081760           NA           NA           NA           NA
[329]   1.76113098   8.07275734           NA   9.41596366           NA           NA           NA           NA
[337]           NA           NA   5.93098091   2.84061411           NA           NA           NA           NA
[345]           NA   7.12962091           NA           NA           NA           NA           NA   4.28360101
[353]   9.07028209           NA           NA           NA           NA           NA           NA           NA
[361]           NA           NA           NA           NA           NA           NA           NA   2.00904107
[369]           NA           NA           NA           NA           NA           NA   2.65945981  15.82119590
[377]   9.36595792           NA           NA           NA           NA           NA           NA  12.45678937
[385]           NA           NA  15.81506371  11.04789637   1.06244026   6.69470056           NA           NA
[393]           NA           NA           NA           NA           NA           NA   9.59450309   8.54371998
[401]           NA           NA           NA           NA           NA   4.37518836           NA           NA
[409]           NA  10.67707672           NA           NA           NA           NA           NA           NA
[417]           NA           NA           NA           NA           NA           NA           NA           NA
[425]           NA           NA           NA           NA           NA           NA   0.81274542           NA
[433]   5.20143675           NA           NA           NA           NA           NA           NA   3.05552522
[441]           NA           NA           NA           NA           NA           NA           NA           NA
[449]           NA           NA           NA           NA   7.28262363           NA           NA           NA
[457]           NA           NA           NA           NA           NA           NA           NA           NA
[465]           NA           NA           NA           NA           NA           NA           NA           NA
[473]           NA           NA           NA   3.03413565           NA           NA           NA           NA
[481]           NA           NA           NA           NA           NA           NA           NA           NA
[489]           NA           NA           NA           NA           NA           NA           NA           NA
[497]           NA           NA   6.05018248           NA           NA   2.18684524           NA           NA
[505]           NA           NA   4.13521201           NA           NA           NA           NA           NA
[513]           NA   3.35994948           NA           NA           NA           NA           NA           NA
[521]           NA           NA           NA   1.49173418           NA           NA           NA           NA
[529]           NA           NA   1.54416410   2.54387967           NA           NA   4.38212945           NA
[537]           NA           NA           NA           NA           NA           NA   0.74883456           NA
[545]           NA           NA           NA           NA           NA   2.88874222           NA           NA
[553]           NA           NA           NA           NA           NA           NA           NA           NA
[561]           NA           NA           NA           NA           NA           NA           NA           NA
[569]           NA   5.50701247           NA           NA           NA           NA           NA           NA
[577]           NA           NA           NA           NA           NA           NA           NA           NA
[585]           NA           NA           NA           NA           NA           NA           NA           NA
[593]           NA           NA           NA           NA           NA           NA           NA           NA
[601]           NA           NA           NA           NA           NA           NA           NA           NA
[609]           NA           NA           NA           NA   2.51202854           NA           NA           NA
[617]           NA           NA           NA           NA           NA           NA           NA           NA
[625]           NA           NA           NA           NA   3.16234666           NA           NA           NA
[633]           NA           NA           NA           NA           NA           NA           NA           NA
[641]           NA           NA           NA           NA           NA           NA           NA           NA
[649]           NA           NA           NA           NA           NA           NA           NA           NA
[657]           NA           NA           NA           NA           NA           NA           NA           NA
[665]           NA           NA           NA           NA           NA           NA           NA

$TS
  [1] 102.94278779 102.64008882  96.73456271  88.41709464  85.08142779  81.48884554  77.64348554  78.64409139
  [9]  73.25655992  63.32003485  63.17157770  65.25187549  72.12348988  60.93909280  25.49040458   8.70673208
 [17]  64.00960711  61.48232086  51.41677236  47.28806235  44.22928828  36.89509123  36.02038242  28.42066873
 [25]  14.87131236  11.33273040  63.11074981  55.71729566  51.93400126  52.41501231  45.69563082  58.34360561
 [33]  46.11602380  43.34216997  23.17827104   9.30251563  52.48960021  50.23511857  36.00425515  33.04154372
 [41]  21.21720825   8.66286318  44.90871858  42.23671373  39.63249563  36.44004983  20.90094782  18.40323926
 [49]  12.63806273   6.19923026  43.86593322  25.72391022  23.12976472  17.12686704  14.85722627   9.64846241
 [57]  52.21085687  48.65486732  35.73723719  33.60394232  31.74709536  47.79024629  12.08615471  10.73671370
 [65]   8.52264791   6.47830267   4.87510643  48.94094735  48.13675072  42.97010622  32.21036304  12.42506027
 [73]  10.11335122  46.52580349  47.66987377  15.77382171  45.27269619  41.44850945  37.86501351  37.04790016
 [81]  33.84923310  13.59175224   6.48843297  29.49169854  23.96783952  15.73449673  43.36280756  36.96955276
 [89]  26.17602816  34.35068773  32.79623913  32.63917250  22.81833909  39.30110227  30.82783293  21.95154342
 [97]  17.19005323  15.38978825  15.15812575   2.16819290  34.80935470  18.60373716   5.31534164  40.04362205
[105]  31.31672727  16.27352488  12.37388336   8.06469104  37.62768608  36.77365512  29.24156199  35.48736805
[113]  40.58960457  37.79096948  31.00269145  29.65975258   1.39788422   1.30861331  38.01266948  28.80864179
[121]   7.69431516  39.31384904  21.69066727   1.32704839  31.85787747  28.26781971  27.75112236  21.95112575
[129]  39.16632328  11.31750565   8.00781975   4.07287156  35.42957435  36.41447658  35.70480644  32.92565308
[137]  22.63844001  17.57122322   8.98912314  35.83957501   8.18352058   2.44155159  34.39303804  28.90516837
[145]  22.71459767  21.85675687  31.36810052  22.67777793  14.66530325  14.50170610   7.51546214  31.68326534
[153]  28.21606114  18.32477710   8.13395307  23.27951353  18.44764235   6.62451345  16.55347372  10.83217308
[161]   1.90923511  30.46866317  24.17123787  24.11354984  10.30597438   6.87276254   0.25741629  25.60272891
[169]  25.50044936  22.48834336   6.17051288  34.36207772  32.56372885  16.74035394  14.39470417   7.81906374
[177]   3.48821649  32.90644387   3.04598697  29.28932146  22.55124511  15.90732974   7.35899077   2.69536553
[185]  32.17071709  31.80685504  12.85373156  20.33955926   2.45836815  32.89810309   8.17865632  28.68677534
[193]  25.67558120  12.01710103  31.77735287  27.50642485  13.72877610  12.88506065  12.11002366   2.48228806
[201]   2.27168485  12.40040195   6.40346472   5.24962236   4.12949373  17.33435179  16.95444417   9.31318563
[209]  26.51073396   6.24462743  27.26009235  21.90727576  18.21307875  23.66189171  25.63985538   8.20039847
[217]   4.39053722   1.38363810  25.67591721  19.12030635   5.52093392  20.59479776  16.01219321  14.41506370
[225]   2.95629130  17.99165145  16.29025120  16.55778704  28.98987363  19.26203815  18.83056297   9.05455584
[233]  16.47677765   2.75116677  20.83966468  10.76469815  21.31671182  20.64085983  12.06504847  10.93444397
[241]   8.58612683   1.72844890   0.23416629  21.14491940  26.87417192   8.92100639  27.67693226  13.74288138
[249]  11.15806577   1.05989541  22.59415514   1.43540827  21.38038789  14.05808528   9.80342419   3.58841246
[257]   2.70516667  13.65289137  24.88507318  23.43060979  22.13702180  18.51746260  13.34171006  10.26054210
[265]  21.12837812  18.05176856  24.75004316  17.51829516  17.16141214  13.47032163   5.38337508  24.76030387
[273]  21.67541082  20.88793798   7.80617175   2.93598170  20.92736255  17.95842548  18.96554446  14.19423041
[281]  23.28836904   9.08422194   4.53991013  17.87665821   7.07198253   4.90669579   4.16769167   3.63221982
[289]  12.71262742   7.28257110   2.28960659   3.36937353  22.10232783  13.54182930  15.69448192  14.83140179
[297]   4.07012948  18.90380319  16.43515648   9.47626255   8.69010076   3.99386326  19.39146081  11.43472402
[305]   9.22490647   7.95003641  10.77437946  14.88182473   0.11941641  21.52312570   6.98087989   9.25939386
[313]   6.39187848  17.20663606  16.79176549  20.21432677  16.84408629  12.65520822  10.97249536  19.35882762
[321]  21.14344579  19.94132812  12.42619338  17.61935369  15.68813817   0.78356459   5.04732039   3.29687957
[329]  10.98088607  19.82870080  16.69518923  12.81951444  12.57898112   9.61224043   8.44696796   3.46798795
[337]   1.24202406  14.59006065  15.40250737  10.23455967  15.54522690  12.53656425   8.92160396   6.71268974
[345]   0.59396315  13.74778059   2.63523992  10.05174892   3.80046596  15.80304879   7.19212711  14.07150112
[353]  10.06164449  10.17001260  15.36535530  13.12620669   9.53931661  13.07449478   6.03092989   2.71485303
[361]   2.54414158   0.58535920  14.73065249   2.90416227  11.73400648   7.72345770  16.85814714  15.00920907
[369]   9.79955582   8.85482041   6.05623682  15.20241080   2.74436869   0.64024617  16.10880397  15.84746630
[377]  15.50736908   3.32363091   0.51023362  13.80983380  11.13752629   2.16333859   2.01507354  15.80589245
[385]  14.93978490  16.27598107  16.16462364  11.65848557   2.52180864   7.95778687   1.48331571   6.97515326
[393]   7.60825975   0.45733335   9.63281768   8.09031935   6.68972394   1.56363561  12.84558895  10.05122500
[401]  14.29594810  11.16933929   6.86440147   5.92787298   4.81326854   9.47308338   9.85646155   0.85667607
[409]  12.62998794  10.72717158  12.41919423  13.27301240  12.12074562   5.29679567   3.87556205  10.31984547
[417]   1.22909932   0.03500788  13.80932107  13.29884212   0.88362882   4.82130487   1.73713251   1.54466652
[425]   7.59009555   3.75864499   2.20634221   6.55365317   3.38224995  11.61267666   8.88947594  13.35217707
[433]  11.93945827   7.50970172  10.59580254  10.48818981   0.50753272   8.45538584   1.79788385  12.74122664
[441]  12.34576049   6.06545951   2.15680796   8.08630502   0.75673507   8.27034759   5.13869003  11.43466571
[449]   5.41607805   4.70400950   4.54792083   1.41701941   9.71569224  12.03193825   9.68345368   8.55134220
[457]  10.45847069  11.40113265   6.80222388   5.40691068  11.92974713  10.42536735   7.33314494  11.89284219
[465]   0.86376004   1.89576874  11.82360170   6.41448328   8.02677688   1.07690728   6.44547768   2.35072786
[473]   4.30484144   1.43514319   0.29848821   5.13716764   3.31068394   0.29393270   6.11272519   1.72630198
[481]   0.46125507   9.45989077   1.67663810  10.30124991   8.11173182  11.41132136   6.59515083   4.95909408
[489]   6.56296347   4.07888383   6.81383161   8.99842786   7.01946665   7.12126400   0.68311582   3.94861700
[497]   0.68738456   5.16554131  10.04312424   9.05095712   6.59818688   8.43205790   8.86237370   7.80578456
[505]   5.02758839   9.21041442   8.89902959   6.45493562   0.28590740   6.04452329   8.43548651   5.81770788
[513]   0.71448890   7.14551518   6.84690078   3.22953556   8.53778127   1.74614981   0.57864763   5.89670130
[521]   4.79972518   1.66815667   4.82178886   7.74917261   7.40634382   9.19893377   5.03508176   1.40073920
[529]   0.87713710   1.25533884   1.89397677   6.71690970   8.70952543   8.38286874   7.45634424   2.28897566
[537]   6.97220246   1.32737621   6.40673501   1.06683658   1.36094891   8.38318107   3.44987014   0.84139267
[545]   8.75130459   3.91239847   2.78085412   5.02938626   8.69096353   5.87798412   2.80789152   2.22276025
[553]   5.38921705   5.64666575   4.65411366   1.17719056   3.96084427   3.90224055   6.24013038   3.19148903
[561]   7.83345600   3.48574147   1.79754621   0.84285011   7.56194303   1.88555052   3.66708849   2.28220883
[569]   7.77303539   6.60381355   1.19052315   7.97953824   2.40979351   7.89506967   3.39375069   1.17737358
[577]   1.01467737   0.53041818   1.17068186   6.20779926   7.20568301   1.16553203   2.95266570   3.71238574
[585]   7.48364218   3.04291347   5.01927219   6.34602460   4.35792553   6.19512721   3.50471788   3.28353385
[593]   2.61219339   5.93517957   2.90738936   0.47789343   5.63269788   2.84276744   2.37369056   0.45861312
[601]   2.58294265   2.35284192   5.58813005   0.18524504   4.84706173   0.63700303   0.73000141   5.88775106
[609]   2.67185882   3.48067110   5.17128344   4.09064160   5.20165514   3.61383764   3.25630448   1.59900120
[617]   4.70745753   0.96736691   0.10682787   4.77115642   4.03129973   4.64009288   1.68915973   4.08001716
[625]   0.74258889   2.33178561   3.84437376   0.10164345   3.42295895   1.29139019   3.69294942   0.05195433
[633]   2.19989770   0.35547565   0.02823720   1.78327683   1.86963202   3.81688563   2.72649971   2.83013427
[641]   2.11438280   1.69221935   0.03390970   0.38212080   2.50807048   2.58339571   0.42920076   0.04548168
[649]   0.55939075   1.72595899   0.24025891   1.55214529   1.76899459   0.51678891   1.74369140   0.49245321
[657]   0.23700715   0.73153620   0.81062453   1.80113977   0.14401016   1.69758865   1.62959682   0.21898705
[665]   0.45523420   0.91733681   0.41137958   0.37789931   0.00660144   0.76839105   0.22346967

$PAR
  [1]  NA   1   2   3   4   4   4   5   6   6   6   8   7   9   9   9  13  12  12  12  12  12  12  12  12  12  17  17
 [29]  17  10  10  27  27  27  27  27  18  18  18  18  14  14  32  32  32  32  32  32  32  32  37  37  37  37  37  37
 [57]  30  30  30  30  30  57  57  57  57  57  57  19  19  38  38  38  38  58  62  75  74  74  74  33  33  33  33  31
 [85]  31  31  77  77  77  43  43  43  43  21  21  21  21  21  21  21  51  51  51  34  34  34  34  34  70  70  70  44
[113]  78  78  78  78  78  78 113 113 113  45  45  45 122 122 122 122  94 129 129 129 119  79  79  79  79  79  79 109
[141]  22  22 110 110 110 110  23  23  23  23  23  39  39  39  39 140 140 140  59  59 135 112 133 133 133 133 133 101
[169] 101 101 101 143 143 143 143 143 143 172 172  60  60  60  60  60  40  40  40 136 136 178 178 190  91  92  71  71
[197]  71  71  71  71  71 185 185 185 185 186 186 186 195 195  61  61  61 147 105 105 105 105  95  95  95 162 162 162
[225] 116  84  84 180 111 229 229 229 144 144 120 120 192 192 192 192 192 192 192  24 126 126 153 247 247 247 196 196
[253] 211 211 211 211 211  89  52  52  52  52  52  52 219 219 193 193 193 193 193 215 215 215 215 215 168 169  15  15
[281] 259 259 259 272 163 163 163 163 164 164 164  85 214 156  35  35  53 251 181 181 181 181 261 261 261 261 293 128
[309] 128 212 212 123 123 273 310 253 237 237 237  41 244 244 244 321 321 321 265 265 277 274 274 274 274 274 274 274
[337] 274 235 238 238 316 316 322 322 322 330 230 279 279 262 262  48  48 213 284 284 284 138 138 138 138 138 268 206
[365]  97  97 269 269 269 269  54 317 315 315 174 174 174 174 174 331 331 331 331 228 159 233 386 106 106 375 223 182
[393] 350 350 295 295 295 295 341 341 339 339 339  98  98 355 372 372 368 368 385 308 296 363 363 338 338 338 150 224
[421] 175 401 401 401 254 254 254 419 419 258  82 294 294 294 270 270 270 432 432 263 263 263 263 420 412 356 356 358
[449] 358 358 358 358 187 332 440 289  49 409 409 333 342 342 342 323  72 411 107 107 441 441 413 413 454 454 454 194
[477] 461 461 464 464 464 467 467 365 365 430 430 448 458 458 130 402 402 329 319 240 240 160 307 307 307 236  64  64
[505]  64 435 436 457 457 462 484 264 264 354  73  73 407 407 407 455 395 334 357 406 482 208 208  36 305 526 282 500
[533] 492 139 139 139 343 343 246 246 431 503 503 503 370 370 370 545 533 533  16  16 549 301 301 301 241 241 456 456
[561] 517  65 438 335 534 446 141 485 396 108 469 131 572 390 574 574 176 176 504 569 121 393 425 565 151 151 525 290
[589] 290 351 351 494 311 392 392 403 515 532 158 158 508 508 468 539 313 210 442 510 510 359 594 520 554 554 597 603
[617] 460 460 414 613 498 476 587 488 286 523 405 405 617 617 283 283 589 287 205 624 490 621 621 638 591 562 610 575
[645] 560 179 225 640 257 184 184 361 645 200 189 142 142 573 602 626 201 641 641 161 398 652 541 470 250 564 167

$EXTANT
  [1] FALSE FALSE FALSE FALSE FALSE FALSE FALSE FALSE FALSE FALSE FALSE  TRUE FALSE  TRUE FALSE  TRUE FALSE FALSE FALSE
 [20] FALSE  TRUE  TRUE  TRUE FALSE  TRUE  TRUE  TRUE FALSE FALSE FALSE  TRUE  TRUE  TRUE  TRUE  TRUE  TRUE  TRUE FALSE
 [39]  TRUE FALSE  TRUE  TRUE  TRUE FALSE  TRUE FALSE FALSE  TRUE FALSE  TRUE  TRUE  TRUE  TRUE  TRUE FALSE  TRUE FALSE
 [58] FALSE  TRUE  TRUE FALSE FALSE  TRUE FALSE  TRUE  TRUE  TRUE FALSE FALSE FALSE  TRUE  TRUE FALSE FALSE FALSE FALSE
 [77] FALSE  TRUE  TRUE FALSE FALSE  TRUE  TRUE  TRUE  TRUE  TRUE FALSE FALSE  TRUE FALSE  TRUE  TRUE FALSE FALSE FALSE
 [96]  TRUE  TRUE  TRUE FALSE  TRUE  TRUE FALSE FALSE FALSE  TRUE  TRUE  TRUE FALSE FALSE FALSE FALSE FALSE FALSE FALSE
[115] FALSE FALSE  TRUE  TRUE  TRUE  TRUE  TRUE FALSE  TRUE  TRUE FALSE  TRUE FALSE  TRUE  TRUE  TRUE  TRUE  TRUE  TRUE
[134] FALSE  TRUE  TRUE FALSE  TRUE  TRUE  TRUE  TRUE  TRUE  TRUE  TRUE FALSE  TRUE FALSE FALSE FALSE  TRUE  TRUE FALSE
[153] FALSE FALSE  TRUE  TRUE FALSE  TRUE  TRUE  TRUE  TRUE FALSE  TRUE  TRUE FALSE  TRUE  TRUE FALSE FALSE  TRUE  TRUE
[172]  TRUE FALSE  TRUE  TRUE  TRUE FALSE FALSE  TRUE  TRUE  TRUE  TRUE  TRUE  TRUE  TRUE  TRUE  TRUE FALSE FALSE FALSE
[191]  TRUE  TRUE  TRUE  TRUE  TRUE  TRUE FALSE  TRUE FALSE  TRUE  TRUE FALSE  TRUE FALSE  TRUE  TRUE FALSE  TRUE FALSE
[210]  TRUE  TRUE  TRUE  TRUE FALSE FALSE FALSE  TRUE  TRUE  TRUE FALSE  TRUE FALSE  TRUE  TRUE  TRUE FALSE FALSE  TRUE
[229]  TRUE FALSE FALSE  TRUE  TRUE  TRUE FALSE FALSE FALSE  TRUE  TRUE  TRUE FALSE  TRUE  TRUE  TRUE FALSE FALSE  TRUE
[248]  TRUE FALSE  TRUE FALSE  TRUE FALSE  TRUE FALSE  TRUE  TRUE FALSE  TRUE FALSE FALSE  TRUE  TRUE  TRUE  TRUE  TRUE
[267]  TRUE  TRUE FALSE  TRUE  TRUE FALSE  TRUE  TRUE FALSE  TRUE  TRUE FALSE FALSE FALSE FALSE  TRUE  TRUE FALSE FALSE
[286]  TRUE  TRUE  TRUE FALSE  TRUE  TRUE FALSE  TRUE FALSE  TRUE FALSE  TRUE FALSE FALSE  TRUE  TRUE  TRUE  TRUE  TRUE
[305]  TRUE FALSE  TRUE  TRUE  TRUE FALSE  TRUE  TRUE  TRUE FALSE  TRUE  TRUE  TRUE  TRUE  TRUE  TRUE  TRUE  TRUE  TRUE
[324] FALSE  TRUE  TRUE  TRUE  TRUE FALSE FALSE  TRUE FALSE  TRUE  TRUE  TRUE  TRUE  TRUE  TRUE FALSE FALSE  TRUE  TRUE
[343]  TRUE  TRUE  TRUE FALSE  TRUE  TRUE  TRUE  TRUE  TRUE FALSE FALSE  TRUE  TRUE  TRUE  TRUE  TRUE  TRUE  TRUE  TRUE
[362]  TRUE  TRUE  TRUE  TRUE  TRUE  TRUE FALSE  TRUE  TRUE  TRUE  TRUE  TRUE  TRUE FALSE FALSE FALSE  TRUE  TRUE  TRUE
[381]  TRUE  TRUE  TRUE FALSE  TRUE  TRUE FALSE FALSE FALSE FALSE  TRUE  TRUE  TRUE  TRUE  TRUE  TRUE  TRUE  TRUE FALSE
[400] FALSE  TRUE  TRUE  TRUE  TRUE  TRUE FALSE  TRUE  TRUE  TRUE FALSE  TRUE  TRUE  TRUE  TRUE  TRUE  TRUE  TRUE  TRUE
[419]  TRUE  TRUE  TRUE  TRUE  TRUE  TRUE  TRUE  TRUE  TRUE  TRUE  TRUE  TRUE FALSE  TRUE FALSE  TRUE  TRUE  TRUE  TRUE
[438]  TRUE  TRUE FALSE  TRUE  TRUE  TRUE  TRUE  TRUE  TRUE  TRUE  TRUE  TRUE  TRUE  TRUE  TRUE FALSE  TRUE  TRUE  TRUE
[457]  TRUE  TRUE  TRUE  TRUE  TRUE  TRUE  TRUE  TRUE  TRUE  TRUE  TRUE  TRUE  TRUE  TRUE  TRUE  TRUE  TRUE  TRUE  TRUE
[476] FALSE  TRUE  TRUE  TRUE  TRUE  TRUE  TRUE  TRUE  TRUE  TRUE  TRUE  TRUE  TRUE  TRUE  TRUE  TRUE  TRUE  TRUE  TRUE
[495]  TRUE  TRUE  TRUE  TRUE FALSE  TRUE  TRUE FALSE  TRUE  TRUE  TRUE  TRUE FALSE  TRUE  TRUE  TRUE  TRUE  TRUE  TRUE
[514] FALSE  TRUE  TRUE  TRUE  TRUE  TRUE  TRUE  TRUE  TRUE  TRUE FALSE  TRUE  TRUE  TRUE  TRUE  TRUE  TRUE FALSE FALSE
[533]  TRUE  TRUE FALSE  TRUE  TRUE  TRUE  TRUE  TRUE  TRUE  TRUE FALSE  TRUE  TRUE  TRUE  TRUE  TRUE  TRUE FALSE  TRUE
[552]  TRUE  TRUE  TRUE  TRUE  TRUE  TRUE  TRUE  TRUE  TRUE  TRUE  TRUE  TRUE  TRUE  TRUE  TRUE  TRUE  TRUE  TRUE FALSE
[571]  TRUE  TRUE  TRUE  TRUE  TRUE  TRUE  TRUE  TRUE  TRUE  TRUE  TRUE  TRUE  TRUE  TRUE  TRUE  TRUE  TRUE  TRUE  TRUE
[590]  TRUE  TRUE  TRUE  TRUE  TRUE  TRUE  TRUE  TRUE  TRUE  TRUE  TRUE  TRUE  TRUE  TRUE  TRUE  TRUE  TRUE  TRUE  TRUE
[609]  TRUE  TRUE  TRUE  TRUE FALSE  TRUE  TRUE  TRUE  TRUE  TRUE  TRUE  TRUE  TRUE  TRUE  TRUE  TRUE  TRUE  TRUE  TRUE
[628]  TRUE FALSE  TRUE  TRUE  TRUE  TRUE  TRUE  TRUE  TRUE  TRUE  TRUE  TRUE  TRUE  TRUE  TRUE  TRUE  TRUE  TRUE  TRUE
[647]  TRUE  TRUE  TRUE  TRUE  TRUE  TRUE  TRUE  TRUE  TRUE  TRUE  TRUE  TRUE  TRUE  TRUE  TRUE  TRUE  TRUE  TRUE  TRUE
[666]  TRUE  TRUE  TRUE  TRUE  TRUE  TRUE

