
Birth-death simulation object with 691 species and 500 extant species

Details for some species:

Extinction times (NA means extant)
[1] 32.57021 68.56818 51.29250 29.64882 19.20789       NA


Speciation times 
[1] 71.41961 70.74333 63.96237 54.07241 54.00277 45.52296


Species parents (NA for initial)
[1] NA  1  1  1  1  1


Species status (extinct or extant)
[1] "extinct" "extinct" "extinct" "extinct" "extinct" "extant" 


For more details on vector y, try sim$y, with y one of
TE TS PAR EXTANT



$TE
  [1] 32.5702067 68.5681798 51.2924996 29.6488169 19.2078851         NA         NA 37.7852290 59.8726251 54.6337057
 [11] 42.6321103         NA         NA  1.2589747 48.1379596  4.4549966  4.7037207  0.1488191 39.3953541 10.5642010
 [21]         NA 15.6639364         NA         NA         NA         NA         NA 39.4976821 21.1593837 25.5073409
 [31] 34.0043088  1.1563563         NA         NA         NA 52.8654389         NA 10.2065551         NA 37.2689276
 [41]         NA         NA         NA 40.6036729 27.5656175  8.3702823 16.4055876         NA         NA 31.9949803
 [51]         NA  1.1351765  6.5840325         NA  6.2246327         NA 21.4567448         NA         NA         NA
 [61]  4.6552980 34.0550384         NA  9.0347804 18.3244721  1.7039166         NA         NA 36.4155237         NA
 [71] 13.2331061 11.3960393         NA         NA         NA 13.3096242         NA 15.9050237         NA 11.4229878
 [81]         NA 27.5079231         NA         NA 25.6465753 15.5638143         NA 22.2711865         NA 11.6743392
 [91] 10.1501885         NA 16.6147422 25.2722881         NA         NA         NA 20.3917108         NA 14.5984204
[101]         NA         NA  8.9105336         NA         NA         NA         NA         NA         NA         NA
[111] 15.8195532         NA         NA  6.9269732  8.4257128 33.7747289 26.4317616         NA 18.3208999         NA
[121] 27.6702999         NA         NA         NA         NA         NA 17.3011626  7.8428164         NA         NA
[131]         NA         NA 24.9433959         NA  8.5705814 21.2285021         NA         NA  4.1309480         NA
[141]  0.2208457 24.1691381 14.2450832 11.4048249         NA  4.5484397 30.1098654  0.9177555         NA  3.5084306
[151]  4.4297123         NA         NA         NA         NA         NA 13.8867446         NA         NA         NA
[161]         NA 17.6946030         NA         NA 23.9468027  5.5422636         NA  2.0425171         NA  8.3059367
[171]         NA         NA 16.0574640         NA         NA         NA         NA 19.8562994 16.3452355         NA
[181]         NA 22.1633660         NA         NA  7.1282947         NA 19.8925863         NA  9.5485861         NA
[191]  1.2327810         NA  2.3864959         NA  0.3365878         NA         NA         NA         NA         NA
[201]  3.5224203         NA         NA         NA  4.9520070         NA         NA         NA         NA 13.3108505
[211]         NA         NA 18.6794113  0.9091005         NA         NA         NA         NA  1.6984913         NA
[221]         NA         NA  8.3911212 17.4853366         NA         NA         NA  0.1937476  0.1164824         NA
[231]         NA  7.4438466         NA 10.3296927         NA 13.2468072         NA 17.1707289  7.2101888         NA
[241] 15.4288050  5.0722999  7.3987740  2.3114053         NA         NA         NA  7.0775904         NA         NA
[251]         NA         NA  5.3533216 18.9072579         NA  2.8480518  0.9382299         NA         NA         NA
[261]         NA         NA         NA         NA         NA         NA  0.4104263         NA         NA  6.7728987
[271]         NA  0.5437054         NA         NA         NA  7.8954593 10.1468404         NA  8.7542280  5.8965031
[281]         NA         NA  0.6776713  9.3773944         NA         NA         NA         NA         NA  7.2566623
[291]         NA         NA         NA  6.0782818         NA         NA  3.0277703         NA  6.1117925  6.3585415
[301]  2.0190578         NA  9.9195697         NA         NA         NA         NA         NA         NA         NA
[311]         NA  0.9929063         NA         NA  7.4503161         NA         NA         NA         NA         NA
[321]         NA         NA         NA         NA         NA 14.1634716  4.9533962  0.3104713         NA         NA
[331]         NA         NA         NA         NA         NA         NA         NA         NA         NA         NA
[341]         NA         NA         NA         NA         NA         NA  0.9304579         NA         NA         NA
[351]         NA         NA         NA  7.1391393         NA         NA         NA         NA         NA         NA
[361]         NA 14.1598052         NA         NA         NA         NA         NA         NA 14.5156600         NA
[371]  2.2090474         NA         NA         NA  6.7719309  1.9669263         NA  3.8086961         NA  6.2409775
[381]  8.2910814         NA         NA         NA         NA  2.2785258  7.6605382         NA         NA         NA
[391]  1.8801023         NA         NA         NA         NA         NA 14.5933590         NA         NA  3.8934603
[401]         NA  6.6213124         NA         NA         NA         NA         NA         NA         NA         NA
[411]         NA         NA         NA         NA         NA  5.2808443  2.1881601         NA  4.3456504         NA
[421]         NA  8.6514206         NA         NA  3.6452660         NA         NA         NA 12.5628093         NA
[431]  7.5818724         NA         NA  7.2623226         NA  9.6402137         NA         NA         NA         NA
[441]         NA         NA         NA  0.2778042         NA         NA         NA         NA         NA         NA
[451]         NA 12.5969484  4.0640061         NA         NA         NA  0.1928210         NA  4.4193670         NA
[461]         NA         NA         NA         NA         NA         NA         NA  6.4680946         NA         NA
[471]         NA  8.4770652         NA         NA         NA         NA         NA         NA  3.4617428         NA
[481]         NA         NA         NA         NA         NA         NA         NA         NA         NA         NA
[491]  3.3240094         NA         NA         NA         NA  1.9703273         NA         NA         NA         NA
[501]         NA         NA         NA  9.4020360         NA         NA         NA         NA         NA  3.8237283
[511]         NA         NA         NA         NA         NA         NA         NA         NA         NA         NA
[521]         NA  2.2507816         NA         NA         NA         NA         NA         NA  1.1557509         NA
[531]         NA         NA  1.4879393  6.4089043         NA         NA         NA         NA         NA  2.8739820
[541]         NA         NA         NA         NA         NA         NA         NA  4.0514113         NA         NA
[551]         NA         NA         NA         NA         NA         NA         NA         NA         NA         NA
[561]         NA         NA         NA  4.8226490         NA         NA         NA         NA         NA  6.4901389
[571]         NA         NA         NA         NA  3.1024603         NA         NA  3.9616571         NA  1.2971095
[581]  4.2361671         NA         NA         NA         NA         NA  0.5214133         NA         NA         NA
[591]         NA         NA         NA         NA         NA         NA  6.4047370         NA         NA         NA
[601]         NA         NA         NA         NA         NA         NA         NA         NA         NA         NA
[611]         NA         NA         NA         NA         NA         NA         NA         NA         NA         NA
[621]         NA         NA         NA         NA         NA         NA         NA         NA         NA         NA
[631]         NA         NA         NA         NA         NA         NA         NA         NA         NA         NA
[641]         NA         NA         NA  0.4701750         NA         NA         NA         NA         NA         NA
[651]         NA         NA         NA         NA         NA         NA         NA         NA         NA         NA
[661]         NA         NA         NA         NA         NA         NA         NA         NA         NA         NA
[671]         NA         NA         NA         NA         NA         NA         NA         NA         NA         NA
[681]         NA         NA         NA         NA         NA         NA         NA         NA         NA         NA
[691]         NA

$TS
  [1] 71.419605146 70.743326532 63.962374750 54.072413614 54.002774725 45.522956881 32.746158318 69.532870453
  [9] 62.315391450 55.061130430 47.451379008 63.059659453 61.334402759 61.080083029 52.691800382 49.149585117
 [17] 43.706245089 12.226780396 41.885579949 39.548892447 35.306625239 31.629242630 21.191993452 18.499091280
 [25]  0.911578270 59.181283165 47.482408520 43.176652777 39.877328018 38.992955435 37.516278482 33.816071355
 [33] 31.918628222 26.258732963  2.147152767 55.290745093  3.310014931 53.395567781 43.159476940 44.732971950
 [41] 32.508291542 29.550721422 26.423187542 51.298821842 45.630183158 43.598619843 38.205448123 13.451471550
 [49] 48.832139353 43.947461054 13.296592044 12.905309176  8.897035363 17.278902810 37.421797265 34.211282863
 [57] 24.441827091 39.104975642 34.121050190 31.239383689 29.243792662 45.261141108 35.091825878 23.184227169
 [65] 21.944200815 15.359318814  4.686241745 40.723482421 42.864887822 33.856918575 29.084239791 13.971979603
 [73]  7.809503199  7.701015434  5.546980793 40.094008529 23.973214063 16.334772120 43.075041340 24.361381772
 [81]  3.954080808 40.589612807 34.612751641 31.671782946 41.536652803 29.210841305 27.741607896 35.518491855
 [89] 23.130186415 16.418414749 38.398012003 37.876457433 28.009929269 27.953127932 23.878401213 19.916385680
 [97] 39.066789324 29.033757538 22.371174881 39.191603420 25.321587882 13.409983217 32.195338032 13.509431163
[105]  7.560089797  5.666404206 17.455821719 11.910139250 31.783515503 31.027214401 36.319910293 21.068330358
[113] 19.992912786 18.273454538 14.689954325 34.191543226 33.326295026 28.375421710 25.471216341 31.251569792
[121] 29.189810381 22.560805498 12.895773156  7.082556221  8.913334474 34.293657094 25.734868087 30.097404149
[129] 28.602180722 19.393730889 11.150707071  7.614737791 34.528809950 29.330140460 32.612440406 24.800324196
[137] 19.225667052 14.205358604  8.622146572  4.748461933  2.161563460 28.865047307 23.212300399 20.339494892
[145] 13.481345940  6.357578161 33.396191621 32.700523614 10.449398308 10.339316231  4.549297829 24.643661348
[153] 18.876419369 15.529329399 10.945768225 28.456508631 24.523272386 20.486235639  4.098922427 30.463123553
[161]  7.817122846 23.222501964  8.787960538  4.129856469 30.850073336 24.880431489 12.810737636  9.155292519
[169]  5.187992582 25.109703571 23.662994604 15.154622312 28.469111539 28.309939449  7.782787105  1.451838619
[177]  0.374592575 25.560111105 21.028018058 21.502462434 30.033761850 26.354034865 24.466581760 13.521248527
[185] 13.295637737  0.687553981 27.609972478 26.562185245 23.197736093 21.835611312 10.407433276  7.369031076
[193] 25.817869146 25.693613457  9.287733259  7.928064512  7.699760061  6.141910383  3.241353316 27.600697275
[201] 21.623081113  9.388461975  4.456557520 28.690877943  8.481701850  0.687704473 19.779028719 10.288500911
[209] 28.525083804 26.347493208 16.865476943 18.415277073 24.637175414 20.759522600 27.032012387 21.113412662
[217] 20.878273525  2.042829897  1.934675611 11.306573730  9.225655987 21.370676331 21.102377506 18.221816489
[225] 21.517781093 10.207952596  5.598915959 21.370985056  4.515159619  7.223145778  8.279385962 25.996766901
[233] 20.525774230 17.517196737 10.459816470 15.142126360 20.223865085 23.583030261  7.613738757  5.924570720
[241] 25.790091039 22.142448885 16.269548311  9.684970801  1.470692059  1.007598004 12.910135017 12.467428912
[249] 24.252999828 22.126667708 16.606744666  6.534805855  6.126797301 25.032806749 24.188327294 24.766281704
[257]  3.815555796 18.061250382 11.046161661 10.524176022  3.595862689 23.818545070 22.267722150 17.120508391
[265] 11.729534517  4.882241680 24.349029390 23.258754713 21.480932609 16.435852895  9.391541254  9.134583344
[273]  2.526716829  0.853275925 21.760211282 23.265564844 23.575635631  4.829060534 18.230122145 13.616978823
[281] 10.841281742 19.621991259 19.181643080  9.520709130  6.253664137  1.516105548  4.269213071 15.625707040
[289]  9.507835007 16.927269827 10.686037787 17.171264679 22.343734974 21.849936485 14.129386439  9.387440032
[297]  9.572060961 11.374918934  8.091283179  9.910100274 13.705412929  5.794406335 13.100608792  8.823610885
[305]  5.874498399 19.652382888  3.714108337  3.671346280 20.970647013 10.440316588  5.778335311  2.635909763
[313] 18.015543639 13.001161700 10.807498235  9.797019786  2.189331544 17.596074356 19.557110804 15.202662081
[321] 11.361410787 10.158875243  9.857003137  9.710829148  6.540201979 20.890493187 20.488325125 11.094455394
[329] 20.766661641 14.588552307 11.034297029  9.401781438  9.285839884  7.452845373  6.368558858  4.985638967
[337]  4.969202632 14.469894382  6.253195796 16.394213876 15.139600864 12.234944082  6.210986274  3.537616604
[345]  2.888515662  2.787594920 11.588691753 19.851078994  7.146912103 16.070382334 18.058061991 17.835983080
[353]  5.821850044 15.003877703  8.407272130  1.714837548  1.700564086  0.287178487 11.458157001  6.251812939
[361]  4.483394682 17.368820624 13.286005496  7.113503558  4.927551304 15.128880086  1.870934944 10.587287954
[369] 17.767577501 17.626258963  8.438963562  2.189883638  1.544160957 13.902563375 12.729900090  4.043559621
[377] 16.486414959 15.644890967 19.102283872 11.959222615 11.416621428  8.086860479  5.684557022  3.954930967
[385]  2.678093561 17.600779149  9.519059870  1.197573895  5.173038127  0.148057639 15.097528732 13.704593867
[393] 12.734464690 11.579664073  9.737200321 17.710379382 17.422982952  5.782042182  9.435575670  8.677411079
[401]  5.648887426 17.211801950  8.714261847  7.800375486  7.055757383  0.218582051  2.690621734 17.410312553
[409]  2.926236408  2.619995865 14.667342264 14.205311141 11.032108302 10.915326357  4.230942682 10.286624482
[417]  9.813186570  1.824093123 13.738186909 12.907802062  6.893360759  9.553397268 16.072132756 11.231721198
[425] 15.796956837  1.268584755 15.932374950  8.105245649 12.820222938  3.705619482 11.878439983 11.612334713
[433]  8.628572096  7.990104327 10.716711868 13.514285966 10.857149319  1.155526111  0.887282965  2.819289686
[441]  3.966969794 14.429315909  7.642462424  2.233193369 14.808430320  9.227658772  4.702051718  8.103394678
[449]  5.699016166  9.811502469  1.867278019 12.625544031 11.935187908  4.215565766  9.697321833  4.126176194
[457] 13.390441358 12.899578930 11.506114964  2.213166401  1.437769661  7.274935726  4.525126701  3.781002423
[465]  8.158253991  6.056773343  5.303402656  6.865405499 10.603637443  7.847567311  2.086136451 12.006124236
[473]  6.908534948  2.222332425 12.820316968  7.053971271  0.166070507 10.193853350  4.720105767  0.265758723
[481] 11.624597595  9.499163439  8.341432431 10.553137740  0.750931414  8.122853226  7.236814042  5.663353063
[489]  1.987212897  3.677545172  3.654371152 11.862740830 10.836721134 10.264136365  9.443754773  3.630338060
[497]  2.323970850 10.047033289  2.544844889 10.503167689  9.192956968  4.964334580  2.427818046 10.028494472
[505]  0.696338701 10.071150960  9.982013443  7.092830094  6.881013501  4.199091082  5.442456306  3.199384763
[513]  3.097866455  5.624071716  4.923195032  4.595991158  1.528764988  2.418326002  8.812469074  4.847316023
[521]  4.142108198  8.603794487  8.175883541  6.501241822  4.796723159 10.651387453  9.780188535  6.885749794
[529]  7.917914323  5.124107375  3.836209557  3.666793954  1.943579673  7.225051484  5.007040303  8.708141555
[537]  9.492501618  6.687787337  7.336797331  9.350064967  5.592939652  2.119314022  1.764635796  0.890930051
[545]  0.781799027  9.204542036  8.006368655  6.021213477  7.084144739  8.588865462  9.182099180  9.165450704
[553]  7.753222752  0.646516935  1.124068105  3.539497449  1.796510352  5.529275211  4.691756241  7.839044097
[561]  6.629158246  5.761253317  5.597804309  9.073779219  8.478215837  8.344351009  9.161497343  7.494357003
[569]  3.613575909  7.823819459  7.809813834  5.329026516  1.929311973  0.116875850  6.887770044  4.119064632
[577]  0.461897484  7.734987426  3.697849378  1.388826214  6.327384444  6.467868680  1.058165780  1.483044659
[585]  3.524655696  3.338497400  3.114010475  0.906756369  7.320467121  2.176458075  4.312447781  4.685813331
[593]  4.402841146  4.866054427  7.326173958  1.664957276  7.016787268  1.826649543  6.702817486  0.162326506
[601]  3.795024663  2.157914431  4.983901793  5.377552713  3.930413946  7.071958805  4.509482110  3.410150305
[609]  1.807938464  3.980035564  7.011420662  3.271151054  1.168553802  1.865408221  2.555363613  2.227654489
[617]  4.563736170  2.725408237  2.003660008  2.964632397  0.323385454  2.932185350  6.185062175  1.169958708
[625]  3.778602263  1.062080107  3.708025483  5.463887949  5.005318352  5.455759415  5.546812581  4.449580205
[633]  3.090867775  5.144761902  0.295411710  1.746979419  4.722290839  4.625179646  4.342953510  2.762085284
[641]  3.518971977  4.455873630  3.632487002  3.438648241  2.105925995  1.366618124  3.207949516  4.588210968
[649]  3.808575233  3.437507869  2.393335683  3.039985677  1.848563101  0.685867260  3.997015610  3.549639808
[657]  2.885292807  0.611236358  3.181201669  0.868308672  1.889226415  0.889670428  1.562210291  2.122465903
[665]  2.070965840  3.444273159  2.711412623  3.370036107  3.118138850  3.232066418  1.096343618  0.707197529
[673]  0.307315119  1.616600109  0.744811770  0.351448301  0.027943712  1.364000702  0.002569737  0.273409655
[681]  1.575326984  0.038785477  0.085139752  0.040210596  1.532241265  0.162279253  1.444003726  0.292092603
[689]  0.127169553  0.056440544  0.160813841

$PAR
  [1]  NA   1   1   1   1   1   1   2   8   8   8   3  12  12  12  12  12  12  13  13  13  13  13  13  13  14  14  14
 [29]  14  14  14  14  14  14  14  26  26   4   4   5   5   5   5  38  38  38  38  38  44  16  16  16  16  49  27  27
 [57]  27  45  45  45  45   6   6   6   6   6   6  40  50  50  17  17  17  17  17  46  46  46  39  39  39  79  79  79
 [85]  19  85  85  68  68  68  82  82  82  76  76  76  29  29  29  20  20  20 100  58  58  58  97  97  30  30  91  91
[113]  91  91  91  47  47  47  47  92  92  92  92  92  55  88  88  21  21  21  21  21  63  63  83  83  83  83  83  83
[141]  83 126 126 126 126 126  56  56  56  56  56  70  70  70  70  32  32  32  32 117   7 148 148 148 135 135  41  41
[169]  41 103 103 103  33 109 109 109 109  84  84  22 120 120 120 120 120 120 110 110 110 110 110 110 160 160 160 128
[197] 181 181 181  42  42  42  42 134 134 134  61  61  86  86  86  71  98  98 204 204 204 204 204 129 129 209 209 209
[225] 156 156 156 118 118 174  87 200 200 200 200 215 188  43  43  43  34  34  34  34  34  34 232 232 193 193 193 193
[253] 193 241 241 127 194 101 101 101 101 166 256 256 152 152 213 213 183 183 183 183 183 183  57  80 267 267 249 249
[281] 249  77  77  77  77  95 262 171 171 277 277 276 189 189 189  99 293 242 242 250 190 190 275 201 201 225 225 225
[309] 180 180 180 180 269 269 269 228 228 222 216 216 216 216 112 112 112 179 309 309 326 326 217 217 217 217 217 217
[337] 217 214 214 233 233 233 233 233 233 233 327 158 158 144 237 237 237 113 113 113 113 113  96  96  96 348 348 348
[365] 348 207 207 306 282 282 282 282 282 319 319 319 130 130 137 283 283 283 283 283 283 379 379 379 153 153  24  24
[393] 212 279 279 258 258 258 351 351 313 352 352 396 396 370 386 318 318 318 107 107 107 408 408  54  54  54 402 402
[421] 402 292 211 211 251 251 377 270 340 340 243 423 423 427 378 154 154 154 154  66 320 172 172 172 236 341 391 354
[449] 445 115 411 338 338 338 442 442 138  72 374 374 374 419 301 301 392 392 392 280 184 184 104 145 145 145  48  51
[477]  51 185 363 363 303 314 314 247 247  52  52  52  52 123 123 167 375 375 342 342 342  18  18 108 108 108 108 492
[505] 265 481 481 481 481 481 432 347 394 359 298 220 424 131 331 331 331 413 414 493 493 315 315 435 526 469 469 469
[533] 469 368 500 235 149 191 150 494 494 494 494 494 494 226 322 506 498 507 323 450 455 455 482 537 537 495 495 271
[561] 271 333 333 546 546 546 551 551 567 168 272 272 272 163 403 403 536 139 522 355 566 231 523 448 382 382 547 547
[589] 470 470 560 161 161 571 404 175 553 197 443 443 568 568 192 539 539 595 595 589 487 349 124 476 473 421 528 528
[617] 538 561 524 582 582 360 343 343 466 240 305 353 353 302 449 383 106 488 401 514 227 227 541 628 604 634 634 530
[645] 515 520 447 559 559  67 516 607 607 607 632 591 591 454 521 521 164 159 441 257 532 496 569 656 656 641 641 666
[673] 668  37 409 667 667 312 410 460 602 645 619 367 614 614 596 681 663 426 545

$EXTANT
  [1] FALSE FALSE FALSE FALSE FALSE  TRUE  TRUE FALSE FALSE FALSE FALSE  TRUE  TRUE FALSE FALSE FALSE FALSE FALSE FALSE
 [20] FALSE  TRUE FALSE  TRUE  TRUE  TRUE  TRUE  TRUE FALSE FALSE FALSE FALSE FALSE  TRUE  TRUE  TRUE FALSE  TRUE FALSE
 [39]  TRUE FALSE  TRUE  TRUE  TRUE FALSE FALSE FALSE FALSE  TRUE  TRUE FALSE  TRUE FALSE FALSE  TRUE FALSE  TRUE FALSE
 [58]  TRUE  TRUE  TRUE FALSE FALSE  TRUE FALSE FALSE FALSE  TRUE  TRUE FALSE  TRUE FALSE FALSE  TRUE  TRUE  TRUE FALSE
 [77]  TRUE FALSE  TRUE FALSE  TRUE FALSE  TRUE  TRUE FALSE FALSE  TRUE FALSE  TRUE FALSE FALSE  TRUE FALSE FALSE  TRUE
 [96]  TRUE  TRUE FALSE  TRUE FALSE  TRUE  TRUE FALSE  TRUE  TRUE  TRUE  TRUE  TRUE  TRUE  TRUE FALSE  TRUE  TRUE FALSE
[115] FALSE FALSE FALSE  TRUE FALSE  TRUE FALSE  TRUE  TRUE  TRUE  TRUE  TRUE FALSE FALSE  TRUE  TRUE  TRUE  TRUE FALSE
[134]  TRUE FALSE FALSE  TRUE  TRUE FALSE  TRUE FALSE FALSE FALSE FALSE  TRUE FALSE FALSE FALSE  TRUE FALSE FALSE  TRUE
[153]  TRUE  TRUE  TRUE  TRUE FALSE  TRUE  TRUE  TRUE  TRUE FALSE  TRUE  TRUE FALSE FALSE  TRUE FALSE  TRUE FALSE  TRUE
[172]  TRUE FALSE  TRUE  TRUE  TRUE  TRUE FALSE FALSE  TRUE  TRUE FALSE  TRUE  TRUE FALSE  TRUE FALSE  TRUE FALSE  TRUE
[191] FALSE  TRUE FALSE  TRUE FALSE  TRUE  TRUE  TRUE  TRUE  TRUE FALSE  TRUE  TRUE  TRUE FALSE  TRUE  TRUE  TRUE  TRUE
[210] FALSE  TRUE  TRUE FALSE FALSE  TRUE  TRUE  TRUE  TRUE FALSE  TRUE  TRUE  TRUE FALSE FALSE  TRUE  TRUE  TRUE FALSE
[229] FALSE  TRUE  TRUE FALSE  TRUE FALSE  TRUE FALSE  TRUE FALSE FALSE  TRUE FALSE FALSE FALSE FALSE  TRUE  TRUE  TRUE
[248] FALSE  TRUE  TRUE  TRUE  TRUE FALSE FALSE  TRUE FALSE FALSE  TRUE  TRUE  TRUE  TRUE  TRUE  TRUE  TRUE  TRUE  TRUE
[267] FALSE  TRUE  TRUE FALSE  TRUE FALSE  TRUE  TRUE  TRUE FALSE FALSE  TRUE FALSE FALSE  TRUE  TRUE FALSE FALSE  TRUE
[286]  TRUE  TRUE  TRUE  TRUE FALSE  TRUE  TRUE  TRUE FALSE  TRUE  TRUE FALSE  TRUE FALSE FALSE FALSE  TRUE FALSE  TRUE
[305]  TRUE  TRUE  TRUE  TRUE  TRUE  TRUE  TRUE FALSE  TRUE  TRUE FALSE  TRUE  TRUE  TRUE  TRUE  TRUE  TRUE  TRUE  TRUE
[324]  TRUE  TRUE FALSE FALSE FALSE  TRUE  TRUE  TRUE  TRUE  TRUE  TRUE  TRUE  TRUE  TRUE  TRUE  TRUE  TRUE  TRUE  TRUE
[343]  TRUE  TRUE  TRUE  TRUE FALSE  TRUE  TRUE  TRUE  TRUE  TRUE  TRUE FALSE  TRUE  TRUE  TRUE  TRUE  TRUE  TRUE  TRUE
[362] FALSE  TRUE  TRUE  TRUE  TRUE  TRUE  TRUE FALSE  TRUE FALSE  TRUE  TRUE  TRUE FALSE FALSE  TRUE FALSE  TRUE FALSE
[381] FALSE  TRUE  TRUE  TRUE  TRUE FALSE FALSE  TRUE  TRUE  TRUE FALSE  TRUE  TRUE  TRUE  TRUE  TRUE FALSE  TRUE  TRUE
[400] FALSE  TRUE FALSE  TRUE  TRUE  TRUE  TRUE  TRUE  TRUE  TRUE  TRUE  TRUE  TRUE  TRUE  TRUE  TRUE FALSE FALSE  TRUE
[419] FALSE  TRUE  TRUE FALSE  TRUE  TRUE FALSE  TRUE  TRUE  TRUE FALSE  TRUE FALSE  TRUE  TRUE FALSE  TRUE FALSE  TRUE
[438]  TRUE  TRUE  TRUE  TRUE  TRUE  TRUE FALSE  TRUE  TRUE  TRUE  TRUE  TRUE  TRUE  TRUE FALSE FALSE  TRUE  TRUE  TRUE
[457] FALSE  TRUE FALSE  TRUE  TRUE  TRUE  TRUE  TRUE  TRUE  TRUE  TRUE FALSE  TRUE  TRUE  TRUE FALSE  TRUE  TRUE  TRUE
[476]  TRUE  TRUE  TRUE FALSE  TRUE  TRUE  TRUE  TRUE  TRUE  TRUE  TRUE  TRUE  TRUE  TRUE  TRUE FALSE  TRUE  TRUE  TRUE
[495]  TRUE FALSE  TRUE  TRUE  TRUE  TRUE  TRUE  TRUE  TRUE FALSE  TRUE  TRUE  TRUE  TRUE  TRUE FALSE  TRUE  TRUE  TRUE
[514]  TRUE  TRUE  TRUE  TRUE  TRUE  TRUE  TRUE  TRUE FALSE  TRUE  TRUE  TRUE  TRUE  TRUE  TRUE FALSE  TRUE  TRUE  TRUE
[533] FALSE FALSE  TRUE  TRUE  TRUE  TRUE  TRUE FALSE  TRUE  TRUE  TRUE  TRUE  TRUE  TRUE  TRUE FALSE  TRUE  TRUE  TRUE
[552]  TRUE  TRUE  TRUE  TRUE  TRUE  TRUE  TRUE  TRUE  TRUE  TRUE  TRUE  TRUE FALSE  TRUE  TRUE  TRUE  TRUE  TRUE FALSE
[571]  TRUE  TRUE  TRUE  TRUE FALSE  TRUE  TRUE FALSE  TRUE FALSE FALSE  TRUE  TRUE  TRUE  TRUE  TRUE FALSE  TRUE  TRUE
[590]  TRUE  TRUE  TRUE  TRUE  TRUE  TRUE  TRUE FALSE  TRUE  TRUE  TRUE  TRUE  TRUE  TRUE  TRUE  TRUE  TRUE  TRUE  TRUE
[609]  TRUE  TRUE  TRUE  TRUE  TRUE  TRUE  TRUE  TRUE  TRUE  TRUE  TRUE  TRUE  TRUE  TRUE  TRUE  TRUE  TRUE  TRUE  TRUE
[628]  TRUE  TRUE  TRUE  TRUE  TRUE  TRUE  TRUE  TRUE  TRUE  TRUE  TRUE  TRUE  TRUE  TRUE  TRUE  TRUE FALSE  TRUE  TRUE
[647]  TRUE  TRUE  TRUE  TRUE  TRUE  TRUE  TRUE  TRUE  TRUE  TRUE  TRUE  TRUE  TRUE  TRUE  TRUE  TRUE  TRUE  TRUE  TRUE
[666]  TRUE  TRUE  TRUE  TRUE  TRUE  TRUE  TRUE  TRUE  TRUE  TRUE  TRUE  TRUE  TRUE  TRUE  TRUE  TRUE  TRUE  TRUE  TRUE
[685]  TRUE  TRUE  TRUE  TRUE  TRUE  TRUE  TRUE

