
Birth-death simulation object with 721 species and 500 extant species

Details for some species:

Extinction times (NA means extant)
[1] 69.48341 66.95488 13.08702 81.92007 68.46422 83.59189


Speciation times 
[1] 111.95895 105.56687  85.32917  83.55196  71.51147  85.73367


Species parents (NA for initial)
[1] NA  1  1  1  1  2


Species status (extinct or extant)
[1] "extinct" "extinct" "extinct" "extinct" "extinct" "extinct"


For more details on vector y, try sim$y, with y one of
TE TS PAR EXTANT



$TE
  [1] 69.48340737 66.95487709 13.08702335 81.92006660 68.46422171 83.59188804          NA 35.62397839 52.37561313
 [10] 34.28930452 13.04542383          NA 33.40255239 30.05567778 18.83335724 11.42379131 45.34063597          NA
 [19]          NA          NA          NA 36.25259864          NA  3.46701483          NA          NA 10.85633850
 [28]          NA          NA 58.06477308 34.67649853 38.52516422 50.82659739          NA 33.20714401 26.91029466
 [37] 36.98307855          NA 15.59381085 21.48982870 41.48620264 33.40492071          NA 24.22627076  7.29468280
 [46]  9.31687104  4.24549587 31.49703813 20.85725465          NA  2.85077466 11.96483839 23.34135078 14.67838318
 [55] 32.76674225 34.29575473  2.88525122          NA 11.79912110          NA          NA          NA 18.79578465
 [64] 14.86989204          NA  8.59729301          NA          NA 32.10467072 16.62639235 27.99022320          NA
 [73] 36.57275688  4.79952789          NA          NA 22.70211072  3.02737965          NA          NA          NA
 [82]  1.14916334 31.09869199  4.75788228          NA  6.13433934          NA  3.12332619  1.85312802  4.24433119
 [91]  8.01295406          NA          NA          NA          NA 22.44699021          NA 11.46001500          NA
[100]          NA  0.51765299 15.51583971 14.05227849 14.34941940          NA          NA 40.74518931 30.52446723
[109]          NA 26.38381601          NA 27.93784069          NA          NA          NA 20.68345536 13.56983125
[118]          NA 15.16190069 37.18885765          NA          NA          NA 15.62137632          NA          NA
[127]          NA          NA  2.43914740 18.14766229          NA          NA 34.15034536          NA 11.23434435
[136]          NA          NA 10.77473039  5.95444356  8.35130716  4.26998451 14.49473823  5.45347217          NA
[145] 17.13626133 24.05001312          NA          NA          NA 29.95529370          NA 20.24480438          NA
[154] 24.84619795  0.65499320          NA          NA          NA  0.13265752 20.58655930 22.25624097          NA
[163]          NA  3.73286281          NA 16.01835345          NA 10.46813252          NA          NA          NA
[172]          NA          NA  7.10350668  0.71915123 17.78642560          NA 22.01237034          NA 25.47012974
[181]          NA          NA          NA 10.51161128          NA          NA          NA 14.57301258 22.84057581
[190]          NA  6.68678273          NA          NA          NA          NA 28.42274214          NA 28.81722356
[199]          NA          NA  1.51474472 10.18743765 16.07570880  2.42235744 14.71119552  6.22194669          NA
[208]          NA          NA          NA          NA  4.64601595 19.83582807          NA  1.54366765 12.59665431
[217]          NA  6.07150474          NA          NA          NA          NA  9.09590154 10.52791514          NA
[226] 18.00050334          NA          NA          NA          NA          NA          NA          NA          NA
[235]          NA  2.74262135          NA  8.13196445          NA          NA  0.59705891          NA 11.32617614
[244]          NA          NA          NA          NA 10.60487589          NA          NA          NA          NA
[253]          NA          NA          NA          NA  3.37842686          NA          NA          NA          NA
[262]  1.43729031 16.48390938 22.72510160          NA          NA          NA  0.12828117 14.38570019          NA
[271] 11.34356347  3.40453264 20.94278085          NA 15.78377062  7.22354055          NA 15.46952538  7.86684654
[280] 17.92846432          NA          NA  2.05222466          NA 12.53682259          NA 14.00224695          NA
[289]          NA          NA          NA          NA  3.96348999  5.75035834          NA  3.88230979          NA
[298]          NA          NA  6.19891707 18.35715022          NA          NA          NA          NA          NA
[307]          NA  1.27843185  3.16956150          NA  8.59934550          NA          NA 16.87770907          NA
[316] 12.21177106 10.41150460 14.82592968          NA          NA 18.43024238          NA          NA  3.79684029
[325]          NA          NA          NA          NA          NA 10.01333914 14.70787692          NA          NA
[334]          NA          NA          NA          NA          NA          NA          NA          NA          NA
[343]  0.47367468          NA          NA 13.84014574  2.48720918          NA  2.90748282          NA          NA
[352]          NA  0.72257435          NA          NA          NA 13.01459684 16.85694675 11.85718653  7.94790155
[361]  6.20764683          NA          NA          NA  0.60329697 14.54516180  2.61838120  4.42280868          NA
[370]          NA  0.61435185          NA          NA          NA          NA 14.43170313          NA          NA
[379]          NA 17.29214188          NA  6.51207409          NA          NA          NA          NA          NA
[388]          NA  3.51907922  6.90745910          NA          NA  2.31987402          NA          NA          NA
[397]          NA          NA  0.38103494          NA          NA          NA          NA 13.15822764          NA
[406]  1.87090728          NA          NA          NA  8.06040412 14.32088532          NA  7.25675798          NA
[415]  7.35325477          NA          NA          NA          NA          NA          NA          NA          NA
[424]          NA          NA          NA          NA          NA 12.90835671 11.99052700  7.63904713          NA
[433]          NA          NA          NA          NA          NA          NA          NA          NA          NA
[442]          NA 15.21776119          NA          NA 12.50067026          NA          NA          NA          NA
[451]          NA  7.33977075          NA          NA          NA          NA          NA          NA  4.64917436
[460]          NA          NA          NA          NA          NA          NA          NA          NA          NA
[469]          NA          NA  8.56195373          NA          NA          NA          NA          NA          NA
[478] 10.18723097          NA          NA          NA          NA  7.83872791          NA          NA          NA
[487]          NA          NA          NA 10.78288031  5.91179420          NA          NA  1.74194509          NA
[496]          NA          NA 11.08281502          NA          NA          NA          NA          NA  4.31659061
[505]          NA          NA          NA          NA          NA          NA          NA          NA          NA
[514]          NA          NA          NA  6.31813884          NA          NA          NA          NA          NA
[523]  5.41623299          NA          NA  1.49660756          NA          NA          NA          NA          NA
[532]          NA          NA          NA  5.75060498          NA          NA 12.06734969 10.54539830          NA
[541]          NA          NA          NA          NA          NA          NA          NA          NA          NA
[550]          NA          NA          NA          NA  0.75064601          NA          NA          NA          NA
[559]  8.49373145          NA  2.88085814          NA          NA          NA          NA          NA          NA
[568]          NA          NA          NA  7.17287214          NA          NA  3.94379180          NA          NA
[577]          NA          NA          NA          NA          NA          NA          NA          NA          NA
[586]          NA          NA          NA          NA          NA          NA          NA          NA          NA
[595]  4.97812922          NA          NA          NA          NA          NA          NA          NA          NA
[604]          NA          NA          NA          NA          NA          NA          NA          NA          NA
[613]          NA  5.72650483          NA          NA  5.32657742          NA          NA          NA          NA
[622]          NA          NA          NA  0.25523077          NA          NA          NA          NA          NA
[631]          NA          NA          NA          NA          NA          NA          NA          NA          NA
[640]          NA          NA          NA          NA          NA          NA          NA          NA          NA
[649]          NA          NA          NA          NA          NA          NA          NA          NA          NA
[658]          NA          NA          NA          NA          NA          NA  3.57604167          NA          NA
[667]          NA          NA          NA          NA          NA          NA          NA          NA          NA
[676]          NA          NA          NA          NA          NA          NA          NA          NA          NA
[685]          NA          NA          NA          NA          NA          NA          NA          NA          NA
[694]  0.09850683          NA          NA          NA          NA          NA          NA          NA          NA
[703]          NA          NA          NA          NA          NA          NA          NA          NA          NA
[712]          NA          NA          NA          NA          NA          NA          NA          NA          NA
[721]          NA

$TS
  [1] 1.119590e+02 1.055669e+02 8.532917e+01 8.355196e+01 7.151147e+01 8.573367e+01 7.665550e+01 7.255206e+01
  [9] 6.898182e+01 5.433191e+01 3.044674e+01 7.568509e+01 5.952918e+01 5.769201e+01 5.448582e+01 5.072700e+01
 [17] 4.704409e+01 3.501106e+01 1.042887e+01 9.522275e+00 5.661855e+00 6.032935e+01 4.478486e+01 3.516766e+01
 [25] 1.646603e+01 1.244857e+01 1.148905e+01 5.485269e+00 1.399591e+00 7.013965e+01 5.940667e+01 5.638468e+01
 [33] 6.453085e+01 5.703091e+01 5.218134e+01 5.449051e+01 4.226314e+01 3.770743e+01 3.746010e+01 3.694868e+01
 [41] 5.617026e+01 3.613003e+01 4.517966e+01 4.345489e+01 3.242530e+01 5.381854e+01 3.882652e+01 3.308818e+01
 [49] 4.942200e+01 3.782137e+01 3.400066e+01 3.131093e+01 2.761701e+01 4.865597e+01 4.748804e+01 4.114840e+01
 [57] 3.733387e+01 2.674745e+01 1.575970e+01 1.098057e+01 9.782267e+00 4.427801e+01 3.957125e+01 4.768945e+01
 [65] 2.359423e+01 1.557809e+01 4.705011e+01 4.000310e+01 3.739300e+01 2.458201e+01 3.392519e+01 1.912037e+01
 [73] 4.599156e+01 4.503735e+01 3.313128e+01 4.364435e+01 3.072182e+01 1.528744e+01 6.914179e+00 4.709957e+00
 [81] 4.218173e+01 4.111512e+01 4.047325e+01 3.131084e+01 2.465549e+01 3.758089e+01 3.510380e+01 2.386772e+01
 [89] 1.160328e+01 7.549364e+00 4.386432e+01 1.720893e+01 8.061578e+00 2.741401e+00 1.199957e+00 3.321504e+01
 [97] 1.972050e+01 1.164281e+01 7.242640e+00 3.245033e+01 2.776117e+01 2.664785e+01 3.991390e+01 2.819754e+01
[105] 2.103200e+01 1.652743e+01 4.093515e+01 3.483617e+01 3.713516e+01 2.911066e+01 1.516994e+01 3.102734e+01
[113] 1.520762e+01 1.032735e+01 9.936873e+00 3.525552e+01 2.841858e+01 1.626347e+01 1.597224e+01 3.835952e+01
[121] 2.651654e+01 2.252351e+01 2.200705e+01 2.028513e+01 2.961480e+01 2.227486e+01 9.994513e+00 8.345593e+00
[129] 4.881526e+00 3.735795e+01 3.554878e+01 1.568037e+01 3.571656e+01 3.203702e+01 1.665546e+01 1.367106e+00
[137] 2.538681e+01 2.083179e+01 1.923416e+01 1.821225e+01 6.136635e+00 2.710698e+01 3.289050e+01 3.158510e+01
[145] 2.681382e+01 2.617228e+01 2.063779e+01 1.052398e+01 6.381331e+00 3.550531e+01 3.277650e+01 3.498516e+01
[153] 3.144245e+01 3.338566e+01 2.203737e+01 8.732602e+00 8.701940e+00 1.105375e+01 9.143082e+00 3.458238e+01
[161] 2.259879e+01 2.194300e+01 2.952712e+01 2.690676e+01 2.451808e+01 3.358658e+01 3.006767e+01 1.139071e+01
[169] 1.134929e+01 8.151995e+00 3.059924e+01 1.682283e+01 3.077715e+01 2.757648e+01 2.818250e+01 3.218269e+01
[177] 3.179421e+01 3.089718e+01 2.751316e+01 2.625490e+01 8.117247e+00 2.527487e+01 1.464434e+01 1.084043e+01
[185] 4.436949e+00 1.469027e+00 7.418168e+00 2.583580e+01 2.483679e+01 3.190264e+01 2.642483e+01 2.422171e+01
[193] 2.199215e+01 2.063174e+01 1.287095e+01 2.924407e+01 7.191250e+00 3.048977e+01 2.765025e+01 2.008133e+01
[201] 1.744647e+01 1.101000e+01 3.032569e+01 2.370528e+01 2.964478e+01 1.926076e+01 1.705645e+01 1.390600e+01
[209] 2.700391e+01 8.250333e+00 2.856672e+01 2.768655e+01 2.651551e+01 2.524213e+01 1.840912e+00 2.141284e+01
[217] 1.107720e+01 1.017321e+01 9.287644e+00 6.586003e+00 2.680462e+01 2.352582e+01 2.323801e+01 1.905891e+01
[225] 1.958011e+01 1.941937e+01 1.552512e+01 2.548384e+00 1.622031e+01 9.927951e+00 2.480475e+00 2.098501e+01
[233] 1.332128e+01 1.068378e+01 5.577402e+00 2.355319e+01 1.844786e+01 1.512135e+01 1.954950e+01 1.599341e+01
[241] 2.054920e+01 1.744282e+01 1.477288e+01 2.206860e+01 9.167983e+00 9.965255e+00 2.677668e+00 2.539253e+01
[249] 2.526541e+01 2.094437e+01 1.710213e+01 1.108775e+01 8.113554e+00 2.398959e+01 1.775445e+01 1.071154e+00
[257] 8.703677e+00 5.218738e+00 2.628913e+01 2.141805e+01 1.380687e+01 1.286905e+01 2.082172e+01 2.656887e+01
[265] 7.233622e+00 2.873613e+00 3.016752e+00 1.831343e+01 2.654227e+01 1.856656e+01 1.719572e+01 2.525734e+01
[273] 2.266697e+01 4.583356e+00 2.409364e+01 2.298930e+01 2.199367e+01 2.318250e+01 2.240933e+01 2.193496e+01
[281] 1.779547e+01 1.753725e+01 1.405442e+01 1.078038e+01 2.431465e+01 1.310975e+01 2.140400e+01 1.853873e+01
[289] 1.785180e+01 1.708943e+01 2.060871e+01 1.677819e+01 9.430102e+00 1.682175e+01 6.736830e+00 1.904040e+01
[297] 1.161411e+01 2.740403e-01 2.139584e+01 1.320895e+01 2.247731e+01 2.195222e+01 2.307484e+01 1.916202e+01
[305] 1.912753e+01 1.710487e+01 1.387039e+01 8.678325e+00 7.882509e+00 4.087080e+00 9.084302e+00 6.084265e+00
[313] 4.611647e-01 1.839679e+01 7.419479e+00 1.499647e+01 1.893935e+01 2.093404e+01 1.257223e+01 1.762399e+00
[321] 2.273002e+01 2.164474e+01 2.141921e+01 1.073655e+01 2.721340e-01 2.059768e+01 1.122056e+01 4.249322e+00
[329] 1.511443e+01 1.388967e+01 1.733933e+01 1.547781e+01 1.115333e+01 1.092056e+01 1.020427e+00 2.055995e+01
[337] 1.805665e+01 1.056392e+01 1.490988e+01 1.424076e+01 6.488646e-03 9.803234e+00 2.154310e+01 2.047445e+01
[345] 1.831601e+01 1.594572e+01 1.429753e+01 2.202789e+00 1.472590e+01 9.349353e+00 1.461647e+00 1.654123e+01
[353] 1.420744e+01 4.716407e+00 2.305938e+00 1.775218e+01 1.681903e+01 1.824788e+01 1.499458e+01 8.692914e+00
[361] 1.376811e+01 3.233849e+00 3.169255e+00 2.051215e+01 1.726626e+01 1.887882e+01 4.609749e+00 1.437591e+01
[369] 1.100959e+01 1.746650e+00 1.907165e+01 1.941469e+01 9.948122e+00 8.572966e+00 4.502037e+00 1.531922e+01
[377] 3.897454e+00 2.046324e+01 1.888128e+01 1.837190e+01 1.968182e+01 1.549794e+01 9.833732e+00 8.829550e-01
[385] 2.802914e+00 1.173367e+01 7.754198e+00 4.645269e+00 1.931560e+01 1.809362e+01 2.921762e+00 1.044768e+01
[393] 1.277561e+01 1.226984e+01 2.665571e+00 1.583631e+01 1.808468e+01 2.036553e+00 1.777946e+01 1.208178e+01
[401] 7.475040e+00 1.394605e+01 1.493081e+01 1.451499e+01 3.548105e+00 1.893430e+01 3.797196e+00 8.108948e+00
[409] 1.594209e+00 1.356279e+01 1.552828e+01 6.553676e+00 1.634098e+01 1.198755e+01 1.041259e+01 1.038629e+01
[417] 3.096780e+00 2.136138e+00 1.881747e+01 8.671312e+00 7.617831e+00 4.099830e+00 1.002813e+01 7.756338e+00
[425] 4.008053e+00 3.067449e+00 1.741623e+01 1.809026e+01 1.683406e+01 1.676192e+01 1.510949e+01 1.647733e+01
[433] 1.166118e+01 1.571891e+00 9.241667e+00 4.163248e+00 1.223240e+00 9.854870e+00 1.072769e+01 1.303801e+01
[441] 3.679403e+00 4.143366e+00 1.551634e+01 1.705224e+01 1.497671e+01 1.304679e+01 9.500207e+00 4.286455e+00
[449] 3.193614e+00 8.371183e+00 8.337852e+00 1.664505e+01 1.164765e+01 1.353471e+01 1.184663e+01 3.254010e+00
[457] 1.311111e+01 1.284447e+01 1.252514e+01 7.659604e+00 1.088102e+01 1.297195e+01 1.499507e+01 7.258757e+00
[465] 1.490673e+01 6.422620e+00 7.169020e-01 8.858289e+00 1.483995e+01 1.283943e+01 1.225258e+01 1.188041e+01
[473] 2.858580e+00 4.461010e+00 2.667149e+00 8.809362e+00 3.337647e+00 1.214174e+01 5.140321e+00 4.089266e+00
[481] 5.900090e+00 1.349739e+01 9.736148e+00 7.734153e+00 1.182039e+01 1.443911e+01 7.341278e+00 5.822645e+00
[489] 4.495219e+00 1.440018e+01 1.287992e+01 1.265944e+00 1.462104e+01 1.446626e+01 5.690648e-01 2.981816e+00
[497] 1.006989e+01 1.313293e+01 9.450912e+00 4.366185e+00 3.646668e+00 5.431048e+00 4.541437e+00 1.366430e+01
[505] 5.089621e+00 3.538796e+00 1.322618e+01 1.335542e+01 7.029632e+00 7.969030e-01 5.958812e-01 6.125146e+00
[513] 4.682232e+00 4.335364e+00 2.775122e+00 1.182014e+01 8.342483e+00 7.941743e+00 3.782551e+00 5.296258e+00
[521] 4.953107e+00 7.867876e+00 7.826126e+00 7.654441e+00 6.245825e+00 4.523478e+00 3.264824e+00 1.029424e+01
[529] 7.891056e+00 5.635614e+00 8.799708e+00 1.143508e+01 8.915511e+00 8.234186e+00 8.402666e+00 2.625924e+00
[537] 9.504335e+00 1.215744e+01 1.080721e+01 4.348195e+00 7.404430e+00 3.720135e+00 1.398738e+00 6.340055e+00
[545] 6.042819e+00 5.903668e+00 5.165030e+00 6.919379e+00 3.490766e+00 3.773515e-01 9.973493e+00 7.847846e+00
[553] 1.183652e+00 8.257713e+00 3.532427e+00 9.605403e+00 2.649435e+00 8.178780e-01 9.514436e+00 4.208869e+00
[561] 9.765573e+00 2.359204e+00 9.104729e+00 2.150051e-02 6.525782e+00 8.218049e+00 6.182751e-01 1.703878e-01
[569] 3.771779e+00 6.802167e-01 9.184705e+00 9.166352e+00 7.540204e+00 8.066508e+00 9.391419e+00 5.041607e+00
[577] 3.506619e+00 5.967781e+00 5.447451e+00 1.024429e+00 4.084736e-01 5.197989e+00 6.832804e+00 5.533494e+00
[585] 4.612255e-01 5.910867e+00 5.720710e+00 3.750877e+00 4.671973e-01 3.993086e+00 1.491452e+00 4.186129e-01
[593] 3.406685e+00 2.817336e+00 9.501278e+00 5.818352e+00 7.494494e+00 7.211390e+00 2.088279e+00 7.184157e+00
[601] 6.488676e-01 7.757329e+00 7.238261e+00 4.161104e+00 3.451608e+00 2.941436e+00 2.463580e+00 1.571477e+00
[609] 1.666041e-01 7.114718e+00 3.461743e+00 1.614216e+00 7.058815e-01 6.310060e+00 6.495931e+00 6.410360e+00
[617] 7.663476e+00 3.573968e+00 2.055692e+00 7.201869e+00 1.893822e-03 5.989258e+00 4.018914e+00 4.479117e+00
[625] 7.071288e+00 6.527178e+00 4.270923e-01 7.655480e+00 7.121531e+00 1.393328e+00 3.571648e-01 3.477827e+00
[633] 8.469828e-01 4.694744e-01 4.562364e+00 1.225349e+00 6.818048e+00 2.803864e+00 1.272192e+00 3.823842e+00
[641] 3.214583e+00 2.774380e+00 7.378282e-01 3.221382e+00 6.190719e+00 3.361453e+00 6.614212e+00 6.510726e+00
[649] 6.255374e+00 5.401731e+00 3.165518e+00 5.158583e-01 4.567244e+00 5.761562e+00 3.533240e-02 2.483171e+00
[657] 3.279496e+00 1.303882e+00 6.059779e-01 2.087936e+00 4.550972e+00 2.818381e+00 4.073117e+00 5.661342e+00
[665] 2.180166e+00 2.573787e+00 3.051604e+00 1.339660e+00 1.204660e+00 5.841704e-01 3.244375e+00 1.350733e+00
[673] 4.479688e+00 4.384821e+00 3.455013e-01 4.525411e+00 1.150625e+00 6.032147e-01 1.085833e+00 3.323564e+00
[681] 1.904315e+00 1.567211e+00 2.976014e+00 2.155941e+00 3.190876e+00 2.097456e+00 1.753098e+00 7.586378e-02
[689] 9.448019e-01 2.584467e+00 3.645659e+00 5.775526e-01 2.940959e+00 2.922527e+00 2.199621e+00 3.365595e+00
[697] 1.582647e+00 1.501168e+00 1.842186e+00 1.482383e+00 1.476899e-01 1.498410e+00 3.467587e-01 3.141700e+00
[705] 2.434226e+00 1.469650e+00 1.922706e+00 1.612035e+00 3.427599e-01 7.718752e-01 2.696625e-01 1.492458e+00
[713] 1.486919e+00 2.458304e-01 6.276654e-02 6.060767e-01 1.649350e-01 3.484498e-01 2.419077e-01 3.287662e-02
[721] 2.924409e-02

$PAR
  [1]  NA   1   1   1   1   2   2   3   3   3   3   7   7   7   7   7   7   7   7   7   7  12  12  12  12  12  12  12
 [29]  12   8   8   8  30   9  33  22  22  22  22  22  13  31  14  14  14  34  34  34  36  36  36  15  15  10  10  46
 [57]  46  46  46  46  46  35  35  16  16  16  49  54  54  54  64  64  55  55  67  73  43  43  43  43  74  74  74  74
 [85]  74  23  23  23  23  23  62  62  62  62  62  91  76  76  76  44  44  44  37  81  81  81  56  56  82  82  82  68
[113]  68  68  68 103 103 103 103  63  63  63  63  63  47  47  47  47  47 120  50  50  38  38  38  38  86  86  86  86
[141]  86  39 130 130 130 130 130  57  57  40 131 116 116  87  87  87  87  18  18 152 152 152 160 160 160  51  51  51
[169]  51  51  71 166 154 154  96  75  75  75  75  75  75 143 143 143 151 151 100  45  45 176 176 176 176 176 134 190
[197] 190 177 177 177 177 177 144 144  52  52  52  52  84  84 112 178 178 173 173 171 171 171 171 171  11  11  11  11
[225] 125 125 125 125 163 163 163 211 211 211 211 117 117 117 104 104 175 175 175 212 212 199 199 174 174 174 174 174
[253] 174 179 179 179 209 209 164 164 164 164 145 221 221 221  58 102 264 269 269 121 121 121 213 213 213 191 191 191
[281] 191 191 191 191 259 259 188 248 248 248 137 137 137 182 182 249 249 249 272 214  85  85  70  70  70  70 165 165
[309] 165 165 192 192 192 275  88 222 223 278 303 303 276 276 276 122 122 279 126 126 244 244 155 155 155 155 155 123
[337] 123 123 277 193 193 302 280 322 322 322 322 343 323 323 323 260 260 260 260 287 287 299 105 105 232 250 250 138
[365] 138 263 147 194 194 194 291 326 326 326 326 336 336 241 241 241 364 364 364 364 344 378 378 378 124 200 200  97
[393] 381 225 225 239 226 372 389 389 206 139 304 304 304 305 305 371 371 224 296 296 317 406 406 379 379 379 366 419
[421] 419 419 288 288 288 288 237 345 268 140 390 428 428 397 337 281 281 399 255 356 356 282 201 427 427 427 427 427
[449] 365  92  92 271 271 306 251 251 290 290 290 290 207 444 429 294 292 432  25 118 229 229 229 229 229 240 240 396
[477] 396 132 132 132 227 382 382 382 332 376  78 113 113 329 329 329 431 359 339 465 469 349 349 493 493 486 486 490
[505] 340 283 402 208 208 208 208 307 307 307 307 504 504 454 454 482 508 233 507 507 507 507 507 462 462 462 491 195
[533] 262 262 458 470 393  26  26  26 400 485 485 386 386 386 386 433 433 433 453 297 297  89  89 532 532 252 158 158
[561] 369 369 461 461 324 439 234 234 148 392  19  19 416 114 528 528 497 127 127 127 551 373 115 115 115 230 438 438
[589] 438 383 383 342  20  20 537 595 499 499 499 575 245 572 572 572 533 533 533 533 476 157 157 308 450 128 554 534
[617] 566 170 170 253 253 574 518 309 602 602 602 424 484 401 401 541 541 487  99  99 603 265 265 598 598 598 598 620
[645] 197 197 509 509  79  79 647 626 565 648 648 615 149 149 525 645 622 578 546 488 596  21  28  28 579 579 650 505
[673] 576 513 388 635 676 676 489 624 674 448 328 560 436 604 604 442 623 377 407 407 569 588 588 691 618 611 605 593
[701] 646 680 657 362 644 651 683 391 395 690 562 355 665 612 612 713 700 510 601 313 313

$EXTANT
  [1] FALSE FALSE FALSE FALSE FALSE FALSE  TRUE FALSE FALSE FALSE FALSE  TRUE FALSE FALSE FALSE FALSE FALSE  TRUE  TRUE
 [20]  TRUE  TRUE FALSE  TRUE FALSE  TRUE  TRUE FALSE  TRUE  TRUE FALSE FALSE FALSE FALSE  TRUE FALSE FALSE FALSE  TRUE
 [39] FALSE FALSE FALSE FALSE  TRUE FALSE FALSE FALSE FALSE FALSE FALSE  TRUE FALSE FALSE FALSE FALSE FALSE FALSE FALSE
 [58]  TRUE FALSE  TRUE  TRUE  TRUE FALSE FALSE  TRUE FALSE  TRUE  TRUE FALSE FALSE FALSE  TRUE FALSE FALSE  TRUE  TRUE
 [77] FALSE FALSE  TRUE  TRUE  TRUE FALSE FALSE FALSE  TRUE FALSE  TRUE FALSE FALSE FALSE FALSE  TRUE  TRUE  TRUE  TRUE
 [96] FALSE  TRUE FALSE  TRUE  TRUE FALSE FALSE FALSE FALSE  TRUE  TRUE FALSE FALSE  TRUE FALSE  TRUE FALSE  TRUE  TRUE
[115]  TRUE FALSE FALSE  TRUE FALSE FALSE  TRUE  TRUE  TRUE FALSE  TRUE  TRUE  TRUE  TRUE FALSE FALSE  TRUE  TRUE FALSE
[134]  TRUE FALSE  TRUE  TRUE FALSE FALSE FALSE FALSE FALSE FALSE  TRUE FALSE FALSE  TRUE  TRUE  TRUE FALSE  TRUE FALSE
[153]  TRUE FALSE FALSE  TRUE  TRUE  TRUE FALSE FALSE FALSE  TRUE  TRUE FALSE  TRUE FALSE  TRUE FALSE  TRUE  TRUE  TRUE
[172]  TRUE  TRUE FALSE FALSE FALSE  TRUE FALSE  TRUE FALSE  TRUE  TRUE  TRUE FALSE  TRUE  TRUE  TRUE FALSE FALSE  TRUE
[191] FALSE  TRUE  TRUE  TRUE  TRUE FALSE  TRUE FALSE  TRUE  TRUE FALSE FALSE FALSE FALSE FALSE FALSE  TRUE  TRUE  TRUE
[210]  TRUE  TRUE FALSE FALSE  TRUE FALSE FALSE  TRUE FALSE  TRUE  TRUE  TRUE  TRUE FALSE FALSE  TRUE FALSE  TRUE  TRUE
[229]  TRUE  TRUE  TRUE  TRUE  TRUE  TRUE  TRUE FALSE  TRUE FALSE  TRUE  TRUE FALSE  TRUE FALSE  TRUE  TRUE  TRUE  TRUE
[248] FALSE  TRUE  TRUE  TRUE  TRUE  TRUE  TRUE  TRUE  TRUE FALSE  TRUE  TRUE  TRUE  TRUE FALSE FALSE FALSE  TRUE  TRUE
[267]  TRUE FALSE FALSE  TRUE FALSE FALSE FALSE  TRUE FALSE FALSE  TRUE FALSE FALSE FALSE  TRUE  TRUE FALSE  TRUE FALSE
[286]  TRUE FALSE  TRUE  TRUE  TRUE  TRUE  TRUE FALSE FALSE  TRUE FALSE  TRUE  TRUE  TRUE FALSE FALSE  TRUE  TRUE  TRUE
[305]  TRUE  TRUE  TRUE FALSE FALSE  TRUE FALSE  TRUE  TRUE FALSE  TRUE FALSE FALSE FALSE  TRUE  TRUE FALSE  TRUE  TRUE
[324] FALSE  TRUE  TRUE  TRUE  TRUE  TRUE FALSE FALSE  TRUE  TRUE  TRUE  TRUE  TRUE  TRUE  TRUE  TRUE  TRUE  TRUE  TRUE
[343] FALSE  TRUE  TRUE FALSE FALSE  TRUE FALSE  TRUE  TRUE  TRUE FALSE  TRUE  TRUE  TRUE FALSE FALSE FALSE FALSE FALSE
[362]  TRUE  TRUE  TRUE FALSE FALSE FALSE FALSE  TRUE  TRUE FALSE  TRUE  TRUE  TRUE  TRUE FALSE  TRUE  TRUE  TRUE FALSE
[381]  TRUE FALSE  TRUE  TRUE  TRUE  TRUE  TRUE  TRUE FALSE FALSE  TRUE  TRUE FALSE  TRUE  TRUE  TRUE  TRUE  TRUE FALSE
[400]  TRUE  TRUE  TRUE  TRUE FALSE  TRUE FALSE  TRUE  TRUE  TRUE FALSE FALSE  TRUE FALSE  TRUE FALSE  TRUE  TRUE  TRUE
[419]  TRUE  TRUE  TRUE  TRUE  TRUE  TRUE  TRUE  TRUE  TRUE  TRUE FALSE FALSE FALSE  TRUE  TRUE  TRUE  TRUE  TRUE  TRUE
[438]  TRUE  TRUE  TRUE  TRUE  TRUE FALSE  TRUE  TRUE FALSE  TRUE  TRUE  TRUE  TRUE  TRUE FALSE  TRUE  TRUE  TRUE  TRUE
[457]  TRUE  TRUE FALSE  TRUE  TRUE  TRUE  TRUE  TRUE  TRUE  TRUE  TRUE  TRUE  TRUE  TRUE FALSE  TRUE  TRUE  TRUE  TRUE
[476]  TRUE  TRUE FALSE  TRUE  TRUE  TRUE  TRUE FALSE  TRUE  TRUE  TRUE  TRUE  TRUE  TRUE FALSE FALSE  TRUE  TRUE FALSE
[495]  TRUE  TRUE  TRUE FALSE  TRUE  TRUE  TRUE  TRUE  TRUE FALSE  TRUE  TRUE  TRUE  TRUE  TRUE  TRUE  TRUE  TRUE  TRUE
[514]  TRUE  TRUE  TRUE FALSE  TRUE  TRUE  TRUE  TRUE  TRUE FALSE  TRUE  TRUE FALSE  TRUE  TRUE  TRUE  TRUE  TRUE  TRUE
[533]  TRUE  TRUE FALSE  TRUE  TRUE FALSE FALSE  TRUE  TRUE  TRUE  TRUE  TRUE  TRUE  TRUE  TRUE  TRUE  TRUE  TRUE  TRUE
[552]  TRUE  TRUE FALSE  TRUE  TRUE  TRUE  TRUE FALSE  TRUE FALSE  TRUE  TRUE  TRUE  TRUE  TRUE  TRUE  TRUE  TRUE  TRUE
[571] FALSE  TRUE  TRUE FALSE  TRUE  TRUE  TRUE  TRUE  TRUE  TRUE  TRUE  TRUE  TRUE  TRUE  TRUE  TRUE  TRUE  TRUE  TRUE
[590]  TRUE  TRUE  TRUE  TRUE  TRUE FALSE  TRUE  TRUE  TRUE  TRUE  TRUE  TRUE  TRUE  TRUE  TRUE  TRUE  TRUE  TRUE  TRUE
[609]  TRUE  TRUE  TRUE  TRUE  TRUE FALSE  TRUE  TRUE FALSE  TRUE  TRUE  TRUE  TRUE  TRUE  TRUE  TRUE FALSE  TRUE  TRUE
[628]  TRUE  TRUE  TRUE  TRUE  TRUE  TRUE  TRUE  TRUE  TRUE  TRUE  TRUE  TRUE  TRUE  TRUE  TRUE  TRUE  TRUE  TRUE  TRUE
[647]  TRUE  TRUE  TRUE  TRUE  TRUE  TRUE  TRUE  TRUE  TRUE  TRUE  TRUE  TRUE  TRUE  TRUE  TRUE  TRUE  TRUE FALSE  TRUE
[666]  TRUE  TRUE  TRUE  TRUE  TRUE  TRUE  TRUE  TRUE  TRUE  TRUE  TRUE  TRUE  TRUE  TRUE  TRUE  TRUE  TRUE  TRUE  TRUE
[685]  TRUE  TRUE  TRUE  TRUE  TRUE  TRUE  TRUE  TRUE  TRUE FALSE  TRUE  TRUE  TRUE  TRUE  TRUE  TRUE  TRUE  TRUE  TRUE
[704]  TRUE  TRUE  TRUE  TRUE  TRUE  TRUE  TRUE  TRUE  TRUE  TRUE  TRUE  TRUE  TRUE  TRUE  TRUE  TRUE  TRUE  TRUE

