
Birth-death simulation object with 735 species and 500 extant species

Details for some species:

Extinction times (NA means extant)
[1]  84.85435 102.40927  98.02259        NA  87.94584  64.24736


Speciation times 
[1] 117.78024 110.50219 101.06341  87.24022 109.56681  82.96324


Species parents (NA for initial)
[1] NA  1  1  1  2  4


Species status (extinct or extant)
[1] "extinct" "extinct" "extinct" "extant"  "extinct" "extinct"


For more details on vector y, try sim$y, with y one of
TE TS PAR EXTANT



$TE
  [1]  84.85435358 102.40926525  98.02259463           NA  87.94583832  64.24736130  71.58770601  39.94803776
  [9]   7.68497954           NA  13.52266026  23.32255744  11.60168695           NA  26.52393301  49.40500855
 [17]  50.41058771  10.23301980  47.85628735  21.38932767  16.79126269           NA  21.16159745  34.95800778
 [25]  37.07705131  29.51738905   6.77000508   7.15749502  48.49120389           NA  13.84601612           NA
 [33]  20.64751910  24.85451177  48.42325233  51.77246343  44.54373475   5.17230501   9.99618042           NA
 [41]           NA  24.75656487  35.68994610  30.87059128   3.97916257  43.78277307  38.47738242  17.92477371
 [49]  52.12226754  40.75405478  10.80607008  12.63214692           NA   9.28945264   2.62208003  37.45589423
 [57]  47.51630773           NA  45.08345246  25.48955079   4.35510716           NA           NA           NA
 [65]           NA           NA  22.34339297  11.15487754           NA  36.10040103  13.12658767  10.51904676
 [73]           NA  45.33411804  12.01803344  26.90657471           NA           NA           NA           NA
 [81]           NA           NA  35.99817178  28.56175192  22.78382189           NA   3.62702803  18.16359016
 [89]  45.33593525  40.75272077  35.98474982           NA           NA           NA  25.02613402  33.96570630
 [97]  26.93292747           NA           NA           NA   4.36833454           NA   4.78414931   2.38127071
[105]   2.17954830  14.24740066   0.26220363           NA           NA           NA  16.79910718   8.51123196
[113]           NA           NA           NA  13.54189596  27.88188632   8.27834637  18.25103543           NA
[121]           NA   9.74346114   3.38654983   3.27962907  12.18923842   2.65512285           NA           NA
[129]           NA           NA           NA           NA           NA           NA  12.33315102           NA
[137]           NA  32.03455694  26.54764724  12.77210342           NA           NA           NA   4.76763517
[145]  12.22726775           NA           NA  27.57950664           NA           NA  20.57333582           NA
[153]           NA           NA  27.93064992  27.96260905           NA   1.21498887  24.36857377  13.40810621
[161]   9.91833343   4.36934917           NA           NA  29.43397510           NA           NA           NA
[169]           NA           NA   9.26376647           NA           NA           NA           NA  22.53584366
[177]           NA           NA           NA  18.41853201           NA  20.20912801  19.82784357           NA
[185]           NA           NA           NA           NA           NA           NA           NA           NA
[193]           NA  27.65566671           NA  15.95695383           NA           NA  28.19367205           NA
[201]           NA           NA  13.68204708           NA           NA           NA  14.78776485           NA
[209]  19.55229613  12.05794872   0.71950535           NA           NA           NA           NA           NA
[217]           NA  18.25680224           NA  23.58593915  15.82224588  20.03249083  23.74936165           NA
[225]           NA           NA           NA           NA           NA   7.39751386   1.28572744           NA
[233]           NA  23.84224213   5.75501695           NA   0.05893669  15.06375471           NA   0.86572405
[241]   6.06919155           NA   1.29795391           NA           NA           NA           NA           NA
[249]  11.11708447           NA           NA   4.81886175           NA   7.50451381  13.09299291           NA
[257]           NA           NA   1.57085904  10.26918431           NA   0.29421687   3.47622037           NA
[265]           NA           NA           NA           NA   7.81107636  12.14319613   0.70050406           NA
[273]           NA           NA  11.63579789   2.31857869           NA           NA   3.10016893           NA
[281]           NA           NA   8.02048976   1.35494236  14.83850751  14.79791472           NA           NA
[289]   3.71942394           NA           NA   6.85422030           NA           NA           NA           NA
[297]           NA   0.38698767           NA           NA   8.23007632           NA           NA           NA
[305]           NA           NA           NA           NA           NA   6.05946239   1.14202946           NA
[313]           NA           NA           NA           NA           NA           NA  10.77251589  12.34158068
[321]           NA   7.17393986           NA           NA           NA  19.68587177           NA           NA
[329]   2.70598328           NA           NA           NA   4.89474169   9.95461115   4.91842828   0.41685589
[337]           NA  11.82716253           NA  10.63063882           NA   6.14788605           NA   4.94673168
[345]           NA           NA           NA           NA           NA           NA           NA           NA
[353]           NA  18.58119648           NA           NA   1.42408117           NA  12.53479368           NA
[361]           NA           NA   3.38532872           NA           NA           NA   0.13746309           NA
[369]           NA           NA  10.42993827           NA           NA           NA           NA  10.70312037
[377]           NA           NA  10.51247294           NA           NA           NA           NA  14.64249721
[385]   2.16158890           NA           NA           NA           NA           NA           NA           NA
[393]  14.72376162   7.31027141           NA  12.21493871           NA  11.82168241           NA           NA
[401]           NA           NA   8.53369841   2.60251980           NA           NA           NA           NA
[409]           NA   0.84161794   3.24216966           NA           NA           NA           NA           NA
[417]   7.96194469           NA   8.21061074           NA           NA           NA           NA           NA
[425]           NA   4.99208932           NA           NA           NA           NA   7.19889936           NA
[433]           NA           NA   1.74414522           NA   5.59429095   6.51493447   0.60269587           NA
[441]           NA           NA           NA           NA           NA   2.35757357           NA           NA
[449]           NA           NA   4.47238783           NA           NA           NA           NA           NA
[457]           NA   1.51382970   6.54051217           NA           NA           NA           NA  12.64287606
[465]   0.16427031           NA           NA   0.52238826   3.30689755           NA           NA           NA
[473]           NA           NA           NA           NA           NA           NA           NA           NA
[481]           NA           NA           NA   3.41392085           NA   2.26499209           NA           NA
[489]           NA           NA           NA   6.69093913           NA           NA           NA   8.67790051
[497]           NA           NA   3.99756235           NA           NA           NA           NA           NA
[505]           NA           NA           NA   1.78509080           NA           NA           NA           NA
[513]           NA           NA           NA           NA           NA           NA           NA           NA
[521]           NA           NA           NA   5.18814812  12.93032489           NA           NA           NA
[529]           NA           NA           NA           NA           NA           NA           NA           NA
[537]           NA           NA   2.45591344           NA           NA           NA           NA           NA
[545]           NA   1.01435530           NA   6.91498276   3.79876179   3.67364755           NA   3.30639965
[553]           NA           NA           NA           NA           NA           NA           NA           NA
[561]   2.07139818   6.71083903           NA           NA   6.85337336           NA           NA   3.48853492
[569]           NA           NA   2.78756691           NA           NA           NA   2.54441654           NA
[577]           NA           NA           NA           NA           NA           NA   5.57266850           NA
[585]   0.02134899           NA           NA           NA           NA           NA           NA           NA
[593]           NA           NA           NA   1.00106407   0.20666516           NA           NA           NA
[601]           NA           NA           NA           NA           NA           NA           NA           NA
[609]           NA           NA           NA           NA           NA           NA           NA           NA
[617]           NA           NA           NA           NA           NA           NA           NA           NA
[625]           NA           NA   3.68292919           NA           NA           NA           NA           NA
[633]           NA           NA           NA           NA           NA           NA           NA           NA
[641]           NA           NA           NA           NA           NA           NA   5.26495028           NA
[649]           NA           NA           NA   1.52419474   0.91382920           NA           NA           NA
[657]           NA           NA           NA           NA           NA           NA           NA           NA
[665]   5.35341540   4.63450475   2.29759872           NA           NA           NA           NA           NA
[673]           NA           NA           NA           NA           NA           NA           NA           NA
[681]           NA           NA           NA           NA           NA           NA           NA           NA
[689]           NA           NA           NA           NA           NA   0.63584171           NA   1.54366155
[697]           NA           NA           NA           NA           NA           NA   2.48670632           NA
[705]           NA           NA           NA           NA           NA           NA           NA           NA
[713]           NA           NA           NA           NA           NA           NA           NA           NA
[721]           NA           NA           NA           NA           NA           NA           NA           NA
[729]           NA           NA           NA           NA           NA           NA           NA

$TS
  [1] 1.177802e+02 1.105022e+02 1.010634e+02 8.724022e+01 1.095668e+02 8.296324e+01 7.195248e+01 6.371569e+01
  [9] 5.345899e+01 4.433240e+01 3.982609e+01 2.698092e+01 1.522824e+01 1.122393e+01 7.833599e+01 6.826776e+01
 [17] 6.611236e+01 6.580632e+01 5.946491e+01 4.369378e+01 3.721650e+01 3.144231e+01 3.083147e+01 5.697133e+01
 [25] 6.499960e+01 6.216356e+01 5.285836e+01 2.345366e+01 5.268366e+01 4.215167e+01 5.969159e+01 5.545136e+01
 [33] 4.664413e+01 3.289756e+01 5.765864e+01 5.683526e+01 5.591834e+01 4.415446e+01 4.200017e+01 2.728074e+01
 [41] 1.992770e+01 5.355982e+01 5.352183e+01 5.392966e+01 4.833521e+01 4.567193e+01 4.285181e+01 3.583860e+01
 [49] 5.341262e+01 5.478441e+01 4.894795e+01 3.545960e+01 2.427856e+01 1.576586e+01 1.519547e+01 4.814489e+01
 [57] 4.785642e+01 4.074892e+01 4.584225e+01 4.505791e+01 3.838440e+01 2.818012e+01 5.107256e+01 3.636409e+01
 [65] 3.620401e+01 3.387016e+01 3.072799e+01 2.080852e+01 1.064273e+01 5.007347e+01 2.653949e+01 2.146724e+01
 [73] 1.351425e+01 4.821563e+01 3.803231e+01 2.788108e+01 1.796816e+01 1.537170e+01 1.483371e+01 1.412050e+01
 [81] 8.190959e+00 9.459083e-01 4.103617e+01 3.060956e+01 2.388429e+01 1.326144e+01 4.479594e+01 2.740878e+01
 [89] 4.797970e+01 4.704171e+01 4.053077e+01 4.043711e+01 4.364938e+01 4.283690e+01 4.398201e+01 3.914427e+01
 [97] 3.859225e+01 2.264575e+01 2.256312e+01 3.449633e+01 1.570283e+01 1.412621e+01 5.932348e+00 3.320429e+01
[105] 2.956389e+01 2.246474e+01 1.845777e+01 1.778249e+01 1.317130e+01 1.089174e+01 2.663918e+01 2.560639e+01
[113] 3.122458e+01 3.872203e+01 4.154255e+01 3.106198e+01 3.012747e+01 2.409606e+01 2.355202e+01 1.183223e+01
[121] 6.405389e-01 3.999186e+01 3.174863e+01 2.554262e+01 1.300191e+01 1.064071e+01 3.506811e+01 1.461537e+01
[129] 2.343527e+01 1.976405e+01 1.932648e+01 1.332836e+01 3.136918e+01 2.111368e+01 1.594631e+01 1.245933e+01
[137] 5.559343e+00 3.777658e+01 3.198202e+01 2.919400e+01 1.494711e+01 7.828275e+00 3.831880e+01 3.434750e+01
[145] 2.424524e+01 2.341483e+01 1.015465e+01 3.100756e+01 2.737436e+01 3.637677e+01 3.515777e+01 1.407254e+01
[153] 1.149585e+01 3.807269e+01 3.160805e+01 3.521373e+01 2.240531e+01 1.575084e+01 3.466074e+01 1.405043e+01
[161] 1.144079e+01 4.843012e+00 3.439145e+01 3.387281e+01 2.955143e+01 1.659809e+01 4.494302e+00 3.441113e+01
[169] 3.363819e+01 2.058096e+01 2.678644e+01 2.315197e+01 2.241857e+01 1.328522e+01 2.812622e+00 2.791502e+01
[177] 2.136160e+01 1.887669e+01 3.362169e+01 2.823151e+01 3.513780e+01 2.492383e+01 2.371725e+01 2.357747e+01
[185] 1.103520e+01 4.657093e+00 3.967468e+00 1.042933e+01 9.158206e+00 6.035515e+00 9.030469e-01 2.440365e+01
[193] 3.261023e+01 3.254055e+01 3.782777e+00 2.532480e+01 1.370541e+01 2.373155e+00 2.871542e+01 2.681962e+01
[201] 2.016177e+01 1.731518e+01 1.385812e+01 1.096657e+01 6.862629e+00 3.105240e+01 2.041001e+01 1.591581e+01
[209] 2.529993e+01 1.461125e+01 4.108513e+00 1.756608e+01 6.510098e+00 5.640659e+00 2.004036e+01 3.106808e+01
[217] 2.595202e+01 1.992645e+01 1.398412e+00 3.206972e+01 2.563865e+01 2.182851e+01 2.605541e+01 2.924638e+01
[225] 2.479623e+01 1.696478e+01 1.950943e+00 2.904028e+01 1.715286e+01 1.599959e+01 2.112844e+01 1.289292e+01
[233] 9.756211e+00 3.069838e+01 8.984630e+00 8.613590e+00 1.047794e+00 3.014478e+01 2.183293e+01 1.458477e+01
[241] 8.276600e+00 2.812422e+01 1.510811e+01 4.540985e+00 1.572421e+01 2.959215e+01 2.996459e+01 1.705285e+01
[249] 1.444528e+01 3.429890e+00 2.011363e+01 1.995960e+01 4.605901e+00 1.687976e+01 1.573153e+01 9.626856e+00
[257] 2.709542e+01 2.136704e+01 1.730642e+01 1.838649e+01 2.162167e+00 1.940868e+01 1.883619e+01 1.710587e+01
[265] 1.000945e+01 7.373823e+00 1.047453e+00 2.721871e+01 2.197282e+01 1.270062e+01 7.474583e+00 1.447248e+01
[273] 1.069986e+01 2.717470e+01 2.299057e+01 1.499726e+01 1.021515e+01 7.591175e+00 2.347343e+01 1.280500e+01
[281] 2.246787e+01 1.520157e+01 2.079182e+01 2.180469e+01 2.425805e+01 2.469762e+01 2.392412e+01 1.417682e+01
[289] 2.348188e+01 2.138175e+01 1.813620e+01 1.722587e+01 1.048649e+01 1.636139e+00 3.690621e+00 7.247389e-01
[297] 2.015842e+01 1.798917e+01 1.404923e+01 1.133991e+01 9.730965e+00 1.540610e+01 7.256667e+00 1.483921e+01
[305] 1.480378e+01 3.271611e+00 3.088920e+00 7.388815e-01 3.840254e-01 2.285996e+01 1.978632e+01 1.945354e+01
[313] 1.335866e+01 1.262934e+01 4.641803e+00 4.557172e+00 5.973132e-01 1.247757e+01 1.771239e+01 1.354389e+01
[321] 1.523528e-01 1.705430e+01 1.650733e+01 1.610533e+01 1.340515e+01 2.146151e+01 2.144208e+01 1.855281e+01
[329] 1.922520e+01 1.918081e+01 1.240656e+01 9.269104e+00 1.705506e+01 1.580749e+01 2.167210e+01 1.396916e+01
[337] 2.129745e+00 1.924332e+01 1.600383e+01 1.404835e+01 8.679992e+00 6.155285e+00 1.709177e+00 6.934707e+00
[345] 2.070217e+01 1.442030e+01 7.058188e+00 1.034007e+01 9.177622e+00 5.603394e+00 1.069973e+01 7.173259e+00
[353] 1.944919e+01 1.882514e+01 1.198153e+01 2.045068e+01 1.415803e+01 9.832040e+00 1.644424e+01 9.120517e+00
[361] 1.389043e+01 7.407550e+00 6.782203e+00 6.069356e+00 1.990893e+01 3.527446e+00 5.973500e+00 4.531212e+00
[369] 3.124002e+00 1.880551e+01 1.830142e+01 1.823485e+01 1.458026e+01 1.449765e+00 1.648140e+01 1.368673e+01
[377] 1.021262e+01 3.153690e+00 1.423414e+01 7.949293e-02 1.397172e+01 7.526284e+00 1.958187e+01 1.881067e+01
[385] 8.484666e+00 7.952348e+00 3.553274e+00 1.559765e+01 8.230085e+00 5.378170e+00 4.234177e+00 2.967324e-01
[393] 1.713711e+01 1.539002e+01 7.925484e+00 1.807859e+01 1.389453e+01 1.262554e+01 5.578336e+00 1.312855e+01
[401] 3.477704e+00 1.491573e+01 1.556009e+01 1.287061e+01 9.898351e+00 8.703481e+00 1.207589e+01 1.046857e+01
[409] 5.910847e-01 1.706758e+01 1.532432e+01 1.525616e+01 9.923430e+00 6.404858e+00 4.135926e+00 2.312292e+00
[417] 1.461678e+01 8.815307e-01 1.048521e+01 1.476623e+01 9.474186e+00 1.598396e+01 1.141356e+01 8.291817e+00
[425] 3.853118e+00 9.761624e+00 5.648561e+00 1.381102e+01 4.480769e+00 5.772447e+00 9.916596e+00 1.539221e+01
[433] 6.424294e+00 8.137328e+00 1.065381e+01 9.518841e+00 9.168870e+00 7.976094e+00 1.215497e+01 1.437320e+01
[441] 1.137731e+01 1.484990e+01 8.718129e+00 8.562580e+00 5.397185e+00 4.881969e+00 1.519027e+01 1.492028e+01
[449] 1.234250e+01 9.216161e+00 7.942908e+00 8.093401e+00 2.110775e+00 4.075525e+00 1.093727e+01 9.966690e+00
[457] 1.031487e-01 3.566032e+00 9.832337e+00 1.330551e+01 5.855488e+00 1.265711e+01 1.256144e+01 1.466963e+01
[465] 6.004641e+00 5.933062e+00 1.457420e+01 8.836697e+00 1.366359e+01 8.245240e+00 2.434810e+00 1.140128e+01
[473] 2.651102e-01 1.236696e+01 3.588939e+00 3.053675e+00 1.260700e+01 1.165569e+01 7.075347e+00 8.728771e+00
[481] 1.009764e+01 5.797641e+00 1.048902e+01 8.582006e+00 1.219878e+01 6.188433e+00 1.136531e+01 7.069201e+00
[489] 5.945870e+00 9.131728e+00 5.373931e+00 6.782751e+00 1.122195e+01 7.294005e+00 1.225609e+01 1.178315e+01
[497] 1.341638e+01 5.356332e+00 1.388370e+01 8.531824e+00 1.265238e+00 2.949437e-01 7.945415e+00 8.302235e+00
[505] 4.033056e+00 3.536987e+00 1.757781e+00 2.312653e+00 1.298681e+01 1.209089e+01 1.916164e+00 4.379024e+00
[513] 3.490888e+00 1.321886e+01 1.038402e+01 4.174408e+00 3.381553e+00 2.024556e+00 3.904616e+00 1.115040e+01
[521] 8.633755e+00 3.071361e+00 3.061474e+00 9.954544e+00 1.298771e+01 1.175156e+01 5.684129e+00 1.010338e+01
[529] 9.071607e+00 1.597157e+00 9.545246e+00 5.504185e+00 1.096303e+01 9.004080e+00 8.231900e+00 4.111495e+00
[537] 9.147973e+00 2.209106e+00 6.176807e+00 1.983977e+00 9.355864e+00 6.510558e+00 5.582225e+00 3.613931e+00
[545] 2.134021e+00 4.404172e+00 1.643044e+00 1.149171e+01 1.094706e+01 6.952794e+00 6.503480e+00 7.858076e+00
[553] 9.270071e+00 7.993491e+00 1.060468e+01 8.630888e+00 2.862239e+00 1.095701e+01 5.465621e+00 4.572282e+00
[561] 1.062283e+01 7.965693e+00 1.101064e+01 4.697305e+00 7.071205e+00 5.724645e+00 3.016103e+00 6.788612e+00
[569] 6.611411e+00 4.401128e+00 7.780551e+00 7.387612e+00 3.850487e+00 7.168012e+00 5.481975e+00 4.499264e+00
[577] 2.442210e+00 3.085701e+00 1.064841e+00 3.218091e+00 2.727371e+00 7.910659e+00 6.300885e+00 5.896888e+00
[585] 1.807006e+00 4.297856e+00 6.218123e+00 5.117690e+00 7.684171e+00 6.306949e+00 7.484730e+00 3.207656e-04
[593] 6.406808e+00 9.614583e+00 1.074532e+00 6.212398e+00 8.708264e+00 9.009795e+00 5.201448e+00 2.411632e+00
[601] 5.589439e+00 3.166509e+00 2.446378e+00 1.335458e+00 2.545674e-01 4.800863e+00 7.149129e+00 5.799560e+00
[609] 2.840128e+00 6.022102e+00 7.155212e+00 7.129875e+00 4.938447e+00 7.327228e-01 6.381482e+00 2.487425e+00
[617] 1.730812e+00 7.681707e+00 8.312762e-01 5.345576e+00 1.179567e+00 8.572305e+00 5.956887e+00 7.390466e+00
[625] 5.895981e+00 8.141696e+00 4.014767e+00 1.829639e+00 1.139068e+00 8.881155e-01 4.945547e+00 6.174466e+00
[633] 6.619361e+00 2.939553e+00 2.399490e+00 4.423686e+00 6.880081e+00 1.943185e+00 5.316560e+00 4.744131e+00
[641] 3.526296e+00 1.604671e+00 7.379375e+00 4.982973e+00 6.163750e+00 4.158494e+00 6.521195e+00 2.686822e+00
[649] 2.773520e+00 1.077349e+00 1.413410e-01 5.900818e+00 5.463963e+00 6.774436e+00 4.013114e+00 4.496271e+00
[657] 2.961008e+00 1.454351e+00 5.333754e+00 3.024910e+00 9.614898e-01 1.284219e-01 2.987147e-02 2.182529e+00
[665] 6.111831e+00 5.981170e+00 3.288486e+00 4.747707e+00 1.032568e+00 5.522326e+00 1.908154e+00 4.914297e-01
[673] 2.456057e+00 4.166076e+00 2.178818e+00 1.193575e-01 1.004824e+00 8.199256e-02 1.565738e+00 7.037005e-01
[681] 4.545165e+00 2.057217e+00 3.134832e+00 4.947188e+00 3.069519e+00 2.685471e+00 2.349772e+00 3.473601e-01
[689] 4.447627e+00 5.006686e+00 5.112148e+00 1.820378e+00 1.944682e+00 3.553396e+00 3.425969e+00 3.949261e+00
[697] 1.985211e+00 1.119450e-02 9.440807e-01 2.096101e-01 6.140514e-01 5.997705e-01 2.844450e+00 3.491989e+00
[705] 8.798051e-01 1.020654e+00 7.027318e-01 3.998711e-01 3.085736e+00 2.077057e+00 3.189356e+00 3.302199e+00
[713] 3.946879e-01 2.174417e+00 1.696648e+00 1.062886e+00 1.157660e+00 5.658884e-01 1.244505e+00 1.691001e+00
[721] 2.202329e+00 8.984770e-01 2.156596e+00 1.175020e+00 5.008479e-01 7.675102e-02 1.081959e+00 1.746207e+00
[729] 3.868263e-01 1.371756e-01 5.344816e-01 5.607107e-01 2.698435e-01 2.207632e-01 1.458955e-01

$PAR
  [1]  NA   1   1   1   2   4   4   4   4   4   4   4   4   4   6   6   6   6  15  15  15  15  15  16  17  18  18  18   8
 [30]   8  26  26  26  26  31  31  31  31  31  31  31  19  35  24  24  24  24  24  36  32  32  32  32  32  32  44  44  44
 [59]  42  42  42  42  43  43  43   9   9   9   9  27  27  27  27  63  63  63  63  63  63  63  63  63  51  51  51  51  45
 [88]  45  74  74  56  56  90  90  33  33  33  33  33  60  87  87  87  10  10  10  10  10  10  10  38  38  95  20  93  93
[117]  93  93  93  93  93  30  30  30  30  30  39  39 115 115 115 115  58  58  58  58  58  91  92  92  92  92 122 122 122
[146] 122 122  11  11  96 114 114 114  97  97  61  61  61 143 143 143 143 154 154 154 154 154  75  75  75 150 150  65  65
[175]  65  48  48  48  52  52 151 151 151 181 181 181 181 127 127 127 127 159 100 100 100 168 168 168 163 163 163 163 163
[204] 163 163 144 144 144 164 164 164  66  66  66 169 179 179 179 179 104 104 104  34 193 193 193 193 220 123 123  22  22
[233]  22 133 133 133 133 113 113 113 113 216 216 216 116  67 234 238 247 247 246 246 246 105 105 105 140 140 140 228 228
[262] 180  62  62  62  62  62 149 149 149 149  40  40 268 268 274 274 274 257 257 171 171 111  71 223 112 112 124 182 225
[291] 286 286 192 192  53  53 285 118 118 118 118 287 287 184 184 184 184 184 184 119 119 289 279  28 129 129 129 146 172
[320] 172 172 275 275 275 275 310 310 310  99  99  99  99 281 281 173 173 157 269 269 284 284 284 284 335  72  72 290 177
[349] 177 177 231 231 134 134 134 283 283 283 345 345 170 170 170 356 207 201 297 297 297 251 251 251 215 215 252  41  41
[378]  41 365 365 311 311 130 130 130 130 130 383 383 383 383 353 262 131 131 338 338 338 329 330 330 178 263 370 370 370
[407] 328 107 107 371 372 372 372 372 372 372 291 291 298  77  77 108 108 108 108 212 212 202 259 229 264 410 410 333 248
[436] 226 166 166 323 375 375 359 324 324 339 208 334 158 158 158 158 245 245 388 302 302 302 432 394  78 411 412 412  13
[465] 447 447 243 243 276 141 141 448 448 402 402 402 442 442 442 304  79 305 420 128 240 467 272 346 440 288 357 102  80
[494] 299 340 340 336 336 397 397 397 397 361 499 428 428 428 197 376 376  73 497 497 313 132 132 132 132 460  86  86 514
[523] 109 400 125 509 232 404 280 462 477 477 318 318 331 331 474 474 495 495 485 439 510 407 407 355 355 120 120 526 526
[552] 478 153 548 300 300 300  14 493 493 520 520 185 185 533 533 533 558 558 558 549 549 455 110 110 273 273 351 351 435
[581]  69 293 293 408 188 348 277 377 147 265 456 413 405 459 358 233 594 436 436 436 421 541 332 332 332 490 360 360 529
[610] 598 235 468 468 468 443 443 597 406 406 521 556 236 236 500 385 470 535 535  81  81 434 554 438 395 618 278 382 382
[639] 271 271 624 624 572 643 266 352 574 574 611 612 347 637 205 568 569 542 542 542 213 213 593 414 414 590 583 587 645
[668] 190 190 367 367 367 489 466 482 482 430 527 214 601 543 543 399 137 137 532 532 559 498 599 588 690 644 684 613 446
[697] 640 186 253 316 368 576 656 689 689 586 586 586 674 674 646 536 295 694 641 641 513 517 369 307 709 175 577 687 687
[726] 664 453 638 638 728 530 727 308 702 729

$EXTANT
  [1] FALSE FALSE FALSE  TRUE FALSE FALSE FALSE FALSE FALSE  TRUE FALSE FALSE FALSE  TRUE FALSE FALSE FALSE FALSE FALSE
 [20] FALSE FALSE  TRUE FALSE FALSE FALSE FALSE FALSE FALSE FALSE  TRUE FALSE  TRUE FALSE FALSE FALSE FALSE FALSE FALSE
 [39] FALSE  TRUE  TRUE FALSE FALSE FALSE FALSE FALSE FALSE FALSE FALSE FALSE FALSE FALSE  TRUE FALSE FALSE FALSE FALSE
 [58]  TRUE FALSE FALSE FALSE  TRUE  TRUE  TRUE  TRUE  TRUE FALSE FALSE  TRUE FALSE FALSE FALSE  TRUE FALSE FALSE FALSE
 [77]  TRUE  TRUE  TRUE  TRUE  TRUE  TRUE FALSE FALSE FALSE  TRUE FALSE FALSE FALSE FALSE FALSE  TRUE  TRUE  TRUE FALSE
 [96] FALSE FALSE  TRUE  TRUE  TRUE FALSE  TRUE FALSE FALSE FALSE FALSE FALSE  TRUE  TRUE  TRUE FALSE FALSE  TRUE  TRUE
[115]  TRUE FALSE FALSE FALSE FALSE  TRUE  TRUE FALSE FALSE FALSE FALSE FALSE  TRUE  TRUE  TRUE  TRUE  TRUE  TRUE  TRUE
[134]  TRUE FALSE  TRUE  TRUE FALSE FALSE FALSE  TRUE  TRUE  TRUE FALSE FALSE  TRUE  TRUE FALSE  TRUE  TRUE FALSE  TRUE
[153]  TRUE  TRUE FALSE FALSE  TRUE FALSE FALSE FALSE FALSE FALSE  TRUE  TRUE FALSE  TRUE  TRUE  TRUE  TRUE  TRUE FALSE
[172]  TRUE  TRUE  TRUE  TRUE FALSE  TRUE  TRUE  TRUE FALSE  TRUE FALSE FALSE  TRUE  TRUE  TRUE  TRUE  TRUE  TRUE  TRUE
[191]  TRUE  TRUE  TRUE FALSE  TRUE FALSE  TRUE  TRUE FALSE  TRUE  TRUE  TRUE FALSE  TRUE  TRUE  TRUE FALSE  TRUE FALSE
[210] FALSE FALSE  TRUE  TRUE  TRUE  TRUE  TRUE  TRUE FALSE  TRUE FALSE FALSE FALSE FALSE  TRUE  TRUE  TRUE  TRUE  TRUE
[229]  TRUE FALSE FALSE  TRUE  TRUE FALSE FALSE  TRUE FALSE FALSE  TRUE FALSE FALSE  TRUE FALSE  TRUE  TRUE  TRUE  TRUE
[248]  TRUE FALSE  TRUE  TRUE FALSE  TRUE FALSE FALSE  TRUE  TRUE  TRUE FALSE FALSE  TRUE FALSE FALSE  TRUE  TRUE  TRUE
[267]  TRUE  TRUE FALSE FALSE FALSE  TRUE  TRUE  TRUE FALSE FALSE  TRUE  TRUE FALSE  TRUE  TRUE  TRUE FALSE FALSE FALSE
[286] FALSE  TRUE  TRUE FALSE  TRUE  TRUE FALSE  TRUE  TRUE  TRUE  TRUE  TRUE FALSE  TRUE  TRUE FALSE  TRUE  TRUE  TRUE
[305]  TRUE  TRUE  TRUE  TRUE  TRUE FALSE FALSE  TRUE  TRUE  TRUE  TRUE  TRUE  TRUE  TRUE FALSE FALSE  TRUE FALSE  TRUE
[324]  TRUE  TRUE FALSE  TRUE  TRUE FALSE  TRUE  TRUE  TRUE FALSE FALSE FALSE FALSE  TRUE FALSE  TRUE FALSE  TRUE FALSE
[343]  TRUE FALSE  TRUE  TRUE  TRUE  TRUE  TRUE  TRUE  TRUE  TRUE  TRUE FALSE  TRUE  TRUE FALSE  TRUE FALSE  TRUE  TRUE
[362]  TRUE FALSE  TRUE  TRUE  TRUE FALSE  TRUE  TRUE  TRUE FALSE  TRUE  TRUE  TRUE  TRUE FALSE  TRUE  TRUE FALSE  TRUE
[381]  TRUE  TRUE  TRUE FALSE FALSE  TRUE  TRUE  TRUE  TRUE  TRUE  TRUE  TRUE FALSE FALSE  TRUE FALSE  TRUE FALSE  TRUE
[400]  TRUE  TRUE  TRUE FALSE FALSE  TRUE  TRUE  TRUE  TRUE  TRUE FALSE FALSE  TRUE  TRUE  TRUE  TRUE  TRUE FALSE  TRUE
[419] FALSE  TRUE  TRUE  TRUE  TRUE  TRUE  TRUE FALSE  TRUE  TRUE  TRUE  TRUE FALSE  TRUE  TRUE  TRUE FALSE  TRUE FALSE
[438] FALSE FALSE  TRUE  TRUE  TRUE  TRUE  TRUE  TRUE FALSE  TRUE  TRUE  TRUE  TRUE FALSE  TRUE  TRUE  TRUE  TRUE  TRUE
[457]  TRUE FALSE FALSE  TRUE  TRUE  TRUE  TRUE FALSE FALSE  TRUE  TRUE FALSE FALSE  TRUE  TRUE  TRUE  TRUE  TRUE  TRUE
[476]  TRUE  TRUE  TRUE  TRUE  TRUE  TRUE  TRUE  TRUE FALSE  TRUE FALSE  TRUE  TRUE  TRUE  TRUE  TRUE FALSE  TRUE  TRUE
[495]  TRUE FALSE  TRUE  TRUE FALSE  TRUE  TRUE  TRUE  TRUE  TRUE  TRUE  TRUE  TRUE FALSE  TRUE  TRUE  TRUE  TRUE  TRUE
[514]  TRUE  TRUE  TRUE  TRUE  TRUE  TRUE  TRUE  TRUE  TRUE  TRUE FALSE FALSE  TRUE  TRUE  TRUE  TRUE  TRUE  TRUE  TRUE
[533]  TRUE  TRUE  TRUE  TRUE  TRUE  TRUE FALSE  TRUE  TRUE  TRUE  TRUE  TRUE  TRUE FALSE  TRUE FALSE FALSE FALSE  TRUE
[552] FALSE  TRUE  TRUE  TRUE  TRUE  TRUE  TRUE  TRUE  TRUE FALSE FALSE  TRUE  TRUE FALSE  TRUE  TRUE FALSE  TRUE  TRUE
[571] FALSE  TRUE  TRUE  TRUE FALSE  TRUE  TRUE  TRUE  TRUE  TRUE  TRUE  TRUE FALSE  TRUE FALSE  TRUE  TRUE  TRUE  TRUE
[590]  TRUE  TRUE  TRUE  TRUE  TRUE  TRUE FALSE FALSE  TRUE  TRUE  TRUE  TRUE  TRUE  TRUE  TRUE  TRUE  TRUE  TRUE  TRUE
[609]  TRUE  TRUE  TRUE  TRUE  TRUE  TRUE  TRUE  TRUE  TRUE  TRUE  TRUE  TRUE  TRUE  TRUE  TRUE  TRUE  TRUE  TRUE FALSE
[628]  TRUE  TRUE  TRUE  TRUE  TRUE  TRUE  TRUE  TRUE  TRUE  TRUE  TRUE  TRUE  TRUE  TRUE  TRUE  TRUE  TRUE  TRUE  TRUE
[647] FALSE  TRUE  TRUE  TRUE  TRUE FALSE FALSE  TRUE  TRUE  TRUE  TRUE  TRUE  TRUE  TRUE  TRUE  TRUE  TRUE  TRUE FALSE
[666] FALSE FALSE  TRUE  TRUE  TRUE  TRUE  TRUE  TRUE  TRUE  TRUE  TRUE  TRUE  TRUE  TRUE  TRUE  TRUE  TRUE  TRUE  TRUE
[685]  TRUE  TRUE  TRUE  TRUE  TRUE  TRUE  TRUE  TRUE  TRUE FALSE  TRUE FALSE  TRUE  TRUE  TRUE  TRUE  TRUE  TRUE FALSE
[704]  TRUE  TRUE  TRUE  TRUE  TRUE  TRUE  TRUE  TRUE  TRUE  TRUE  TRUE  TRUE  TRUE  TRUE  TRUE  TRUE  TRUE  TRUE  TRUE
[723]  TRUE  TRUE  TRUE  TRUE  TRUE  TRUE  TRUE  TRUE  TRUE  TRUE  TRUE  TRUE  TRUE

