
Birth-death simulation object with 705 species and 500 extant species

Details for some species:

Extinction times (NA means extant)
[1] 69.93927 47.93351       NA       NA 55.43095 49.89953


Speciation times 
[1] 81.86489 79.59760 71.59249 64.90947 58.97279 56.88537


Species parents (NA for initial)
[1] NA  1  2  2  2  2


Species status (extinct or extant)
[1] "extinct" "extinct" "extant"  "extant"  "extinct" "extinct"


For more details on vector y, try sim$y, with y one of
TE TS PAR EXTANT



$TE
  [1] 69.939272052 47.933513663           NA           NA 55.430954344 49.899528310 35.860383086 29.608498940
  [9]           NA 39.541901652 20.475932644  1.922861485           NA           NA           NA           NA
 [17]           NA 34.968022444 52.592367014           NA  7.578721868 21.407964599           NA  7.111058621
 [25] 27.495524746           NA           NA           NA           NA           NA 33.717284610 44.391101752
 [33] 31.776319914  9.879510885 32.050487747 16.999742764 14.366819626           NA 45.753132304 41.893935870
 [41]  9.396291628           NA           NA           NA           NA 27.447722821 16.130408965           NA
 [49] 33.516310014 38.147824533 24.679282207 24.646074004           NA           NA 45.056479597 32.052583249
 [57]  3.863834718 15.551039652           NA 13.949510101           NA           NA           NA           NA
 [65]           NA 18.449375467 11.242627852  6.038532632 15.291057010 20.210433695           NA           NA
 [73] 33.741594920  5.590900038 17.848906686 36.674948062 15.662076758 20.123209844           NA 31.797235225
 [81] 13.006000904           NA 32.095114763           NA           NA 19.421878837 31.717257720           NA
 [89]           NA 11.672915906 36.359552407 17.130067356  3.141430255           NA  9.651513828 18.540369131
 [97] 31.818835734           NA 31.262569761 21.526552160           NA           NA           NA           NA
[105]           NA 22.739433946           NA           NA  2.807125188  0.879324026  6.432819045  2.082850372
[113]           NA           NA           NA           NA  7.159747493           NA  3.840272077 22.298882049
[121] 28.870610231           NA 16.081747752           NA           NA           NA           NA 20.701219075
[129] 36.330140054  9.174620875           NA           NA           NA 28.112118656  2.387291822  9.639586821
[137]           NA           NA 25.879224745 17.955347702 19.508996695 13.042489144  8.546349079           NA
[145]           NA  6.347120212           NA  4.719781555  3.210335037           NA 20.234735866           NA
[153]  8.387977610 14.612849442           NA           NA           NA 14.967001778           NA 20.614689466
[161]  7.899386697           NA           NA           NA  8.436422930           NA           NA  0.335140116
[169] 26.686483888 29.994938727           NA           NA           NA           NA           NA           NA
[177]  7.261342040           NA           NA           NA  2.017055191  8.803518278           NA           NA
[185]  5.831867477  5.067060772  6.841833564           NA           NA           NA 18.078756049           NA
[193] 15.969457805           NA 14.267741647  3.628702403 21.095961493 17.357960280           NA           NA
[201]           NA           NA           NA           NA           NA           NA           NA  1.176878064
[209]           NA  1.994554993           NA           NA           NA  4.155454539           NA 13.040321002
[217]           NA  5.129168561           NA 18.936068093           NA           NA           NA           NA
[225]           NA           NA  3.846359604           NA 17.554965730           NA 20.511100080           NA
[233] 21.094988143           NA  8.760724887           NA           NA           NA 20.226727420 14.265443148
[241]           NA  1.483598933           NA 19.590654624           NA  1.002551262           NA           NA
[249]           NA  0.750613649           NA           NA           NA           NA  2.093760695           NA
[257] 10.787573848  1.411218383           NA           NA           NA           NA           NA  2.462946799
[265]  5.459875180           NA           NA           NA           NA           NA           NA  0.701816820
[273] 17.501682549           NA           NA  6.166120719           NA           NA  4.692263645           NA
[281]           NA           NA           NA           NA           NA           NA           NA           NA
[289]           NA           NA           NA  3.606309253           NA           NA           NA  5.781956883
[297]           NA           NA           NA           NA           NA           NA  2.249712404  8.707225683
[305] 20.758019888  7.416022162           NA           NA           NA 13.103282320           NA           NA
[313]           NA           NA 14.616567218           NA           NA  2.374818000           NA  7.763325921
[321]           NA           NA  5.662262690           NA           NA  3.869313923           NA  6.815451585
[329]           NA           NA  5.298123720  5.437126707  6.530979363  9.595115008           NA           NA
[337]           NA           NA           NA           NA           NA           NA           NA 11.026744938
[345]           NA           NA           NA           NA           NA 10.722789078           NA           NA
[353]           NA           NA           NA           NA  0.781312855 12.165750211  1.232339815 12.088569815
[361]           NA           NA           NA  2.321617221 14.124577474           NA           NA  5.415315569
[369]           NA           NA           NA  5.507701718           NA           NA           NA           NA
[377]           NA           NA           NA           NA           NA           NA  7.390498988           NA
[385]  4.644992834           NA           NA           NA 13.103421131           NA           NA           NA
[393]           NA           NA           NA           NA           NA  4.641388316           NA           NA
[401]           NA           NA           NA           NA           NA           NA           NA  7.655587087
[409]           NA           NA 11.022535656           NA           NA  0.806276339           NA           NA
[417]           NA           NA           NA           NA 11.201978426           NA           NA           NA
[425]           NA  4.724812987           NA           NA           NA           NA           NA  1.048072983
[433]           NA           NA           NA           NA  3.676949459  7.833078810           NA           NA
[441]           NA  7.169613959           NA           NA           NA           NA           NA           NA
[449]           NA           NA           NA           NA           NA  7.428731248           NA           NA
[457]  0.002149139           NA           NA           NA           NA           NA           NA           NA
[465]           NA           NA  2.442755623           NA           NA           NA           NA           NA
[473]           NA           NA           NA           NA 10.040389385           NA           NA           NA
[481]           NA           NA           NA  9.997880486           NA           NA           NA           NA
[489]           NA           NA           NA           NA  4.802509016           NA  9.616174154           NA
[497]           NA           NA           NA  2.815808168           NA  1.676296089           NA           NA
[505]           NA           NA           NA           NA           NA           NA           NA           NA
[513]           NA           NA           NA  2.299398196           NA           NA           NA           NA
[521]           NA           NA           NA           NA           NA           NA  0.991743410           NA
[529]           NA           NA  3.752874981           NA           NA           NA           NA           NA
[537]           NA  6.385755309  7.679749010           NA           NA           NA           NA  2.390214439
[545]           NA           NA           NA           NA  1.299311975           NA  1.403678721           NA
[553]  1.926167527           NA           NA           NA           NA           NA           NA  6.903880683
[561]  4.597954949  1.495236391           NA           NA           NA           NA           NA           NA
[569]           NA           NA           NA           NA  0.578538540           NA           NA           NA
[577]  4.274633451           NA           NA           NA           NA           NA           NA           NA
[585]           NA           NA           NA           NA           NA           NA           NA           NA
[593]           NA           NA  2.820785919           NA           NA           NA           NA           NA
[601]           NA           NA           NA           NA  1.572970374  2.751851123           NA  2.788741580
[609]           NA           NA           NA           NA           NA           NA           NA  3.445303402
[617]           NA           NA           NA           NA           NA  0.056872236           NA           NA
[625]           NA  4.709453693           NA           NA           NA           NA           NA           NA
[633]           NA           NA           NA           NA           NA           NA           NA           NA
[641]           NA           NA           NA           NA           NA           NA           NA           NA
[649]           NA           NA           NA  2.966866791           NA           NA           NA           NA
[657]           NA           NA           NA           NA           NA           NA           NA           NA
[665]           NA           NA           NA           NA           NA  1.324865618           NA           NA
[673]           NA           NA           NA           NA           NA           NA           NA           NA
[681]           NA           NA           NA           NA           NA           NA           NA           NA
[689]           NA           NA           NA           NA           NA           NA           NA           NA
[697]           NA           NA           NA           NA           NA           NA           NA           NA
[705]           NA

$TS
  [1] 81.864886848 79.597600582 71.592493118 64.909474534 58.972790982 56.885366664 52.808525402 61.823702656
  [9] 52.240577095 45.902524285 35.656545294 32.666422796 30.593568093 23.271732217 19.281295345 10.887442877
 [17]  3.277751453 57.509149845 55.915074068 53.013785718 49.132866295 48.681688950 46.102396919 33.786815888
 [25] 30.335384150 24.195730159 15.883225067 14.732914278  6.461774457  4.493301770 55.451825970 50.175764937
 [33] 36.909297066 47.196823579 39.058075246 53.858023418 53.369094005 53.966299185 53.915103084 49.959773171
 [41] 47.836627789 41.035680642 23.951868696 22.207955366  8.179729752 47.563002212 46.618865842 44.586892755
 [49] 41.785763198 38.302877200 37.741424305 31.685583367 30.667955166 18.037157896 51.240785561 34.773121749
 [57] 31.428182859 25.556448659 18.254304963 15.029717224 14.967853824 35.683772958 28.559960987 25.399829415
 [65]  7.965645908 49.598386602 48.059532793 46.292910684 35.188145589 22.625994737 11.144874095  0.574720408
 [73] 48.345220096 26.603201812 18.837608395 48.839388270 39.380166181 38.665787993 37.827239489 34.597516353
 [81] 34.406360798 11.927692761 46.054821260 26.095266966 41.645858262 39.116673970 36.403904784 26.723206363
 [89] 22.115363873 14.367428081 47.754403285 20.171329257  9.982610605 40.920940430 40.179118477 40.409009765
 [97] 32.086131910 44.548381201 32.227138362 21.798152586 30.973992830 26.135471893 25.804573120 20.897029456
[105] 45.737345976 41.880735241 29.303269842 25.334411690  4.150249547 40.281090372 36.346260974 23.714212723
[113] 11.951339826 10.844968948 17.035400211 16.519295110 15.539638030 13.325602699 10.069767443 34.344779223
[121] 30.475616523 20.685397641 17.391421504 11.473877936  1.630839066 26.439186250 24.116389365 36.663053351
[129] 36.417094073 27.326820375 25.042826253  2.424585873  0.098567496 31.222278636 23.383506054 20.554071745
[137] 20.494839019 40.041563113 34.604169540 31.248974669 30.511303879 18.363548303  9.564117266  9.058575698
[145] 32.246290373 29.065434511 15.671964092  6.758527524  4.759245968 14.735735116 20.544661594  7.494298027
[153] 26.588668142 29.054149703 33.552686238 32.064724789 30.024081088 21.186755018 10.611183986 29.379350526
[161] 24.831068839 19.189588946 18.510363304 17.783647712 11.280896060  6.602551901 11.294573454  2.744152156
[169] 33.542092147 32.915825167 23.939770796 21.840747182 18.515946858 30.773281650 30.159227671  2.680271904
[177] 33.166623617  8.882044069 13.505492805  2.513562514 19.546351771 16.735722550  2.037684515 23.777342645
[185]  6.047462116 30.662669528 26.635555008  7.361124044 11.723261009 22.783081675 22.260171438  0.715060331
[193] 29.005852665 27.204624086 19.739297597  8.016864897 23.406817415 18.623793279 12.536300952 10.267497453
[201]  3.173038761  1.070610771 28.330383868 11.750744461 29.672432877 15.368640377 27.928235685  7.789903941
[209]  3.812717089 25.546956697 23.033979406 28.982234527 26.135626830  7.021064856  0.101420721 20.562042322
[217] 11.879525751 10.353897105  7.956108892 28.857259384 14.956731197 22.756584100 17.385387844 10.934450826
[225] 10.025603408 28.468106521 20.036609931 28.007472366 23.986033465 17.312764813 21.235086920 17.782003251
[233] 24.640852022 22.261975085 16.223867132  6.547917285  3.265333980 22.081970879 25.511905855 20.391141392
[241] 19.862813248  3.956800166  1.756041154 22.808963361 18.632949988  9.072869185  5.750404913 24.582452892
[249] 19.365399365 13.263003623 10.852924338  8.419991541  6.764014105 19.507300461 18.029479553 14.795262068
[257] 11.370230826  5.431178274 10.967192829  4.467341507 15.755531873 13.606555776  1.753205295 22.802556311
[265] 13.889497505  8.391737780  0.214625254 25.439633497 22.026017830 18.407688571  1.949267781 19.787010618
[273] 19.333016199 13.471781068 24.179255652 19.512922231 15.109604488  5.984698764 12.156011172  9.962340973
[281]  7.885109720 23.071609742 14.096615163 13.784259296 17.321975312 11.994495729  1.929580600  0.735887368
[289] 20.751788229 11.154848809 14.821038794 10.206426642  7.342961476  5.911978738 17.349086692 17.124117195
[297]  4.223014090  0.025016653 16.184957812 22.768326878 11.844407115 10.677935843  5.642024707 23.600426106
[305] 22.891170779 14.702440698 13.093453489  3.897125354 19.426619045 13.439246447  3.025379370 12.023619886
[313] 15.243302598  3.215169624 22.759314048 20.902383876 14.324345784 20.614070346 14.606711309 11.719413723
[321]  8.542285215 10.419549637  9.535621388 17.147896512 19.778528184  8.649777145  6.651595722  8.370608588
[329]  8.679826659  3.464217683  7.571416223 13.990725636 12.466008397 10.107658220  5.279672368 16.494244746
[337] 13.146483615  7.541105795  1.518409597 13.877731306 11.146228091  9.928798891  7.817337859 16.931049497
[345] 14.122943570 10.534053754  9.112646866  7.318059692 18.879864385 13.367461264 10.708987880 10.126770710
[353]  8.234268033 17.327955368 10.289344204  3.061303690 16.904340691 15.752898347  9.964519600 12.139612233
[361]  7.498375319 12.840092665  2.007759277 17.466619119 15.311832537  2.320673221 18.417794822 10.258957728
[369]  7.813853443  4.794854356  0.817073946  7.937870149 16.310766608 12.342717116  9.569213077  4.538002884
[377]  4.062916815 14.860458124  9.137346718  4.114425029  0.928267422 15.090957765 17.739974239 14.009635206
[385]  7.800561091 16.906810318 14.307119007  5.416189376 13.702768838  3.592261521 14.551688551 14.195251257
[393]  8.852699067 13.050185136  9.387661109  6.556649093  5.169596442  8.728915686  7.092924778  7.001982968
[401] 10.937598174  5.894777703 11.775275821  9.071848628  2.018064562  7.654295392  9.285057656 15.723340920
[409] 14.909753230  9.443884775 14.964855203  9.154034367 13.866360716  7.279952625 10.021913194 13.357173984
[417]  8.652779289  7.614600660  4.829625054  8.425194463 12.346186394  9.936918209 10.438098839  6.154079803
[425] 11.730542209  9.838423131  9.198802762  8.512209921  8.806893692  5.136450456  4.718199262  1.457863950
[433] 11.288929370  6.506746461  4.595439330 12.978089889 11.248705973  8.252658308  5.865742042  2.641211763
[441]  1.286983550  7.994261791 12.505276793 12.248125782  3.227550590 10.591806084  5.945393180  8.316869158
[449] 12.862041724 12.154622340  1.803374553  7.660051181  2.033656332 13.515792481 12.385026954  9.292876415
[457]  2.458891647 11.142283313  1.048024937  0.291973653 10.877034939 13.173667893 11.250474405  2.188184688
[465] 11.781865613 10.419402206  7.242064005  4.082451186 12.275381566  8.028235528  5.949648455 10.725873892
[473]  8.974234883  1.397092587  1.415687472 12.415987799 10.593686994  7.020968122  4.234292366 12.103659361
[481]  5.193262008  4.134231993  2.671639241 11.773667450 10.248901474  8.286269919  9.055865107  8.878788819
[489]  4.676417392  2.407117417  1.271691807  0.361502497  7.791419143  0.729775033 11.810060599  8.450658980
[497]  2.879874688  2.874622898  1.902750557  8.718329527  1.184425250 10.543113795  8.809771253  2.593755684
[505]  9.606739946  0.427951626  6.815099298  6.045275594 10.725495605  8.127735242 10.562193452  1.440633159
[513]  3.688946796  1.303747375  2.519454140  7.588468427  8.447569198  2.280414914  3.722739757  4.115990781
[521]  8.306674288  2.102723924  7.934272306  9.840086523  8.755591598  1.026175947  3.539551196  1.644280947
[529]  7.864947651  9.292924687  5.693128901  9.388627767  4.094515106  9.846015496  7.564522652  7.188435468
[537]  9.705105760  9.170191055  7.909710636  3.595942117  9.933381921  9.366483750  8.785828055  6.932782268
[545]  1.212380340  6.244788728  5.927043131  5.166932585  4.599967624  8.725596735  5.733312201  4.375736176
[553]  3.119603762  6.113520234  0.477597017  4.032675071  8.676152461  6.906493082  1.173556702  8.769368947
[561]  7.827532602  5.464090578  4.986926301  6.588970064  0.518653430  7.596585237  0.477417622  0.784978870
[569]  3.872614647  8.004381528  1.926085126  3.666089210  1.256489437  0.332419880  3.890879585  6.706907385
[577]  5.782121908  4.598443489  0.668694195  1.556786053  6.186232708  3.363449119  4.283930983  3.225126012
[585]  2.728620452  7.376463998  6.457918209  2.853190900  3.815545666  1.647695773  4.971986066  3.191366747
[593]  7.427487553  4.906155465  6.598509069  3.339015275  0.538022069  0.737711878  7.317326590  1.989728530
[601]  7.403749718  6.628119670  2.944858488  4.786741021  3.944052146  6.356793023  1.827666806  6.298084232
[609]  3.508097954  0.834703373  5.289863538  0.055847613  5.168813968  6.849530307  3.916850764  3.845042122
[617]  2.793859520  0.748213494  1.839610286  4.335337592  5.905936128  5.776340513  3.518637412  6.604317389
[625]  4.688459323  5.242322337  4.594727483  4.385455939  2.688516150  6.287565673  4.563240665  4.945733898
[633]  4.627925504  1.614462386  3.271678190  1.488066387  2.341941392  2.105534819  1.823742196  4.518041894
[641]  5.079948415  5.306526282  3.048517972  4.388771487  1.789518126  2.970571700  2.070589725  3.341402615
[649]  4.321189398  3.808734731  1.648981383  3.320268597  3.555691821  4.932323203  2.768739374  2.932202231
[657]  4.436431057  3.314474237  3.971906045  3.002927547  2.574331990  0.235173738  3.648641213  1.190489722
[665]  0.320462160  0.391851669  3.139776864  0.384598788  2.082213274  2.437551445  0.454314300  1.817587226
[673]  1.168889108  3.483661047  2.639313822  1.343563451  2.530537083  2.473068853  0.881896922  2.711761711
[681]  0.960364125  1.727169498  1.525539758  0.635804705  1.853627682  2.195857518  2.382954280  2.740360260
[689]  0.550323466  0.009439473  1.511294324  0.338240740  2.351034282  0.291288911  2.226497090  1.168016193
[697]  0.563061041  0.549859532  0.570151298  0.019381632  1.716733825  1.187837929  0.376263530  0.840909292
[705]  0.508597397

$PAR
  [1]  NA   1   2   2   2   2   2   3   3   3   3   3   3   3   3   3   3   4   4   4   4   4   4   4   4   4   4   4
 [29]   4   4   8   8   8  18  18  19  19  31  31  31  38  38  38  38  38  39  36  36  36  36  36  36  36  36  37  37
 [57]  37  37  37  37  37  20  20  20  20   7   9   9   9   9   9   9  66  66  66  21  21  21  21  21  21  21  76  22
 [85]  73  73  73  67  67  67  41  41  41  91  46  34  34  47  47  47  68  68  68  68  23  23  23  23  23  83 105 105
[113] 105 105  48  48  48  48  48  98  98  98  98  98  98 106 106  49  49  85  85  85  85  42  42  42  42  94  94  94
[141]  94  94  94  94  96  96 110 110 110  95 138 138  86  78  79  79  79  79  79 111 111 111 111 111 111 111  62  62
[169]  56  80  81  81  81  24  24 155 169 177  12  12 145 145 145 156 156 101 101 101 174  53  53  53 186 186 186 186
[197]  13  13  13  13  13  13  25 175 157 157 205 205 205 160 160 107 107 107 107 146 146 146 146 154 154 212 212 212
[225] 212 220 220  63  63  63 226 226 203 228 228 207 207 130 194 194 194 194 194  88  88  88  88  74  74  74  74  74
[253]  74 153 153 126 126 126 213 213 102 102 102  84  84  84  84 103 103 103 103  58 210 210 239 268 268  64 108 108
[281] 108 161 161 161 248 248 248 248  26  26 275 275 275 275 127 127 127 127  43 184 184 184 184 112 197 135 135 135
[309]  14  14  14 282 211 211 244 244 264 190 190 190 190 300 300 222 234 234  44  89 238 238 172 104 104 104 104 289
[337] 122 122 122 136 137 137 137 227 227 227 227 227 241 241 241 272 272 325 325 325 195 195 181 276 276 309 309 249
[365] 249 249 273  15  15  15  15 349 245 245 245 245 245 163 163 163 163 367 270 270 270  59  59  54 255 255 164 164
[393] 232 383 383 223 223 295 230 230 324 324 115 115 115 357 116 336 336 373 235 299  27 147 117 206 206 206 206 313
[421] 277 277  61 221 409 409 409 409 378 378 378 378 150 150 150  28  28  28  28  28 319 391  90 317 317 387 283 384
[449] 265 340 340 413 284 389 262 262 262 179 274 274 350 416 416 416 118 118 118 250 462 462 462 307 307 394 436 449
[477] 449 362 362 333 455 455 455 374 374 444 279 450 312 312 312 312 286 113  82  82 301 465 465 403 403 484 189 189
[505] 167 433 341 341  71  71 259 259 401 224  16 461 251 251 472 509 302 302 159 446 446 511 502 346 322 218 218 355
[533] 200 485 485 119 415  93 359 280 422 422 422 422 422 534 426 426 505 375 375 532 532 395 395 542 530 530 530 407
[561] 407 407 347 144 144 178 178 393 503 429 429 550 550 550 500 557 557 557 557 321 428 428 420 420 266 328 448 448
[589] 486 486 353 353  45 510 570  65 523 281 561 343 493 418 418 516 516 535 535 338 338 361 152 601 586 188 293 348
[617] 348 348 599 536 214 214 478 558 614 576 576 602 624 396 236  29 587 554 508 508 278 447 447 294 439 247 303 258
[645] 258 388 611 335 481 397 613 430 641 563 563 591 632 370 431 633 633 640 260 260 628 649 479 482 520 380 377 556
[673] 589 519 519 572 623 623 623 609 674 330 330 635 311 660 646 603 656 617 688 504 677 490 637 366 695 695 453 453
[701] 405 514 501 673 610

$EXTANT
  [1] FALSE FALSE  TRUE  TRUE FALSE FALSE FALSE FALSE  TRUE FALSE FALSE FALSE  TRUE  TRUE  TRUE  TRUE  TRUE FALSE FALSE
 [20]  TRUE FALSE FALSE  TRUE FALSE FALSE  TRUE  TRUE  TRUE  TRUE  TRUE FALSE FALSE FALSE FALSE FALSE FALSE FALSE  TRUE
 [39] FALSE FALSE FALSE  TRUE  TRUE  TRUE  TRUE FALSE FALSE  TRUE FALSE FALSE FALSE FALSE  TRUE  TRUE FALSE FALSE FALSE
 [58] FALSE  TRUE FALSE  TRUE  TRUE  TRUE  TRUE  TRUE FALSE FALSE FALSE FALSE FALSE  TRUE  TRUE FALSE FALSE FALSE FALSE
 [77] FALSE FALSE  TRUE FALSE FALSE  TRUE FALSE  TRUE  TRUE FALSE FALSE  TRUE  TRUE FALSE FALSE FALSE FALSE  TRUE FALSE
 [96] FALSE FALSE  TRUE FALSE FALSE  TRUE  TRUE  TRUE  TRUE  TRUE FALSE  TRUE  TRUE FALSE FALSE FALSE FALSE  TRUE  TRUE
[115]  TRUE  TRUE FALSE  TRUE FALSE FALSE FALSE  TRUE FALSE  TRUE  TRUE  TRUE  TRUE FALSE FALSE FALSE  TRUE  TRUE  TRUE
[134] FALSE FALSE FALSE  TRUE  TRUE FALSE FALSE FALSE FALSE FALSE  TRUE  TRUE FALSE  TRUE FALSE FALSE  TRUE FALSE  TRUE
[153] FALSE FALSE  TRUE  TRUE  TRUE FALSE  TRUE FALSE FALSE  TRUE  TRUE  TRUE FALSE  TRUE  TRUE FALSE FALSE FALSE  TRUE
[172]  TRUE  TRUE  TRUE  TRUE  TRUE FALSE  TRUE  TRUE  TRUE FALSE FALSE  TRUE  TRUE FALSE FALSE FALSE  TRUE  TRUE  TRUE
[191] FALSE  TRUE FALSE  TRUE FALSE FALSE FALSE FALSE  TRUE  TRUE  TRUE  TRUE  TRUE  TRUE  TRUE  TRUE  TRUE FALSE  TRUE
[210] FALSE  TRUE  TRUE  TRUE FALSE  TRUE FALSE  TRUE FALSE  TRUE FALSE  TRUE  TRUE  TRUE  TRUE  TRUE  TRUE FALSE  TRUE
[229] FALSE  TRUE FALSE  TRUE FALSE  TRUE FALSE  TRUE  TRUE  TRUE FALSE FALSE  TRUE FALSE  TRUE FALSE  TRUE FALSE  TRUE
[248]  TRUE  TRUE FALSE  TRUE  TRUE  TRUE  TRUE FALSE  TRUE FALSE FALSE  TRUE  TRUE  TRUE  TRUE  TRUE FALSE FALSE  TRUE
[267]  TRUE  TRUE  TRUE  TRUE  TRUE FALSE FALSE  TRUE  TRUE FALSE  TRUE  TRUE FALSE  TRUE  TRUE  TRUE  TRUE  TRUE  TRUE
[286]  TRUE  TRUE  TRUE  TRUE  TRUE  TRUE FALSE  TRUE  TRUE  TRUE FALSE  TRUE  TRUE  TRUE  TRUE  TRUE  TRUE FALSE FALSE
[305] FALSE FALSE  TRUE  TRUE  TRUE FALSE  TRUE  TRUE  TRUE  TRUE FALSE  TRUE  TRUE FALSE  TRUE FALSE  TRUE  TRUE FALSE
[324]  TRUE  TRUE FALSE  TRUE FALSE  TRUE  TRUE FALSE FALSE FALSE FALSE  TRUE  TRUE  TRUE  TRUE  TRUE  TRUE  TRUE  TRUE
[343]  TRUE FALSE  TRUE  TRUE  TRUE  TRUE  TRUE FALSE  TRUE  TRUE  TRUE  TRUE  TRUE  TRUE FALSE FALSE FALSE FALSE  TRUE
[362]  TRUE  TRUE FALSE FALSE  TRUE  TRUE FALSE  TRUE  TRUE  TRUE FALSE  TRUE  TRUE  TRUE  TRUE  TRUE  TRUE  TRUE  TRUE
[381]  TRUE  TRUE FALSE  TRUE FALSE  TRUE  TRUE  TRUE FALSE  TRUE  TRUE  TRUE  TRUE  TRUE  TRUE  TRUE  TRUE FALSE  TRUE
[400]  TRUE  TRUE  TRUE  TRUE  TRUE  TRUE  TRUE  TRUE FALSE  TRUE  TRUE FALSE  TRUE  TRUE FALSE  TRUE  TRUE  TRUE  TRUE
[419]  TRUE  TRUE FALSE  TRUE  TRUE  TRUE  TRUE FALSE  TRUE  TRUE  TRUE  TRUE  TRUE FALSE  TRUE  TRUE  TRUE  TRUE FALSE
[438] FALSE  TRUE  TRUE  TRUE FALSE  TRUE  TRUE  TRUE  TRUE  TRUE  TRUE  TRUE  TRUE  TRUE  TRUE  TRUE FALSE  TRUE  TRUE
[457] FALSE  TRUE  TRUE  TRUE  TRUE  TRUE  TRUE  TRUE  TRUE  TRUE FALSE  TRUE  TRUE  TRUE  TRUE  TRUE  TRUE  TRUE  TRUE
[476]  TRUE FALSE  TRUE  TRUE  TRUE  TRUE  TRUE  TRUE FALSE  TRUE  TRUE  TRUE  TRUE  TRUE  TRUE  TRUE  TRUE FALSE  TRUE
[495] FALSE  TRUE  TRUE  TRUE  TRUE FALSE  TRUE FALSE  TRUE  TRUE  TRUE  TRUE  TRUE  TRUE  TRUE  TRUE  TRUE  TRUE  TRUE
[514]  TRUE  TRUE FALSE  TRUE  TRUE  TRUE  TRUE  TRUE  TRUE  TRUE  TRUE  TRUE  TRUE FALSE  TRUE  TRUE  TRUE FALSE  TRUE
[533]  TRUE  TRUE  TRUE  TRUE  TRUE FALSE FALSE  TRUE  TRUE  TRUE  TRUE FALSE  TRUE  TRUE  TRUE  TRUE FALSE  TRUE FALSE
[552]  TRUE FALSE  TRUE  TRUE  TRUE  TRUE  TRUE  TRUE FALSE FALSE FALSE  TRUE  TRUE  TRUE  TRUE  TRUE  TRUE  TRUE  TRUE
[571]  TRUE  TRUE FALSE  TRUE  TRUE  TRUE FALSE  TRUE  TRUE  TRUE  TRUE  TRUE  TRUE  TRUE  TRUE  TRUE  TRUE  TRUE  TRUE
[590]  TRUE  TRUE  TRUE  TRUE  TRUE FALSE  TRUE  TRUE  TRUE  TRUE  TRUE  TRUE  TRUE  TRUE  TRUE FALSE FALSE  TRUE FALSE
[609]  TRUE  TRUE  TRUE  TRUE  TRUE  TRUE  TRUE FALSE  TRUE  TRUE  TRUE  TRUE  TRUE FALSE  TRUE  TRUE  TRUE FALSE  TRUE
[628]  TRUE  TRUE  TRUE  TRUE  TRUE  TRUE  TRUE  TRUE  TRUE  TRUE  TRUE  TRUE  TRUE  TRUE  TRUE  TRUE  TRUE  TRUE  TRUE
[647]  TRUE  TRUE  TRUE  TRUE  TRUE FALSE  TRUE  TRUE  TRUE  TRUE  TRUE  TRUE  TRUE  TRUE  TRUE  TRUE  TRUE  TRUE  TRUE
[666]  TRUE  TRUE  TRUE  TRUE FALSE  TRUE  TRUE  TRUE  TRUE  TRUE  TRUE  TRUE  TRUE  TRUE  TRUE  TRUE  TRUE  TRUE  TRUE
[685]  TRUE  TRUE  TRUE  TRUE  TRUE  TRUE  TRUE  TRUE  TRUE  TRUE  TRUE  TRUE  TRUE  TRUE  TRUE  TRUE  TRUE  TRUE  TRUE
[704]  TRUE  TRUE

