
Birth-death simulation object with 681 species and 500 extant species

Details for some species:

Extinction times (NA means extant)
[1]  2.180425 38.424046        NA  9.310576 41.527116 23.392389


Speciation times 
[1] 61.97813 59.11089 56.77138 51.04524 47.45599 45.88277


Species parents (NA for initial)
[1] NA  1  1  1  1  1


Species status (extinct or extant)
[1] "extinct" "extinct" "extant"  "extinct" "extinct" "extinct"


For more details on vector y, try sim$y, with y one of
TE TS PAR EXTANT



$TE
  [1]  2.18042548 38.42404611          NA  9.31057616 41.52711574 23.39238884  9.65796078          NA          NA
 [10] 35.79316198 25.57433592 42.20212661 11.02211623 49.69754754 14.69644281          NA  2.36902573          NA
 [19]          NA 25.81878180          NA 20.10592332  0.74450642          NA          NA  9.55064768 37.17524919
 [28] 38.54076509 20.11663971 16.17698798 17.22121187          NA 30.20903426          NA          NA 24.85185741
 [37]          NA          NA          NA 27.97735828          NA 25.53610452          NA 12.89459160          NA
 [46]          NA          NA          NA          NA          NA          NA          NA          NA          NA
 [55]          NA          NA 11.84223191 18.31984455  4.48773358          NA          NA 16.80308405          NA
 [64]          NA          NA 30.77179723          NA          NA          NA 19.86087569          NA          NA
 [73]          NA          NA 12.04241830 35.54960882  2.41449473          NA          NA          NA          NA
 [82] 34.46679744 17.83473339          NA          NA          NA 21.68508201          NA 12.54675965          NA
 [91] 10.87593121          NA          NA 13.67619914          NA          NA          NA 17.69777395          NA
[100]          NA 15.07320162 17.61336168  4.80942991          NA 12.63506310          NA 16.51302636          NA
[109] 15.91149259 19.37960474          NA          NA          NA          NA 11.08311256          NA          NA
[118]          NA          NA 16.24841787          NA 27.02445445          NA          NA  5.24478597 20.58536803
[127] 16.41183050 21.36244331          NA          NA          NA 13.52989881          NA          NA          NA
[136]          NA          NA  7.03324724 11.07470441 19.00019339          NA          NA          NA          NA
[145]          NA  1.05153074          NA  9.92201075          NA          NA          NA 17.31351972          NA
[154]          NA 16.73054330  0.67263628  0.15514419 13.19700606  3.28889471 11.23861343          NA          NA
[163] 14.91736884          NA 27.32970062          NA  9.65113944  9.02839720          NA          NA  1.28807575
[172]          NA          NA          NA          NA          NA 14.51567986 21.99006581 13.94562673 12.48903615
[181]          NA 24.19688740 13.04199423          NA          NA          NA          NA          NA  0.38899917
[190]  2.95540137          NA          NA          NA 18.45363458          NA 26.40399197          NA 12.61942044
[199]          NA          NA          NA  3.29720866  7.60553064          NA          NA 12.19855247          NA
[208]          NA          NA          NA          NA          NA          NA          NA          NA  3.06059012
[217]  8.86518020  2.33377517  0.86576332          NA          NA          NA          NA          NA          NA
[226]          NA          NA          NA 18.81443054          NA 23.90721804  6.89183401          NA          NA
[235] 13.03756662          NA          NA          NA          NA          NA  4.55502401          NA          NA
[244]          NA  5.73364098  5.84450123          NA  5.07166186          NA          NA          NA          NA
[253]  0.41001613          NA  6.86913818          NA          NA          NA          NA          NA  9.23898174
[262]          NA          NA 18.30109423  4.18258740 12.83300099  2.93825500          NA          NA          NA
[271]  0.58449058 22.91893471          NA 15.91860907  7.78226906          NA          NA          NA  5.78710024
[280]          NA          NA          NA  6.74378599  7.34943277          NA  1.40313689          NA          NA
[289]          NA          NA          NA          NA          NA          NA  3.37902899          NA          NA
[298]  7.99987055          NA  6.94260206          NA          NA          NA          NA  0.20705811          NA
[307]          NA 16.31660250  5.96301920          NA          NA          NA          NA          NA  8.18486341
[316]          NA          NA          NA          NA          NA 13.61907837 17.96214815          NA          NA
[325]          NA          NA          NA          NA  6.34692460          NA          NA  4.19447026  1.73593135
[334]  8.84043526          NA          NA          NA  0.00442925  0.98850145          NA          NA          NA
[343]          NA          NA          NA          NA          NA 15.02904936  2.36282365          NA 11.66609789
[352]          NA          NA          NA          NA          NA          NA          NA          NA  6.09929677
[361]          NA          NA 10.28562247          NA          NA  6.90375258          NA          NA          NA
[370]          NA          NA          NA          NA          NA          NA          NA 16.43597018          NA
[379]  6.50576215          NA  7.87881310  0.43753556          NA          NA          NA          NA          NA
[388]          NA          NA          NA          NA          NA          NA          NA          NA          NA
[397]  3.76544440          NA  9.32551740  3.46404784          NA          NA          NA  0.76044077          NA
[406]          NA          NA  2.06883257          NA  3.10556051          NA          NA          NA          NA
[415]          NA          NA 10.04666920          NA          NA          NA          NA          NA          NA
[424]          NA          NA          NA          NA          NA          NA  4.41554228          NA          NA
[433]          NA          NA  9.01030987          NA          NA          NA          NA          NA  4.28818310
[442]          NA          NA          NA          NA          NA          NA          NA 13.42918044          NA
[451]          NA          NA          NA          NA          NA          NA          NA          NA          NA
[460]          NA  9.38092627  7.41156664  5.24805367  5.56046256          NA          NA          NA          NA
[469]          NA          NA          NA          NA          NA          NA          NA          NA  5.77932509
[478]          NA  3.98160237  0.10213402          NA          NA          NA          NA          NA  0.53769904
[487]  1.78470430          NA  5.50136582          NA  5.22562937          NA          NA          NA  3.98611765
[496]          NA          NA          NA          NA          NA          NA          NA          NA  0.73611311
[505]          NA          NA  2.96323641          NA  0.52637958          NA          NA          NA  1.13762483
[514]          NA          NA          NA          NA          NA          NA          NA          NA          NA
[523]          NA          NA          NA  1.10386118          NA          NA  5.93337826          NA          NA
[532]          NA          NA          NA          NA          NA  2.29704898          NA          NA  6.25502763
[541]          NA          NA  1.90930106          NA  5.31604785          NA          NA          NA          NA
[550]          NA          NA          NA  2.78156696          NA          NA          NA          NA          NA
[559]          NA          NA          NA          NA          NA          NA          NA          NA  2.68436735
[568]          NA          NA          NA          NA          NA          NA          NA          NA          NA
[577]          NA          NA          NA          NA          NA          NA  0.07051214          NA          NA
[586]          NA          NA          NA          NA          NA          NA          NA          NA  0.31277583
[595]          NA          NA          NA          NA          NA          NA          NA          NA          NA
[604]          NA  3.65280083          NA          NA          NA          NA          NA          NA          NA
[613]          NA          NA          NA          NA          NA          NA          NA          NA          NA
[622]          NA          NA          NA          NA          NA          NA          NA          NA          NA
[631]          NA          NA          NA  0.90983594          NA          NA          NA  1.70123382          NA
[640]          NA          NA          NA          NA          NA          NA          NA          NA          NA
[649]          NA          NA          NA          NA          NA          NA          NA          NA          NA
[658]          NA          NA          NA          NA          NA          NA          NA          NA          NA
[667]          NA          NA          NA          NA          NA          NA          NA          NA          NA
[676]          NA          NA          NA          NA          NA          NA

$TS
  [1] 61.978126098 59.110888489 56.771382270 51.045241509 47.455986715 45.882773096 42.161836135 38.010235578
  [9] 16.440930275 58.281886806 47.461387269 46.502694614 39.106039872 50.378198186 42.851238913 29.166260633
 [17] 26.714067563 22.801733677  9.621426192 49.985376553 40.776976267 31.682740679 30.978240027 28.003986395
 [25] 26.824776652 41.618499341 46.486490100 45.110753632 42.702385282 40.392488006 38.443584567 42.422512402
 [33] 40.859628699 37.746318950 37.167341382 33.722423608 32.348200839 31.993379702 16.726000390 40.774502346
 [41] 35.447172791 33.600082712 26.264397910 34.539629704 24.137491630 23.461896991 22.128616609 21.166636637
 [49] 20.493713180 13.860566589  8.665321540 33.991635344 28.439545827 14.122706885 14.066337679  9.707870196
 [57] 32.388474322 29.163592431 22.386847251 21.182567623 11.809999269 29.925708439 20.731180054 13.564438822
 [65]  1.115627868 37.408951452 36.598674041 36.370790188 35.926148257 27.167360151 23.225398718 15.598592671
 [73] 14.618986986 26.508585927 36.654191306 36.263279673 33.627077728 24.372547025 13.951556718 13.279208995
 [81] 27.557735751 34.904568903 35.022744359 23.198196776 17.380144261  7.786135646 31.644546995 35.860890305
 [89] 33.053685698 25.642638494 17.234725453 15.571373016 33.096817719 31.734140274 25.561849425 19.399640668
 [97]  6.236687802 28.448760155 21.091639446 31.864800412 29.311103839 28.023889739 19.767291625 13.473022212
[105] 23.013201327  0.969856241 21.010472710 32.215293026 31.779553347 26.151741083 18.771101199  9.486702379
[113]  4.767064565 29.716229644 24.464905269 19.694323626 11.480430355 10.965578826 26.178474609 24.028552986
[121]  3.251962878 31.213690327 21.993232682 12.858000674 29.836240495 28.978234175 16.639466984 23.129268300
[129] 15.952457723  5.273005641  4.825322665 29.431770953 31.610711244 20.455553195  9.447973836  7.860276551
[137]  5.668003639 31.833246365 29.601042411 29.257733177 24.370479143 19.010679919 10.115253239  5.079365124
[145] 28.623557340 27.797104979 23.333815618 24.055229101 22.284948343 18.271634366 16.616031565 31.107839342
[153] 24.913425907 24.300373309 25.151981631 18.017270244 17.375900169 13.788418021  9.239600585 26.347156787
[161] 25.938823764 18.124722216 17.850735250  2.831065383 28.062921714 25.341833131 22.042993082 16.789803403
[169]  9.355837685  7.111223937  6.479544612  5.700782673 24.504377023  3.749761061  1.795706080 28.570767908
[177] 25.347397203 24.431001623 18.158963493 23.317202711 17.289609466 24.218143101 28.430657323 24.505378844
[185] 21.187127989  4.588506979  0.872264689 22.982625852 11.986347179  6.035975728  1.703712077  6.566338304
[193]  2.442754072 28.112752832 17.450076670 26.588388979 17.803078331 21.228137897  7.549503796  4.247274996
[201] 23.078320569 21.548341563  8.877140502  1.818486480 23.846232827 20.362319914  3.352015844  1.103000596
[209] 17.808886983 14.979082139 10.261985606 26.248748196 11.169996029 24.302774775 10.843134919 24.942356628
[217] 23.949051002 11.732382287 25.174082674  0.636332622  1.663506206  5.515889914 22.645875593 14.719253762
[225]  6.259788193 23.222865391 21.101941128 24.799271819 19.235629278 15.898775145 24.513459082  8.362957185
[233]  6.201293727  3.718597593 17.689847802  1.259186285  9.774655012  2.384035808 20.561865182 18.531285705
[241] 16.575265684  6.960159726  3.725576865 20.439185058  8.583074115  6.201633381  5.436370911 20.380852783
[249]  3.300816941 17.476981506  6.311240467  5.559446900  3.881965871 16.890134700  8.648166797 20.593074741
[257] 13.342725360  4.557816820 23.609806095 19.802499345 16.631086141 14.959292542 21.844126976 18.331908109
[265] 12.555975645 14.799012263 14.259085107  9.839452199  6.738696483  6.121094951  2.761226583 22.928287169
[273] 13.331296888 20.840530117 17.677191935 22.459173512 15.809843320 12.869300887 17.759926745  7.921596819
[281]  2.991500314 15.113269400 13.183609891 22.309314055 20.253084455  9.971538070 19.524560439 17.723794685
[289] 13.170740858 11.768214411  9.195425568  7.112669197 22.186717579 22.173272117 17.977518245  9.370568276
[297]  2.504746912 16.253674977 17.934674096  9.209059134  1.424649881 18.531999646 15.354786699  3.836129333
[305] 21.711863346 19.361359879 15.403497514 16.395414709 15.419423820 10.405485479  1.941983784 15.456685739
[313] 15.129975475 17.025430371 16.849370502  0.003866755 14.743045518  3.764833497 13.605335869  7.309752835
[321] 14.758970686 19.871599542  7.350960505 20.727306028 12.890800891 10.234610239  2.375130432 11.865960632
[329] 12.485340615 10.202292851  5.160907150 18.003519620  4.451503526 12.442984228  7.926013964  7.934201378
[337]  6.781287957  0.326037773 18.708519813 14.464688776 13.860662799  5.163290525 16.170593641  7.508748222
[345] 16.505602413 18.860428614  0.002064744 16.622213735  7.959985955 18.063116387 12.276836402  4.231879586
[353]  3.942450658 10.707510479  9.761807325  6.275559447 16.449714715 14.710998519 16.038490139 12.194227773
[361]  0.634901469  6.235136420 17.800728421  7.708530289 12.225810505 14.857512426 14.095581793 16.911274117
[369]  7.660619202  7.959412212 13.634815328  8.988949587  6.258131676 13.670756971 12.874648633  7.032878810
[377] 17.237511092 10.681678598  9.403846605 12.642191395  8.710112891  0.634032342 14.149657180  6.142156618
[385]  5.864003761 14.172740023 16.420476150 12.109438588  6.873525867  9.598426841  5.936442622  5.010452214
[393]  9.834968924 14.311823845  1.308004478  5.259347244  7.114843047  1.176258295 14.100645567 13.808518039
[401]  7.888914031  7.613333617  3.718706745  3.400999039 13.573061874 13.666708894  4.661865967 11.454845598
[409]  3.648247166 13.485249901  6.277051669  2.837495820 15.135568197  9.645789385  9.753605272  2.818995921
[417] 15.873621606 15.207630914 13.234730858  7.956509219 13.369696859  5.890524780 10.999274530  7.162668273
[425]  5.761504698  4.341585876  1.947165219  0.605819657 11.068806068 10.776337639 14.838065993  8.271703225
[433]  2.579875343  2.281633161 11.187747061 14.419298835 10.682038233  9.450212207  9.275806381  2.067265625
[441]  7.098446483  0.787347936  0.389881332  1.054456235  6.715902534  3.832519833  7.347776473  2.865345951
[449] 13.448522625  8.602527770  5.766199505  5.176462311  3.438929683  5.765153255  8.557886383  9.198145870
[457]  2.093710513 12.458165968  3.551498484  1.920374953 13.790378767  9.360512583  8.872998008  8.346460494
[465]  7.264253728  2.433335989  8.210355505  4.059235263  2.766751512  1.678396679  6.400895143 11.527856146
[473]  1.250306909  4.553831799  7.834355747  1.107892314  9.143083293  3.942123029  9.721702608  4.796916340
[481]  4.716870454  3.944335047  4.773684927  7.967908494  6.730001822  6.753378861  5.093531926  5.867415250
[489]  6.218975924  4.654635691  5.531591650  5.999448267  1.335580102 10.918145190  9.433538222  4.955996310
[497]  1.116624199  4.463918607  0.497828374  9.812638643  9.204541570  4.580973009  2.038071566  7.924312674
[505]  1.397819222  0.260096614 10.479901191  6.160207605  1.971022991  9.504631901  5.745490815  0.634889196
[513]  1.368917879  0.363395285  6.232155195  9.464816921  5.377993397  5.153986414  4.142728660  6.224976354
[521]  5.766893169  2.688028853  0.725567584  2.524507391  5.016027986  3.380951684  7.525956827  6.697218105
[529]  8.903917455  6.526904956  5.855376085  2.871720340  6.560086883  5.230754736  9.006362685  7.616629921
[537]  5.749361868  0.912122348  0.508776595  8.799398245  2.941282718  0.098156441  2.875567687  5.027520098
[545]  6.907225488  3.991104522  6.319360676  4.455323032  3.355835091  2.830818146  0.324130337  3.014102225
[553]  6.219637207  3.764573773  2.742512775  3.497741350  4.542776417  3.907757727  2.180648935  1.185327825
[561]  2.367185463  5.518334849  2.530336732  6.899013740  7.262658953  5.906309570  4.337849787  0.593375332
[569]  0.675309225  0.157950714  3.648961435  4.347502156  6.619224438  3.672438528  1.890813226  5.594634252
[577]  4.408840636  2.213137439  1.134365177  0.969877266  4.811924554  4.484773590  5.961006852  3.692218545
[585]  3.664145297  2.028794582  4.883534998  2.319481641  5.569109774  3.584993492  2.283473848  4.370919310
[593]  4.348079141  3.366558646  0.639918648  3.204084256  2.074481608  0.900175726  4.158544719  0.240003985
[601]  1.232179597  5.038466748  2.177177456  4.541735777  5.529514257  5.477853288  4.873350883  3.818283824
[609]  2.651191364  1.091366438  0.344261210  4.806275906  1.176368865  1.880639674  2.653838573  1.528831727
[617]  4.229630033  4.295863316  0.056157504  3.281619393  4.063804752  4.715570399  1.818476459  1.547608503
[625]  0.770998017  0.183731527  1.481881567  1.063895786  2.850363330  1.078443831  4.135185528  2.310170131
[633]  0.676189522  3.891896470  1.774379367  1.140216375  0.475527682  3.182863648  2.696331894  2.031510504
[641]  2.569548730  0.711199092  0.834368530  1.521727276  2.672993646  0.725053952  1.396808548  1.583178686
[649]  2.558899743  2.402920220  2.853995131  1.450334245  0.548417067  1.713456228  0.026218245  2.075265732
[657]  0.164302141  2.599053660  2.321334970  0.412524605  0.063035102  0.242643677  0.065164041  1.929907305
[665]  1.480287950  2.110990200  1.002960566  1.143852809  0.268701130  0.139204724  0.800928320  0.916906335
[673]  1.070436870  1.051554008  1.289705220  0.241934198  0.160419688  0.036670621  0.050974490  0.014387129
[681]  0.313176102

$PAR
  [1]  NA   1   1   1   1   1   1   1   1   2  10  10  10   3   3   3   3   4   4  14  20  11  11  11  11   5  12  12  27
 [30]  27   6  15  15  15  15  15  15  15  15  29  29  29  29  32  32  32  32  32  32  32  32   7   7   7   7   7  26  26
 [59]  26  26  26  21  21  21  21  30  30  30  30  13  13  13  13  31   8   8   8   8   8   8  34  66  35  35  35  35  75
 [88]  67  67  67  67  67  68  68  68  68  68  69  69  88  88  88  88  88  41  41  83  44  44  44  44  52  52  77  77  77
[117]  77  77  93  93  93  89  89  89  57  57  57  37  37  37  37 108  38  38  38  38  38 100 100 100 100 100 100 100 138
[146] 138 138  94  94  94  94  22  22  87 133 133 133 133 133  23  23  23  23  23  62  62  62 125 125 125 125 125 114 114
[175] 114 132 132 132 132 101 101 140  16  16  16  16  16 145 145 145 145 176 176 183 183 102 102  24  24  24 146 146 146
[204] 146  81  81  81  81  25  25  25  17  17  74  74 160 160 160  43  43 212 119 161 161 161  90  95 177 177 177 166 166
[233] 166 166 219 219 216 153 228 228 228 228 184 173 173 173 173 141 141 214 214 214 214 154 154  45  45  45 148 148 148
[262] 148 217 217 217 205 205 205 205 205 205 259 259  46  46 147 180 180  71  71 226  84  84 201 201 201 105  18  18  18
[291]  18  18 223 223 223 276 276  59 284 149 149 293 293 293 294 294 294  47  47  47  47 167 167 123 123 123 263 263 305
[320] 305 202 185  48 227 227 227 227  99  63  63 324 239 239  49  49 134 134 134 244 244 244 244 248 248 206 285 285 103
[349] 287  96  96  96  96 306 306 306 142 142 346 346 346 302 240 240 150 179 179 162 162 350 156 156 156 332 332 332 295
[378] 295 299 209 209 209 197 197 197 363 279 279 279 288 288 288 275 250 250 195  85  85 157 157 157 181 181 181  91 314
[407] 314 368 368 254 254  39 261 261 151 151 357   9   9   9 387 387 343 343 343 343 129 129 417 417 277 277  72  72 312
[436] 309 307 307 307 307 313 313 282 262 431 317 224 224 358 358 358 358  73 436 394 386 386 383 383 383  54 367 367 367
[465]  79  79 341 341 341  50 400 374 371 319 405 405  64  64 410 410 104 104 421 257 273 419 419 289 375 124 265 458 458
[494] 365 365 365 328 290 472 117 117 117 213 118 494 354 437 437 378 507 310 310 211 211 326 330 330 143 143 286 415 415
[523]  56 414 390 510 112 135 495 296 296 169 159 159 300 456 456 456 456 535  51  51 432 467 484 484 349 349 370 336 336
[552] 335 504 504 504 280 136 475 369 199 527 323 323 447 465 465 170 376 242 242 564 337 486 269 269 485 192 533 547 547
[581] 225  97 246 384 384 384 391 391 566 566 422 488 488 385 385 531 521 451 454 454 425 537 511 172 137 589 589 589 606
[610] 517 130 396 534 452 331 518 487 144 602 496 587 113 481 186 186 502 557 604 582 582 577 577 577 572 618 621 468 546
[639] 546 558 253 253 304 318 234 574 571 459 556 556 404 404 594 249 629 271 639 522 615 609 641 649 524 561 588 603 603
[668] 640 586 427 460 648 616 665 647 601 674 442 633 499 611

$EXTANT
  [1] FALSE FALSE  TRUE FALSE FALSE FALSE FALSE  TRUE  TRUE FALSE FALSE FALSE FALSE FALSE FALSE  TRUE FALSE  TRUE  TRUE
 [20] FALSE  TRUE FALSE FALSE  TRUE  TRUE FALSE FALSE FALSE FALSE FALSE FALSE  TRUE FALSE  TRUE  TRUE FALSE  TRUE  TRUE
 [39]  TRUE FALSE  TRUE FALSE  TRUE FALSE  TRUE  TRUE  TRUE  TRUE  TRUE  TRUE  TRUE  TRUE  TRUE  TRUE  TRUE  TRUE FALSE
 [58] FALSE FALSE  TRUE  TRUE FALSE  TRUE  TRUE  TRUE FALSE  TRUE  TRUE  TRUE FALSE  TRUE  TRUE  TRUE  TRUE FALSE FALSE
 [77] FALSE  TRUE  TRUE  TRUE  TRUE FALSE FALSE  TRUE  TRUE  TRUE FALSE  TRUE FALSE  TRUE FALSE  TRUE  TRUE FALSE  TRUE
 [96]  TRUE  TRUE FALSE  TRUE  TRUE FALSE FALSE FALSE  TRUE FALSE  TRUE FALSE  TRUE FALSE FALSE  TRUE  TRUE  TRUE  TRUE
[115] FALSE  TRUE  TRUE  TRUE  TRUE FALSE  TRUE FALSE  TRUE  TRUE FALSE FALSE FALSE FALSE  TRUE  TRUE  TRUE FALSE  TRUE
[134]  TRUE  TRUE  TRUE  TRUE FALSE FALSE FALSE  TRUE  TRUE  TRUE  TRUE  TRUE FALSE  TRUE FALSE  TRUE  TRUE  TRUE FALSE
[153]  TRUE  TRUE FALSE FALSE FALSE FALSE FALSE FALSE  TRUE  TRUE FALSE  TRUE FALSE  TRUE FALSE FALSE  TRUE  TRUE FALSE
[172]  TRUE  TRUE  TRUE  TRUE  TRUE FALSE FALSE FALSE FALSE  TRUE FALSE FALSE  TRUE  TRUE  TRUE  TRUE  TRUE FALSE FALSE
[191]  TRUE  TRUE  TRUE FALSE  TRUE FALSE  TRUE FALSE  TRUE  TRUE  TRUE FALSE FALSE  TRUE  TRUE FALSE  TRUE  TRUE  TRUE
[210]  TRUE  TRUE  TRUE  TRUE  TRUE  TRUE FALSE FALSE FALSE FALSE  TRUE  TRUE  TRUE  TRUE  TRUE  TRUE  TRUE  TRUE  TRUE
[229] FALSE  TRUE FALSE FALSE  TRUE  TRUE FALSE  TRUE  TRUE  TRUE  TRUE  TRUE FALSE  TRUE  TRUE  TRUE FALSE FALSE  TRUE
[248] FALSE  TRUE  TRUE  TRUE  TRUE FALSE  TRUE FALSE  TRUE  TRUE  TRUE  TRUE  TRUE FALSE  TRUE  TRUE FALSE FALSE FALSE
[267] FALSE  TRUE  TRUE  TRUE FALSE FALSE  TRUE FALSE FALSE  TRUE  TRUE  TRUE FALSE  TRUE  TRUE  TRUE FALSE FALSE  TRUE
[286] FALSE  TRUE  TRUE  TRUE  TRUE  TRUE  TRUE  TRUE  TRUE FALSE  TRUE  TRUE FALSE  TRUE FALSE  TRUE  TRUE  TRUE  TRUE
[305] FALSE  TRUE  TRUE FALSE FALSE  TRUE  TRUE  TRUE  TRUE  TRUE FALSE  TRUE  TRUE  TRUE  TRUE  TRUE FALSE FALSE  TRUE
[324]  TRUE  TRUE  TRUE  TRUE  TRUE FALSE  TRUE  TRUE FALSE FALSE FALSE  TRUE  TRUE  TRUE FALSE FALSE  TRUE  TRUE  TRUE
[343]  TRUE  TRUE  TRUE  TRUE  TRUE FALSE FALSE  TRUE FALSE  TRUE  TRUE  TRUE  TRUE  TRUE  TRUE  TRUE  TRUE FALSE  TRUE
[362]  TRUE FALSE  TRUE  TRUE FALSE  TRUE  TRUE  TRUE  TRUE  TRUE  TRUE  TRUE  TRUE  TRUE  TRUE FALSE  TRUE FALSE  TRUE
[381] FALSE FALSE  TRUE  TRUE  TRUE  TRUE  TRUE  TRUE  TRUE  TRUE  TRUE  TRUE  TRUE  TRUE  TRUE  TRUE FALSE  TRUE FALSE
[400] FALSE  TRUE  TRUE  TRUE FALSE  TRUE  TRUE  TRUE FALSE  TRUE FALSE  TRUE  TRUE  TRUE  TRUE  TRUE  TRUE FALSE  TRUE
[419]  TRUE  TRUE  TRUE  TRUE  TRUE  TRUE  TRUE  TRUE  TRUE  TRUE  TRUE FALSE  TRUE  TRUE  TRUE  TRUE FALSE  TRUE  TRUE
[438]  TRUE  TRUE  TRUE FALSE  TRUE  TRUE  TRUE  TRUE  TRUE  TRUE  TRUE FALSE  TRUE  TRUE  TRUE  TRUE  TRUE  TRUE  TRUE
[457]  TRUE  TRUE  TRUE  TRUE FALSE FALSE FALSE FALSE  TRUE  TRUE  TRUE  TRUE  TRUE  TRUE  TRUE  TRUE  TRUE  TRUE  TRUE
[476]  TRUE FALSE  TRUE FALSE FALSE  TRUE  TRUE  TRUE  TRUE  TRUE FALSE FALSE  TRUE FALSE  TRUE FALSE  TRUE  TRUE  TRUE
[495] FALSE  TRUE  TRUE  TRUE  TRUE  TRUE  TRUE  TRUE  TRUE FALSE  TRUE  TRUE FALSE  TRUE FALSE  TRUE  TRUE  TRUE FALSE
[514]  TRUE  TRUE  TRUE  TRUE  TRUE  TRUE  TRUE  TRUE  TRUE  TRUE  TRUE  TRUE FALSE  TRUE  TRUE FALSE  TRUE  TRUE  TRUE
[533]  TRUE  TRUE  TRUE  TRUE FALSE  TRUE  TRUE FALSE  TRUE  TRUE FALSE  TRUE FALSE  TRUE  TRUE  TRUE  TRUE  TRUE  TRUE
[552]  TRUE FALSE  TRUE  TRUE  TRUE  TRUE  TRUE  TRUE  TRUE  TRUE  TRUE  TRUE  TRUE  TRUE  TRUE FALSE  TRUE  TRUE  TRUE
[571]  TRUE  TRUE  TRUE  TRUE  TRUE  TRUE  TRUE  TRUE  TRUE  TRUE  TRUE  TRUE FALSE  TRUE  TRUE  TRUE  TRUE  TRUE  TRUE
[590]  TRUE  TRUE  TRUE  TRUE FALSE  TRUE  TRUE  TRUE  TRUE  TRUE  TRUE  TRUE  TRUE  TRUE  TRUE FALSE  TRUE  TRUE  TRUE
[609]  TRUE  TRUE  TRUE  TRUE  TRUE  TRUE  TRUE  TRUE  TRUE  TRUE  TRUE  TRUE  TRUE  TRUE  TRUE  TRUE  TRUE  TRUE  TRUE
[628]  TRUE  TRUE  TRUE  TRUE  TRUE  TRUE FALSE  TRUE  TRUE  TRUE FALSE  TRUE  TRUE  TRUE  TRUE  TRUE  TRUE  TRUE  TRUE
[647]  TRUE  TRUE  TRUE  TRUE  TRUE  TRUE  TRUE  TRUE  TRUE  TRUE  TRUE  TRUE  TRUE  TRUE  TRUE  TRUE  TRUE  TRUE  TRUE
[666]  TRUE  TRUE  TRUE  TRUE  TRUE  TRUE  TRUE  TRUE  TRUE  TRUE  TRUE  TRUE  TRUE  TRUE  TRUE  TRUE

