
Birth-death simulation object with 690 species and 500 extant species

Details for some species:

Extinction times (NA means extant)
[1]  6.209662        NA 49.741824 52.585311 50.090006        NA


Speciation times 
[1] 86.12846 82.15763 64.93441 59.65469 54.99323 42.49203


Species parents (NA for initial)
[1] NA  1  1  1  1  1


Species status (extinct or extant)
[1] "extinct" "extant"  "extinct" "extinct" "extinct" "extant" 


For more details on vector y, try sim$y, with y one of
TE TS PAR EXTANT



$TE
  [1]  6.20966164          NA 49.74182400 52.58531110 50.09000554          NA 30.43946185          NA          NA
 [10]  4.60284708 45.31765591 48.55603708 32.85735509  1.53009009          NA          NA          NA 62.51444038
 [19] 41.62405023          NA  9.30343169 40.92865167          NA 36.44843459          NA 11.64138481          NA
 [28] 31.27266478 43.45845195 36.89902750          NA 31.89561896 19.16217779          NA          NA  2.32402490
 [37] 13.90592331 20.11436864 23.51584148  2.99112971 49.12008933          NA 38.18921323 11.46305987          NA
 [46]          NA 11.86636438          NA          NA          NA          NA  6.03042153  1.59172331 35.11225473
 [55] 11.80514944 27.23900114 13.65407315          NA          NA          NA 12.88866910          NA          NA
 [64] 11.00260246  8.63395362          NA          NA 22.84656637 17.68647706          NA          NA  0.92379247
 [73] 19.11769262          NA 24.92716309          NA          NA 12.46587180          NA          NA          NA
 [82] 28.49285249          NA  3.21487489          NA          NA          NA          NA          NA 22.53817348
 [91]  8.13902475          NA 31.15481064  1.74558508          NA          NA  9.49851452          NA          NA
[100]          NA 28.44189071          NA          NA  9.34996681 26.05830305  3.41044924          NA 15.62042967
[109]          NA          NA          NA          NA          NA 10.58100426 14.66379250          NA          NA
[118]          NA 17.41691376          NA 35.68982314          NA  0.28475982  4.37718175          NA  7.55823958
[127] 10.12943964          NA  3.17633994          NA          NA          NA          NA 15.21768770          NA
[136]  2.93932083  4.07452329          NA          NA          NA          NA 19.21937407          NA          NA
[145]          NA          NA          NA 14.68416403          NA          NA 29.80384105          NA          NA
[154]          NA 24.19422248          NA          NA          NA          NA          NA          NA  5.41011075
[163]          NA          NA  3.53052849          NA          NA 10.22170133          NA          NA          NA
[172] 12.44560340          NA          NA          NA 26.53394367          NA          NA          NA          NA
[181]          NA 13.90097148          NA  4.34476383  9.21681719  4.04280198          NA  6.70914862 16.09113621
[190] 17.78629531          NA          NA          NA          NA          NA 11.05297689 19.47525225          NA
[199]          NA          NA  9.76220244          NA          NA  6.72616780          NA          NA 14.87460691
[208]          NA          NA          NA  1.58540939 20.87841194          NA 14.73636086          NA          NA
[217]          NA          NA          NA          NA          NA          NA          NA  4.59080952          NA
[226]          NA          NA          NA          NA          NA          NA          NA 11.52661942  6.72957020
[235]  5.71855915          NA          NA          NA          NA          NA 10.19304697          NA          NA
[244]          NA  5.51160805          NA  1.36503141          NA          NA          NA  9.09349477          NA
[253]  4.17111655          NA 16.60764791          NA          NA  8.38448678          NA          NA          NA
[262]          NA          NA          NA  0.34097621          NA          NA          NA          NA          NA
[271] 10.43122847          NA          NA          NA 13.96801078 13.46387278          NA          NA  0.09363723
[280]          NA          NA          NA          NA          NA  0.10003162          NA          NA          NA
[289]          NA          NA  4.23098932          NA 12.02851455          NA          NA          NA          NA
[298]          NA  4.20474649          NA          NA          NA  6.74871987          NA          NA          NA
[307]          NA  5.49585973 19.27422996          NA  7.84230488 10.43529245          NA          NA          NA
[316]  4.73778561 11.26981195 14.31948682          NA          NA          NA          NA          NA          NA
[325]  7.73486072  5.45881260          NA 11.84814128          NA          NA          NA          NA          NA
[334]          NA 17.75163761 14.69207163          NA          NA          NA          NA          NA          NA
[343]          NA          NA          NA          NA          NA  3.16926125          NA 11.99921643          NA
[352]  7.80189657          NA 10.41816715  3.83719955  4.09232556          NA          NA          NA          NA
[361]  7.08478315          NA          NA          NA  0.16951704  0.55958514          NA          NA  0.88920027
[370]          NA          NA          NA          NA          NA          NA          NA  0.04161366          NA
[379] 12.63204713          NA          NA  4.71658236  1.18723057          NA          NA          NA          NA
[388]          NA          NA          NA  9.78280215          NA          NA          NA          NA          NA
[397]          NA          NA          NA          NA          NA 12.59946099 11.31464392  1.65407130  7.20765507
[406] 10.07706092  0.18030619          NA  6.38502820          NA  1.40280011          NA          NA  3.08691275
[415]          NA          NA          NA          NA          NA          NA          NA          NA          NA
[424]          NA          NA          NA  9.80646392          NA  5.34457418  5.11700669          NA          NA
[433]          NA          NA          NA          NA          NA          NA          NA          NA  0.72633921
[442]          NA          NA          NA          NA          NA  6.02525008          NA          NA          NA
[451]  8.82387574          NA          NA          NA          NA          NA          NA          NA          NA
[460]          NA          NA          NA          NA          NA  1.01174739          NA          NA          NA
[469]          NA          NA          NA          NA          NA          NA 11.41711429          NA          NA
[478]          NA          NA          NA          NA          NA          NA          NA          NA  9.30646795
[487]          NA          NA          NA  1.57122568  1.07036496          NA  5.44361558          NA          NA
[496]          NA  9.02257304          NA  6.20084657          NA          NA          NA          NA          NA
[505]  8.12254058          NA          NA          NA  7.16791726          NA          NA          NA          NA
[514]          NA          NA          NA          NA          NA          NA          NA          NA          NA
[523]  5.30721655          NA  1.25616004          NA          NA  0.25154687          NA          NA          NA
[532]  4.03620931          NA          NA          NA          NA          NA  9.06587526          NA          NA
[541]          NA          NA  7.03022444          NA          NA          NA  4.74869670          NA  2.77673548
[550]          NA          NA  1.71043213          NA          NA          NA          NA  5.78710362          NA
[559]          NA          NA          NA  2.01556941          NA  0.17518332          NA          NA          NA
[568]          NA          NA          NA          NA  5.06965343          NA          NA          NA          NA
[577]          NA          NA          NA          NA  0.59542309          NA          NA          NA          NA
[586]          NA          NA          NA          NA          NA          NA          NA          NA          NA
[595]          NA          NA          NA          NA          NA          NA          NA          NA          NA
[604]          NA          NA          NA          NA          NA          NA          NA  3.10274527          NA
[613]  0.85162669          NA          NA          NA          NA  1.02831630          NA  0.15202991          NA
[622]  1.71379345          NA          NA          NA  3.18549701          NA          NA          NA          NA
[631]          NA          NA          NA          NA          NA  2.26129553          NA          NA  2.19602698
[640]          NA          NA          NA          NA          NA          NA          NA          NA          NA
[649]          NA          NA          NA          NA  0.43233587          NA          NA          NA          NA
[658]          NA          NA          NA          NA          NA          NA          NA          NA          NA
[667]  0.01528228          NA          NA          NA          NA          NA          NA          NA          NA
[676]          NA          NA          NA          NA          NA          NA          NA          NA          NA
[685]          NA          NA          NA          NA          NA          NA

$TS
  [1] 86.128457491 82.157628619 64.934405711 59.654689099 54.993231067 42.492033834 37.401876775 21.718078708
  [9] 14.275905039  9.829776316 70.408213837 52.653299133 49.383994787 44.044215213  9.506541324  5.875856495
 [17]  2.271271931 64.623383800 64.208146413 63.737042835 62.367528651 61.920119230 41.211977793 38.548294428
 [25] 28.873508106 19.161145184 12.242514006 55.042817809 50.916937010 41.609464574 34.968167136 32.552685884
 [33] 32.543592420 18.138184068 18.061040153 15.256515216 54.312646140 50.064682059 40.825948277 37.168335078
 [41] 50.972042067 41.815343120 48.294553759 47.316305440 43.507942592 38.784255407 34.804054152 34.377855857
 [49] 32.431874096 45.374996456 44.240911844 37.196041494 36.007678745 39.879225587 37.063948482 36.099192882
 [57] 35.300488439 26.122067985 14.870473153 12.815454115 31.228280757 29.274416353 26.831557861 25.818687882
 [65] 11.940574218  3.549895698 42.088869578 31.290433967 24.585274441  8.336554884  6.482608492  5.839420461
 [73] 39.502316540 30.059442264 25.188629697 19.898066315  6.817249330 34.665603040 25.398528196 11.336915579
 [81] 39.570489734 36.205555521 32.308809775 28.277775605 21.757898179 17.311549971 11.856650665  5.360310601
 [89] 37.887998461 27.360322015 26.570069148  0.139533963 31.740853361 28.414149744 24.589203967 34.498507749
 [97] 20.435288042  4.255854615  0.361826128  0.010597671 34.114107903 30.244283955 22.366451220 20.435357447
[105] 36.761776455 35.692240631 19.250874797 18.945506897  6.974660067  5.039099112 32.850105186  5.270071293
[113]  3.836346965 15.577708167 30.514408701 25.227423344 17.141687839  7.544811378 23.654140270 26.776411621
[121] 36.080553573 30.335095263 13.772035212 12.515033879 23.609032984 12.367609739 11.465541901  8.354069241
[129] 31.883497326 25.530671295 25.458600567 22.205031187 34.198069971 22.006919700 16.307523655 10.425809567
[137]  9.880581806  8.123514014  7.056468250  2.864935232 28.214443692 21.194958299 17.676779444 14.121261619
[145] 33.697686089 13.937425378 34.101486243 14.825788737  5.079765116  0.743442347 31.051880107 15.096850810
[153]  3.933552956 32.941532017 32.373695907 22.391455903  8.945797174  1.783278883  1.653582640 12.811110767
[161] 10.921190519 14.893000859 10.034515478  3.637193378 15.055460019 28.354310840 19.420213260 13.015999937
[169]  3.965604262 16.655128579 29.080979348 23.790324586 14.110080772 30.243044944 29.271681088 29.353719320
[177] 25.170392305 15.727884904 21.717098261 28.953048479 27.952540273 26.909411082  3.065403924 29.811427502
[185] 22.540079075 17.577588302 11.121039213  8.997166645 17.931600916 23.149980062 22.491526652 20.516680099
[193] 13.393240753 13.054938124  9.359495908 25.277687853 22.905363385 20.424320788 15.245386846  8.011622721
[201] 20.341263509 18.369970888 12.342433490 10.152006818  6.531939360  2.350076077 21.166141228 19.027184222
[209] 11.402473232  5.117092046 28.765838443 22.205965513 17.434176327 20.683220114 11.929330538  3.885570198
[217] 16.224986411  8.094887365 25.375052942 21.939843573 18.220881980 11.660939107  5.541164147 27.593321621
[225] 17.545770871  7.200445438  6.921651318  2.133249870  0.990137307  0.433170901 19.831081739  2.431618552
[233] 21.349979185 20.414060426 16.640520196 16.024707018 14.313649928 13.573464038 23.502717228 20.121749796
[241] 17.912151505  3.570564857 22.852009176  8.342917377 21.274976554 16.437701895 13.642402492 10.008612336
[249] 19.950580368  3.837700487 24.485621841 13.375723090 23.105153026 10.830496628 19.005328628  1.454420227
[257] 22.986375275 15.494738099 12.400257726 11.182349807 11.173341590  6.398784526  3.341420213 14.458391444
[265] 17.918725300 13.799195496  6.346927139  0.496107407 17.417033738  3.360946052 22.617093926  0.755615123
[273]  5.548627606  1.456659852 19.616187077 21.244402988 11.510913162 16.479758015  2.950173607  1.344411471
[281] 18.777055796  0.979192332 13.885212667 13.243088439 11.676393864  1.749971652  1.325078200 20.829108864
[289] 15.462976819  5.247388156  6.756772818  6.165684788 20.273050082 15.218389954  4.398744737 17.689456730
[297] 12.885426755  8.171619170 21.107281616  4.730862736  1.412111477 10.482855426 10.020211768 15.008287577
[305]  2.120339208 20.887667413 18.339619067 14.593392283 19.819548512 19.543234893 18.270201726 14.184239846
[313] 17.309735778 11.701912491 10.038517993  5.861123037 18.746682993 16.194233881  2.469250174 17.012782777
[321] 19.763540126  1.039222110  0.956115480 16.041239542 20.119081495 15.936830130 13.545049477 18.919454374
[329] 17.262198821 12.852281773 12.390661834  9.625139272  8.924456706 14.859620153 17.850480377 15.651142211
[337] 10.959230732  0.810923991  0.030877535  5.564167778  0.949153713  1.408211947 19.199886497 10.342053984
[345] 19.118034914  1.789303081 11.762192564  7.688648345 17.965437082 13.227862401 17.769538355 14.588355427
[353] 14.145993418 13.628762700 15.423889469  6.607984744 18.668863142 17.133107119 12.792106895 14.808607122
[361] 10.871800223  9.909311227  5.755909837  4.836281516 17.718322797 16.201645264 12.236295788 11.895299702
[369]  9.140557399  1.502297497  7.769812484  5.693912899  5.556143091  7.263654781  2.988903093 12.790566740
[377]  6.730446207 17.469918537 14.076074370 12.302618520  8.443004978  7.137880610  4.926321753 11.097082657
[385] 16.663282464 16.638286341 11.690509718 10.957756240  3.577729094  5.550498940 14.873542506  5.182370487
[393] 12.788315142 16.107078253  6.752168911  8.457616473  0.123415328  1.501259525 15.277689083  7.419211634
[401] 14.046564333 13.726198201 13.367663557 12.126390258 15.838867458 12.400878274  7.797656029  4.242957195
[409] 11.582177853  8.742861076 11.092847581  0.903729289  4.272676481  8.911906235 12.774374373 12.660154523
[417] 12.451884006  5.420695064  3.173636776 14.812440255 11.993800092  9.378356861  4.857068353  2.898998403
[425]  2.820388678 12.508509624 12.312037712  6.032945281  5.453836318 10.765877374  1.308495416  7.282298722
[433] 12.815745492 11.531804076  9.412324021  3.373773895  2.534774622  3.928164625 11.686795431  1.187396994
[441]  7.103727299  4.476442288  2.402835616  4.893562057  3.422860505 13.448021885  9.374529471  7.158316656
[449] 12.683944210  0.614659444 10.296624058  7.858615399  5.335219350 12.378152901 11.609201946  3.327369016
[457] 14.082392415 12.003083897  8.904874760  0.085991809  5.760963415  1.498986390  0.940875833  7.951329022
[465]  2.442484897  0.418601710  6.208912560 12.684177828  7.285228867  0.567703850  0.527459199  5.691318304
[473]  0.000051485  8.604788367 13.181669677  9.345896322  8.611085898  8.353571372  6.430313654  3.695502074
[481]  6.162130435  9.637560334  1.817867589  5.080247086 10.693096264  9.857411829 10.240775011 11.116441132
[489]  9.682052990  5.812402473  8.646967858  0.210713865 10.999069246  0.169691895  7.961180139  7.824611496
[497] 10.020639118  4.217407512 11.929319793 11.774681001  2.317934269  5.077136679  6.956029999  6.931720755
[505] 11.586783920  1.800342000 11.200476798 10.616816020 10.446562507  4.583356824 11.402661151  0.906045012
[513]  0.838493161 11.379216601  6.154600577  3.616238072  1.561255748  8.085670470  7.602149688  3.373608488
[521]  2.340376483  2.305586839 11.109942266  8.276498819  9.784241811  1.857755937  0.560908455  5.298860795
[529]  5.513017242  5.939497414  5.486808206  6.648886742  3.775026414  8.721331702  9.779117294  1.290600990
[537] 10.244547193  9.751170712  4.979512669  4.696728542  1.126727068 10.209854782  8.518109816  3.454331798
[545]  4.148644688  0.796064449  9.603366003  7.209367033  3.717371389  2.741222461  9.409981609  4.551564927
[553]  8.101588447  7.430450703  0.926401748  9.531106318  7.315115408  6.526513014  7.495481555  0.560586940
[561]  8.000207418  3.069082440  2.394495637  2.445156613  3.915271375  8.462586607  0.162638975  6.930208907
[569]  5.266684609  4.026284524  1.567757547  8.103602237  2.730075062  8.332200544  5.082377001  1.628108160
[577]  3.286460748  5.151758618  2.032669899  2.600139789  2.698725394  0.594606765  4.811703580  2.586626619
[585]  5.978655976  1.615412766  0.823371769  0.567842488  5.806399537  0.598622847  5.761677378  3.944801243
[593]  3.646699263  6.014842577  1.744249962  6.724965363  5.249865873  3.242398619  1.619121814  2.603574696
[601]  1.702211139  5.123146774  5.784357877  0.610032699  1.701464754  5.140142868  2.649715270  5.915991321
[609]  4.953723389  1.342758501  5.803425255  4.406951319  2.012836335  2.980742843  0.940836238  4.986604517
[617]  0.659412506  2.033064407  2.290492891  3.216175047  1.888769271  5.290318841  0.574602631  5.457785210
[625]  5.509083557  4.136100783  5.520008715  3.258765375  2.105824061  3.760187686  0.322665304  0.022366112
[633]  5.335549486  2.774753419  2.652205747  4.082904186  2.653031440  3.825274709  2.336319640  2.417334466
[641]  4.710920798  3.358550190  4.383935024  2.124169853  2.819424772  2.029858825  0.080643968  2.470390805
[649]  3.710205770  4.732906744  3.792687824  3.199132853  0.812517900  3.828128103  3.765126204  2.968836494
[657]  2.110966696  1.970663900  3.912716846  2.646174743  1.131254436  0.432141723  1.680813489  3.156877417
[665]  1.977132902  1.499654066  2.578094793  3.111959439  1.657280033  2.940167995  2.973118240  2.196447165
[673]  0.647912247  2.514523310  0.076796190  1.466368924  2.226100309  2.339490669  1.067939925  1.614197916
[681]  1.660656804  0.091211384  0.708074496  0.234775944  1.147856268  0.868674897  0.253455849  0.260051952
[689]  0.442419559  0.143649245

$PAR
  [1]  NA   1   1   1   1   1   1   1   1   1   2   2   2   2   2   2   2  11  18  19  19  20  20  20  20  20  20  21
 [29]  21  21  21  21  21  21  21  21  28  28  28  28  37  37  38  38  38  38  38  38  38  13  13  13  13  43  44  44
 [57]  44  44  44  44  50  50  50  50  50  50  51  51  51  51  51  51  14  14  14  14  14  45  45  45   6   6   6   6
 [85]   6   6   6   6  67  67  67  67  42  42  42  23  23  23  23  23  81  81  81  81  73  46  46  46  46  46  89  89
[113]  89  52  40  40  40  40  55 105  82  53  53  53 106 106 106 106  57  57  57  57  31  31  31  31  31  31  31  31
[141]  47  47  47  47  78  78  96  96  96  96  48  48  48 133 133 133 133 133 133 147 147 145 145 145 111  49  49  49
[169]  49  83 129 129 129  68  68  61  61  61 115 122 122 122 102 174 174 174 174 174  74 184 184 184 184 184 184  62
[197]  62  62  62  62 175 175 175 175 175 175 171 171 171 171 180 180  25 211 211 211  94  94 166 166 166 166  84 141
[225] 141 141 141 141 141 141 181 181 224 224 224 224 224 224  90 182  63  63 120 120  91  91  91  91  58  58  64  64
[253] 131 131  79  79 219 219 219 219 219 219 219 196 116 116 116 116 177  95 119 125 239 239 190 253 253 257 257 257
[281] 243 243 271 185 185 191 191 156 156 156 103 103 132 132 132 134 220 220  85  85  85   8   8 179 179 233 233 233
[309] 245 245 245 276 299 299 299 299 306 306 306 288 192 192 192 104  97 234 234 293 293 293 240 240 240 325 249 249
[337] 249 249 249 231 231 321 275 310 107 107 343 343  26  26 345 345 345 345 208 208 108 328 317 357 357 357 357 357
[365] 202 202 202 202 202 202 307 221 221  35  35 349 349 189 241 351 351 351 351 365 143 186 225 225 225 378 213 213
[393]  86 313 313 358 358 170 235 235 386 386 278 278 246 246 246 246 135 135 217 217 366 394 324 324 324 324 324 236
[421] 236 236 236 236 236 405 178 178 178 258 289 355 399 399 399  36  36 199 294 294 165  59 334 420 360 308 308 308
[449] 264 264 237 237   9 312 312 353 144 146 146 146 283 283 283 266 123 123 247 238 238 238 327 193 193 284 350 194
[477] 194 194 194 297 330  60 359 376 393 393 468 449 449 449 416 416 417 417 259 259 454 454 203 380  27 367 404 404
[505] 421  87 314 387 387 387 439 439 285 222 277 277 277 209  80 507 507 507 260 261 187 187 187 411 493 388 388 161
[533] 161 254 485 485 508 302 302 302 302 509 136 136 344 344 487 542 315 315 163 163 303 303 362 486 535 489 482 482
[561] 547 556 556  15 435 551 551 447 195 476 476 157 333 534 474 474 396 381 381 128 478 244 524 524 298 138 138 138
[589] 572 553 518 518 518 200 200 561 464 452 496 371 519 559 400 548 226 139 139 109 109 504  77 395 395 377 558  71
[617] 479 594 585  16 603 591 591 363 372 372 472 373 223 529 625 625  88  88  88 633 633 453 622 112 578 578 606 602
[645] 210 210 149 502 539 383 423 641 510 552 442 442 295 295 570 659 216 216 250 549 593 242 642 620 652 664 562 375
[673] 671 279 573 600 564 563 521 619 346 159 576 576 256 342 338 582 588 588

$EXTANT
  [1] FALSE  TRUE FALSE FALSE FALSE  TRUE FALSE  TRUE  TRUE FALSE FALSE FALSE FALSE FALSE  TRUE  TRUE  TRUE FALSE FALSE
 [20]  TRUE FALSE FALSE  TRUE FALSE  TRUE FALSE  TRUE FALSE FALSE FALSE  TRUE FALSE FALSE  TRUE  TRUE FALSE FALSE FALSE
 [39] FALSE FALSE FALSE  TRUE FALSE FALSE  TRUE  TRUE FALSE  TRUE  TRUE  TRUE  TRUE FALSE FALSE FALSE FALSE FALSE FALSE
 [58]  TRUE  TRUE  TRUE FALSE  TRUE  TRUE FALSE FALSE  TRUE  TRUE FALSE FALSE  TRUE  TRUE FALSE FALSE  TRUE FALSE  TRUE
 [77]  TRUE FALSE  TRUE  TRUE  TRUE FALSE  TRUE FALSE  TRUE  TRUE  TRUE  TRUE  TRUE FALSE FALSE  TRUE FALSE FALSE  TRUE
 [96]  TRUE FALSE  TRUE  TRUE  TRUE FALSE  TRUE  TRUE FALSE FALSE FALSE  TRUE FALSE  TRUE  TRUE  TRUE  TRUE  TRUE FALSE
[115] FALSE  TRUE  TRUE  TRUE FALSE  TRUE FALSE  TRUE FALSE FALSE  TRUE FALSE FALSE  TRUE FALSE  TRUE  TRUE  TRUE  TRUE
[134] FALSE  TRUE FALSE FALSE  TRUE  TRUE  TRUE  TRUE FALSE  TRUE  TRUE  TRUE  TRUE  TRUE FALSE  TRUE  TRUE FALSE  TRUE
[153]  TRUE  TRUE FALSE  TRUE  TRUE  TRUE  TRUE  TRUE  TRUE FALSE  TRUE  TRUE FALSE  TRUE  TRUE FALSE  TRUE  TRUE  TRUE
[172] FALSE  TRUE  TRUE  TRUE FALSE  TRUE  TRUE  TRUE  TRUE  TRUE FALSE  TRUE FALSE FALSE FALSE  TRUE FALSE FALSE FALSE
[191]  TRUE  TRUE  TRUE  TRUE  TRUE FALSE FALSE  TRUE  TRUE  TRUE FALSE  TRUE  TRUE FALSE  TRUE  TRUE FALSE  TRUE  TRUE
[210]  TRUE FALSE FALSE  TRUE FALSE  TRUE  TRUE  TRUE  TRUE  TRUE  TRUE  TRUE  TRUE  TRUE FALSE  TRUE  TRUE  TRUE  TRUE
[229]  TRUE  TRUE  TRUE  TRUE FALSE FALSE FALSE  TRUE  TRUE  TRUE  TRUE  TRUE FALSE  TRUE  TRUE  TRUE FALSE  TRUE FALSE
[248]  TRUE  TRUE  TRUE FALSE  TRUE FALSE  TRUE FALSE  TRUE  TRUE FALSE  TRUE  TRUE  TRUE  TRUE  TRUE  TRUE FALSE  TRUE
[267]  TRUE  TRUE  TRUE  TRUE FALSE  TRUE  TRUE  TRUE FALSE FALSE  TRUE  TRUE FALSE  TRUE  TRUE  TRUE  TRUE  TRUE FALSE
[286]  TRUE  TRUE  TRUE  TRUE  TRUE FALSE  TRUE FALSE  TRUE  TRUE  TRUE  TRUE  TRUE FALSE  TRUE  TRUE  TRUE FALSE  TRUE
[305]  TRUE  TRUE  TRUE FALSE FALSE  TRUE FALSE FALSE  TRUE  TRUE  TRUE FALSE FALSE FALSE  TRUE  TRUE  TRUE  TRUE  TRUE
[324]  TRUE FALSE FALSE  TRUE FALSE  TRUE  TRUE  TRUE  TRUE  TRUE  TRUE FALSE FALSE  TRUE  TRUE  TRUE  TRUE  TRUE  TRUE
[343]  TRUE  TRUE  TRUE  TRUE  TRUE FALSE  TRUE FALSE  TRUE FALSE  TRUE FALSE FALSE FALSE  TRUE  TRUE  TRUE  TRUE FALSE
[362]  TRUE  TRUE  TRUE FALSE FALSE  TRUE  TRUE FALSE  TRUE  TRUE  TRUE  TRUE  TRUE  TRUE  TRUE FALSE  TRUE FALSE  TRUE
[381]  TRUE FALSE FALSE  TRUE  TRUE  TRUE  TRUE  TRUE  TRUE  TRUE FALSE  TRUE  TRUE  TRUE  TRUE  TRUE  TRUE  TRUE  TRUE
[400]  TRUE  TRUE FALSE FALSE FALSE FALSE FALSE FALSE  TRUE FALSE  TRUE FALSE  TRUE  TRUE FALSE  TRUE  TRUE  TRUE  TRUE
[419]  TRUE  TRUE  TRUE  TRUE  TRUE  TRUE  TRUE  TRUE FALSE  TRUE FALSE FALSE  TRUE  TRUE  TRUE  TRUE  TRUE  TRUE  TRUE
[438]  TRUE  TRUE  TRUE FALSE  TRUE  TRUE  TRUE  TRUE  TRUE FALSE  TRUE  TRUE  TRUE FALSE  TRUE  TRUE  TRUE  TRUE  TRUE
[457]  TRUE  TRUE  TRUE  TRUE  TRUE  TRUE  TRUE  TRUE FALSE  TRUE  TRUE  TRUE  TRUE  TRUE  TRUE  TRUE  TRUE  TRUE FALSE
[476]  TRUE  TRUE  TRUE  TRUE  TRUE  TRUE  TRUE  TRUE  TRUE  TRUE FALSE  TRUE  TRUE  TRUE FALSE FALSE  TRUE FALSE  TRUE
[495]  TRUE  TRUE FALSE  TRUE FALSE  TRUE  TRUE  TRUE  TRUE  TRUE FALSE  TRUE  TRUE  TRUE FALSE  TRUE  TRUE  TRUE  TRUE
[514]  TRUE  TRUE  TRUE  TRUE  TRUE  TRUE  TRUE  TRUE  TRUE FALSE  TRUE FALSE  TRUE  TRUE FALSE  TRUE  TRUE  TRUE FALSE
[533]  TRUE  TRUE  TRUE  TRUE  TRUE FALSE  TRUE  TRUE  TRUE  TRUE FALSE  TRUE  TRUE  TRUE FALSE  TRUE FALSE  TRUE  TRUE
[552] FALSE  TRUE  TRUE  TRUE  TRUE FALSE  TRUE  TRUE  TRUE  TRUE FALSE  TRUE FALSE  TRUE  TRUE  TRUE  TRUE  TRUE  TRUE
[571]  TRUE FALSE  TRUE  TRUE  TRUE  TRUE  TRUE  TRUE  TRUE  TRUE FALSE  TRUE  TRUE  TRUE  TRUE  TRUE  TRUE  TRUE  TRUE
[590]  TRUE  TRUE  TRUE  TRUE  TRUE  TRUE  TRUE  TRUE  TRUE  TRUE  TRUE  TRUE  TRUE  TRUE  TRUE  TRUE  TRUE  TRUE  TRUE
[609]  TRUE  TRUE FALSE  TRUE FALSE  TRUE  TRUE  TRUE  TRUE FALSE  TRUE FALSE  TRUE FALSE  TRUE  TRUE  TRUE FALSE  TRUE
[628]  TRUE  TRUE  TRUE  TRUE  TRUE  TRUE  TRUE  TRUE FALSE  TRUE  TRUE FALSE  TRUE  TRUE  TRUE  TRUE  TRUE  TRUE  TRUE
[647]  TRUE  TRUE  TRUE  TRUE  TRUE  TRUE FALSE  TRUE  TRUE  TRUE  TRUE  TRUE  TRUE  TRUE  TRUE  TRUE  TRUE  TRUE  TRUE
[666]  TRUE FALSE  TRUE  TRUE  TRUE  TRUE  TRUE  TRUE  TRUE  TRUE  TRUE  TRUE  TRUE  TRUE  TRUE  TRUE  TRUE  TRUE  TRUE
[685]  TRUE  TRUE  TRUE  TRUE  TRUE  TRUE

