
Birth-death simulation object with 149 species and 100 extant species

Details for some species:

Extinction times (NA means extant)
[1] 57.07031 15.92089 60.29214 57.48057 24.35169 24.99236


Speciation times 
[1] 74.20278 68.23002 62.59304 62.52888 43.69061 43.25222


Species parents (NA for initial)
[1] NA  1  2  2  2  2


Species status (extinct or extant)
[1] "extinct" "extinct" "extinct" "extinct" "extinct" "extinct"


For more details on vector y, try sim$y, with y one of
TE TS PAR EXTANT



$TE
  [1] 57.07030784 15.92088657 60.29213823 57.48057387 24.35169456 24.99236020  6.25766103 19.82699648  7.97466847
 [10] 44.89738447 32.30004431 24.24443072          NA  3.07281902 10.23266236 19.03724593          NA  2.95597390
 [19] 40.53992911  4.46941372 11.03315913          NA 22.23445055 10.90782822          NA          NA          NA
 [28]          NA          NA  0.09584008          NA          NA  8.90673337  0.82972757          NA  7.46744858
 [37]          NA          NA  9.67996248 10.64072577          NA          NA          NA          NA  5.58988644
 [46] 11.07028817 12.58943203 11.63251456          NA 13.71270615          NA  7.55610962          NA          NA
 [55]          NA          NA          NA          NA 12.91477794          NA          NA          NA  1.85675266
 [64]  8.96017145  0.08794904          NA          NA  2.36605533  2.37216550          NA 13.13404714          NA
 [73]          NA 10.47288508          NA  1.91012510          NA          NA          NA          NA          NA
 [82]          NA          NA          NA          NA          NA          NA 11.97780796          NA          NA
 [91]          NA          NA  2.05284461          NA          NA          NA          NA          NA  2.51994209
[100]          NA          NA          NA  7.75181294  3.78227291          NA          NA          NA          NA
[109]          NA  2.74303574  1.97678126          NA          NA          NA          NA          NA          NA
[118]          NA          NA          NA          NA          NA          NA          NA          NA          NA
[127]          NA          NA          NA          NA          NA          NA          NA          NA          NA
[136]          NA          NA          NA          NA          NA          NA          NA          NA          NA
[145]          NA          NA          NA          NA          NA

$TS
  [1] 74.20277909 68.23001800 62.59303511 62.52887948 43.69061085 43.25221583 21.76400186 60.97126625 57.90610307
 [10] 49.00517803 45.77452370 28.95223443  9.21995023 47.15751602 41.12649713 19.99465591  6.96619763  5.27847764
 [19] 41.50652463 30.67299125 30.11843669 38.69587152 34.87164868 19.73436089 13.56008899 25.33599850 10.46968287
 [28] 31.03889280 30.36606678 24.63872752 23.85061513  8.58611920 29.34909151 23.68453993 15.20899163 13.96625721
 [37] 14.57868341 21.65992541 18.01962325 15.99842937  9.21949995 13.64539134  8.08905912 18.49460231 15.19399724
 [46] 13.88300065 20.80066895 16.61671385 10.85043026 21.77156228  0.86120256 19.69748505 15.18527587  9.95846365
 [55]  0.07617558 16.86406287 13.35863401 15.17288332 13.91475451  3.46333733 17.13690984 16.72082764 11.66787251
 [64] 14.70631771  2.53991940  7.27252870  6.54746684  3.51375636 13.09244889 12.02439384 13.86696551 14.75294482
 [73] 14.35614146 14.04313078 13.46328900 10.70102347  6.46858172  0.36911496  9.68911953  7.07020048  3.71862819
 [82]  1.80061826 13.50521398  9.46268258  9.21801867  1.51259460 13.45088527 12.54595767 12.10270483 10.63092581
 [91] 10.29589335  7.20692262  5.68140422  5.27536539  4.25071433  2.73962915  5.91348393  4.39575964  3.58441115
[100]  2.24841466  8.30125766  4.86823314  8.50578483  4.97153485 10.90776316  9.57742914  2.65525963  8.11594542
[109]  5.70112984  5.21243282  4.38425356  1.34151328  0.21179172  9.59625525  7.27986431  0.11304230  0.06101737
[118]  7.24494912  2.06649961  1.34738539  3.56755837  2.46704179  4.87862131  5.27436974  5.22589928  3.75048655
[127]  3.59078731  1.24653479  4.64731236  4.37567997  4.16300234  4.03314788  2.04096439  2.68671798  2.60260138
[136]  1.94281666  2.35156769  0.91296303  2.49999898  1.60984077  0.45813216  1.85090971  1.76079125  0.85693323
[145]  1.48534037  1.09475979  0.29759630  0.71585053  0.22109047

$PAR
  [1]  NA   1   2   2   2   2   2   3   8   9   9   9   9  10  14  14  14  14  11   5   5   6  15  15  15  22  22  23
 [29]  23  28  28  28  20  20  20  20  29  21  21  21  33  26  26  30  30  30  31  31  31  34  34  50  38  38  38  47
 [57]  47  52  52  44  39  39  61  56  56  62  62  62  48  48  40  35  35  35  35  35  35  35  45  45  53  53  58  58
 [85]  58  72  64  64  64  64  64  73  73  73  73  73  42  42  42  25  75  75  87  87  69  63 105  76  91  91  91  91
[113]  91  54  79  79  79  13  41 108  43  43  67  77  77  18  18  94 110 110 104 123 130 132 126 126 121 121  68  65
[141]  65 100 119 133 142  86 112 138 148

$EXTANT
  [1] FALSE FALSE FALSE FALSE FALSE FALSE FALSE FALSE FALSE FALSE FALSE FALSE  TRUE FALSE FALSE FALSE  TRUE FALSE
 [19] FALSE FALSE FALSE  TRUE FALSE FALSE  TRUE  TRUE  TRUE  TRUE  TRUE FALSE  TRUE  TRUE FALSE FALSE  TRUE FALSE
 [37]  TRUE  TRUE FALSE FALSE  TRUE  TRUE  TRUE  TRUE FALSE FALSE FALSE FALSE  TRUE FALSE  TRUE FALSE  TRUE  TRUE
 [55]  TRUE  TRUE  TRUE  TRUE FALSE  TRUE  TRUE  TRUE FALSE FALSE FALSE  TRUE  TRUE FALSE FALSE  TRUE FALSE  TRUE
 [73]  TRUE FALSE  TRUE FALSE  TRUE  TRUE  TRUE  TRUE  TRUE  TRUE  TRUE  TRUE  TRUE  TRUE  TRUE FALSE  TRUE  TRUE
 [91]  TRUE  TRUE FALSE  TRUE  TRUE  TRUE  TRUE  TRUE FALSE  TRUE  TRUE  TRUE FALSE FALSE  TRUE  TRUE  TRUE  TRUE
[109]  TRUE FALSE FALSE  TRUE  TRUE  TRUE  TRUE  TRUE  TRUE  TRUE  TRUE  TRUE  TRUE  TRUE  TRUE  TRUE  TRUE  TRUE
[127]  TRUE  TRUE  TRUE  TRUE  TRUE  TRUE  TRUE  TRUE  TRUE  TRUE  TRUE  TRUE  TRUE  TRUE  TRUE  TRUE  TRUE  TRUE
[145]  TRUE  TRUE  TRUE  TRUE  TRUE

