
Birth-death simulation object with 144 species and 100 extant species

Details for some species:

Extinction times (NA means extant)
[1] 47.55868 20.07214       NA 14.47852 18.68124 25.67516


Speciation times 
[1] 58.88116 58.17763 53.92072 34.35655 25.98973 50.79431


Species parents (NA for initial)
[1] NA  1  2  2  2  3


Species status (extinct or extant)
[1] "extinct" "extinct" "extant"  "extinct" "extinct" "extinct"


For more details on vector y, try sim$y, with y one of
TE TS PAR EXTANT



$TE
  [1] 47.5586837 20.0721389         NA 14.4785246 18.6812439 25.6751623 38.9593783         NA 26.2109784 21.7382867
 [11]         NA         NA 23.0689855 11.7899804  3.7869827 29.8983076 30.8113590         NA 11.6304519         NA
 [21]         NA         NA         NA 15.7616044         NA 37.6558253         NA         NA         NA         NA
 [31]         NA         NA 28.0413658 29.2723523         NA 34.7767457         NA 20.2582831  1.1613211         NA
 [41]         NA 13.0248633  1.5804303         NA         NA  2.7373082         NA         NA  9.7663601         NA
 [51]         NA         NA         NA         NA         NA 20.4760135  4.5650651  0.8733981         NA         NA
 [61]         NA         NA         NA  1.4172640  6.9491533 10.6506916  3.7910134         NA         NA         NA
 [71]         NA         NA         NA         NA  6.4383583         NA 10.5824790         NA         NA         NA
 [81]         NA 13.2625736         NA         NA  6.6759681         NA         NA         NA         NA         NA
 [91]         NA  1.6629320  8.1559420         NA         NA         NA  5.3970223 12.2793522         NA  3.4288524
[101]         NA         NA  5.7886686         NA         NA         NA         NA         NA         NA         NA
[111]         NA         NA         NA         NA         NA  4.8937236         NA         NA         NA         NA
[121]         NA         NA         NA         NA         NA         NA         NA         NA         NA         NA
[131]         NA         NA         NA  4.1598400         NA         NA         NA         NA         NA         NA
[141]         NA         NA         NA         NA

$TS
  [1] 58.881155528 58.177633964 53.920719738 34.356552683 25.989728220 50.794310734 49.722902883 47.020433939
  [9] 36.128432325 31.996853513 16.862325383  5.108031597 39.893532113 44.118984828 34.684789277 31.862049606
 [17] 31.397739376 21.152107518 20.071905153 40.572128622 19.558009895  9.189005077 39.542348050 36.833566698
 [25] 25.377104058 38.953192602 38.684941596 12.834304582  3.019462265 12.264374692  5.476969477  5.068023253
 [33] 31.108607119 29.674856379 16.370976191 36.003713763 27.380248334 31.459070647 33.591340787 15.612768238
 [41] 33.531153400 17.271414471 14.938185960 14.466746053 11.125523434  8.286992884  7.138453525  3.973792357
 [49] 22.336524038  4.425662637  4.188374111  2.430610860 31.372571846 21.975121542 15.941321764 25.364377598
 [57] 10.588825892  1.135506982  0.154778844  9.428378548  5.591083812  1.495339480 21.777378788 13.454805215
 [65] 17.593612818 16.513971996  4.497722819 11.320449293  2.067169659 14.955069688 13.554822714 15.280585539
 [73] 11.717501533  4.203869792 10.661960512 15.650238126 11.415628706  3.265092706  8.498943996  4.003667108
 [81] 14.926982541 14.234516738  6.403141065 14.455416867 12.812426011  0.711056884 10.767867658  3.221512399
 [89]  1.996715218  8.976523500 14.282234168 13.193368759  9.631842827  1.682703275 14.278535222 12.746813165
 [97] 10.161038426 12.413140795  5.607633305 13.163846112 12.931031347  0.243649576 10.460921634  6.951590805
[105] 12.234921842 10.734017524  9.974620682  0.618766921  7.208522454  6.888029622  6.428518692 10.314486252
[113]  1.566604611  1.198611611  0.268706946  5.186524003  7.509925036  5.635000059  0.632018138  2.036538168
[121]  6.762555837  5.355372510  9.501143409  2.718249734  5.471143458  4.258278282  1.488618236  8.479060069
[129]  1.398441349  6.667742529  1.633346830  0.229520084  6.426675683  5.172909156  4.431934847  3.911778860
[137]  0.180733296  3.994863375  2.951550606  1.456249841  2.622477286  2.131769204  0.245259056  0.009599962

$PAR
  [1]  NA   1   2   2   2   3   3   3   3   3   3   3   6   8   8   8   8   8   8  14  14  20  13  13  13  23  23  23
 [29]  23  27  27  27  24  24  24   9   9  15   4   4  39  39  39  39  39  39  39  39  41  41  41  41  17  53  53  37
 [57]  37  37  37  25  25  25  56  49  54  54  54  63  63  19  19  21  21  21  65  42  11  55  76  76  40  40  40  72
 [85]  72  72  70  70  70  81  84  84  84  84  91  91  91  95  95  71  71  71  64  64 100 100 101  28  96  96  96  30
[113]  30  30  30  73  68  68  45  87 106 112 107  22  90  90  90  79 128 121 130 130 111 133  83  61  12  50  80  78
[141]  29  52  86  86

$EXTANT
  [1] FALSE FALSE  TRUE FALSE FALSE FALSE FALSE  TRUE FALSE FALSE  TRUE  TRUE FALSE FALSE FALSE FALSE FALSE  TRUE
 [19] FALSE  TRUE  TRUE  TRUE  TRUE FALSE  TRUE FALSE  TRUE  TRUE  TRUE  TRUE  TRUE  TRUE FALSE FALSE  TRUE FALSE
 [37]  TRUE FALSE FALSE  TRUE  TRUE FALSE FALSE  TRUE  TRUE FALSE  TRUE  TRUE FALSE  TRUE  TRUE  TRUE  TRUE  TRUE
 [55]  TRUE FALSE FALSE FALSE  TRUE  TRUE  TRUE  TRUE  TRUE FALSE FALSE FALSE FALSE  TRUE  TRUE  TRUE  TRUE  TRUE
 [73]  TRUE  TRUE FALSE  TRUE FALSE  TRUE  TRUE  TRUE  TRUE FALSE  TRUE  TRUE FALSE  TRUE  TRUE  TRUE  TRUE  TRUE
 [91]  TRUE FALSE FALSE  TRUE  TRUE  TRUE FALSE FALSE  TRUE FALSE  TRUE  TRUE FALSE  TRUE  TRUE  TRUE  TRUE  TRUE
[109]  TRUE  TRUE  TRUE  TRUE  TRUE  TRUE  TRUE FALSE  TRUE  TRUE  TRUE  TRUE  TRUE  TRUE  TRUE  TRUE  TRUE  TRUE
[127]  TRUE  TRUE  TRUE  TRUE  TRUE  TRUE  TRUE FALSE  TRUE  TRUE  TRUE  TRUE  TRUE  TRUE  TRUE  TRUE  TRUE  TRUE

