
Birth-death simulation object with 136 species and 100 extant species

Details for some species:

Extinction times (NA means extant)
[1] 56.64156 28.86869       NA 36.59173 10.55065 46.80618


Speciation times 
[1] 84.15996 56.74125 53.09317 45.34815 50.72890 50.30043


Species parents (NA for initial)
[1] NA  1  2  2  3  3


Species status (extinct or extant)
[1] "extinct" "extinct" "extant"  "extinct" "extinct" "extinct"


For more details on vector y, try sim$y, with y one of
TE TS PAR EXTANT



$TE
  [1] 56.6415588 28.8686924         NA 36.5917297 10.5506481 46.8061815         NA  3.1377559  5.8218320         NA
 [11]         NA 23.3359920         NA 39.2771075 34.4365111 27.0225660 26.7818070  6.6070421         NA         NA
 [21] 20.8294728         NA  2.0486852 16.2169786         NA  8.2334795         NA  3.2268482 14.7546365         NA
 [31]         NA  2.3726113         NA         NA         NA         NA         NA         NA         NA 12.0298126
 [41] 13.9049466 20.6873071         NA         NA         NA         NA         NA         NA 20.2225542 12.9925727
 [51]         NA  8.1418800         NA         NA         NA         NA         NA         NA         NA         NA
 [61]         NA         NA         NA         NA         NA         NA         NA         NA 14.8448848         NA
 [71]  1.0991911  0.6210124         NA         NA         NA         NA         NA         NA         NA         NA
 [81]  9.8165250         NA         NA         NA         NA         NA         NA         NA         NA         NA
 [91]         NA         NA         NA  2.7129094         NA         NA         NA         NA  3.5673898         NA
[101]         NA         NA  3.7144941         NA         NA         NA  4.1690632  6.2022889         NA         NA
[111]         NA         NA         NA         NA         NA         NA         NA         NA         NA         NA
[121]         NA         NA         NA         NA  1.2697966         NA         NA         NA         NA         NA
[131]         NA         NA         NA         NA         NA         NA

$TS
  [1] 84.159964452 56.741248853 53.093165298 45.348149324 50.728896493 50.300433114 29.747587592 25.843183124
  [9] 16.175083831 13.292329289 11.834711689 24.513320505 11.796064210 44.817233188 44.105880198 40.521048627
 [17] 36.589987139 31.724232457 30.358319801 27.326320383 34.400650705 23.423493006 19.830750677 26.782780976
 [25] 26.051288704 17.033878649  8.943275699  3.520534869 22.052642732 19.442284232 15.184897877 14.623665296
 [33]  8.737885686  5.469758868 20.644229699 19.593148232  6.400203976  1.106089257  0.625592277 25.505499995
 [41] 20.526603294 21.075076322 14.831877677 11.090000947  0.852888111 22.682568471 13.194223701 12.241053291
 [49] 21.523834315 16.618658068 14.590349571 21.634386992 20.116065941 16.213311833 15.800417015  3.375385779
 [57] 19.459314923 18.962403689  4.213529178  9.695964001 11.811929079 17.749185579 12.533997619 10.667999363
 [65]  7.250072368  9.659351019  0.161463983 18.134974891 15.856724960 11.648351354 10.185080226  6.731741376
 [73] 13.537252521 12.757157888 16.038737109  7.917454149  0.412951838  9.617724623 14.015243950  9.127724657
 [81] 14.950542504  9.361048849  5.455853403 11.069247750 10.010589559 11.339722209  8.383872594  7.772404215
 [89]  0.004169152  8.096877217  7.992951058  4.043303919  8.910950320  6.219617548  6.609404593  5.766769974
 [97]  1.147666458  6.849696655  5.352512802  5.906483802  0.330219167  4.918628204  7.176123481  2.414810937
[105]  6.575286396  1.041572856  6.586867368  6.568808534  6.318810699  3.271089270  1.849892849  2.905420505
[113]  1.232945080  2.758409790  0.624522986  6.474077800  3.541228939  3.875198379  1.223752313  0.211823942
[121]  0.139158609  2.058670824  1.265460527  4.187002609  1.784844901  2.008081383  3.114351249  3.042450827
[129]  1.103758067  0.548546784  3.061923480  0.452091868  1.927821148  1.847462140  0.623513531  0.208286846

$PAR
  [1]  NA   1   2   2   3   3   3   3   3   3   3   5   5   4  14  14  15  16  16  16  17  21  18  19  19  19  19  19
 [29]   7   7   7   7   7   7  20  20  20  20  20  24  24  25  25  25  25   8   8   8  40  40  40  22  22  22  22  22
 [57]  46  46  46  52  35  41  53  23  23  36  36  57  30  30  30  30  58  58  62  62  62   9  75  75  69  55  55  31
 [85]  31  43  43  43  43  51  79  73  10  10  47  74  74  63  63  11  11  86  44  84  60  60  82  82  93  33  90  91
[113]  76  65  98 105 116  37 109 100 100  96  83  99 102  59 124 124  92  92 117 117 122 111  97 115

$EXTANT
  [1] FALSE FALSE  TRUE FALSE FALSE FALSE  TRUE FALSE FALSE  TRUE  TRUE FALSE  TRUE FALSE FALSE FALSE FALSE FALSE
 [19]  TRUE  TRUE FALSE  TRUE FALSE FALSE  TRUE FALSE  TRUE FALSE FALSE  TRUE  TRUE FALSE  TRUE  TRUE  TRUE  TRUE
 [37]  TRUE  TRUE  TRUE FALSE FALSE FALSE  TRUE  TRUE  TRUE  TRUE  TRUE  TRUE FALSE FALSE  TRUE FALSE  TRUE  TRUE
 [55]  TRUE  TRUE  TRUE  TRUE  TRUE  TRUE  TRUE  TRUE  TRUE  TRUE  TRUE  TRUE  TRUE  TRUE FALSE  TRUE FALSE FALSE
 [73]  TRUE  TRUE  TRUE  TRUE  TRUE  TRUE  TRUE  TRUE FALSE  TRUE  TRUE  TRUE  TRUE  TRUE  TRUE  TRUE  TRUE  TRUE
 [91]  TRUE  TRUE  TRUE FALSE  TRUE  TRUE  TRUE  TRUE FALSE  TRUE  TRUE  TRUE FALSE  TRUE  TRUE  TRUE FALSE FALSE
[109]  TRUE  TRUE  TRUE  TRUE  TRUE  TRUE  TRUE  TRUE  TRUE  TRUE  TRUE  TRUE  TRUE  TRUE  TRUE  TRUE FALSE  TRUE
[127]  TRUE  TRUE  TRUE  TRUE  TRUE  TRUE  TRUE  TRUE  TRUE  TRUE

