
Birth-death simulation object with 847 species and 500 extant species

Details for some species:

Extinction times (NA means extant)
[1] 90.12712 79.60908 28.30621 78.91709 69.45560       NA


Speciation times 
[1] 101.43129  91.72866  88.50297  86.76974  81.28359  76.42366


Species parents (NA for initial)
[1] NA  1  2  3  3  3


Species status (extinct or extant)
[1] "extinct" "extinct" "extinct" "extinct" "extinct" "extant" 


For more details on vector y, try sim$y, with y one of
TE TS PAR EXTANT



$TE
  [1] 90.12712219 79.60907716 28.30620897 78.91709427 69.45559758          NA 14.79743993 13.67845703          NA
 [10] 62.79409882 72.95492011 59.99330658 26.98318002 74.49693402 60.50400062 73.70952100  2.57748248 57.11636913
 [19] 61.60841575 75.61786251 63.24161912 63.21706181 13.37394390 69.62881461 66.12692987 60.93330342 56.69902064
 [28] 57.12048973 73.99368910 60.39187265 48.89023229 59.67154304  7.55121615          NA 10.64124575  7.14737894
 [37] 60.92012225 60.69386256 17.60660179 28.35698732 25.18044378 20.97262926 12.84080312 19.93512532          NA
 [46]          NA  5.60093133 70.37344613 21.06821741 69.54674205 62.42713160 56.66779930 55.13976939 21.26290371
 [55] 25.51034392 12.35335916 22.05858768 23.96619632  3.04429119 15.86122061          NA 50.11464951 51.84676843
 [64] 59.65558246 63.90944628 47.03877527 33.75423491 39.39106152 35.07355924          NA  3.66534828 46.37829091
 [73] 33.82535030          NA 24.57836768 37.58907828 52.00381374 40.02952679 34.78731996  1.63628208 19.33334237
 [82]          NA          NA 39.16745279          NA 29.01232399 33.92417803          NA 40.94762790 48.89592086
 [91] 44.33328872 13.89169180 19.54691774          NA          NA          NA          NA 12.40779042 23.41443226
[100]          NA 11.79387089 49.04937971  9.01905832          NA 41.32713319 35.63471976 39.91770746 42.81605901
[109] 34.67367587 47.21326923 50.35432986 36.36975984  0.34539938          NA          NA 39.05395720 46.27976938
[118]  1.14361879          NA 37.22783045          NA          NA  6.71268301 53.96680756 49.18392314  4.52233304
[127] 36.44581648  3.33317205 26.72941439 11.44262698 46.87750039 11.57020873          NA          NA 10.46056697
[136]          NA          NA 31.76535003  7.67658294 28.62301884 29.34283361          NA          NA 28.01181227
[145] 20.53863930          NA          NA          NA          NA  0.24618096  8.12841375 31.35302955 26.41087975
[154] 24.44223316 13.18038009 11.21415954 32.68998036  0.39436548  0.73254004  7.93416712 44.43391689 33.49093985
[163] 16.35718415  9.79064132  0.62345373 34.60700813          NA 33.36637077          NA          NA 29.65535750
[172] 14.53936602 41.13937829 26.53573953 34.94031422 33.99134597 22.48876669          NA  2.54103933 20.70123425
[181] 24.85539560          NA  9.09288781          NA 14.07465731          NA          NA          NA 36.39391356
[190] 31.39644300 17.67730944 33.99546746 40.12353357 42.34497525 27.45081130          NA  9.25397744 11.07199377
[199]          NA          NA 12.79036563 26.96351976 23.91309012 30.92141772 42.21248522 34.26143577 13.20519327
[208]          NA 27.51129800          NA 22.86393485  7.32159231  8.30453596          NA          NA          NA
[217]  6.08123791  5.70735676 25.30766395 12.95100660          NA 21.38125316          NA          NA 17.94647957
[226] 33.22720015          NA          NA          NA          NA 22.42032911 21.08148715 11.46083332 23.10754432
[235]          NA 21.29935753 20.20574105          NA  0.28038557          NA 28.25424907 13.73079382 19.34406870
[244]          NA  6.75547669  7.22691386          NA          NA 12.04922641          NA          NA          NA
[253]          NA 22.04802714          NA          NA          NA  4.57965188          NA 10.54185532          NA
[262]  1.63686513          NA          NA 13.39821779          NA          NA 29.12571055 20.65020280  9.25117877
[271]          NA          NA          NA 17.41878594          NA          NA 32.66137471 12.63806452          NA
[280] 24.24884702 24.86052660  0.69161523          NA          NA          NA          NA          NA 12.69774119
[289]          NA 15.20008925          NA  5.11862803          NA 27.98650402 18.81726376          NA  9.49645852
[298]          NA 25.52009486 21.09751957          NA  6.01972518          NA          NA  2.03136899  3.30125087
[307]          NA          NA          NA          NA          NA          NA 15.54797731          NA 22.70099600
[316]  3.84231531  1.72855122          NA 18.10544395          NA          NA 20.07236803          NA          NA
[325] 13.80100493          NA  7.23624732          NA 21.00459452  9.18441163 24.48240930          NA          NA
[334]          NA  9.56493595          NA          NA          NA 14.68396615          NA          NA 22.09345987
[343] 18.88777924 15.61360311          NA          NA 23.00046157  9.78365142          NA 11.24604237          NA
[352]          NA          NA 24.97162310 17.54507499          NA          NA          NA          NA 17.94960697
[361] 18.81502765 14.07714529          NA          NA          NA          NA  8.73022839          NA  4.00962880
[370]  2.65621978          NA 13.83062320          NA          NA  0.44577952          NA 18.67073748          NA
[379]          NA  7.78110686          NA 10.55677512  4.55434048          NA 17.24157141  2.42142666  3.25514958
[388] 17.54973965          NA          NA          NA          NA          NA          NA          NA 18.53104826
[397]          NA  9.90359690  7.96707021  5.32672044          NA          NA          NA          NA          NA
[406]          NA          NA          NA  0.19206912          NA  0.50441221          NA          NA          NA
[415]          NA          NA          NA  9.44849172          NA          NA 13.73156411 13.43203198          NA
[424]          NA          NA 20.46999795 17.06600322          NA          NA 11.44749659 14.56628169  8.02029814
[433]          NA  2.29180307          NA 17.15778718          NA          NA          NA          NA  4.10141955
[442]          NA          NA          NA          NA          NA          NA          NA          NA  1.89870782
[451]          NA          NA          NA          NA 10.56822431          NA          NA  9.81986412          NA
[460]          NA 16.25533356 17.98660570  4.72578738          NA          NA          NA          NA          NA
[469]          NA  7.49318911          NA          NA          NA          NA          NA          NA          NA
[478]  6.13574199          NA          NA          NA          NA 14.77163520 16.17528910  1.51113919 14.48062445
[487]          NA          NA          NA 13.58259577 15.36095872          NA 17.75689212 12.03519143 10.51813937
[496]  5.77963261          NA          NA  7.82638298          NA          NA          NA  4.02927063          NA
[505]          NA          NA          NA          NA          NA  4.27743614          NA          NA  5.80534384
[514]  7.75785202  8.76464037          NA          NA          NA 11.04549234          NA          NA          NA
[523]  1.73395555  5.10696575  5.39360017          NA          NA          NA 11.46675422  0.91336638          NA
[532]          NA          NA          NA          NA          NA          NA          NA          NA          NA
[541]  7.83635339          NA  0.71141451          NA          NA  3.39568193          NA  6.51065636          NA
[550]          NA          NA          NA          NA  4.11139919  6.43512382          NA 10.15753798          NA
[559]          NA          NA  9.43166476          NA          NA  6.95565170          NA          NA  5.79917858
[568]          NA          NA          NA          NA          NA          NA          NA  7.64894018  4.09026341
[577]          NA          NA          NA          NA          NA  5.20254030          NA          NA 10.46095821
[586]          NA  5.60500052          NA          NA          NA          NA          NA 10.49434164  5.68870262
[595]  1.76275430 11.26292852          NA          NA          NA          NA          NA 10.02492014 12.66136873
[604]          NA          NA  1.30183788  4.34251186          NA  3.28103659          NA  9.95363970          NA
[613]          NA          NA          NA          NA          NA          NA          NA          NA  1.65843245
[622]  6.68987693          NA  0.57966174          NA  0.57569948          NA          NA          NA          NA
[631]          NA          NA          NA  6.25981178          NA          NA  0.01815156          NA          NA
[640]          NA          NA          NA          NA  1.76833103          NA 10.97510514          NA  5.58545474
[649]          NA          NA          NA          NA          NA          NA          NA          NA          NA
[658]  1.13519089          NA  4.71241466          NA          NA          NA          NA          NA          NA
[667]          NA          NA          NA          NA          NA          NA          NA          NA          NA
[676]          NA          NA  4.32704759          NA          NA          NA          NA          NA          NA
[685]  4.89550374          NA          NA          NA          NA          NA          NA          NA          NA
[694]          NA          NA          NA          NA          NA          NA          NA          NA  1.19529879
[703]          NA          NA          NA          NA  0.69918420          NA          NA  0.90420650          NA
[712]          NA          NA          NA          NA          NA  1.87483607          NA          NA          NA
[721]          NA  1.46349564  1.20221977          NA  0.66670610          NA          NA          NA          NA
[730]          NA          NA  0.90001954          NA          NA  7.65810870          NA          NA          NA
[739]          NA          NA          NA          NA          NA          NA          NA          NA          NA
[748]          NA          NA          NA          NA          NA          NA          NA          NA          NA
[757]          NA  0.69020567          NA          NA          NA          NA          NA          NA          NA
[766]          NA          NA          NA          NA          NA          NA          NA          NA          NA
[775]          NA          NA          NA          NA          NA  2.15566694          NA          NA          NA
[784]          NA          NA          NA          NA          NA          NA          NA          NA  0.74849992
[793]  2.65863896          NA          NA          NA          NA          NA          NA          NA          NA
[802]          NA          NA          NA          NA          NA          NA          NA          NA          NA
[811]          NA          NA          NA          NA          NA          NA          NA          NA          NA
[820]          NA          NA          NA          NA          NA          NA          NA          NA          NA
[829]          NA  0.28567135          NA          NA          NA          NA          NA          NA          NA
[838]          NA          NA          NA          NA          NA          NA          NA          NA          NA
[847]          NA

$TS
  [1] 1.014313e+02 9.172866e+01 8.850297e+01 8.676974e+01 8.128359e+01 7.642366e+01 4.470390e+01 3.383417e+01
  [9] 3.171085e+01 8.363470e+01 7.871627e+01 6.667220e+01 6.588430e+01 8.103557e+01 8.095166e+01 8.036123e+01
 [17] 7.559512e+01 7.013019e+01 7.774272e+01 8.085667e+01 7.727984e+01 7.614677e+01 6.925385e+01 7.591963e+01
 [25] 7.746458e+01 6.396016e+01 6.884307e+01 6.756138e+01 7.509267e+01 7.327620e+01 6.384080e+01 6.116589e+01
 [33] 2.632474e+01 2.002447e+01 1.930202e+01 1.356045e+01 6.483481e+01 7.383292e+01 7.053637e+01 3.371479e+01
 [41] 3.284369e+01 3.248238e+01 2.857260e+01 2.727415e+01 1.275164e+01 1.250212e+01 7.009535e+00 7.489636e+01
 [49] 6.106194e+01 7.005988e+01 6.568182e+01 6.166134e+01 6.092882e+01 3.583695e+01 3.200327e+01 4.698348e+01
 [57] 4.398995e+01 3.777372e+01 3.252056e+01 2.487601e+01 2.419768e+01 6.249428e+01 5.941900e+01 6.156396e+01
 [65] 6.576436e+01 6.437904e+01 5.426829e+01 4.753121e+01 4.145568e+01 5.867684e+01 5.853981e+01 5.249237e+01
 [73] 4.934650e+01 6.239384e+01 5.610467e+01 5.297593e+01 5.824149e+01 5.703131e+01 5.319649e+01 4.315554e+01
 [81] 2.014750e+01 8.408382e+00 2.631455e+00 5.937558e+01 5.145408e+01 5.047474e+01 5.716341e+01 5.669060e+01
 [89] 5.579153e+01 5.283171e+01 5.522598e+01 5.019660e+01 2.665813e+01 1.058614e+01 7.909132e+00 5.384591e+00
 [97] 2.181909e+00 4.880871e+01 2.386297e+01 2.235424e+01 2.124525e+01 5.465671e+01 4.953239e+01 4.785525e+01
[105] 4.782164e+01 3.711479e+01 4.868422e+01 4.720796e+01 4.100494e+01 5.631286e+01 5.190185e+01 5.043415e+01
[113] 1.189007e+01 8.438792e+00 6.499505e+00 5.297607e+01 5.170484e+01 4.812813e+01 5.220504e+01 4.450608e+01
[121] 5.406021e+01 4.743767e+01 5.344419e+01 5.431142e+01 5.379549e+01 4.735884e+01 4.516845e+01 4.413670e+01
[129] 4.360813e+01 2.266984e+01 5.340447e+01 3.950511e+01 2.492138e+01 2.439752e+01 1.917077e+01 1.510854e+01
[137] 1.090727e+01 5.005848e+01 4.874792e+01 3.673093e+01 3.966431e+01 3.943081e+01 3.847168e+01 3.688072e+01
[145] 2.256984e+01 9.806672e+00 4.590656e+00 3.595388e+00 9.182425e-01 1.754558e+01 8.941091e+00 4.436926e+01
[153] 4.576104e+01 3.783967e+01 2.447386e+01 4.545589e+01 3.874520e+01 2.447611e+01 1.217560e+01 1.206096e+01
[161] 4.756026e+01 3.995558e+01 3.977646e+01 1.735321e+01 2.639353e+01 4.742960e+01 4.551631e+01 3.380401e+01
[169] 1.628736e+01 1.581864e+01 4.491727e+01 2.138030e+01 4.595277e+01 3.792161e+01 3.783403e+01 3.480823e+01
[177] 3.418180e+01 6.836878e+00 6.622868e+00 3.937621e+01 3.665365e+01 3.301097e+01 1.538246e+01 3.209257e+01
[185] 1.867011e+01 1.272743e+01 1.260421e+01 1.016624e+01 4.249129e+01 3.445199e+01 3.250836e+01 4.311047e+01
[193] 4.385700e+01 4.283128e+01 3.761416e+01 4.240006e+01 3.096783e+01 2.546392e+01 8.414890e+00 7.195458e+00
[201] 3.861480e+01 3.813703e+01 3.340562e+01 3.153273e+01 4.268410e+01 4.249142e+01 1.948692e+01 2.530423e+00
[209] 3.996169e+01 3.586283e+01 3.441941e+01 3.704607e+01 9.936161e+00 4.014390e+00 3.330566e+00 3.123141e+01
[217] 3.096364e+01 3.938369e+01 3.893835e+01 3.591935e+01 3.521112e+01 2.629567e+01 3.560019e+01 2.251159e+01
[225] 2.105306e+01 3.540708e+01 1.287287e+01 9.309229e+00 3.880955e+00 3.723134e+01 2.555893e+01 2.973302e+01
[233] 3.422145e+01 2.391152e+01 1.551568e+01 2.870225e+01 3.006268e+01 2.730725e+01 2.691608e+01 3.649348e+01
[241] 3.600816e+01 2.892055e+01 1.961294e+01 9.192079e+00 8.600577e+00 8.435473e+00 2.223185e-01 3.571943e+01
[249] 2.667260e+01 1.924213e+01 1.910383e+01 3.289126e+01 3.048847e+01 3.109607e+01 2.056030e+01 1.965988e+01
[257] 3.694751e+00 3.588690e+01 3.512333e+01 1.945712e+01 3.320066e+01 2.712736e+01 2.095194e+01 1.914083e+01
[265] 1.493012e+01 1.066774e+01 8.266782e+00 2.997644e+01 2.364346e+01 3.263164e+01 2.000308e+01 1.201366e+01
[273] 9.076173e+00 2.138598e+01 7.523796e+00 6.000265e+00 3.505781e+01 3.260597e+01 2.853699e+01 2.556490e+01
[281] 2.525600e+01 1.589223e+01 1.332196e+01 5.442830e+00 2.770434e+01 5.990057e+00 2.152005e+01 2.089997e+01
[289] 1.515290e+01 3.192119e+01 2.126718e+01 1.465370e+01 2.789454e+01 3.011640e+01 2.833435e+01 2.610678e+01
[297] 1.204561e+01 1.183087e+01 3.237031e+01 2.461581e+01 1.435939e+01 9.655501e+00 1.189781e+00 3.186789e+01
[305] 2.265844e+01 1.599699e+01 1.538617e+01 1.002353e+01 5.417562e+00 4.886067e+00 1.391961e+01 9.825262e+00
[313] 2.985927e+01 2.835719e+01 2.417518e+01 1.154639e+01 3.608476e+00 2.850366e+01 2.113412e+01 2.699006e+01
[321] 2.411444e+01 3.076609e+01 2.515828e+01 1.863967e+01 1.676409e+01 1.109316e+01 7.835052e+00 4.018581e+00
[329] 2.625518e+01 3.040380e+01 2.610033e+01 2.601323e+01 4.488771e+00 3.145598e+01 2.764096e+01 2.150493e+01
[337] 1.232483e+01 7.225683e+00 1.837517e+01 1.195672e+01 6.787755e+00 3.116184e+01 2.675500e+01 2.342023e+01
[345] 1.522316e+01 2.496684e+01 2.780881e+01 3.096070e+01 1.949374e+01 2.844252e+01 2.500588e+01 1.077353e+01
[353] 2.814711e-01 2.900214e+01 2.155990e+01 2.591275e+01 2.746669e+01 2.283825e+01 2.103729e+01 2.616067e+01
[361] 2.491398e+01 1.787067e+01 6.492281e+00 1.379023e+01 1.802153e+01 3.604147e+00 2.269574e+01 2.231670e+01
[369] 1.945473e+01 1.416295e+01 1.344986e+01 1.512377e+01 1.173389e+01 1.850560e+00 1.489531e+01 1.372170e+01
[377] 1.906532e+01 2.547298e+01 2.403915e+01 1.125013e+01 7.561263e+00 1.968628e+01 1.797886e+01 2.216070e+01
[385] 2.324867e+01 2.065596e+01 2.639922e+01 2.139034e+01 1.889500e+01 1.354155e+01 9.656909e+00 2.189670e+01
[393] 1.584639e+01 8.351405e+00 2.573421e+01 2.099587e+01 1.553619e+01 1.120140e+01 9.202187e+00 7.518995e+00
[401] 7.110026e+00 2.235379e+01 1.328731e+01 1.144251e+00 1.141802e+01 8.966165e+00 4.053151e+00 2.389466e+00
[409] 2.184101e+01 2.506724e+01 2.506161e+01 1.941582e+01 1.898922e+01 1.875747e+01 1.645061e+01 8.173595e-01
[417] 2.369957e+01 2.347969e+01 1.631132e+01 4.412385e+00 1.939306e+01 1.670695e+01 1.750328e+01 6.923888e+00
[425] 3.085491e+00 2.469033e+01 2.221393e+01 1.638630e+01 1.434592e+01 2.090978e+01 1.763354e+01 1.190522e+01
[433] 1.535714e+01 2.407500e+01 1.009202e+01 1.982106e+01 9.512945e+00 3.885823e+00 2.904700e+00 9.146240e-01
[441] 1.912123e+01 1.478344e+01 5.519235e+00 1.589908e+01 1.388496e+01 1.254424e+01 1.980626e+01 9.066918e+00
[449] 5.489069e+00 1.957134e+00 1.076030e+01 1.805356e+01 1.127537e+01 2.250649e+01 2.096602e+01 1.402268e+01
[457] 1.387396e+01 9.918597e+00 1.331349e+00 2.144098e+01 1.702775e+01 2.101410e+01 1.278568e+01 1.139661e+01
[465] 2.029139e+01 1.962069e+01 1.632726e+01 1.566314e+01 1.279189e+01 1.105214e+01 8.453859e+00 6.354676e+00
[473] 1.905310e+00 3.461128e-01 1.702886e+01 1.883297e+00 1.342345e+01 1.480797e+01 9.508915e+00 5.519568e+00
[481] 4.408756e+00 1.932035e+01 2.084613e+01 2.064278e+01 1.901843e+01 1.485874e+01 1.262504e+01 6.826375e+00
[489] 2.159115e+00 1.816325e+01 1.825182e+01 2.771534e+00 1.944015e+01 1.787549e+01 1.848715e+01 6.334294e+00
[497] 8.362814e+00 8.148829e+00 1.200461e+01 4.010930e+00 1.764761e+01 1.639482e+01 9.404272e+00 8.453255e+00
[505] 7.713603e+00 3.538809e+00 5.714501e+00 7.275400e+00 5.389343e+00 1.346217e+01 1.929667e+01 1.914539e+01
[513] 1.066501e+01 1.057080e+01 1.902737e+01 1.757321e+01 5.595613e+00 1.761771e+01 1.784458e+01 8.123248e+00
[521] 7.502999e+00 6.021228e+00 1.188778e+01 5.360981e+00 1.342141e+01 1.282183e+01 1.223640e+01 1.868599e+00
[529] 1.880784e+01 1.676665e+01 1.503415e+01 1.054270e+01 1.002464e+01 1.001881e+01 1.513369e+01 1.637367e+01
[537] 1.149711e+01 6.226853e+00 3.303909e+00 7.588757e+00 1.660091e+01 1.684396e+01 1.283459e+01 5.823716e+00
[545] 6.884510e-01 7.883855e+00 1.539349e+01 1.193853e+01 2.979802e+00 2.037184e+00 2.475296e+00 1.343275e+01
[553] 1.644097e+01 1.149118e+01 8.171221e+00 7.180921e+00 1.280648e+01 1.643595e+01 1.434062e+01 1.189544e+01
[561] 1.462941e+01 1.246021e+01 1.394878e+01 1.653935e+01 9.434269e+00 6.856292e+00 6.468984e+00 6.284783e+00
[569] 3.396727e+00 4.888388e+00 1.373077e+01 9.446773e+00 3.152394e+00 2.176698e+00 1.366213e+01 1.266234e+01
[577] 1.962370e+00 1.407714e+01 1.165638e+01 3.433026e+00 1.621188e+01 9.485440e+00 7.802713e+00 1.299695e+01
[585] 1.095484e+01 1.465657e+01 8.237436e+00 7.381253e+00 9.348567e+00 3.838293e-01 1.072402e+01 5.641116e+00
[593] 1.398033e+01 6.943735e+00 1.456188e+01 1.324904e+01 6.298295e+00 1.813826e+00 1.223020e+00 9.280357e-01
[601] 2.495355e-02 1.469023e+01 1.366665e+01 1.182812e+01 5.329697e-01 2.087003e+00 1.275813e+01 7.987960e+00
[609] 1.229904e+01 6.194841e+00 1.181381e+01 3.833812e+00 3.237322e+00 1.775174e+00 1.205910e+00 7.562778e+00
[617] 7.188900e+00 7.338236e-01 1.133167e+01 4.140433e+00 3.569803e+00 1.299304e+01 1.381739e+01 1.202258e+01
[625] 4.736271e+00 1.033389e+01 8.790055e+00 3.195464e+00 1.044774e+01 8.546570e+00 4.973984e+00 1.333824e+01
[633] 4.585894e+00 1.351707e+01 5.007446e+00 4.415666e+00 1.205778e+01 6.761902e+00 6.530900e+00 2.539394e+00
[641] 9.117479e+00 6.124037e+00 3.811530e+00 2.959380e+00 1.259354e+01 1.119694e+01 2.735476e+00 1.176001e+01
[649] 7.526637e+00 1.203668e+01 2.602818e-01 8.357610e+00 5.996357e+00 4.221751e+00 9.328805e+00 6.587812e+00
[657] 8.637118e+00 3.766255e+00 2.247011e+00 9.394887e+00 5.599091e+00 4.113182e+00 9.351707e+00 7.220163e+00
[665] 7.128538e+00 1.051010e+00 1.099192e+01 1.668938e+00 8.184497e+00 5.184025e+00 8.170697e-01 5.288020e+00
[673] 3.065020e+00 4.196949e+00 1.115849e+01 5.394572e+00 5.096220e+00 1.075553e+01 1.819792e+00 9.912912e+00
[681] 6.133841e+00 7.011770e+00 9.254188e+00 2.655054e-01 9.834312e+00 3.580550e+00 2.221674e+00 9.865473e+00
[689] 5.859620e+00 2.108357e+00 7.353203e+00 1.552550e-01 9.971715e+00 8.452990e+00 7.202740e+00 4.198748e+00
[697] 3.701194e+00 9.358239e+00 6.465741e+00 2.505910e+00 5.202948e+00 3.061452e+00 5.600168e+00 1.365484e+00
[705] 6.210505e+00 7.426239e+00 4.688646e+00 6.839582e+00 3.797517e+00 8.797076e+00 8.413344e+00 3.866113e-01
[713] 5.195395e+00 2.167377e+00 4.739267e-01 5.206560e+00 9.251499e+00 5.205799e+00 7.383899e+00 4.144553e+00
[721] 1.891086e+00 8.424162e+00 4.899214e+00 3.963869e+00 8.675527e+00 7.517738e+00 3.165189e+00 2.508206e+00
[729] 1.123180e+00 3.290571e+00 5.105230e+00 3.155263e+00 2.780894e-01 4.351927e+00 8.033558e+00 6.041159e+00
[737] 1.457457e+00 6.959036e-01 6.840971e+00 5.592669e+00 7.410572e-01 3.659739e+00 5.599859e+00 4.175137e-01
[745] 6.240990e+00 5.461672e+00 4.408690e+00 3.478307e+00 8.688994e-01 1.025925e+00 5.531348e+00 5.309392e+00
[753] 7.072397e+00 1.370740e+00 1.018217e+00 4.001639e+00 7.163970e+00 6.484324e+00 1.161772e+00 6.789837e+00
[761] 3.846997e+00 3.789439e+00 9.576509e-03 1.430664e+00 5.056838e+00 2.823389e+00 1.155038e-04 4.877363e+00
[769] 4.752977e+00 1.777304e+00 1.948117e+00 5.046542e+00 1.374278e+00 3.910816e+00 2.470083e+00 1.114101e+00
[777] 1.005506e-01 2.293889e+00 2.633592e+00 5.201269e+00 5.941404e+00 3.747364e+00 4.053230e+00 4.635412e+00
[785] 4.494165e+00 3.950858e+00 4.829793e+00 2.226472e+00 7.789196e-01 1.936075e+00 4.150735e+00 3.356024e+00
[793] 3.187569e+00 4.973411e+00 2.392030e+00 2.329038e+00 4.935508e+00 1.624043e+00 1.822433e+00 1.104443e+00
[801] 5.200099e-01 4.379876e+00 1.091788e+00 4.140893e+00 2.425747e+00 4.580705e-01 1.032595e+00 6.447515e-02
[809] 3.586633e+00 2.512488e+00 1.256048e+00 8.459151e-01 4.203482e+00 1.982201e+00 1.537629e+00 8.248592e-01
[817] 1.146499e+00 2.238996e+00 2.101132e+00 3.399154e+00 3.331684e+00 2.377528e+00 1.176534e+00 1.370040e+00
[825] 1.374932e+00 3.117669e+00 9.255297e-01 2.690099e+00 2.172144e+00 1.110358e+00 2.150562e+00 1.641540e+00
[833] 1.440152e+00 9.749594e-01 1.989436e+00 1.132322e+00 1.520506e+00 1.275471e-01 8.141803e-01 1.826058e-01
[841] 2.076646e-01 1.493818e+00 1.348977e+00 8.021152e-01 1.057710e+00 7.113521e-01 9.047139e-01

$PAR
  [1]  NA   1   2   3   3   3   3   3   3   4  10  10  10   5   5   5   5   5  14  15  15  15  15  16  11  19  25  25
 [29]  21  21   6   6   6   6   6   6  22  24  24  17  17  17  17  17  17  17  17  29  38  30  30  30  39  39  39  23
 [57]  23  23  23  23  23  27  27  28  13  13  13  13  13  66  66  66  66  31  31  31  62  74  74  74  74  74  74  49
 [85]  49  49  63  63  84  84  70  70  70  70  70  70  70  71  71  71  71  87  87  87  87  87  78  78  78  88  88  88
[113]  88  88  88 110 110 110  75  75  89  89  91 102 102  67  67  67  67 121 125 123 123 123 123 123 123 131  79  79
[141]  76 119 119 119 119 119 119 119 119  85  85 112  92  92  92 103 103 103 103 103  73  98  98  98 139 107 107 118
[169] 118 118 104 104  68 122 122 122 122 122 122  56  56  56  56 153 167 167 167 167 127 171 171 120 152 152 152 128
[197] 128 128 128 128  57  57  57  57 193 193  80  80 192 192 192 189 196 196 196 209 209 162 162 162 163 163 141 132
[225] 132 142 142 142 142 180 180 219 157 201 143 202 174 174 174 154  58 230 230 230 230 230 230 212 212 212 212 140
[253] 140 181 240 240 240 220 220 220 258 258 258 258 210 210 210  54  54 248 248 248 248 223 223 223 221 221 221 221
[281] 221 221 221 221 259 259 233 233 233   8   8   8 203 261 261 261 261 261 182 182 182 182 182 252 252 252 252 252
[309] 252 252 270 270  59  59  59  59  59 191 191  42  42 184 184 184 184 184 184 184  55 290 290 304 304   9   9   9
[337]   9   9 334 334 334 216 216 216 216 342 254 197 217 348 253 253 253 330 330 242 279 279 279 318 318 318 318 350
[365] 314 314 295 293 293 293 293 285 285 285 335 335 238  44  44 262 262 320 239 343 249 249  93  93 387 165 165  33
[393]  33  33 222 360 296 296 296 296 332 356 356 356 395 395 395 378 198 323 323 323 323 323 323 323 410 410 410 410
[421] 411 411 351 351 351 346 346 346 346 133  60 158 155 134 134  61  61  61  61  61 321 321 321 379 379 379 417 417
[449] 417 417 418 385 358 367 367 130 224 454 100 402 402 368 368 368 384 384 384 384 384 384 384 384 384 384 392 409
[477] 287 336 336 336 336 460 274 291 101 359 359 359 359 455 263 263 430 288 483 386 255 255 465  34 271 447 256 256
[505] 256 256 466 349 349 207 260 260 260 260 493 412 412 511 512 512 512 264 441 441 485 413 413 413 389 389 389 389
[533] 389 389 529 414 414 414 414 324 495 490 452 452 365 383 362 501 501 501 518 516 150 150 423 423 164 475 475 475
[561] 542 542 530 541 415 415 415 415 415 553 558 558 558 558 502 536 536 467 467 467 419 581 306 444 393 170 170 170
[589] 397 397 547 547 307 307 433 433 289 289 289 289 535 265 265 375 375 442 586 586 292 292 561 301 429 429 559 370
[617] 578 456 563 563 563 311 445 445 445 457 457 457 623 623 364 571 571  36 371 371 552 477 525 632 283 403 403 403
[645] 584 584 584 622 543 526 469  45  45  45 576 576 487 487 187 645 645 645 446 527 527 527 159 637 650 560 560 523
[673] 298 604 611 405 405 464 619 453 453 675 326 667 137 137 352 678 678 266  94  94 532 629 629 629 626 188 188 435
[701] 533 308 693 688 312 146 146 437 437 582 572 572 698 698 663 589 655 655 228 228 683 244 641 448 710 710 627 657
[729] 657 630 504 504 504 694 199  82  82  82 497 497 497 394 267 669 498 498 608 608 608  95 583 616 400 588 588 691
[757] 508 664 664 617 757 757 401 753 424 566 708 638 638 638 656 639 472 597 538 610 610 681 642 736 522 522 276 286
[785] 286 286 544 544 544 517 740 740 751 443 449 449 309 676 672 677 765 772 772 635 797 797 570 570 768 787 784 333
[813] 420 481 481 791 724 786 709 742 506 506 748 820 215 613 727 826 826 425 492 810 810 551 795 659 687  97 814 721
[841] 476 528 374 679 704 803 666

$EXTANT
  [1] FALSE FALSE FALSE FALSE FALSE  TRUE FALSE FALSE  TRUE FALSE FALSE FALSE FALSE FALSE FALSE FALSE FALSE FALSE FALSE
 [20] FALSE FALSE FALSE FALSE FALSE FALSE FALSE FALSE FALSE FALSE FALSE FALSE FALSE FALSE  TRUE FALSE FALSE FALSE FALSE
 [39] FALSE FALSE FALSE FALSE FALSE FALSE  TRUE  TRUE FALSE FALSE FALSE FALSE FALSE FALSE FALSE FALSE FALSE FALSE FALSE
 [58] FALSE FALSE FALSE  TRUE FALSE FALSE FALSE FALSE FALSE FALSE FALSE FALSE  TRUE FALSE FALSE FALSE  TRUE FALSE FALSE
 [77] FALSE FALSE FALSE FALSE FALSE  TRUE  TRUE FALSE  TRUE FALSE FALSE  TRUE FALSE FALSE FALSE FALSE FALSE  TRUE  TRUE
 [96]  TRUE  TRUE FALSE FALSE  TRUE FALSE FALSE FALSE  TRUE FALSE FALSE FALSE FALSE FALSE FALSE FALSE FALSE FALSE  TRUE
[115]  TRUE FALSE FALSE FALSE  TRUE FALSE  TRUE  TRUE FALSE FALSE FALSE FALSE FALSE FALSE FALSE FALSE FALSE FALSE  TRUE
[134]  TRUE FALSE  TRUE  TRUE FALSE FALSE FALSE FALSE  TRUE  TRUE FALSE FALSE  TRUE  TRUE  TRUE  TRUE FALSE FALSE FALSE
[153] FALSE FALSE FALSE FALSE FALSE FALSE FALSE FALSE FALSE FALSE FALSE FALSE FALSE FALSE  TRUE FALSE  TRUE  TRUE FALSE
[172] FALSE FALSE FALSE FALSE FALSE FALSE  TRUE FALSE FALSE FALSE  TRUE FALSE  TRUE FALSE  TRUE  TRUE  TRUE FALSE FALSE
[191] FALSE FALSE FALSE FALSE FALSE  TRUE FALSE FALSE  TRUE  TRUE FALSE FALSE FALSE FALSE FALSE FALSE FALSE  TRUE FALSE
[210]  TRUE FALSE FALSE FALSE  TRUE  TRUE  TRUE FALSE FALSE FALSE FALSE  TRUE FALSE  TRUE  TRUE FALSE FALSE  TRUE  TRUE
[229]  TRUE  TRUE FALSE FALSE FALSE FALSE  TRUE FALSE FALSE  TRUE FALSE  TRUE FALSE FALSE FALSE  TRUE FALSE FALSE  TRUE
[248]  TRUE FALSE  TRUE  TRUE  TRUE  TRUE FALSE  TRUE  TRUE  TRUE FALSE  TRUE FALSE  TRUE FALSE  TRUE  TRUE FALSE  TRUE
[267]  TRUE FALSE FALSE FALSE  TRUE  TRUE  TRUE FALSE  TRUE  TRUE FALSE FALSE  TRUE FALSE FALSE FALSE  TRUE  TRUE  TRUE
[286]  TRUE  TRUE FALSE  TRUE FALSE  TRUE FALSE  TRUE FALSE FALSE  TRUE FALSE  TRUE FALSE FALSE  TRUE FALSE  TRUE  TRUE
[305] FALSE FALSE  TRUE  TRUE  TRUE  TRUE  TRUE  TRUE FALSE  TRUE FALSE FALSE FALSE  TRUE FALSE  TRUE  TRUE FALSE  TRUE
[324]  TRUE FALSE  TRUE FALSE  TRUE FALSE FALSE FALSE  TRUE  TRUE  TRUE FALSE  TRUE  TRUE  TRUE FALSE  TRUE  TRUE FALSE
[343] FALSE FALSE  TRUE  TRUE FALSE FALSE  TRUE FALSE  TRUE  TRUE  TRUE FALSE FALSE  TRUE  TRUE  TRUE  TRUE FALSE FALSE
[362] FALSE  TRUE  TRUE  TRUE  TRUE FALSE  TRUE FALSE FALSE  TRUE FALSE  TRUE  TRUE FALSE  TRUE FALSE  TRUE  TRUE FALSE
[381]  TRUE FALSE FALSE  TRUE FALSE FALSE FALSE FALSE  TRUE  TRUE  TRUE  TRUE  TRUE  TRUE  TRUE FALSE  TRUE FALSE FALSE
[400] FALSE  TRUE  TRUE  TRUE  TRUE  TRUE  TRUE  TRUE  TRUE FALSE  TRUE FALSE  TRUE  TRUE  TRUE  TRUE  TRUE  TRUE FALSE
[419]  TRUE  TRUE FALSE FALSE  TRUE  TRUE  TRUE FALSE FALSE  TRUE  TRUE FALSE FALSE FALSE  TRUE FALSE  TRUE FALSE  TRUE
[438]  TRUE  TRUE  TRUE FALSE  TRUE  TRUE  TRUE  TRUE  TRUE  TRUE  TRUE  TRUE FALSE  TRUE  TRUE  TRUE  TRUE FALSE  TRUE
[457]  TRUE FALSE  TRUE  TRUE FALSE FALSE FALSE  TRUE  TRUE  TRUE  TRUE  TRUE  TRUE FALSE  TRUE  TRUE  TRUE  TRUE  TRUE
[476]  TRUE  TRUE FALSE  TRUE  TRUE  TRUE  TRUE FALSE FALSE FALSE FALSE  TRUE  TRUE  TRUE FALSE FALSE  TRUE FALSE FALSE
[495] FALSE FALSE  TRUE  TRUE FALSE  TRUE  TRUE  TRUE FALSE  TRUE  TRUE  TRUE  TRUE  TRUE  TRUE FALSE  TRUE  TRUE FALSE
[514] FALSE FALSE  TRUE  TRUE  TRUE FALSE  TRUE  TRUE  TRUE FALSE FALSE FALSE  TRUE  TRUE  TRUE FALSE FALSE  TRUE  TRUE
[533]  TRUE  TRUE  TRUE  TRUE  TRUE  TRUE  TRUE  TRUE FALSE  TRUE FALSE  TRUE  TRUE FALSE  TRUE FALSE  TRUE  TRUE  TRUE
[552]  TRUE  TRUE FALSE FALSE  TRUE FALSE  TRUE  TRUE  TRUE FALSE  TRUE  TRUE FALSE  TRUE  TRUE FALSE  TRUE  TRUE  TRUE
[571]  TRUE  TRUE  TRUE  TRUE FALSE FALSE  TRUE  TRUE  TRUE  TRUE  TRUE FALSE  TRUE  TRUE FALSE  TRUE FALSE  TRUE  TRUE
[590]  TRUE  TRUE  TRUE FALSE FALSE FALSE FALSE  TRUE  TRUE  TRUE  TRUE  TRUE FALSE FALSE  TRUE  TRUE FALSE FALSE  TRUE
[609] FALSE  TRUE FALSE  TRUE  TRUE  TRUE  TRUE  TRUE  TRUE  TRUE  TRUE  TRUE FALSE FALSE  TRUE FALSE  TRUE FALSE  TRUE
[628]  TRUE  TRUE  TRUE  TRUE  TRUE  TRUE FALSE  TRUE  TRUE FALSE  TRUE  TRUE  TRUE  TRUE  TRUE  TRUE FALSE  TRUE FALSE
[647]  TRUE FALSE  TRUE  TRUE  TRUE  TRUE  TRUE  TRUE  TRUE  TRUE  TRUE FALSE  TRUE FALSE  TRUE  TRUE  TRUE  TRUE  TRUE
[666]  TRUE  TRUE  TRUE  TRUE  TRUE  TRUE  TRUE  TRUE  TRUE  TRUE  TRUE  TRUE FALSE  TRUE  TRUE  TRUE  TRUE  TRUE  TRUE
[685] FALSE  TRUE  TRUE  TRUE  TRUE  TRUE  TRUE  TRUE  TRUE  TRUE  TRUE  TRUE  TRUE  TRUE  TRUE  TRUE  TRUE FALSE  TRUE
[704]  TRUE  TRUE  TRUE FALSE  TRUE  TRUE FALSE  TRUE  TRUE  TRUE  TRUE  TRUE  TRUE FALSE  TRUE  TRUE  TRUE  TRUE FALSE
[723] FALSE  TRUE FALSE  TRUE  TRUE  TRUE  TRUE  TRUE  TRUE FALSE  TRUE  TRUE FALSE  TRUE  TRUE  TRUE  TRUE  TRUE  TRUE
[742]  TRUE  TRUE  TRUE  TRUE  TRUE  TRUE  TRUE  TRUE  TRUE  TRUE  TRUE  TRUE  TRUE  TRUE  TRUE  TRUE FALSE  TRUE  TRUE
[761]  TRUE  TRUE  TRUE  TRUE  TRUE  TRUE  TRUE  TRUE  TRUE  TRUE  TRUE  TRUE  TRUE  TRUE  TRUE  TRUE  TRUE  TRUE  TRUE
[780] FALSE  TRUE  TRUE  TRUE  TRUE  TRUE  TRUE  TRUE  TRUE  TRUE  TRUE  TRUE FALSE FALSE  TRUE  TRUE  TRUE  TRUE  TRUE
[799]  TRUE  TRUE  TRUE  TRUE  TRUE  TRUE  TRUE  TRUE  TRUE  TRUE  TRUE  TRUE  TRUE  TRUE  TRUE  TRUE  TRUE  TRUE  TRUE
[818]  TRUE  TRUE  TRUE  TRUE  TRUE  TRUE  TRUE  TRUE  TRUE  TRUE  TRUE  TRUE FALSE  TRUE  TRUE  TRUE  TRUE  TRUE  TRUE
[837]  TRUE  TRUE  TRUE  TRUE  TRUE  TRUE  TRUE  TRUE  TRUE  TRUE  TRUE

