
Birth-death simulation object with 177 species and 100 extant species

Details for some species:

Extinction times (NA means extant)
[1] 78.32697 55.88288 78.50255 74.61823 28.89280 23.60696


Speciation times 
[1] 97.73944 91.86479 86.04653 89.55425 73.06361 58.40677


Species parents (NA for initial)
[1] NA  1  1  2  2  2


Species status (extinct or extant)
[1] "extinct" "extinct" "extinct" "extinct" "extinct" "extinct"


For more details on vector y, try sim$y, with y one of
TE TS PAR EXTANT



$TE
  [1] 78.3269728 55.8828804 78.5025515 74.6182342 28.8927961 23.6069552 81.0227411 77.1698909 14.5476200 42.5699779
 [11] 40.0921098  3.8714461 18.5485211         NA 23.8302446  2.3145991 37.4836008         NA 23.1948209 20.9234915
 [21]  0.9722777 48.9620581 45.0892909 24.3481414  4.3829429 21.9372475 13.3403838 15.3905691 18.0827908 27.8777379
 [31] 17.0918805  0.6076615 26.5981663         NA 17.7463894 17.9023623  3.8494233         NA  8.8518789 31.6949977
 [41]         NA 16.2322995         NA  6.8509674 16.1087429         NA         NA         NA         NA         NA
 [51]  5.4673181         NA 16.4637431  6.9148689         NA  5.0564596 22.1279927         NA 17.8955449         NA
 [61] 23.0649091 10.8613502         NA         NA  3.7945605         NA         NA         NA         NA         NA
 [71] 10.0179213 21.6888482 16.6620232         NA 20.3401591 13.4304847         NA         NA         NA  9.3394320
 [81]         NA 16.8062531         NA         NA         NA         NA  3.6363688         NA 16.3943377  3.1807198
 [91]  3.3759427         NA  1.2399108         NA         NA         NA         NA  4.7263984  8.2805000         NA
[101] 15.0822639         NA         NA  4.7555774         NA         NA         NA  2.7489956         NA         NA
[111]         NA 10.2870256         NA         NA  5.1041460 12.5408686         NA         NA         NA         NA
[121]         NA         NA         NA 11.0920154  9.8111601  6.4469481         NA         NA         NA         NA
[131]         NA  2.6309966         NA         NA         NA         NA         NA         NA  7.0955839         NA
[141]         NA  4.3245679         NA         NA         NA         NA         NA         NA         NA         NA
[151]  0.1270039         NA         NA         NA         NA         NA         NA  4.0446008         NA  5.0874293
[161]         NA         NA         NA         NA         NA         NA         NA         NA         NA         NA
[171]         NA         NA         NA         NA         NA         NA         NA

$TS
  [1] 97.73943790 91.86478845 86.04652885 89.55425373 73.06361297 58.40677401 81.60589448 77.42619434 53.74805582
 [10] 43.03983617 42.78777062 31.08238836 30.74601261 52.68445648 42.25351586 29.25448538 51.29920892 44.43025745
 [19] 28.57363032 28.25989382 27.10978069 50.49293745 50.32320386 37.42759336 31.89719897 27.03724240 24.84931294
 [28] 22.50958143 44.82517313 41.80036912 46.42387582 32.56213093 28.09332176 27.92183300 18.92083006 18.44250046
 [37]  4.86021564  0.37094583 30.35348109 34.37769705 33.94274353 33.93330699 29.45883431 19.84551765 17.61052213
 [46]  8.83799001  5.07987741  0.05997514 29.05947859 22.48951948 26.09641604 13.87051765 30.83106322 12.32413026
 [55]  6.19614081  6.17008685 26.74808750 22.02082777 21.31079202 17.69027757 24.14912358 20.30962846 19.75012361
 [64] 16.57075861 23.32298602  4.43204518 22.76638421 12.32789107  7.59876522  3.93324639 23.66872198 23.34814725
 [73] 20.30296809 24.08457392 24.70306948 20.23106796 19.80111153 19.08326533 14.75804528 21.46517074 15.28704727
 [82] 19.19663795  7.25898479 20.75937184 17.07605876  0.99013196 19.90324611 16.65546845 20.36899636 11.56665976
 [91]  3.70892290  9.38401250  7.57847705  7.17481758  4.50111237  2.80438612  0.74302306  7.57248719 19.90389506
[100] 17.82641544 17.41348783 17.62482291 16.30001935 15.90431214 13.65541481 19.20022397  4.94765583  4.76756471
[109] 13.74109983  8.39089533  2.42573656 17.25084926 16.36799218 14.46364956 17.81678176 17.18616245 10.17687013
[118]  2.87829217 11.64129418 12.08243269 13.58967192 10.44985968 12.55944971 11.88719610 12.60259722  7.61678589
[127]  7.27175210  4.98264351 14.28844571  7.65155731  1.09776236  9.22952829  5.68255230  1.41128248  6.50423658
[136]  3.24318534 11.57472147  6.77265848 12.54666223  5.32543607 11.07891620  9.81840109  6.59020072  7.82162740
[145]  6.97719324  5.96342051  6.73879164  6.15252583  2.41699680  6.99460202  6.48954848  9.59450821  9.19343463
[154]  0.28375443  6.87272718  3.72348072  7.10734350  5.73386534  3.50439590  5.26208453  2.55800182  5.85849494
[163]  3.19466092  1.61500566  6.37672769  4.77910968  1.22321113  0.06680839  2.60584931  2.06804926  4.17135128
[172]  2.09969189  2.45313690  1.15068685  0.11549997  0.43691529  0.37307562

$PAR
  [1]  NA   1   1   2   2   2   4   4   5   5   5   5   5   6   6   6   9   9   9   9   9  14  14  14  14  14  14  14
 [29]  17  17  23  29  29  29  18  18  18  18  15  24  24  40  41  41  41  41  41  41  42  32  25  25  12  12  12  12
 [57]  53  53  53  53  13  13  39  43  16  16  49  49  49  49  19  34  34  26  51  51  51  51  51  75  74  71  65  67
 [85]  67  67  28  28  50  50  50  58  58  58  58  58  58  84  89  62  62  76  99  99  99  87  87  87  77  77  77 106
[113] 106 106  82  78 100 100 112  85  64  64 113 113 104 104 104  81 114 114 129  52  52  52 109 105 121 121 125 123
[141] 139  68 119 137  90 141 122 122 122 117 117 142 142 152 153 144 130  93  93  98 150 155 155 155 151 148 146 133
[169] 128 128  37  95 159 163 149 170 170

$EXTANT
  [1] FALSE FALSE FALSE FALSE FALSE FALSE FALSE FALSE FALSE FALSE FALSE FALSE FALSE  TRUE FALSE FALSE FALSE  TRUE
 [19] FALSE FALSE FALSE FALSE FALSE FALSE FALSE FALSE FALSE FALSE FALSE FALSE FALSE FALSE FALSE  TRUE FALSE FALSE
 [37] FALSE  TRUE FALSE FALSE  TRUE FALSE  TRUE FALSE FALSE  TRUE  TRUE  TRUE  TRUE  TRUE FALSE  TRUE FALSE FALSE
 [55]  TRUE FALSE FALSE  TRUE FALSE  TRUE FALSE FALSE  TRUE  TRUE FALSE  TRUE  TRUE  TRUE  TRUE  TRUE FALSE FALSE
 [73] FALSE  TRUE FALSE FALSE  TRUE  TRUE  TRUE FALSE  TRUE FALSE  TRUE  TRUE  TRUE  TRUE FALSE  TRUE FALSE FALSE
 [91] FALSE  TRUE FALSE  TRUE  TRUE  TRUE  TRUE FALSE FALSE  TRUE FALSE  TRUE  TRUE FALSE  TRUE  TRUE  TRUE FALSE
[109]  TRUE  TRUE  TRUE FALSE  TRUE  TRUE FALSE FALSE  TRUE  TRUE  TRUE  TRUE  TRUE  TRUE  TRUE FALSE FALSE FALSE
[127]  TRUE  TRUE  TRUE  TRUE  TRUE FALSE  TRUE  TRUE  TRUE  TRUE  TRUE  TRUE FALSE  TRUE  TRUE FALSE  TRUE  TRUE
[145]  TRUE  TRUE  TRUE  TRUE  TRUE  TRUE FALSE  TRUE  TRUE  TRUE  TRUE  TRUE  TRUE FALSE  TRUE FALSE  TRUE  TRUE
[163]  TRUE  TRUE  TRUE  TRUE  TRUE  TRUE  TRUE  TRUE  TRUE  TRUE  TRUE  TRUE  TRUE  TRUE  TRUE

