
Birth-death simulation object with 195 species and 100 extant species

Details for some species:

Extinction times (NA means extant)
[1] 57.77338 75.48516 56.70652 58.04870 16.39625 48.46173


Speciation times 
[1] 83.75982 81.77256 70.69631 61.25422 66.40613 65.75611


Species parents (NA for initial)
[1] NA  1  1  1  3  3


Species status (extinct or extant)
[1] "extinct" "extinct" "extinct" "extinct" "extinct" "extinct"


For more details on vector y, try sim$y, with y one of
TE TS PAR EXTANT



$TE
  [1] 57.7733845 75.4851617 56.7065213 58.0486983 16.3962501 48.4617314 41.9228461 47.0873738 12.5784116 30.9803873
 [11]  7.6053544         NA         NA 59.3900140 49.1374811  9.8547265 48.2600394 58.1124242 42.4962327         NA
 [21] 37.8851086 45.7067011 37.4089526 17.0419616  8.8299991         NA         NA 16.0953292 38.3455524         NA
 [31]  8.2745918 15.3666879         NA 43.0448888 42.5484346 36.3315445 20.8353040 38.0445058         NA 22.4742520
 [41]         NA 13.8631092 15.3128756         NA         NA 16.5116326 23.1901698 42.0923942  3.4104290 21.7369150
 [51]  2.8442384         NA  0.9522042  1.7262431 37.9402551 36.3802602 22.7286268         NA 10.9721848  0.7493524
 [61] 16.4655818 12.1196173         NA 20.2204506 19.2585958         NA         NA         NA 29.6585915         NA
 [71] 16.4404499         NA         NA  9.4106907 15.9308713 20.1878688 28.8311205         NA  4.1196669         NA
 [81]         NA         NA         NA         NA  8.8085999         NA         NA 11.3011706  7.2664808  1.9676087
 [91]         NA         NA  7.1298294 11.1880353 11.1376812         NA         NA         NA  2.7051870 10.9784912
[101]  4.1354995         NA 15.9221890 11.4113059         NA         NA         NA         NA 11.1690448  1.5690488
[111]         NA         NA         NA  0.6102225         NA         NA         NA         NA         NA 17.2157436
[121]         NA         NA         NA         NA 14.6934018  7.6282319         NA         NA  7.9605738 12.8191726
[131]         NA 11.6760647  7.3637772 13.3078706  7.9186962         NA         NA         NA  5.7226068         NA
[141]         NA         NA         NA  6.6457559         NA         NA  8.3084831         NA  0.5137731         NA
[151]  5.7013324         NA  9.4474742         NA         NA         NA         NA  3.2736274         NA         NA
[161]         NA         NA  4.2476045         NA         NA         NA         NA  8.0272365  1.8021877         NA
[171]  5.7398012         NA  4.9723859         NA         NA         NA         NA         NA  2.5958526         NA
[181]         NA         NA         NA         NA         NA         NA         NA         NA         NA         NA
[191]         NA         NA         NA         NA         NA

$TS
  [1] 83.7598200 81.7725626 70.6963130 61.2542231 66.4061305 65.7561112 62.0051823 59.6452083 47.9769205 40.1041649
 [11] 34.9775890 31.6087018 30.1667664 59.8902147 59.0707657 49.1298272 49.0224717 60.1920981 52.7767384 55.9817330
 [21] 47.5662992 49.0787651 42.5132883 33.8433884 17.3592359  6.7063704 46.1141609 42.8372181 46.9368536 39.9973838
 [31] 13.2594099 28.5390993 19.9194288 44.8125697 44.7881976 38.1696038 45.3704329 44.1877639 44.7568428 35.1348942
 [41] 25.4021384 20.3777707 19.4932082 13.6997305  2.4326423 34.3307125 24.4818892 43.3399785 44.5793921 27.1959931
 [51] 21.3566950 19.8830736  9.3392169 41.2941210 40.1941384 41.1293263 36.6288956 25.9254576 40.7945536 20.1676630
 [61] 17.9697230 17.1642756 28.0533979 29.2972794 24.4125265 10.0561702  9.9670849  1.2187089 32.6260874 27.4780637
 [71] 24.5141045 23.4899323 18.4351343 20.8844519 26.5813950 30.4719646 31.0179391 14.9901599  7.6905136  3.0506063
 [81] 10.2341513 21.7724192 20.9437255 25.7775349 18.0345705 27.7976999 24.9147620 14.3621530  8.0512978 16.7148933
 [91] 14.2203737 10.1447122  8.7844833 21.2241685 16.1391839  6.3645433 21.8576615 16.6806272  4.2092079 24.2548949
[101] 18.7146367 10.8581129 24.8013477 16.7728478  6.9421179  4.7709842  1.9234321 20.0295560 17.7001033  5.9099023
[111]  0.9506132 21.3685287 10.9432509  3.5760143 21.7492025  7.1283920  3.1419132  2.7901088 16.2073901 19.8677870
[121] 11.1442098  3.0018698 10.5461081  4.5191041 19.0007244 12.9045598  9.2984939 18.4922397 16.9107057 15.0988083
[131]  5.9227995 15.6107743 14.7040044 14.0403539  9.0685976  5.0413397  3.7050755  1.2857454 10.8136668 13.6993245
[141]  0.1176697  0.0152926 14.1873942  7.8404905 11.4219419 16.9628069 13.7622205 12.3188298 14.4923607 10.0132163
[151]  7.0726255 14.7838379 12.5925409  2.6839352  2.0511408  8.6582512  6.9528744  3.7296653  8.0949295  4.3625810
[161]  4.0388315  5.6935750  4.7840194  4.3245603  2.8557597  2.2488216 12.9720278  9.5000819  2.9349588  3.1285593
[171]  9.2303809  6.1113668  6.5061993  3.8729563  9.3360353  0.8480233  4.9835511  8.7666288  4.0815624  2.9706042
[181]  2.3836236  2.4249682  6.6429345  6.5591680  2.3672818  4.4126650  0.1770691  1.9086383  4.0732157  1.7986431
[191]  3.6775554  3.8316832  0.6001021  0.5039370  0.1765664

$PAR
  [1]  NA   1   1   1   3   3   5   5   5   5   5   5   5   6   6   6   6   7   7   8   8  20  20  20  20  20  19  19
 [29]  16  16  16   9   9  21  21  21  29  29  27  27  27  27  27  27  27  37  37  35  39  39  39  39  39  49  49  38
 [57]  28  28  54  54  54  54  59  30  30  30  30  30  57  57  57  40  11  46  24  69  12  12  12  12  13  64  64  32
 [85]  32  63  63  63  63  86  86  86  86  70  70  70  50  58  58  84  84  84  41  41  41  41  87  65  72  72  72  97
[113]  97  97  82  82  82  82 115  51  51  51  83  83  74  74  60 108 108 108 108  33  33  33  33  33  33  33  52 101
[141] 128 128  73  73  85  61 109 146  98  98  98 119 119 119 119  78  78  78 152 149 149 143 143 143  44 140  31 148
[169] 148 145 121 113  81  81  92  67  53 175 175 127 178 156 159 159 157 131 131 136 106 124 164 179  80 155 107

$EXTANT
  [1] FALSE FALSE FALSE FALSE FALSE FALSE FALSE FALSE FALSE FALSE FALSE  TRUE  TRUE FALSE FALSE FALSE FALSE FALSE
 [19] FALSE  TRUE FALSE FALSE FALSE FALSE FALSE  TRUE  TRUE FALSE FALSE  TRUE FALSE FALSE  TRUE FALSE FALSE FALSE
 [37] FALSE FALSE  TRUE FALSE  TRUE FALSE FALSE  TRUE  TRUE FALSE FALSE FALSE FALSE FALSE FALSE  TRUE FALSE FALSE
 [55] FALSE FALSE FALSE  TRUE FALSE FALSE FALSE FALSE  TRUE FALSE FALSE  TRUE  TRUE  TRUE FALSE  TRUE FALSE  TRUE
 [73]  TRUE FALSE FALSE FALSE FALSE  TRUE FALSE  TRUE  TRUE  TRUE  TRUE  TRUE FALSE  TRUE  TRUE FALSE FALSE FALSE
 [91]  TRUE  TRUE FALSE FALSE FALSE  TRUE  TRUE  TRUE FALSE FALSE FALSE  TRUE FALSE FALSE  TRUE  TRUE  TRUE  TRUE
[109] FALSE FALSE  TRUE  TRUE  TRUE FALSE  TRUE  TRUE  TRUE  TRUE  TRUE FALSE  TRUE  TRUE  TRUE  TRUE FALSE FALSE
[127]  TRUE  TRUE FALSE FALSE  TRUE FALSE FALSE FALSE FALSE  TRUE  TRUE  TRUE FALSE  TRUE  TRUE  TRUE  TRUE FALSE
[145]  TRUE  TRUE FALSE  TRUE FALSE  TRUE FALSE  TRUE FALSE  TRUE  TRUE  TRUE  TRUE FALSE  TRUE  TRUE  TRUE  TRUE
[163] FALSE  TRUE  TRUE  TRUE  TRUE FALSE FALSE  TRUE FALSE  TRUE FALSE  TRUE  TRUE  TRUE  TRUE  TRUE FALSE  TRUE
[181]  TRUE  TRUE  TRUE  TRUE  TRUE  TRUE  TRUE  TRUE  TRUE  TRUE  TRUE  TRUE  TRUE  TRUE  TRUE

