
Birth-death simulation object with 818 species and 500 extant species

Details for some species:

Extinction times (NA means extant)
[1] 106.417308  88.175108  48.509235  84.186690  20.893685   9.328892


Speciation times 
[1] 125.32052 108.11884  99.24950  95.93862  95.81442  70.93602


Species parents (NA for initial)
[1] NA  1  2  2  3  3


Species status (extinct or extant)
[1] "extinct" "extinct" "extinct" "extinct" "extinct" "extinct"


For more details on vector y, try sim$y, with y one of
TE TS PAR EXTANT



$TE
  [1] 106.41730798  88.17510769  48.50923511  84.18668964  20.89368461   9.32889232   1.12151753  88.91940791
  [9]  64.52066456  81.23515610  90.76606483  44.33517829  67.81709712  45.31428931           NA  26.38294337
 [17]           NA  52.48237413  55.86350737  67.31853391  39.09784111           NA  31.24073755  35.71353635
 [25]  55.48916064  76.48598761  27.58961670  56.35357905  41.89344798  62.40852384  36.73543033  52.98775106
 [33]  52.35513995  17.95377908  44.98741196  24.72398925  47.80059196  12.61044326   0.76880834  54.97295492
 [41]  30.38112592  12.59010241  13.87128402           NA  28.59237557   6.87533983  53.88431865  40.29511841
 [49]  21.67623177  17.02933255  46.48377645  30.16131932  32.27530119           NA           NA  42.82691433
 [57]  18.56274795           NA           NA           NA   4.13936121  55.72687522  30.67641236  36.53780608
 [65]   4.78400846           NA  12.96870436   3.98466284           NA           NA  11.12326710  53.54015880
 [73]  40.12377794   4.69215738           NA  36.77664400  37.14208419  55.59829740  55.43607557  28.33381291
 [81]  20.09810330  46.24111704           NA  34.64670369  43.62065907  13.05682684  32.68992916           NA
 [89]  18.47336008  43.11535541  14.95099015           NA  12.40413541  33.71386160   9.82996021           NA
 [97]  18.60424328   9.63741260  11.93363311   2.37252925  18.10600863  10.25341093   5.45525540  21.07525574
[105]  44.60907609  42.62686941  44.84001705  14.14043175  25.71893963  31.32281914           NA  28.76847093
[113]  26.58644815           NA           NA   8.64593886           NA           NA  43.85168471  27.16680542
[121]  38.39325143  46.62736593  38.09537030  24.45928536  38.72512931  30.13233192  47.49415639   5.82265375
[129]  29.48477448  15.69185476           NA           NA  32.57396175           NA           NA  37.82784463
[137]           NA  29.24511331  10.90308483  18.96021106           NA   1.49110799           NA   4.62704543
[145]           NA           NA  38.59910453  31.66919853  44.16040409           NA           NA           NA
[153]  39.75627279           NA  15.87859526           NA   7.58329665           NA  29.08508981  35.38723924
[161]  31.18628373  24.48204443           NA  11.80778297  24.28926084  22.15484165  20.74771979  22.46305064
[169]   2.95719795   3.13669258   7.87460978           NA  12.67961315           NA   1.86895339  18.61625451
[177]  27.54893188  38.06119507  17.58519739   7.87375068           NA  21.92007270  39.03198888  15.10425694
[185]  11.70324659           NA  37.52221909  20.53678091  18.71874312  11.71370010           NA   5.26749866
[193]  10.94192360   0.38491963           NA           NA           NA           NA  17.51624591           NA
[201]  14.04012812  20.15857961  13.73930689  12.49725724           NA           NA  25.25708730  20.28409037
[209]  15.55775403  33.38468013           NA           NA           NA   5.93958450  11.31256249           NA
[217]   0.52461772   7.94031774           NA   2.34499572           NA           NA  25.97302844  10.51158704
[225]  16.66860348  26.58387465   1.09049489           NA           NA           NA  21.57167736   6.60690639
[233]           NA           NA           NA  18.48829792           NA           NA  29.05937383           NA
[241]           NA           NA  10.94637186   9.42413814  19.61065065   6.79184389           NA           NA
[249]           NA   2.01033273           NA           NA   4.42878885           NA  14.54223679   4.14291345
[257]   9.99310032  19.62520051  15.56910443   8.82808968           NA   1.00288261           NA  14.93149614
[265]           NA           NA  13.26281566           NA           NA           NA           NA           NA
[273]   9.48116886   8.88331263  16.57654156   9.52274891           NA           NA           NA  11.09071579
[281]           NA   3.41881605  16.23557474           NA           NA   8.37855590           NA           NA
[289]           NA           NA           NA  19.50494831           NA           NA           NA           NA
[297]           NA   2.26240659  10.45116907   0.23424273  21.83016963   8.39362896           NA  20.79990374
[305]  13.59600841  17.65411682           NA  11.42675943           NA  16.17636018           NA   1.90401387
[313]  12.46198074           NA           NA           NA  19.20010534           NA  24.39213675   5.32619126
[321]  16.47454900           NA  17.04426385           NA   3.06458294  13.15512076   0.08906425  10.77934588
[329]           NA  18.08875879           NA           NA  10.42599377   7.08228543           NA  16.40457020
[337]           NA  10.07466169           NA           NA           NA           NA           NA   5.95340122
[345]           NA   4.56883062  10.33357839           NA           NA           NA           NA           NA
[353]  15.49957644           NA   2.48982735  11.04954001           NA           NA           NA           NA
[361]   0.18401429  12.73723674           NA           NA           NA           NA           NA           NA
[369]  18.12011235           NA           NA  15.51458805           NA           NA           NA           NA
[377]           NA           NA           NA           NA  12.05644024  13.53185469  16.74761559           NA
[385]           NA   5.77244047   8.15854313   5.68736578           NA  16.48727092   5.41569114           NA
[393]   0.14122903  12.67672465   5.29790715           NA           NA           NA           NA           NA
[401]           NA           NA           NA   9.35995167   1.35644761           NA           NA           NA
[409]   3.31348941   8.31943131           NA           NA           NA   0.85319410           NA           NA
[417]           NA   4.41036455           NA  13.96605438           NA   5.68721883           NA           NA
[425]           NA           NA           NA  14.88438364           NA           NA   5.10205487           NA
[433]           NA           NA           NA   3.59486896           NA   2.55027417           NA           NA
[441]  11.77195243   3.00068016           NA           NA           NA           NA           NA           NA
[449]   8.85229767           NA   1.33068239  11.27179762   4.02397869           NA           NA           NA
[457]           NA  16.65767225   3.54122040           NA           NA           NA  16.70943997           NA
[465]           NA           NA           NA           NA           NA           NA           NA           NA
[473]           NA  11.90863856   7.90481476           NA   4.53708786   3.65878792           NA  11.51740024
[481]   9.91033774           NA   7.62813719           NA  16.18020339           NA           NA   2.39676616
[489]           NA           NA           NA           NA           NA           NA   2.83237038   4.07478743
[497]           NA           NA           NA  11.80115301           NA   5.25375484           NA           NA
[505]           NA           NA           NA  10.80767024           NA           NA           NA           NA
[513]           NA           NA           NA           NA   9.23904865           NA  10.63763767           NA
[521]           NA           NA           NA           NA           NA   0.82416203   2.02037459   6.45495417
[529]           NA  10.77295933           NA   5.70487266           NA  11.33668090           NA           NA
[537]   4.13216055           NA           NA           NA           NA           NA           NA           NA
[545]           NA           NA           NA           NA           NA           NA           NA           NA
[553]           NA           NA           NA           NA   7.23212021           NA           NA   0.75492233
[561]           NA   7.72655907   5.62716058           NA           NA           NA   8.68274973           NA
[569]           NA           NA           NA           NA           NA           NA           NA           NA
[577]           NA   1.08276517           NA           NA           NA           NA   8.22698105           NA
[585]           NA           NA           NA           NA           NA           NA           NA   5.51664317
[593]           NA           NA           NA           NA           NA           NA           NA           NA
[601]           NA           NA           NA           NA           NA           NA   4.06813056           NA
[609]           NA           NA           NA           NA           NA           NA           NA   6.48587124
[617]           NA           NA   6.19345431   4.43352234           NA           NA           NA           NA
[625]           NA           NA   0.41484999           NA           NA           NA           NA           NA
[633]           NA           NA           NA           NA  10.10859436           NA           NA           NA
[641]           NA   0.28376481           NA           NA   0.12821939           NA           NA           NA
[649]           NA   3.24868953           NA           NA           NA           NA           NA           NA
[657]   2.32311788           NA   1.76729979   1.29723097           NA           NA           NA           NA
[665]           NA           NA           NA           NA           NA           NA           NA           NA
[673]           NA           NA           NA           NA           NA           NA           NA   4.26321107
[681]           NA           NA           NA           NA           NA           NA           NA           NA
[689]           NA           NA           NA           NA           NA           NA           NA           NA
[697]           NA           NA           NA           NA           NA           NA           NA           NA
[705]           NA           NA           NA           NA           NA           NA           NA   0.56157513
[713]   4.05198188           NA           NA           NA           NA   0.79696223           NA           NA
[721]           NA           NA   1.70838450   0.31164028   5.09151089           NA           NA           NA
[729]           NA           NA           NA           NA           NA           NA   4.35320948           NA
[737]           NA           NA           NA           NA           NA           NA           NA           NA
[745]           NA           NA           NA           NA           NA           NA           NA   3.07189435
[753]           NA           NA           NA           NA           NA           NA           NA           NA
[761]           NA           NA           NA           NA           NA           NA           NA           NA
[769]           NA           NA           NA           NA           NA           NA           NA           NA
[777]           NA           NA           NA           NA           NA           NA           NA           NA
[785]           NA           NA           NA           NA           NA           NA           NA           NA
[793]           NA           NA           NA           NA           NA           NA           NA           NA
[801]           NA           NA           NA           NA           NA           NA           NA           NA
[809]           NA           NA           NA           NA           NA           NA           NA           NA
[817]           NA           NA

$TS
  [1] 1.253205e+02 1.081188e+02 9.924950e+01 9.593862e+01 9.581442e+01 7.093602e+01 5.907680e+01 9.108861e+01
  [9] 8.761886e+01 9.550482e+01 9.209501e+01 8.640416e+01 7.202627e+01 6.028311e+01 5.079009e+01 3.557072e+01
 [17] 2.614596e+01 7.862543e+01 8.577536e+01 7.577798e+01 6.758409e+01 6.554582e+01 4.946494e+01 4.528766e+01
 [25] 8.099608e+01 7.806218e+01 7.376830e+01 7.205933e+01 6.946904e+01 6.247023e+01 5.721818e+01 5.412373e+01
 [33] 5.409486e+01 5.388707e+01 5.378665e+01 5.348462e+01 6.211730e+01 5.739041e+01 5.897019e+01 6.054256e+01
 [41] 4.712503e+01 4.384975e+01 3.456829e+01 3.172156e+01 3.025390e+01 6.325882e+01 6.314913e+01 6.178945e+01
 [49] 5.655334e+01 6.110328e+01 5.563445e+01 4.218403e+01 4.091715e+01 5.658878e+01 4.968717e+01 4.342377e+01
 [57] 2.220724e+01 1.301746e+01 9.762653e+00 8.146661e+00 6.154340e+01 5.719214e+01 5.319356e+01 4.794950e+01
 [65] 4.050561e+01 2.930657e+01 2.225416e+01 1.821285e+01 1.665235e+01 1.432275e+01 1.351026e+01 5.577874e+01
 [73] 5.177026e+01 6.142849e+01 5.817404e+01 4.408559e+01 4.197783e+01 5.828331e+01 5.571446e+01 4.039718e+01
 [81] 3.825269e+01 4.817125e+01 2.566634e+01 5.159142e+01 4.755800e+01 4.093214e+01 4.063103e+01 2.944927e+01
 [89] 2.573175e+01 5.244878e+01 2.399050e+01 5.164849e+01 4.636304e+01 3.925257e+01 3.745827e+01 3.569717e+01
 [97] 2.088594e+01 2.235997e+01 3.698967e+01 3.145680e+01 2.633462e+01 1.967959e+01 1.695867e+01 5.671047e+01
[105] 4.678560e+01 4.677457e+01 4.592533e+01 4.144380e+01 3.594953e+01 5.083391e+01 4.536251e+01 3.922282e+01
[113] 3.696450e+01 2.145831e+01 1.800169e+01 1.725595e+01 1.572142e+01 3.284169e+00 4.479412e+01 3.920585e+01
[121] 4.979675e+01 4.846537e+01 4.312626e+01 3.621185e+01 4.847605e+01 4.048021e+01 4.904918e+01 1.638569e+01
[129] 4.704800e+01 3.950927e+01 4.170097e+01 3.459554e+01 4.809288e+01 1.956903e+01 1.034453e+01 3.929190e+01
[137] 3.997820e+01 3.553463e+01 2.717953e+01 2.628014e+01 2.477130e+01 2.443999e+01 8.807189e+00 8.790080e+00
[145] 2.776671e+00 3.867901e+01 4.485165e+01 3.383297e+01 4.589737e+01 3.657166e+01 4.664208e+01 9.803738e+00
[153] 4.350908e+01 2.492443e+01 1.816896e+01 3.080462e+01 2.413816e+01 2.268416e+01 4.256420e+01 4.233703e+01
[161] 4.200220e+01 4.238798e+01 1.963032e+01 1.488555e+01 3.849744e+01 3.738797e+01 4.090227e+01 3.564412e+01
[169] 3.050911e+01 4.053713e+01 2.524966e+01 2.376259e+01 1.861832e+01 1.203778e+01 1.023335e+01 3.580566e+01
[177] 2.853201e+01 3.892186e+01 3.296006e+01 1.552476e+01 4.070376e+01 2.200052e+01 4.027935e+01 2.293020e+01
[185] 1.744132e+01 9.828913e+00 3.872277e+01 2.478918e+01 2.205348e+01 1.905903e+01 7.973788e+00 3.079896e+01
[193] 3.295179e+01 1.190389e+01 9.489480e+00 7.327726e+00 3.806699e+01 2.143666e+01 2.318617e+01 1.674682e+01
[201] 3.058276e+01 2.667493e+01 3.562944e+01 1.924456e+01 1.839347e+01 6.049366e+00 3.206128e+01 2.651360e+01
[209] 2.393327e+01 3.348070e+01 3.627903e+01 3.366382e+01 2.860862e+01 1.924001e+01 1.733951e+01 2.548417e+01
[217] 2.462553e+01 9.448771e+00 9.163540e+00 5.700069e+00 6.524714e-03 2.658040e+01 2.705256e+01 2.236301e+01
[225] 3.481732e+01 3.453160e+01 2.233793e+01 2.151857e+01 1.879376e+01 4.439683e+00 3.366416e+01 3.085848e+01
[233] 2.978973e+01 3.052871e+01 1.893419e+01 3.047638e+01 6.388636e+00 5.311544e+00 2.974590e+01 2.855966e+01
[241] 2.760548e+01 2.534433e+01 1.718025e+01 3.376333e+01 2.402202e+01 1.719358e+01 2.876071e+01 1.709953e+01
[249] 1.292442e+01 1.084028e+01 6.484648e+00 1.069257e-01 3.244778e+01 2.717545e+01 2.321263e+01 1.554898e+01
[257] 1.297223e+01 2.604772e+01 1.678750e+01 3.162885e+01 2.382584e+01 1.446385e+01 1.630759e+00 2.389046e+01
[265] 2.132827e+01 1.485681e+01 2.666596e+01 2.655677e+01 8.751751e+00 5.451941e+00 4.114788e+00 6.094592e-01
[273] 3.047799e+01 1.218855e+01 2.999259e+01 2.924986e+01 2.028126e+01 2.331094e+01 2.276979e+01 1.400721e+01
[281] 4.679343e+00 9.734617e+00 2.115149e+01 1.963367e+01 5.889570e+00 8.719435e+00 4.743698e+00 1.743827e+01
[289] 5.755419e+00 2.277371e+01 2.191179e+01 2.164616e+01 1.897618e+01 1.264217e+01 9.697665e+00 3.647423e+00
[297] 2.340495e+00 2.852096e+01 1.168010e+01 6.165670e+00 2.798678e+01 1.361129e+01 5.110850e+00 2.532330e+01
[305] 1.895414e+01 1.842321e+01 1.253652e+01 2.236356e+01 1.334395e+01 1.965362e+01 9.539965e+00 5.774518e+00
[313] 1.345543e+01 2.651859e+00 2.316916e+01 2.005370e+01 1.988202e+01 1.567274e+01 2.487616e+01 2.446831e+01
[321] 2.158672e+01 7.511801e-01 1.866415e+01 2.535205e+01 3.481169e+00 2.521486e+01 2.000724e+01 1.554850e+01
[329] 1.099869e+01 2.010839e+01 1.792148e+01 1.691033e+00 1.367145e+01 1.028702e+01 1.744083e+01 1.650131e+01
[337] 1.807105e+01 1.031321e+01 7.444375e+00 7.407867e+00 2.169924e+00 1.475527e+00 2.187724e+01 1.916647e+01
[345] 1.608673e+01 1.271457e+01 1.110199e+01 1.024330e+01 2.436181e+01 2.420613e+01 1.247897e+01 8.310801e+00
[353] 2.009322e+01 1.985648e+01 1.649069e+01 1.374368e+01 2.486228e+00 2.242247e+00 1.417561e+00 1.624684e+01
[361] 8.638789e+00 2.390843e+01 2.374380e+01 1.665626e+01 1.237812e+01 2.040956e+01 1.971196e+01 1.890990e+01
[369] 2.192241e+01 1.594808e+01 1.895456e+01 1.881508e+01 2.297620e+01 1.532699e+01 9.501328e+00 5.851419e+00
[377] 2.140676e+01 8.584702e+00 4.340636e+00 3.216383e-01 2.131288e+01 1.667019e+01 1.811925e+01 1.564207e+01
[385] 1.445568e+01 1.374445e+01 1.274063e+01 8.848260e+00 1.837708e-01 1.914377e+01 1.805556e+01 1.332366e+01
[393] 1.495485e+00 2.145816e+01 1.295647e+01 1.004518e+01 1.189326e+00 2.031835e+01 1.497634e+01 1.072480e+01
[401] 1.777738e+01 1.441575e+01 1.925082e+01 1.881267e+01 1.962345e+01 2.093796e+01 1.006683e+01 2.130438e+01
[409] 1.353478e+01 1.225349e+01 1.195722e+01 3.741747e+00 1.521593e+01 9.441946e+00 1.413715e+01 1.284615e+01
[417] 7.683175e+00 6.206398e+00 1.958342e+01 1.660962e+01 6.604088e+00 2.055099e+01 9.266913e+00 9.285760e-02
[425] 1.689093e+01 1.220258e+01 1.807542e+01 1.684412e+01 8.388247e+00 2.001721e+01 1.676764e+01 1.766196e+01
[433] 1.546667e+01 7.191782e+00 1.942530e+01 1.433330e+01 7.051412e+00 1.918473e+01 1.585789e+01 6.269994e+00
[441] 1.969021e+01 1.399622e+01 1.264469e+01 8.130067e+00 7.277586e+00 3.730306e+00 1.225575e+01 8.371485e-02
[449] 1.482682e+01 1.719200e+01 1.400413e+01 1.368745e+01 1.637062e+01 1.895145e+01 9.669224e+00 1.584384e+01
[457] 1.196484e+01 1.903440e+01 4.624246e+00 1.943057e+00 1.906910e+01 5.984037e+00 1.864252e+01 8.580818e+00
[465] 1.546262e+01 1.044470e+01 3.920442e+00 6.822302e+00 1.306696e+01 1.127545e+01 1.364900e+01 1.720730e+01
[473] 7.747405e+00 1.270711e+01 1.734250e+01 1.287773e+01 9.059737e+00 8.746683e+00 4.060430e+00 1.512391e+01
[481] 1.399755e+01 6.958431e+00 1.004211e+01 5.259780e-01 1.673548e+01 1.753662e+01 1.457636e+01 1.559404e+01
[489] 4.220598e+00 4.176733e+00 8.529247e-01 3.178750e-01 1.621511e+01 8.941969e+00 6.021872e+00 1.553142e+01
[497] 1.473201e+01 1.057151e+01 8.774580e+00 1.221423e+01 5.639576e+00 8.913310e+00 9.657329e+00 4.871955e-01
[505] 7.368288e+00 1.725866e+01 1.519523e+01 1.169109e+01 1.668901e+01 7.180539e+00 3.685288e+00 1.297544e+01
[513] 1.715924e+01 1.057406e+01 1.036175e+01 7.632930e+00 1.247106e+01 2.792006e+00 1.103805e+01 1.603431e+01
[521] 1.532460e+00 1.499326e+01 7.169479e+00 1.197742e+01 7.744686e+00 1.149240e+01 3.248035e+00 7.699722e+00
[529] 6.676994e+00 1.175703e+01 1.789431e+00 6.131685e+00 1.425751e+01 1.394010e+01 1.373452e+01 1.172736e+01
[537] 1.271496e+01 1.189442e+01 6.232268e+00 1.797411e+00 1.168197e+01 5.033238e+00 4.686293e+00 9.557875e-01
[545] 1.405940e+01 1.328245e+01 5.690484e+00 1.125491e+01 2.626921e+00 1.201959e+01 8.264972e+00 1.177943e+01
[553] 1.099299e+01 1.475122e+01 5.291134e+00 4.039411e+00 8.615655e+00 1.010110e+01 1.214569e+01 3.201603e+00
[561] 1.449995e+01 1.314772e+01 7.893346e+00 2.633045e+00 6.470534e+00 1.310204e+01 8.755786e+00 2.651898e+00
[569] 2.191921e-01 9.586980e+00 3.293918e+00 1.263547e+01 7.714882e+00 5.987097e+00 5.385292e+00 4.634122e+00
[577] 9.136437e+00 4.322988e+00 2.197442e+00 1.224607e+01 8.684269e+00 5.969465e+00 9.639123e+00 4.756320e+00
[585] 3.763505e+00 2.136561e+00 1.384313e+01 1.173636e+01 7.688166e+00 6.828027e+00 3.014310e+00 1.232072e+01
[593] 1.148746e+01 3.046022e+00 2.002101e+00 1.243048e+01 1.270829e+01 1.214077e+01 1.182552e+01 1.609564e+00
[601] 7.720041e+00 7.916878e+00 7.464066e+00 4.901361e+00 3.869660e-01 1.149187e+01 4.342993e+00 1.261063e+00
[609] 8.660071e+00 8.288949e+00 1.105264e+00 9.320686e+00 6.596679e+00 8.928028e+00 2.262351e+00 1.011927e+01
[617] 9.209665e+00 7.162065e+00 7.360021e+00 4.972802e+00 3.305825e+00 2.651316e+00 4.166511e+00 6.619639e+00
[625] 6.848560e+00 5.956565e+00 4.329386e+00 3.086523e+00 5.566908e-01 1.136587e+01 9.145206e+00 3.419173e+00
[633] 9.142411e-01 6.542468e+00 6.132558e+00 1.901996e+00 1.095348e+01 1.052587e+01 2.719138e+00 6.645348e-02
[641] 3.536932e+00 3.367979e+00 3.728716e+00 8.576838e+00 7.640112e+00 5.665539e+00 3.467043e+00 2.878465e+00
[649] 2.854275e+00 9.913279e+00 3.133054e+00 4.880695e+00 5.317137e+00 6.365845e+00 7.682414e+00 4.669637e+00
[657] 4.071837e+00 1.049859e+01 8.886353e+00 7.175431e+00 9.472873e+00 2.564806e+00 5.751512e+00 9.364646e+00
[665] 6.412934e+00 5.947383e+00 7.583699e+00 6.987256e+00 1.027023e+01 9.803500e+00 6.911348e+00 8.865562e+00
[673] 1.007388e+01 1.000636e+01 8.228961e+00 8.951671e+00 8.137578e+00 7.737989e+00 7.029664e+00 5.920009e+00
[681] 5.090081e+00 2.341989e+00 3.028671e+00 9.517811e-01 8.150927e+00 3.395382e+00 7.599632e+00 5.979333e+00
[689] 5.753399e+00 8.131475e+00 5.020504e+00 3.984042e+00 3.290679e+00 7.039219e+00 5.603467e+00 5.555888e+00
[697] 7.033992e+00 8.809450e-01 4.787530e-02 5.102106e+00 3.048012e+00 4.978656e+00 1.532303e+00 2.889275e+00
[705] 2.764062e+00 3.186181e-01 5.738295e+00 3.474076e+00 3.409609e+00 6.114003e+00 3.969429e+00 5.629857e+00
[713] 4.383772e+00 3.664111e+00 3.643225e+00 2.737156e-01 4.586518e+00 4.017997e+00 1.461056e+00 2.645874e+00
[721] 2.167669e+00 4.438021e-02 3.489604e+00 1.309933e+00 5.498843e+00 2.221876e+00 2.923024e+00 4.796505e+00
[729] 5.026001e+00 2.715443e-01 3.343535e+00 2.157179e+00 2.962166e+00 5.833149e+00 4.439761e+00 4.041822e+00
[737] 1.454909e+00 6.951063e+00 2.778320e+00 5.645407e+00 7.151754e-01 2.153089e+00 4.666466e+00 6.107763e+00
[745] 3.696260e+00 4.415889e+00 5.059942e+00 2.319499e+00 2.240705e+00 6.382750e-01 5.992173e+00 4.156693e+00
[753] 2.439352e+00 3.154693e+00 4.879331e+00 1.039948e+00 4.025257e+00 5.656682e+00 2.985273e-01 2.148851e-01
[761] 3.676596e+00 2.489918e+00 3.996973e+00 2.605251e+00 5.404612e+00 4.073493e+00 2.995658e-02 3.723871e+00
[769] 2.820209e+00 2.680875e+00 3.281975e+00 3.413794e+00 4.709140e-01 2.628028e+00 2.113512e+00 2.495437e+00
[777] 3.352278e+00 1.749469e+00 1.220635e-01 2.894581e+00 4.020875e-01 3.975083e-01 1.427046e+00 9.408537e-01
[785] 7.141893e-01 4.505220e-01 6.305583e-01 2.815676e+00 4.875008e-01 2.689563e+00 1.649748e+00 2.128489e+00
[793] 5.222319e-01 4.472412e-01 1.585419e-01 1.155801e+00 9.794336e-01 7.205247e-01 1.743148e+00 2.468088e+00
[801] 1.628546e+00 1.523758e+00 7.207108e-01 2.514015e+00 6.333529e-01 7.298235e-01 1.888189e+00 7.291573e-01
[809] 1.130860e+00 4.736485e-01 1.055276e+00 3.950452e-02 8.353573e-01 1.356293e+00 1.206248e+00 3.436590e-01
[817] 7.979096e-02 3.875036e-02

$PAR
  [1]  NA   1   2   2   3   3   3   4   4   5   5   5   5   5   5   5   5   9  12  12  12  12  12  12  19  19  19  19
 [29]  25  25  25  18  18  18  18  18  27  27  28   6   6   6   6   6   6  29  29  29  29  21  21  21  21  22  22  22
 [57]  22  22  22  22  46  46  46  46  46  46  46  46  46  46  46  47  37  48  48  48  48  61  61  61  61  74  74  50
 [85]  50  50  50  50  50   7   7  39  39  39  39  39  39  75  38  38  38  38  38  31  31  31  31 104 104  54  54  54
[113]  54  54  54  54  54  54  49  49  34  36  36  36  63  73  92  92  84  84 110 110  15  15  15 121  55  55  55  55
[141]  55  55  55  55  55  23 133 133  85  41 106 151  93  93  93 111 111 111  24 147 147  42  42  42 123 159 160 160
[169]  52 161 131 131 131 131 131 108 108  86  86  86 167 167 181 181 181 181  87 170 170 170 170  65  80 137 137 137
[197] 130 130 146 146 165 165 197 197 197 197 166 166 166  99 150 150 150 150 150 211 211 211 211 211 211 109 176 176
[225]  96  96  96  96  96  96 168  16  16 138 225 132 132 132  43  43  43  43  43 148 244 244 231 212 212 212 212 212
[253] 179 179 179 193 193 253 253  44  44  44  44 100 100 100 156 156 156 156 156 156 192 192 201 201 201 169 169 169
[281] 169 273 275 233 233  88  88  66  66 276 276 276 276 276 247 247 247 213 213 213 240 240 298 301 241 241 241 139
[309] 139 254 254 254 267 222 268 268 268 268 101 101 140  17  89  83  83 216 216 216 216 324 242 242 171 171 326 326
[337] 154 154 154 154 154 154 141 141 217 217 320 320 142 142 142 142 349 349 349 349 349 349 349 350 350 157 157 157
[365] 157 245  91  91 209 209 362 264 261 172 172 363 278 278 278 278 315 315 290 290 290 290 290 290 290 279 279 279
[393] 279 158 158 158 158 224 224  98  67  67  57 369 291 343 343 292 228 228 228 228 114 114 394 198 198 198 377 377
[421] 377 265 265 265 381 381 408 408 408 283 283 366 366 366 398 398 398 277 353 316 430 430 354 354 354 354 367 367
[449] 441 102 102 102 310 284 284 163 163 405 419 419 134 134 435 435 403 403 403 214 438 438 344 390 461 190 293 293
[477] 293 293 371 305 454 235 229 229 463 173 173 205 427 427 427 427 337 391 391 115 401 401 401 432 432 486 335 335
[505] 288 475 475 475 215 506 506 116 472 472 472 472 450 450 243 513 513 248 248 425 425 431 200 509 509  69  69 355
[533] 128 360 360 360 345 345 345 370 439 456 456 456 318 318 318 384 488 256 256 496 496 180 433 433 465 374 413 413
[561] 480 522 522 522 399 164 266 266 266 449 554 497 497 497 497 497 385 385 385 402 436  70 533 533 415 545 280 280
[589] 451 442 442 587 587 587 587 386 471 471 471 471 309 392 392 546 546 562 469  58 512 512 512 395 395 476 476 416
[617] 416 537 597 443 294 294 307 351 596 596 365 447 447 426 598 598 598 174 174 174 550 524 457 457 194 194 599 552
[645] 552 552 541 541 541 526 606 593 630 470 548 548 548 329 250 250 400 400 514 498 638 466 515 515 334 348 348 616
[673] 558 407 396 483 483 483 674 152 152 670  59 455 570 195 661 661 661 664 664 664 612 423 577 659 388 143 143 269
[701] 269 581 581 609 609 609 361 464 464 644 644 551 551  60  60 677 473 525 525 678 678 601 573 589 655 655 687 339
[729] 340 434 660 660 523 618 618 618 618 697 482 529 529 624 613 634 251 565 665 654 440 539 635 710 751 574 462 688
[757] 626 666 285 376 663 707 220 220 740 712 575 555 555 700 747 729 584 656 379 578 490 623 623 479 479 479 467 761
[785] 714 647 709 642 777 731 621 594 591 648 648 769 739 705 639 790 568 549 549 764 662 748 732 742 586 460 600 342
[813] 719 359 724 797 633 750

$EXTANT
  [1] FALSE FALSE FALSE FALSE FALSE FALSE FALSE FALSE FALSE FALSE FALSE FALSE FALSE FALSE  TRUE FALSE  TRUE FALSE FALSE
 [20] FALSE FALSE  TRUE FALSE FALSE FALSE FALSE FALSE FALSE FALSE FALSE FALSE FALSE FALSE FALSE FALSE FALSE FALSE FALSE
 [39] FALSE FALSE FALSE FALSE FALSE  TRUE FALSE FALSE FALSE FALSE FALSE FALSE FALSE FALSE FALSE  TRUE  TRUE FALSE FALSE
 [58]  TRUE  TRUE  TRUE FALSE FALSE FALSE FALSE FALSE  TRUE FALSE FALSE  TRUE  TRUE FALSE FALSE FALSE FALSE  TRUE FALSE
 [77] FALSE FALSE FALSE FALSE FALSE FALSE  TRUE FALSE FALSE FALSE FALSE  TRUE FALSE FALSE FALSE  TRUE FALSE FALSE FALSE
 [96]  TRUE FALSE FALSE FALSE FALSE FALSE FALSE FALSE FALSE FALSE FALSE FALSE FALSE FALSE FALSE  TRUE FALSE FALSE  TRUE
[115]  TRUE FALSE  TRUE  TRUE FALSE FALSE FALSE FALSE FALSE FALSE FALSE FALSE FALSE FALSE FALSE FALSE  TRUE  TRUE FALSE
[134]  TRUE  TRUE FALSE  TRUE FALSE FALSE FALSE  TRUE FALSE  TRUE FALSE  TRUE  TRUE FALSE FALSE FALSE  TRUE  TRUE  TRUE
[153] FALSE  TRUE FALSE  TRUE FALSE  TRUE FALSE FALSE FALSE FALSE  TRUE FALSE FALSE FALSE FALSE FALSE FALSE FALSE FALSE
[172]  TRUE FALSE  TRUE FALSE FALSE FALSE FALSE FALSE FALSE  TRUE FALSE FALSE FALSE FALSE  TRUE FALSE FALSE FALSE FALSE
[191]  TRUE FALSE FALSE FALSE  TRUE  TRUE  TRUE  TRUE FALSE  TRUE FALSE FALSE FALSE FALSE  TRUE  TRUE FALSE FALSE FALSE
[210] FALSE  TRUE  TRUE  TRUE FALSE FALSE  TRUE FALSE FALSE  TRUE FALSE  TRUE  TRUE FALSE FALSE FALSE FALSE FALSE  TRUE
[229]  TRUE  TRUE FALSE FALSE  TRUE  TRUE  TRUE FALSE  TRUE  TRUE FALSE  TRUE  TRUE  TRUE FALSE FALSE FALSE FALSE  TRUE
[248]  TRUE  TRUE FALSE  TRUE  TRUE FALSE  TRUE FALSE FALSE FALSE FALSE FALSE FALSE  TRUE FALSE  TRUE FALSE  TRUE  TRUE
[267] FALSE  TRUE  TRUE  TRUE  TRUE  TRUE FALSE FALSE FALSE FALSE  TRUE  TRUE  TRUE FALSE  TRUE FALSE FALSE  TRUE  TRUE
[286] FALSE  TRUE  TRUE  TRUE  TRUE  TRUE FALSE  TRUE  TRUE  TRUE  TRUE  TRUE FALSE FALSE FALSE FALSE FALSE  TRUE FALSE
[305] FALSE FALSE  TRUE FALSE  TRUE FALSE  TRUE FALSE FALSE  TRUE  TRUE  TRUE FALSE  TRUE FALSE FALSE FALSE  TRUE FALSE
[324]  TRUE FALSE FALSE FALSE FALSE  TRUE FALSE  TRUE  TRUE FALSE FALSE  TRUE FALSE  TRUE FALSE  TRUE  TRUE  TRUE  TRUE
[343]  TRUE FALSE  TRUE FALSE FALSE  TRUE  TRUE  TRUE  TRUE  TRUE FALSE  TRUE FALSE FALSE  TRUE  TRUE  TRUE  TRUE FALSE
[362] FALSE  TRUE  TRUE  TRUE  TRUE  TRUE  TRUE FALSE  TRUE  TRUE FALSE  TRUE  TRUE  TRUE  TRUE  TRUE  TRUE  TRUE  TRUE
[381] FALSE FALSE FALSE  TRUE  TRUE FALSE FALSE FALSE  TRUE FALSE FALSE  TRUE FALSE FALSE FALSE  TRUE  TRUE  TRUE  TRUE
[400]  TRUE  TRUE  TRUE  TRUE FALSE FALSE  TRUE  TRUE  TRUE FALSE FALSE  TRUE  TRUE  TRUE FALSE  TRUE  TRUE  TRUE FALSE
[419]  TRUE FALSE  TRUE FALSE  TRUE  TRUE  TRUE  TRUE  TRUE FALSE  TRUE  TRUE FALSE  TRUE  TRUE  TRUE  TRUE FALSE  TRUE
[438] FALSE  TRUE  TRUE FALSE FALSE  TRUE  TRUE  TRUE  TRUE  TRUE  TRUE FALSE  TRUE FALSE FALSE FALSE  TRUE  TRUE  TRUE
[457]  TRUE FALSE FALSE  TRUE  TRUE  TRUE FALSE  TRUE  TRUE  TRUE  TRUE  TRUE  TRUE  TRUE  TRUE  TRUE  TRUE FALSE FALSE
[476]  TRUE FALSE FALSE  TRUE FALSE FALSE  TRUE FALSE  TRUE FALSE  TRUE  TRUE FALSE  TRUE  TRUE  TRUE  TRUE  TRUE  TRUE
[495] FALSE FALSE  TRUE  TRUE  TRUE FALSE  TRUE FALSE  TRUE  TRUE  TRUE  TRUE  TRUE FALSE  TRUE  TRUE  TRUE  TRUE  TRUE
[514]  TRUE  TRUE  TRUE FALSE  TRUE FALSE  TRUE  TRUE  TRUE  TRUE  TRUE  TRUE FALSE FALSE FALSE  TRUE FALSE  TRUE FALSE
[533]  TRUE FALSE  TRUE  TRUE FALSE  TRUE  TRUE  TRUE  TRUE  TRUE  TRUE  TRUE  TRUE  TRUE  TRUE  TRUE  TRUE  TRUE  TRUE
[552]  TRUE  TRUE  TRUE  TRUE  TRUE FALSE  TRUE  TRUE FALSE  TRUE FALSE FALSE  TRUE  TRUE  TRUE FALSE  TRUE  TRUE  TRUE
[571]  TRUE  TRUE  TRUE  TRUE  TRUE  TRUE  TRUE FALSE  TRUE  TRUE  TRUE  TRUE FALSE  TRUE  TRUE  TRUE  TRUE  TRUE  TRUE
[590]  TRUE  TRUE FALSE  TRUE  TRUE  TRUE  TRUE  TRUE  TRUE  TRUE  TRUE  TRUE  TRUE  TRUE  TRUE  TRUE  TRUE FALSE  TRUE
[609]  TRUE  TRUE  TRUE  TRUE  TRUE  TRUE  TRUE FALSE  TRUE  TRUE FALSE FALSE  TRUE  TRUE  TRUE  TRUE  TRUE  TRUE FALSE
[628]  TRUE  TRUE  TRUE  TRUE  TRUE  TRUE  TRUE  TRUE  TRUE FALSE  TRUE  TRUE  TRUE  TRUE FALSE  TRUE  TRUE FALSE  TRUE
[647]  TRUE  TRUE  TRUE FALSE  TRUE  TRUE  TRUE  TRUE  TRUE  TRUE FALSE  TRUE FALSE FALSE  TRUE  TRUE  TRUE  TRUE  TRUE
[666]  TRUE  TRUE  TRUE  TRUE  TRUE  TRUE  TRUE  TRUE  TRUE  TRUE  TRUE  TRUE  TRUE  TRUE FALSE  TRUE  TRUE  TRUE  TRUE
[685]  TRUE  TRUE  TRUE  TRUE  TRUE  TRUE  TRUE  TRUE  TRUE  TRUE  TRUE  TRUE  TRUE  TRUE  TRUE  TRUE  TRUE  TRUE  TRUE
[704]  TRUE  TRUE  TRUE  TRUE  TRUE  TRUE  TRUE  TRUE FALSE FALSE  TRUE  TRUE  TRUE  TRUE FALSE  TRUE  TRUE  TRUE  TRUE
[723] FALSE FALSE FALSE  TRUE  TRUE  TRUE  TRUE  TRUE  TRUE  TRUE  TRUE  TRUE FALSE  TRUE  TRUE  TRUE  TRUE  TRUE  TRUE
[742]  TRUE  TRUE  TRUE  TRUE  TRUE  TRUE  TRUE  TRUE  TRUE  TRUE FALSE  TRUE  TRUE  TRUE  TRUE  TRUE  TRUE  TRUE  TRUE
[761]  TRUE  TRUE  TRUE  TRUE  TRUE  TRUE  TRUE  TRUE  TRUE  TRUE  TRUE  TRUE  TRUE  TRUE  TRUE  TRUE  TRUE  TRUE  TRUE
[780]  TRUE  TRUE  TRUE  TRUE  TRUE  TRUE  TRUE  TRUE  TRUE  TRUE  TRUE  TRUE  TRUE  TRUE  TRUE  TRUE  TRUE  TRUE  TRUE
[799]  TRUE  TRUE  TRUE  TRUE  TRUE  TRUE  TRUE  TRUE  TRUE  TRUE  TRUE  TRUE  TRUE  TRUE  TRUE  TRUE  TRUE  TRUE  TRUE
[818]  TRUE

