
Birth-death simulation object with 622 species and 500 extant species

Details for some species:

Extinction times (NA means extant)
[1]       NA 13.83226  4.80744       NA       NA       NA


Speciation times 
[1] 45.362217 42.963366 40.947106 30.494786 17.573477  8.558905


Species parents (NA for initial)
[1] NA  1  1  1  1  1


Species status (extinct or extant)
[1] "extant"  "extinct" "extinct" "extant"  "extant"  "extant" 


For more details on vector y, try sim$y, with y one of
TE TS PAR EXTANT



$TE
  [1]          NA 13.83225784  4.80744000          NA          NA          NA          NA          NA          NA
 [10]          NA          NA 10.91005694  1.43453124          NA          NA          NA 14.01099206 10.75658899
 [19]          NA          NA          NA          NA          NA 23.06710994 17.78477335          NA          NA
 [28]          NA  3.48454911          NA          NA 16.93619507  5.86091874          NA  9.32757252 17.55959825
 [37] 13.04908988 13.51866312          NA          NA          NA          NA 11.48864335          NA          NA
 [46]          NA 10.48557273          NA          NA          NA 14.63998186          NA          NA          NA
 [55]          NA          NA          NA 16.41403333  5.62538753 15.46211661          NA          NA  5.94667030
 [64]  2.97953018 20.09603476          NA          NA          NA          NA          NA  7.21000085          NA
 [73]          NA          NA 17.00647709 10.41054424  1.08674972          NA          NA  2.00491713 13.09802422
 [82]          NA  9.02402818  3.85872791  3.94510393          NA          NA          NA          NA          NA
 [91]          NA  4.84490181          NA          NA          NA          NA          NA 15.44686360          NA
[100]  2.67828143          NA          NA          NA          NA          NA          NA          NA          NA
[109]  9.07692759          NA          NA  9.20324598  6.82305424          NA          NA          NA          NA
[118]  3.61691350          NA          NA  6.51603098          NA  4.04486042          NA          NA          NA
[127] 12.61736791          NA          NA          NA          NA          NA          NA  1.47398436          NA
[136]          NA  0.25552464  3.82225605          NA          NA          NA 13.70041612  2.37309692          NA
[145]  0.87234937          NA          NA  6.92297944          NA          NA  3.05078829  6.66715345          NA
[154]  6.26512875          NA  9.23479231 10.71375651  6.16126619          NA          NA          NA          NA
[163]  5.70105377 10.76707201          NA          NA          NA  8.47024934          NA          NA          NA
[172]          NA          NA          NA          NA          NA          NA  7.09808406  0.51084793          NA
[181]  4.71181772          NA          NA          NA          NA  3.20276982  1.09647819  8.45444280          NA
[190]          NA  2.19632193          NA          NA          NA          NA          NA  2.39524680 11.05222365
[199]          NA          NA  3.10000741          NA          NA  0.94145622          NA          NA          NA
[208]          NA          NA          NA          NA          NA          NA          NA          NA          NA
[217]          NA  3.55729171          NA          NA          NA          NA  6.52634670          NA  2.19753971
[226]          NA          NA          NA          NA          NA  4.30229398          NA  0.17778652          NA
[235]          NA          NA          NA          NA          NA          NA          NA          NA          NA
[244]          NA          NA          NA          NA          NA  5.64988248          NA          NA  7.65224944
[253]  1.95867011          NA          NA          NA          NA          NA          NA          NA          NA
[262]          NA          NA  0.67709936          NA          NA          NA          NA          NA          NA
[271]          NA          NA  0.44408957          NA          NA  1.37178334  0.66680484          NA          NA
[280]          NA          NA          NA          NA          NA  3.42553054          NA          NA          NA
[289]          NA          NA          NA          NA          NA          NA  4.03946866          NA          NA
[298]          NA          NA          NA          NA          NA          NA  4.69210840  5.82072247          NA
[307]  6.10625678  3.89690892  5.98427417          NA  4.26636874          NA          NA          NA          NA
[316]          NA          NA          NA  2.57290913          NA          NA          NA          NA          NA
[325]          NA          NA          NA          NA  0.53446033  1.07330452          NA  5.29867246          NA
[334]          NA          NA          NA          NA          NA  4.60022616          NA          NA  3.48575657
[343]          NA          NA          NA          NA          NA  0.29985561          NA          NA          NA
[352]  2.88281668          NA          NA          NA  3.91740562          NA          NA          NA  5.34034691
[361]          NA          NA          NA  1.49214436          NA          NA          NA          NA          NA
[370]          NA          NA          NA          NA          NA          NA          NA          NA          NA
[379]          NA          NA  1.87115196          NA          NA          NA          NA          NA  2.57809854
[388]          NA          NA          NA          NA          NA          NA          NA          NA          NA
[397]          NA          NA          NA          NA          NA          NA  0.22120612          NA          NA
[406]          NA          NA          NA          NA          NA          NA          NA          NA          NA
[415]          NA          NA          NA          NA          NA          NA  5.00381839          NA          NA
[424]          NA          NA          NA  0.09196191  2.14822747          NA          NA          NA  1.53389771
[433]          NA          NA          NA          NA          NA  1.44691255          NA  1.46799552          NA
[442]          NA  4.40550113          NA          NA          NA          NA          NA          NA          NA
[451]          NA          NA          NA          NA          NA          NA          NA  1.93830803          NA
[460]          NA          NA          NA          NA          NA          NA          NA          NA          NA
[469]          NA          NA  1.54868174          NA          NA          NA          NA          NA          NA
[478]          NA  1.61058051          NA  1.38725496          NA          NA          NA          NA          NA
[487]          NA          NA          NA          NA          NA          NA          NA          NA          NA
[496]          NA  0.57755974          NA          NA          NA  2.29140308          NA          NA          NA
[505]          NA          NA          NA          NA          NA          NA          NA          NA          NA
[514]          NA          NA          NA          NA          NA          NA          NA          NA          NA
[523]          NA          NA          NA          NA          NA          NA          NA          NA          NA
[532]          NA  1.37177130          NA          NA          NA          NA          NA          NA          NA
[541]          NA          NA  0.23666260          NA          NA          NA          NA          NA          NA
[550]          NA          NA  0.33092099          NA          NA          NA          NA          NA          NA
[559]          NA          NA          NA          NA          NA          NA          NA          NA          NA
[568]          NA          NA          NA          NA          NA          NA          NA          NA          NA
[577]          NA          NA          NA          NA          NA  1.12959548          NA          NA  0.41941545
[586]          NA          NA          NA          NA          NA          NA          NA          NA          NA
[595]          NA          NA          NA          NA          NA          NA          NA          NA          NA
[604]          NA          NA          NA          NA          NA          NA          NA          NA          NA
[613]          NA          NA          NA          NA          NA          NA          NA          NA          NA
[622]          NA

$TS
  [1] 45.36221731 42.96336577 40.94710561 30.49478567 17.57347657  8.55890490  4.27149766 29.29959205 24.12027001
 [10] 15.78082479 35.07026176 31.36235573 20.20216136  5.97448501 28.66879721 25.12217103 23.60733525 22.14416540
 [19] 14.30586535  9.44631478  8.63366462  4.40297503  2.11211656 26.16943047 21.91227757  1.34220863  5.44374271
 [28] 27.94458658 27.79489160  5.24370206 27.53933911 26.50354022 17.84696675 13.28135308 12.45565116 24.09348801
 [37] 16.66691169 20.73786127 18.21980532 13.71648512 12.99109902  5.11853569 19.76862910 23.98079795  7.43654467
 [46]  2.84610876 17.33521134 13.35820498  0.67713000  0.40922450 20.08461502 19.46430358 23.45184315 21.30076375
 [55] 10.34941082  6.58594258  4.05786888 22.00794417 15.15338660 17.58074089  6.55339304 19.37957632 17.95835397
 [64] 15.87937201 21.74518663 16.45979847 10.24049160  4.95504078  2.17037219  0.15603670 15.36144147 13.78469440
 [73] 17.15739127  6.95577170 19.13756563 18.90474235 19.19302434 18.66339396 18.49410034 16.91114545 13.53433453
 [82] 13.42804969 10.72961178  8.87675756  4.14976606  3.67137161  0.91097674  7.58238509  5.65862449 13.69283483
 [91]  8.46926595  6.19351313  5.74486707  2.14225329 15.98902231 15.70225477 13.38698868 17.11869562 12.60417058
[100]  3.18110389 18.46266297  8.12505077 18.31804263  8.30025935  6.88801864  0.86134082 15.66009476 11.24492124
[109]  9.30678779  9.13737301  6.64235711 17.45841272 14.85993741  7.64312954 14.94611693  8.65298865 17.07497848
[118] 15.97628081 11.10055131 10.11749036 15.57775760 13.93305267 15.89487067  1.26128467 16.89554615  9.29419840
[127] 15.88216058 12.79903416 11.91373877  9.71266390  6.74393564  0.33022889  0.03307077 12.95982876 11.17373703
[136]  9.70063201  7.95175376  7.75097005  3.96183067  2.79025484  0.13549616 14.10433912  5.09635717  2.92613833
[145]  2.73293388 14.25746473  3.78593946 15.71203131 15.73568889 15.03335821 12.80017390 10.32389501 10.09812068
[154] 13.03543567  5.48983533 13.23008460 13.17836383  8.39618866 13.51205036  8.76035326  8.35293868  3.18544703
[163] 13.27113291 12.11356082  9.17384830  7.80912763 14.99965572 14.37915879 13.77690907 11.41526283  7.50706414
[172] 12.79876550 10.20930319  8.09597045  7.33444522  5.46964823  3.43900625 12.31046708 11.96676636  3.64837643
[181] 14.57081926 10.83759048  7.72153956  8.61856371 13.01908451 12.77523500 10.94352672 11.26577030  7.45286339
[190]  5.16017659  4.33323595  1.75097368  1.23427028  9.60996004  4.73426255  8.32480412  3.38489588 13.19307496
[199] 11.14465810  7.65507483  6.57446654  3.21124253  2.94949688  1.79629498  1.51274023  7.81227516  3.46713328
[208]  2.85175851  6.94875748  5.83481018  4.84660483  1.34132869  1.01986911  0.37358357 10.03695535  0.83262120
[217]  4.43223116  4.01376901 13.09666516  8.89851707  1.23470732 11.99255941 10.78227000  9.79015066 11.71490212
[226] 12.72945857  9.35054024  9.13364732  2.60748198  1.41613741  7.30155262  5.59421976  0.43912229 10.58513884
[235]  1.87036176 12.09747117  8.59157395  6.50536027  2.28519172  5.53702287  2.89161513  7.47617288  4.53688697
[244]  5.93785947  3.32664602  8.61321003  3.07428210 11.60187446 11.07832227  9.51849554  4.31252366 11.62189964
[253]  8.76338502 10.95339455 10.72507901  9.56343650  7.91223840  5.85598502  3.23442016  0.93867579  7.05298107
[262]  6.04959235 10.09807723  6.26193811  1.90881138  6.13269371  3.46116016  5.67895328  0.85522323  8.14364964
[271]  7.77982534  4.53649163  1.94701472  1.58746829  6.40169787  6.37969521  6.06514674  5.64510608  5.60967147
[280]  3.33713100  0.74225805 10.52635066  4.59338129  7.96998477  4.34846162  3.75651886  2.93272651 10.78255281
[289]  4.78342907  7.51036178  1.85813418  0.58336650  9.57856594  7.33762852  9.53185641  1.41435356  4.44465740
[298]  0.41726415  9.76461438  6.10842817  0.27422569  3.14082387  0.59639040 10.25687149  8.78528184  8.24038916
[307]  8.20645126  5.56959451  9.33866663  6.80754105  5.05556692  6.51957372  4.79466092  1.60119437  0.13912353
[316]  2.06495671  5.28417611  3.06105988  4.51339344  1.38500771  1.73554388  0.23552222  1.45566592  6.24544361
[325]  2.40621501  2.14631724  0.63160249  5.46990608  4.08895117  3.72833992  4.74356670  7.08844701  1.89098574
[334]  6.32805312  0.85123632  8.95036779  7.67435897  7.09196117  4.78907528  5.12031122  3.56324168  6.60399810
[343]  6.41981968  4.80642022  2.30847427  2.76396306  1.97767217  5.05682610  7.13940553  6.35450801  1.74451419
[352]  5.78609208  5.09642657  2.91795811  0.25678227  6.63500100  3.16573303  7.76786322  7.57971207  6.96578974
[361]  4.12448713  0.63967972  1.96541021  4.24841817  3.64697141  5.55328972  4.65250767  1.20437655  0.93100286
[370]  0.94337454  7.45991802  1.90319088  6.66828665  2.92450491  5.84572168  5.11921841  5.04481326  4.31617429
[379]  0.14939420  7.54513586  2.73388044  1.58862719  2.86445412  7.12395604  1.07608032  5.01622506  4.24995956
[388]  0.97130341  4.73320835  6.73131907  6.30137248  3.49051515  3.74910913  1.92328727  4.85802643  3.85599680
[397]  3.72094589  2.96252740  1.39443230  4.61016541  4.23114895  3.14992218  4.97008948  3.15659483  1.15700442
[406]  6.42811474  5.75431799  1.10748340  0.43842948  0.95120776  4.37186181  1.35668682  0.53126687  4.58762604
[415]  2.61764303  0.09127473  5.47452604  6.29569689  5.26260755  5.29305472  5.93953735  1.20744405  1.01177509
[424]  6.28319321  3.93138964  3.73475617  5.69163758  5.67506676  5.66888982  4.75043550  0.61646242  6.10192863
[433]  1.10402270  5.43719146  1.35008671  1.63401554  2.61063056  5.39068106  1.41585859  4.81127153  4.71458497
[442]  1.33874990  5.88658080  1.02092685  0.84589404  0.16128559  4.68130179  5.40412966  1.66764502  3.63165661
[451]  0.97636781  3.29833275  2.03751015  0.36197781  3.47099916  3.32794335  0.76367565  5.03412672  4.62536404
[460]  1.07628378  0.17918804  2.02582794  1.98208979  3.92555514  3.95675294  5.11331392  5.09619877  4.39456359
[469]  3.48085783  0.96549833  2.43170736  3.39711260  4.15299982  3.42499536  0.98337612  0.04773883  3.49002274
[478]  2.26384283  3.91941598  3.87457332  4.67184920  2.99908230  4.56189226  2.96196338  4.12783233  2.48910391
[487]  3.64473467  3.62674359  4.26039708  3.07983882  1.61897766  2.45557295  2.24112838  1.56819709  4.46563027
[496]  2.40061365  2.30107329  3.65250707  1.86629473  4.49773867  3.65402505  0.15768019  4.35523209  0.84300698
[505]  2.22804210  3.56216435  0.47990659  3.99333819  3.91237826  0.25545632  4.09725976  1.82957270  0.23965716
[514]  1.03458817  0.64210297  2.01232756  3.71813704  4.18197480  3.96944506  2.15246459  1.66795229  1.41981677
[523]  0.72728201  2.77416290  2.52223778  3.12034733  2.53741848  0.91819635  3.57069768  3.80555991  3.48519938
[532]  2.09872741  3.43258493  3.39614855  2.32419555  2.08660371  1.81789779  3.32683572  2.25021801  2.32935101
[541]  0.41386819  3.47788031  0.29358779  0.97526241  2.80664859  1.57696259  2.34360058  0.72321694  2.52032819
[550]  2.18111411  0.89769487  2.51451775  2.21565102  0.10563065  2.01106124  2.35375942  2.28923499  2.45150683
[559]  1.01338546  0.67398386  0.04801590  2.67599213  0.95822156  0.12100510  0.14145026  0.71818457  0.53085922
[568]  0.40854773  2.40521926  0.39085139  0.69704921  1.43856337  1.06661474  1.43514607  0.67631091  1.84953974
[577]  1.17370610  1.58775616  1.08837057  0.45286373  1.86162527  1.55136487  0.23242797  1.06499532  1.21123618
[586]  0.39926088  1.01915462  1.79293412  2.01008363  0.85235227  0.44311548  1.61407323  1.39742219  1.22302970
[595]  0.68103712  1.19830519  1.23878647  0.89181491  0.37140909  1.71193556  1.11885073  0.75954658  0.17038923
[604]  0.58492927  0.28189893  0.85873259  1.33042592  0.69709025  0.76831917  0.90442579  0.49400762  1.21619080
[613]  0.49846637  0.63142802  0.07108119  0.43047466  0.46573300  0.44040701  0.18102416  0.37734883  0.24173548
[622]  0.14463699

$PAR
  [1]  NA   1   1   1   1   1   1   2   2   2   3   3   3   3  11  11  11  11  11  11  11  11  11   4   4   4   8  15
 [29]  15  15  28  28  28  28  28  29  29  31  31  31  31  31  32  16  16  16   9   9   9   9  36  36  44  44  44  44
 [57]  44  17  17  53  53  18  18  18  58  58  54  54  54  54  38  38  13  13  51  51  43  43  43  43  43  52  52  52
 [85]  52  52  52  62  62  77  77  77  77  77  76  76  76  78  78  78  79  79 101 101 101 101 103 103 103 103 103  63
[113]  63  63  33   5 112 112 112 112  47  73  98 117  80  80 125 125 125 125 125 125 125  66  66  66  66  66  66  66
[141]  66  95  95  95  95 118 118 123 127  64  64  64  64  10  10 149 149 149 148  96  96  96 107 107 121  71  59  59
[169]  59  59  59 150 150 150 150 167 167 115 115 115 113 113 113 181  19  19  19 146 146 146 146 146 146 122 122  72
[197]  72  40  40  40  40  40  40  90  90 159 159 159  82  82  82  82  82  82  97  97  48  48  34  34  34 156 156 156
[225] 157 219 219 219 219 219 185 185  41 134 134 151 151 151 128 172 172 186 186 226 226  99  99  35  35 178 236 222
[253] 222 179 179 179 179 179 179 129 225 225 252 248 248 170 170 108 108 135 135 135 135 135 199 199 199 199 199 199
[281] 199 119 119 254 254 254 254 187 187 182 182 182 288 223 255 255 234 234 282 282 282  55  55 152  67  67  67 173
[309] 120 120 120 153 153 263 215 299 130 130 136 136 194 194 293 256 256 256 256 250  20  20 227 309 126 165 165 110
[337] 110 228 228 336 336 305 305 253 253 160 160 184 246 246 246 237 237 237 237   6  91 158 196 196 196 196 104 306
[365] 306 270 270 270 102 174 284 284 257 257 206 166 358 358 183 337 337 337 114  88 359 380 380 171 242 371 371 371
[393] 189 189  45 294 294 294 175 231 349 349 384 384 261 360 360 209 209 105 131 390 390 373 373 111 356 342 342  61
[421] 238 343 343 275 275 275 276 350 350 350 350 391 391 424 424 264 324 300 300 432 432 277 421 244 375 210 352 407
[449] 427 429 429 278 279 279 240 240 240 417 328 328 328  27 434 438 420 419 419 190 190 190 340 376  42  42  42 466
[477] 353 353 143 143 467 348 458 458 386 386 395 211 440 440 440 344 344 313 331 331 331 447 481 367 283 283 414 414
[505] 495  22 411 503 378 378 251 251 251   7   7 489 387 364 364 364 473 485 511 329 508 519 139 139 465 509 286 330
[533]  86 501 498 180 180 365 365 488 341 392 392 267 177 177 534 534 456 456 456 538 452 452 162 404 402 490 490 247
[561] 318 482 484 203 287 144 144 144 354 354 208 346 145 437 229 527 527 525 492 325 569 569 556 547 540 535 345 539
[589] 493 505 553 516 516 589 463 265 291 512 512 192 192 192 600 521 546 205 323 522 593 320 435 212 597 460 598 281
[617] 327 327 303 567 591 603

$EXTANT
  [1]  TRUE FALSE FALSE  TRUE  TRUE  TRUE  TRUE  TRUE  TRUE  TRUE  TRUE FALSE FALSE  TRUE  TRUE  TRUE FALSE FALSE  TRUE
 [20]  TRUE  TRUE  TRUE  TRUE FALSE FALSE  TRUE  TRUE  TRUE FALSE  TRUE  TRUE FALSE FALSE  TRUE FALSE FALSE FALSE FALSE
 [39]  TRUE  TRUE  TRUE  TRUE FALSE  TRUE  TRUE  TRUE FALSE  TRUE  TRUE  TRUE FALSE  TRUE  TRUE  TRUE  TRUE  TRUE  TRUE
 [58] FALSE FALSE FALSE  TRUE  TRUE FALSE FALSE FALSE  TRUE  TRUE  TRUE  TRUE  TRUE FALSE  TRUE  TRUE  TRUE FALSE FALSE
 [77] FALSE  TRUE  TRUE FALSE FALSE  TRUE FALSE FALSE FALSE  TRUE  TRUE  TRUE  TRUE  TRUE  TRUE FALSE  TRUE  TRUE  TRUE
 [96]  TRUE  TRUE FALSE  TRUE FALSE  TRUE  TRUE  TRUE  TRUE  TRUE  TRUE  TRUE  TRUE FALSE  TRUE  TRUE FALSE FALSE  TRUE
[115]  TRUE  TRUE  TRUE FALSE  TRUE  TRUE FALSE  TRUE FALSE  TRUE  TRUE  TRUE FALSE  TRUE  TRUE  TRUE  TRUE  TRUE  TRUE
[134] FALSE  TRUE  TRUE FALSE FALSE  TRUE  TRUE  TRUE FALSE FALSE  TRUE FALSE  TRUE  TRUE FALSE  TRUE  TRUE FALSE FALSE
[153]  TRUE FALSE  TRUE FALSE FALSE FALSE  TRUE  TRUE  TRUE  TRUE FALSE FALSE  TRUE  TRUE  TRUE FALSE  TRUE  TRUE  TRUE
[172]  TRUE  TRUE  TRUE  TRUE  TRUE  TRUE FALSE FALSE  TRUE FALSE  TRUE  TRUE  TRUE  TRUE FALSE FALSE FALSE  TRUE  TRUE
[191] FALSE  TRUE  TRUE  TRUE  TRUE  TRUE FALSE FALSE  TRUE  TRUE FALSE  TRUE  TRUE FALSE  TRUE  TRUE  TRUE  TRUE  TRUE
[210]  TRUE  TRUE  TRUE  TRUE  TRUE  TRUE  TRUE  TRUE FALSE  TRUE  TRUE  TRUE  TRUE FALSE  TRUE FALSE  TRUE  TRUE  TRUE
[229]  TRUE  TRUE FALSE  TRUE FALSE  TRUE  TRUE  TRUE  TRUE  TRUE  TRUE  TRUE  TRUE  TRUE  TRUE  TRUE  TRUE  TRUE  TRUE
[248]  TRUE FALSE  TRUE  TRUE FALSE FALSE  TRUE  TRUE  TRUE  TRUE  TRUE  TRUE  TRUE  TRUE  TRUE  TRUE FALSE  TRUE  TRUE
[267]  TRUE  TRUE  TRUE  TRUE  TRUE  TRUE FALSE  TRUE  TRUE FALSE FALSE  TRUE  TRUE  TRUE  TRUE  TRUE  TRUE  TRUE FALSE
[286]  TRUE  TRUE  TRUE  TRUE  TRUE  TRUE  TRUE  TRUE  TRUE FALSE  TRUE  TRUE  TRUE  TRUE  TRUE  TRUE  TRUE  TRUE FALSE
[305] FALSE  TRUE FALSE FALSE FALSE  TRUE FALSE  TRUE  TRUE  TRUE  TRUE  TRUE  TRUE  TRUE FALSE  TRUE  TRUE  TRUE  TRUE
[324]  TRUE  TRUE  TRUE  TRUE  TRUE FALSE FALSE  TRUE FALSE  TRUE  TRUE  TRUE  TRUE  TRUE  TRUE FALSE  TRUE  TRUE FALSE
[343]  TRUE  TRUE  TRUE  TRUE  TRUE FALSE  TRUE  TRUE  TRUE FALSE  TRUE  TRUE  TRUE FALSE  TRUE  TRUE  TRUE FALSE  TRUE
[362]  TRUE  TRUE FALSE  TRUE  TRUE  TRUE  TRUE  TRUE  TRUE  TRUE  TRUE  TRUE  TRUE  TRUE  TRUE  TRUE  TRUE  TRUE  TRUE
[381] FALSE  TRUE  TRUE  TRUE  TRUE  TRUE FALSE  TRUE  TRUE  TRUE  TRUE  TRUE  TRUE  TRUE  TRUE  TRUE  TRUE  TRUE  TRUE
[400]  TRUE  TRUE  TRUE FALSE  TRUE  TRUE  TRUE  TRUE  TRUE  TRUE  TRUE  TRUE  TRUE  TRUE  TRUE  TRUE  TRUE  TRUE  TRUE
[419]  TRUE  TRUE FALSE  TRUE  TRUE  TRUE  TRUE  TRUE FALSE FALSE  TRUE  TRUE  TRUE FALSE  TRUE  TRUE  TRUE  TRUE  TRUE
[438] FALSE  TRUE FALSE  TRUE  TRUE FALSE  TRUE  TRUE  TRUE  TRUE  TRUE  TRUE  TRUE  TRUE  TRUE  TRUE  TRUE  TRUE  TRUE
[457]  TRUE FALSE  TRUE  TRUE  TRUE  TRUE  TRUE  TRUE  TRUE  TRUE  TRUE  TRUE  TRUE  TRUE FALSE  TRUE  TRUE  TRUE  TRUE
[476]  TRUE  TRUE  TRUE FALSE  TRUE FALSE  TRUE  TRUE  TRUE  TRUE  TRUE  TRUE  TRUE  TRUE  TRUE  TRUE  TRUE  TRUE  TRUE
[495]  TRUE  TRUE FALSE  TRUE  TRUE  TRUE FALSE  TRUE  TRUE  TRUE  TRUE  TRUE  TRUE  TRUE  TRUE  TRUE  TRUE  TRUE  TRUE
[514]  TRUE  TRUE  TRUE  TRUE  TRUE  TRUE  TRUE  TRUE  TRUE  TRUE  TRUE  TRUE  TRUE  TRUE  TRUE  TRUE  TRUE  TRUE  TRUE
[533] FALSE  TRUE  TRUE  TRUE  TRUE  TRUE  TRUE  TRUE  TRUE  TRUE FALSE  TRUE  TRUE  TRUE  TRUE  TRUE  TRUE  TRUE  TRUE
[552] FALSE  TRUE  TRUE  TRUE  TRUE  TRUE  TRUE  TRUE  TRUE  TRUE  TRUE  TRUE  TRUE  TRUE  TRUE  TRUE  TRUE  TRUE  TRUE
[571]  TRUE  TRUE  TRUE  TRUE  TRUE  TRUE  TRUE  TRUE  TRUE  TRUE  TRUE FALSE  TRUE  TRUE FALSE  TRUE  TRUE  TRUE  TRUE
[590]  TRUE  TRUE  TRUE  TRUE  TRUE  TRUE  TRUE  TRUE  TRUE  TRUE  TRUE  TRUE  TRUE  TRUE  TRUE  TRUE  TRUE  TRUE  TRUE
[609]  TRUE  TRUE  TRUE  TRUE  TRUE  TRUE  TRUE  TRUE  TRUE  TRUE  TRUE  TRUE  TRUE  TRUE

