
Birth-death simulation object with 623 species and 500 extant species

Details for some species:

Extinction times (NA means extant)
[1]       NA 35.74711 21.63427 18.70618 26.25437       NA


Speciation times 
[1] 40.81726 36.26249 36.20162 31.08459 26.80666 22.98549


Species parents (NA for initial)
[1] NA  1  1  1  1  1


Species status (extinct or extant)
[1] "extant"  "extinct" "extinct" "extinct" "extinct" "extant" 


For more details on vector y, try sim$y, with y one of
TE TS PAR EXTANT



$TE
  [1]           NA 35.747105011 21.634273089 18.706184561 26.254365975           NA  8.749198773 11.961134168
  [9]  5.613242650  8.910035221           NA  0.005190594 23.334638114 24.086233718 12.630276440           NA
 [17]           NA 11.469652875           NA           NA  0.018995394  8.831570971           NA           NA
 [25]  3.945117780  0.978506567 18.994203925 20.478443865           NA 16.326420029           NA  0.505159967
 [33] 29.434034226           NA           NA  2.919634518 16.333773888 21.583960951  5.272657532           NA
 [41]  5.132989924 12.043931271           NA           NA  7.120228999           NA  7.337003127           NA
 [49] 16.419285749  4.829512915           NA           NA           NA           NA           NA           NA
 [57]           NA 10.582377169           NA           NA           NA           NA           NA 11.498905965
 [65]           NA           NA           NA           NA 12.548804381 16.324814797 14.937611007           NA
 [73]           NA           NA           NA 17.506604595  1.979502060           NA  6.251006242           NA
 [81]           NA           NA           NA  8.097572757  4.902386476           NA           NA           NA
 [89] 10.744153817           NA  0.371786281  8.219704801           NA           NA 15.082770929           NA
 [97] 12.361190628  3.775156920           NA  9.699139181           NA 14.419689695 14.442251918  1.171179655
[105]           NA           NA           NA 11.528425703 20.120831776           NA           NA  6.496421572
[113]  4.055091020  6.115837732           NA  0.653988445           NA           NA           NA 16.687386312
[121]           NA           NA  6.200772815           NA           NA           NA 12.863971133 11.918998316
[129]           NA  7.590480204           NA           NA           NA           NA           NA  0.085768179
[137]           NA           NA           NA           NA           NA           NA 10.344791248           NA
[145]           NA  0.869003246  0.212173208           NA           NA           NA           NA  9.309264329
[153]  4.891503582           NA           NA           NA           NA           NA           NA           NA
[161]           NA  2.126630305           NA           NA           NA           NA  8.039774343           NA
[169]           NA           NA           NA           NA  9.428823180           NA           NA           NA
[177] 10.634334556  5.057879961  2.283623678 10.521999287           NA           NA           NA 12.313616562
[185]           NA           NA           NA           NA           NA           NA           NA           NA
[193]           NA           NA  9.857815248           NA           NA           NA           NA           NA
[201]           NA           NA  0.422133689  6.067734551           NA  2.888981131           NA           NA
[209]           NA           NA           NA           NA  3.600095388           NA           NA  0.058510692
[217]           NA           NA           NA  3.559324194           NA           NA           NA           NA
[225] 10.043856730  9.426349041           NA  3.164265406           NA           NA           NA           NA
[233]           NA           NA           NA           NA           NA           NA           NA           NA
[241]           NA           NA           NA 10.283997218           NA           NA           NA           NA
[249]           NA           NA  1.313924250           NA           NA           NA           NA           NA
[257]           NA           NA           NA           NA           NA           NA           NA  3.100388054
[265]  1.239223183           NA           NA           NA           NA           NA           NA           NA
[273]           NA           NA           NA  7.226047055  6.483615663           NA           NA           NA
[281]           NA           NA           NA           NA           NA  3.176556993           NA           NA
[289]           NA           NA           NA  6.481955871           NA           NA           NA           NA
[297]           NA           NA           NA           NA           NA           NA           NA           NA
[305]           NA           NA           NA           NA           NA           NA           NA           NA
[313]  4.140943548  3.919911911           NA           NA  3.102239285  4.067250020  2.703403227           NA
[321]           NA           NA           NA           NA           NA           NA           NA           NA
[329]           NA           NA           NA           NA           NA  2.907147701           NA           NA
[337]           NA           NA           NA           NA           NA           NA           NA           NA
[345]           NA           NA           NA           NA           NA           NA           NA           NA
[353]           NA           NA           NA           NA           NA  2.365823675  2.482592034           NA
[361]           NA           NA  6.535167747           NA  2.367749503           NA           NA           NA
[369]           NA           NA           NA           NA           NA           NA           NA           NA
[377]           NA           NA  3.677192441           NA  0.260381851  0.484241174           NA           NA
[385]           NA           NA           NA  3.538126346           NA           NA           NA           NA
[393]  4.927958638           NA           NA           NA  2.480993726           NA           NA           NA
[401]           NA           NA           NA           NA           NA           NA           NA           NA
[409]           NA           NA  2.427663477           NA           NA           NA           NA           NA
[417]           NA           NA           NA           NA           NA           NA           NA           NA
[425]           NA           NA           NA           NA           NA           NA           NA           NA
[433]           NA           NA  4.197155291           NA           NA           NA           NA           NA
[441]           NA           NA           NA           NA           NA           NA           NA  2.642417471
[449]           NA           NA           NA           NA           NA           NA           NA  3.736755865
[457]           NA           NA           NA           NA           NA           NA           NA           NA
[465]           NA           NA           NA           NA           NA           NA           NA           NA
[473]           NA  0.409561280           NA           NA           NA           NA           NA           NA
[481]  1.783830957           NA           NA           NA           NA           NA           NA           NA
[489]           NA           NA           NA           NA           NA  1.849509838           NA           NA
[497]           NA           NA           NA           NA           NA           NA           NA           NA
[505]           NA           NA           NA           NA           NA           NA           NA           NA
[513]           NA           NA           NA           NA           NA           NA           NA           NA
[521]           NA           NA           NA           NA           NA           NA           NA           NA
[529]           NA  1.134274701           NA           NA           NA           NA           NA           NA
[537]           NA  2.088394519           NA           NA           NA           NA           NA           NA
[545]           NA           NA           NA           NA           NA           NA           NA           NA
[553]           NA           NA           NA           NA           NA           NA           NA           NA
[561]           NA           NA           NA           NA           NA           NA           NA           NA
[569]  1.215537178           NA           NA           NA           NA           NA           NA  0.811917300
[577]           NA           NA           NA           NA           NA           NA           NA           NA
[585]           NA           NA           NA           NA           NA           NA           NA           NA
[593]           NA           NA           NA           NA           NA           NA           NA           NA
[601]           NA           NA           NA           NA           NA           NA           NA           NA
[609]           NA  0.418317413           NA           NA           NA           NA           NA           NA
[617]           NA           NA           NA           NA           NA           NA           NA

$TS
  [1] 40.817258985 36.262490223 36.201622191 31.084589019 26.806663312 22.985490717 20.333877191 14.024014679
  [9]  6.539443288 36.037883443 33.915205161 33.090179507 29.190103790 26.773352495 23.329922490 18.126471745
 [17] 16.720873013 32.877174932 30.089978855 23.466775258 21.235686710 20.480331788 20.374727333  6.331333154
 [25]  4.737567801  2.466748270 30.226450197 28.604827004 27.163695170 20.683330157  9.444767627  3.880163496
 [33] 31.686529111 25.261712581 24.460785357 22.481783597 25.782619595 25.688062113 24.239498842 20.837084995
 [41] 14.040806126 13.628233704 10.535885598  8.897552469 20.623097700 16.394850058 10.870356844 18.264324191
 [49] 21.052730871 20.850912689 17.899793014 14.272535095  8.584700326  5.165881299  0.568208712  8.211750109
 [57]  6.977200818 11.562841311 11.427832960 11.259188514  6.417538712  5.780818402  4.094635204 20.833070512
 [65] 22.850374850 20.871838471  8.787264546  4.082255196 19.619785735 19.307746304 18.337205042  3.978721318
 [73]  3.862191866  2.458892121  1.495110101 18.591020044 15.823116839 14.737529682 10.388626376 16.309124793
 [81] 14.618123310 10.233423147 19.767478742 12.647158821 10.890773231 10.834953804  5.621608739  4.183611235
 [89] 20.419261093 11.823893044  9.535025212 16.019054473 13.743206748  9.974079091 16.464582863 19.734231229
 [97] 15.335860202 14.716821929 13.313445157 11.359926852  9.789853512 20.165693572 19.350327821 18.701601910
[105] 17.304957705 14.234594750  9.669332167 19.966856966 20.210707773 18.484425581 13.329275436 11.376552407
[113] 11.096751263 10.904982154  4.165300242  3.358404187 17.929145950 13.464241252 11.530476981 17.684795920
[121] 18.808601230 11.910364375  7.694062782  1.875516363 13.728666586  1.088009034 15.747798617 18.246746048
[129] 16.486892778 16.226228716 15.486833874  6.653923996  6.534892904  2.025430982  5.075867365  0.456478998
[137] 17.915068787  6.919881627  3.179771229  0.564145089 18.194610246 17.406520290 12.915274598 12.055736913
[145]  0.482259237 15.394147856 10.136622798  7.346257382  2.961089881  7.477302870 17.828629746 11.903823157
[153]  9.161837106  4.735319830 14.877944471 14.060444724  0.979306133  1.176707153 14.652091082  4.358863392
[161] 12.603833735  5.643255514  3.983005517  2.345044166 15.462982445 15.458856094  9.064529292 15.542317725
[169]  9.978007259  7.788202666 10.778230458 13.699290868 10.057058175  7.304476256 13.851926791 11.866522022
[177] 11.261123217  7.025065015  5.640549813 10.806228646  3.927927333  1.864740023  1.595320779 15.415216415
[185]  8.765869147 12.849250801 11.296681457  1.490805664 14.754747947 13.218752045  6.085887389  4.277684883
[193] 14.584561844  6.842330439 10.116908381  7.745352709  7.526700808  3.805632429 13.553051582 10.810670824
[201]  9.270963551  0.869040682 11.985987934  9.751990358  1.064983219 12.856376033  8.904675335  4.430731325
[209]  2.394324533 11.760656060  8.510869777  8.451532826  6.427952292 13.116397349 11.427613994  8.761100636
[217]  7.919562385  3.719004644  2.276027864 11.947031942 10.694932424  5.591288344  4.807111628  2.876218836
[225] 12.213559091 10.964502332  5.822065483  5.479830977  3.003769246  2.745484285  8.219462809  7.733180823
[233]  6.509982884  2.813851437  7.979838340  7.682629665  8.198507229  4.453415540  7.464072844  7.267188038
[241]  8.121243398  7.996806289  3.704896391 12.364606697 11.553156151  2.227067632  1.101240192 11.527260236
[249] 10.668773101 10.674925607  5.661492620  5.141410601 11.360910673 11.065526014 10.655342727  9.429902182
[257]  2.264771378  1.779795510  6.969738470  3.169453498  9.440533168  7.863405649  6.651082113  6.420144352
[265]  5.266512257  1.124114350  1.019701202 11.236958225  9.068820503  3.593053638  2.950376078  6.963057231
[273]  7.267692615  4.610015917  3.060128693  9.416334969 10.346996985  1.997587698  0.085195291 10.503608115
[281]  8.963256748  4.175886447  8.569187521  3.980953516  4.619400961  8.453971100  9.962704583  4.993325057
[289]  3.952224390  5.057334487  8.067137089  7.623335175  7.259278028 10.276206905  4.378704328  8.542086387
[297] 10.290807780  3.658850516  1.341439381  1.212256674  0.199293504  8.466579711  7.728419035  5.675583741
[305]  3.552629432  2.671114101  0.268411425  7.677589104  7.303558789 10.102521043  3.289601576  3.116087883
[313]  8.703055585  4.554378150  8.898601101  8.482914364  6.601915927 10.088127701  5.210270023  3.092603850
[321]  7.296455887  5.978034326  5.390367351  4.860945443  7.893368896  2.897191974  1.843910338  8.385986246
[329]  0.761951232  0.545037554  9.666912487  6.290930135  7.419515522  5.651906987  2.260244635  6.595944459
[337]  0.773892114  0.687948977  6.178635757  5.408961291  3.943005843  0.164446769  0.016618881  0.005096621
[345]  6.114414550  3.691369709  2.541721989  0.273192163  7.367832664  3.806700751  2.905778380  0.038158026
[353]  4.144105413  6.229187018  2.599565485  8.109177482  5.057986692  7.216916097  4.852324229  2.634212912
[361]  6.562916706  5.091255195  7.539770658  4.132161847  2.633554927  7.940487965  2.124150601  1.534782435
[369]  1.252491814  2.614139413  0.790292457  5.915509118  0.938030534  5.551067874  8.147320246  3.585228338
[377]  3.795497596  4.641748329  5.128571522  4.854275248  4.040785965  0.739202218  1.196726274  0.268798342
[385]  5.636734591  4.024004842  1.714556977  6.773700453  7.948865826  6.766384138  4.622817643  2.301506395
[393]  5.582795118  4.158348607  1.780545285  7.366290600  6.413271912  5.294232394  0.284367240  4.354612145
[401]  7.596906117  0.591318361  3.807784224  3.286434498  5.582483915  3.621002514  2.267092667  4.377592473
[409]  3.374244542  7.679038136  3.111851473  0.222787905  5.394598785  4.028173228  0.460625291  0.060411945
[417]  3.523708122  0.522279869  6.568458658  4.145093588  1.903443614  0.803411692  0.762685057  2.875225591
[425]  0.940460191  1.439407165  5.609883707  4.845698568  4.690923686  0.224710806  3.425455245  5.194889379
[433]  5.022476810  0.411305256  5.150454930  5.871079530  1.584475565  5.816652618  6.036840522  5.418486189
[441]  3.265133286  5.854022828  2.410858880  3.604452929  4.066105477  6.148604029  0.562048666  5.258370475
[449]  3.286264840  0.832837510  5.908713393  3.586666023  2.519161032  4.893129736  5.924919725  3.911395629
[457]  2.023669815  2.684306842  3.084901896  4.419572437  3.869069422  3.209798659  1.043851765  1.822418917
[465]  2.034454799  2.445212326  0.708011061  0.575690705  2.456701185  1.401884129  1.614778052  0.335368701
[473]  5.390883696  0.940486161  3.286379366  2.881673376  5.486964254  5.305160632  4.593792232  5.313849136
[481]  4.805136060  1.618639321  3.163450685  4.238553151  4.732733423  2.986991443  2.630093037  0.161270077
[489]  2.636489557  0.614835169  0.310600042  4.038841202  4.923500906  3.053687314  3.865035019  0.813293374
[497]  4.210962414  3.859738851  2.297875841  1.627085896  3.317534034  4.057028356  3.773600886  3.527515450
[505]  2.846349902  4.482055716  3.626623671  1.728661468  4.571161576  2.031261893  1.394434411  0.493941046
[513]  2.731084431  3.734518029  2.987346938  3.737097182  4.357924508  3.062072725  4.111521191  4.053937450
[521]  4.178637231  4.096714806  1.520822957  1.293798355  4.117343393  2.354530209  0.894859787  4.130759337
[529]  0.483118062  1.898744979  3.460441050  0.765328421  0.479996358  3.120173659  2.475435316  3.600771135
[537]  1.999592659  3.486696824  0.331644627  2.215697509  0.328474345  2.538869919  2.469638807  2.484677610
[545]  1.231202310  2.949755878  1.273078564  1.410166975  1.305277312  3.020515729  1.764057426  1.334498789
[553]  0.953646755  1.864723171  0.095095169  3.120669258  0.467568073  3.528406373  1.136287961  2.976997860
[561]  3.340266580  1.385356501  1.150421214  1.147131091  1.531238754  1.481404741  1.022500721  0.012869941
[569]  3.183921329  2.182161675  2.035642939  1.215644237  1.046553882  1.505178065  1.816368490  1.609573447
[577]  2.829736428  2.129246740  0.313554227  1.862096887  2.522638814  2.464596908  1.744649913  2.532385317
[585]  2.762565368  2.560519739  1.469669335  0.523142246  1.923984260  1.133090947  1.951968495  1.791450262
[593]  0.391138314  2.426400847  0.983869669  1.836548102  0.592710595  0.617007278  0.068349082  1.988086772
[601]  0.543292443  1.537522198  1.622490187  1.696382684  1.239506152  0.929006768  1.480358229  0.513634019
[609]  0.025768909  0.908005503  0.238042181  0.203610801  0.241084194  0.393837722  0.749305780  0.521919978
[617]  0.389752612  0.997885584  0.681820664  0.116024221  0.728063785  0.531578558  0.398144057

$PAR
  [1]  NA   1   1   1   1   1   1   1   1   3   3  10  10  10  10  10  10  11  11  11  11  11  11  11  11  11  12  12
 [29]  12  12  12  12  18  18  18  18  27  19  19  19  19  19  19  19  28  29  29  37  35  35  35  35  35  35  35  39
 [57]  39  20  20  20  20  20  20  15   6   6   6   6  65  65  65  65  65  65  65  36  36  36  36  21  21  21  49  66
 [85]  66  66  66  66  50  50  50  40  40  40  64  30  45  45  45  45  45  22  22  22  22  22  22  89  23  23  23  23
[113]  23  23  23  23   7   7   7 108  83  83  83  83  96  96 103 121 121 121 121 121 104 104 110 110  48  48  48  48
[141] 128 128 128 141 141  16  16  16  16 117 137 137 137 137  51 151 151 105  17  17 129 129 129 129  95  95  46  80
[169] 130 130  77 127 168 168 131 131 131 131 131 165 165 165 165 166 166 184 146 146 155 155 155 155 189 189  78  78
[197]  78  78 159  81  81 193  52  52  52 106 156 156 156  41  41  41  41 175  93 125 125 125 125 172 172 172 172 172
[225] 199 118 118 118 118 118 111 111 111 111  99  99 190 190 214 214 206 206 206  84 161 161 161 225 225 144 144 144
[253] 203 203 203 220 122 122  90  90 210 245 245 245 245 245 245 119 119 119 119 248  59  59 215 112 253 253 253 100
[281] 187 187  60  60 268 113 254  85  86 171 221 221 221 250 250 249 255 255 255 255 255  43  43  43  43 280 280 277
[309] 277 297 297 297 294 294  82  82  82 147 147 147 310 169 169 169  94  94  94 101 101 101 204 204 107 107 107 331
[337] 331 331  31 261 261 261 261 261 256 256 256 256 201 201 201 201 281 207 207 315 315  67  67  67 185 313  53 283
[365] 283 296 296 296 211 316 316 302 302 286 212 212 231  56 237 237 237 375 241 241 356 356 356 291 242 242 235 235
[393] 389 389 366 217 217 217 325 262 170 170 196 196 232 232 232 303 303 123 236 236 410 410 410 410 197 197 150 150
[421] 150 150 239 333 333 349 174 309 309 309 321 273 273 273 240  57  57 259 272 272 138 194 194 388 390 132 263 419
[449] 419 361 233 233 233 213 264 264  61 397  24 332 354 354 345 439 372 451 436 442 227 227 438 438 304 304 251 385
[477]  87 427 222 393 374 374 477 228 440 440 440 323 265  54 252 379 362 362 135 135 357 433 288 493 324 359 481 481
[505] 481  25 154 154 485 485 485 485 391 285 479 509 238 238 160 160 517 517 192 484 497  88  88 282 394 420 364 528
[533] 519  63  63 445 445 520 492 163 163 284 284  72  72 289 341 181  32 461 461 461 461 498 498 377 514 218 298 444
[561] 270 452 558 558 504 531 409 409 311 311 441 462 139 483 534 534 320 229 515 149 326 224 224 505 234 585 230 230
[589] 306 306 487 347 584 581 453 543  74 209 219 246 571 134 537 554 580 580 575 592 258 604 482 183 368 566 607 587
[617] 511 547 572 158 606 610 447

$EXTANT
  [1]  TRUE FALSE FALSE FALSE FALSE  TRUE FALSE FALSE FALSE FALSE  TRUE FALSE FALSE FALSE FALSE  TRUE  TRUE FALSE  TRUE
 [20]  TRUE FALSE FALSE  TRUE  TRUE FALSE FALSE FALSE FALSE  TRUE FALSE  TRUE FALSE FALSE  TRUE  TRUE FALSE FALSE FALSE
 [39] FALSE  TRUE FALSE FALSE  TRUE  TRUE FALSE  TRUE FALSE  TRUE FALSE FALSE  TRUE  TRUE  TRUE  TRUE  TRUE  TRUE  TRUE
 [58] FALSE  TRUE  TRUE  TRUE  TRUE  TRUE FALSE  TRUE  TRUE  TRUE  TRUE FALSE FALSE FALSE  TRUE  TRUE  TRUE  TRUE FALSE
 [77] FALSE  TRUE FALSE  TRUE  TRUE  TRUE  TRUE FALSE FALSE  TRUE  TRUE  TRUE FALSE  TRUE FALSE FALSE  TRUE  TRUE FALSE
 [96]  TRUE FALSE FALSE  TRUE FALSE  TRUE FALSE FALSE FALSE  TRUE  TRUE  TRUE FALSE FALSE  TRUE  TRUE FALSE FALSE FALSE
[115]  TRUE FALSE  TRUE  TRUE  TRUE FALSE  TRUE  TRUE FALSE  TRUE  TRUE  TRUE FALSE FALSE  TRUE FALSE  TRUE  TRUE  TRUE
[134]  TRUE  TRUE FALSE  TRUE  TRUE  TRUE  TRUE  TRUE  TRUE FALSE  TRUE  TRUE FALSE FALSE  TRUE  TRUE  TRUE  TRUE FALSE
[153] FALSE  TRUE  TRUE  TRUE  TRUE  TRUE  TRUE  TRUE  TRUE FALSE  TRUE  TRUE  TRUE  TRUE FALSE  TRUE  TRUE  TRUE  TRUE
[172]  TRUE FALSE  TRUE  TRUE  TRUE FALSE FALSE FALSE FALSE  TRUE  TRUE  TRUE FALSE  TRUE  TRUE  TRUE  TRUE  TRUE  TRUE
[191]  TRUE  TRUE  TRUE  TRUE FALSE  TRUE  TRUE  TRUE  TRUE  TRUE  TRUE  TRUE FALSE FALSE  TRUE FALSE  TRUE  TRUE  TRUE
[210]  TRUE  TRUE  TRUE FALSE  TRUE  TRUE FALSE  TRUE  TRUE  TRUE FALSE  TRUE  TRUE  TRUE  TRUE FALSE FALSE  TRUE FALSE
[229]  TRUE  TRUE  TRUE  TRUE  TRUE  TRUE  TRUE  TRUE  TRUE  TRUE  TRUE  TRUE  TRUE  TRUE  TRUE FALSE  TRUE  TRUE  TRUE
[248]  TRUE  TRUE  TRUE FALSE  TRUE  TRUE  TRUE  TRUE  TRUE  TRUE  TRUE  TRUE  TRUE  TRUE  TRUE  TRUE FALSE FALSE  TRUE
[267]  TRUE  TRUE  TRUE  TRUE  TRUE  TRUE  TRUE  TRUE  TRUE FALSE FALSE  TRUE  TRUE  TRUE  TRUE  TRUE  TRUE  TRUE  TRUE
[286] FALSE  TRUE  TRUE  TRUE  TRUE  TRUE FALSE  TRUE  TRUE  TRUE  TRUE  TRUE  TRUE  TRUE  TRUE  TRUE  TRUE  TRUE  TRUE
[305]  TRUE  TRUE  TRUE  TRUE  TRUE  TRUE  TRUE  TRUE FALSE FALSE  TRUE  TRUE FALSE FALSE FALSE  TRUE  TRUE  TRUE  TRUE
[324]  TRUE  TRUE  TRUE  TRUE  TRUE  TRUE  TRUE  TRUE  TRUE  TRUE FALSE  TRUE  TRUE  TRUE  TRUE  TRUE  TRUE  TRUE  TRUE
[343]  TRUE  TRUE  TRUE  TRUE  TRUE  TRUE  TRUE  TRUE  TRUE  TRUE  TRUE  TRUE  TRUE  TRUE  TRUE FALSE FALSE  TRUE  TRUE
[362]  TRUE FALSE  TRUE FALSE  TRUE  TRUE  TRUE  TRUE  TRUE  TRUE  TRUE  TRUE  TRUE  TRUE  TRUE  TRUE  TRUE FALSE  TRUE
[381] FALSE FALSE  TRUE  TRUE  TRUE  TRUE  TRUE FALSE  TRUE  TRUE  TRUE  TRUE FALSE  TRUE  TRUE  TRUE FALSE  TRUE  TRUE
[400]  TRUE  TRUE  TRUE  TRUE  TRUE  TRUE  TRUE  TRUE  TRUE  TRUE  TRUE FALSE  TRUE  TRUE  TRUE  TRUE  TRUE  TRUE  TRUE
[419]  TRUE  TRUE  TRUE  TRUE  TRUE  TRUE  TRUE  TRUE  TRUE  TRUE  TRUE  TRUE  TRUE  TRUE  TRUE  TRUE FALSE  TRUE  TRUE
[438]  TRUE  TRUE  TRUE  TRUE  TRUE  TRUE  TRUE  TRUE  TRUE  TRUE FALSE  TRUE  TRUE  TRUE  TRUE  TRUE  TRUE  TRUE FALSE
[457]  TRUE  TRUE  TRUE  TRUE  TRUE  TRUE  TRUE  TRUE  TRUE  TRUE  TRUE  TRUE  TRUE  TRUE  TRUE  TRUE  TRUE FALSE  TRUE
[476]  TRUE  TRUE  TRUE  TRUE  TRUE FALSE  TRUE  TRUE  TRUE  TRUE  TRUE  TRUE  TRUE  TRUE  TRUE  TRUE  TRUE  TRUE FALSE
[495]  TRUE  TRUE  TRUE  TRUE  TRUE  TRUE  TRUE  TRUE  TRUE  TRUE  TRUE  TRUE  TRUE  TRUE  TRUE  TRUE  TRUE  TRUE  TRUE
[514]  TRUE  TRUE  TRUE  TRUE  TRUE  TRUE  TRUE  TRUE  TRUE  TRUE  TRUE  TRUE  TRUE  TRUE  TRUE  TRUE FALSE  TRUE  TRUE
[533]  TRUE  TRUE  TRUE  TRUE  TRUE FALSE  TRUE  TRUE  TRUE  TRUE  TRUE  TRUE  TRUE  TRUE  TRUE  TRUE  TRUE  TRUE  TRUE
[552]  TRUE  TRUE  TRUE  TRUE  TRUE  TRUE  TRUE  TRUE  TRUE  TRUE  TRUE  TRUE  TRUE  TRUE  TRUE  TRUE  TRUE FALSE  TRUE
[571]  TRUE  TRUE  TRUE  TRUE  TRUE FALSE  TRUE  TRUE  TRUE  TRUE  TRUE  TRUE  TRUE  TRUE  TRUE  TRUE  TRUE  TRUE  TRUE
[590]  TRUE  TRUE  TRUE  TRUE  TRUE  TRUE  TRUE  TRUE  TRUE  TRUE  TRUE  TRUE  TRUE  TRUE  TRUE  TRUE  TRUE  TRUE  TRUE
[609]  TRUE FALSE  TRUE  TRUE  TRUE  TRUE  TRUE  TRUE  TRUE  TRUE  TRUE  TRUE  TRUE  TRUE  TRUE

