
Birth-death simulation object with 617 species and 500 extant species

Details for some species:

Extinction times (NA means extant)
[1] 38.12047 57.66215 38.08934 23.71191 38.39804 23.87616


Speciation times 
[1] 67.40083 59.93787 46.61013 45.13733 44.37821 37.11738


Species parents (NA for initial)
[1] NA  1  1  1  3  4


Species status (extinct or extant)
[1] "extinct" "extinct" "extinct" "extinct" "extinct" "extinct"


For more details on vector y, try sim$y, with y one of
TE TS PAR EXTANT



$TE
  [1] 38.1204668 57.6621506 38.0893447 23.7119079 38.3980394 23.8761563         NA 30.2751343 11.6919988         NA
 [11] 39.1094372 27.3128126  8.5991805         NA         NA         NA  5.6876257         NA         NA  1.8134249
 [21]         NA         NA 15.7434786         NA         NA         NA         NA  4.5886173         NA         NA
 [31]         NA         NA         NA         NA         NA  2.5167492  0.5707258         NA 12.8711381         NA
 [41]  9.7863386         NA 10.5140771  2.8687575         NA         NA         NA  4.2054238         NA  9.3150950
 [51]         NA         NA         NA         NA  1.9950330         NA 18.7257756         NA         NA 10.1061380
 [61] 15.3389691  2.4199209         NA         NA         NA         NA         NA         NA  5.6641177 11.5427857
 [71]         NA  4.1575347         NA         NA         NA 12.6784047         NA         NA         NA         NA
 [81] 10.2827392 14.8591105         NA  4.3371480  7.4868317 10.1041019         NA         NA  8.8259882  1.7913966
 [91]  8.7611440  7.7755264         NA         NA         NA         NA         NA         NA  2.7145837         NA
[101]         NA         NA  6.7861327 13.0520907         NA         NA         NA         NA         NA  5.7928263
[111]         NA         NA         NA         NA         NA         NA  8.1298642         NA  7.9005162         NA
[121]         NA         NA  2.6724591         NA         NA         NA         NA         NA         NA         NA
[131]         NA         NA         NA         NA  1.8150424         NA         NA         NA  3.0309301         NA
[141]         NA         NA         NA  4.1554557         NA         NA         NA         NA         NA         NA
[151]         NA         NA         NA         NA         NA         NA         NA         NA         NA         NA
[161]         NA         NA  9.5419017         NA         NA         NA  2.0986435  1.7857314         NA         NA
[171]         NA         NA         NA         NA         NA  0.4718058  9.8720357  1.3633279         NA         NA
[181]         NA         NA         NA         NA         NA         NA         NA         NA         NA         NA
[191]         NA  1.1544442         NA  6.4298989         NA         NA         NA  2.3563363         NA         NA
[201]         NA         NA         NA  0.8409748         NA         NA         NA         NA         NA         NA
[211]         NA         NA         NA         NA         NA         NA         NA         NA  0.4533389         NA
[221]         NA         NA         NA  3.5104061  5.7918738         NA         NA         NA         NA         NA
[231]         NA         NA  8.0114615         NA         NA         NA         NA         NA         NA         NA
[241]         NA         NA         NA         NA  8.7809089         NA  4.8856008         NA         NA         NA
[251]         NA  1.9313047  4.3892199  8.4382632  8.6950052         NA  4.5016934         NA  1.3829712         NA
[261]         NA         NA         NA 10.0142162         NA         NA         NA         NA         NA  6.4617594
[271]  2.2473777         NA         NA         NA         NA         NA         NA  2.1256059  1.2477513         NA
[281]         NA         NA         NA         NA  3.1935923         NA  1.1489293         NA         NA         NA
[291]         NA         NA         NA  0.2798292  1.1693724         NA         NA         NA         NA         NA
[301]  8.2106617  4.4763616         NA  0.1388634         NA         NA         NA         NA         NA  2.4112474
[311]         NA  2.9932436         NA         NA         NA         NA         NA         NA  4.6404090         NA
[321]         NA         NA         NA         NA         NA  0.4325442         NA         NA         NA         NA
[331]         NA  1.1284795  1.4073293         NA         NA         NA         NA  4.5342433         NA         NA
[341]         NA         NA         NA         NA         NA  3.9011982         NA  4.2859552         NA  0.3883367
[351]         NA         NA         NA  3.2353838         NA         NA         NA         NA         NA         NA
[361]         NA         NA         NA  1.9530640         NA  4.0200675         NA  1.6296900         NA         NA
[371]         NA         NA         NA         NA         NA         NA         NA         NA         NA  0.5008055
[381]         NA         NA         NA         NA  0.2675368         NA         NA  4.4367447         NA         NA
[391]  1.3821703         NA  0.2500998         NA         NA         NA         NA         NA         NA         NA
[401]         NA         NA         NA         NA         NA         NA         NA         NA         NA         NA
[411]  1.8615150         NA         NA         NA         NA         NA         NA         NA         NA         NA
[421]         NA         NA  2.1161507         NA         NA  1.8209746         NA         NA         NA         NA
[431]         NA         NA         NA         NA  1.6243203         NA         NA         NA  3.3474060         NA
[441]         NA         NA  2.2832689         NA         NA         NA         NA         NA         NA         NA
[451]         NA         NA         NA         NA         NA         NA         NA         NA         NA         NA
[461]         NA         NA  2.5394358         NA         NA         NA         NA         NA         NA         NA
[471]         NA         NA         NA         NA         NA         NA         NA         NA         NA         NA
[481]  1.7179142         NA         NA         NA         NA         NA         NA         NA         NA         NA
[491]         NA         NA         NA         NA         NA         NA         NA         NA         NA         NA
[501]         NA         NA         NA         NA         NA         NA         NA         NA         NA         NA
[511]         NA         NA         NA         NA         NA         NA         NA         NA  3.6875749         NA
[521]         NA         NA         NA         NA         NA         NA         NA         NA         NA         NA
[531]         NA         NA         NA         NA         NA         NA         NA         NA         NA         NA
[541]         NA         NA         NA         NA         NA  1.8659463         NA         NA         NA         NA
[551]         NA         NA         NA         NA         NA         NA         NA         NA         NA         NA
[561]         NA         NA         NA         NA         NA         NA         NA         NA         NA         NA
[571]         NA         NA         NA         NA         NA         NA         NA         NA         NA         NA
[581]  0.6116869         NA         NA         NA         NA         NA         NA         NA         NA         NA
[591]         NA         NA         NA  0.3737353         NA         NA         NA         NA         NA         NA
[601]         NA         NA  1.0918030         NA         NA         NA         NA         NA         NA         NA
[611]         NA         NA         NA         NA         NA         NA         NA

$TS
  [1] 67.400826282 59.937872979 46.610133927 45.137328249 44.378205968 37.117375949 36.099383378 36.088464090
  [9] 31.388375249 43.732683265 40.135097130 31.972984295 31.505972380 24.717375687 23.430307963 22.390032033
 [17] 19.126925542 18.100567150 18.043319251  6.183330493 22.761595780 19.143023416 17.986318013 17.511101174
 [25]  6.826654638  6.397769237 30.649469680 26.989685861 26.526517097 13.879171650 18.167562766 22.315908053
 [33] 11.124122217  8.793476512  4.983422722  4.538660593  4.386457192  2.195152217 17.435641283  7.179376590
 [41] 18.001166468 13.733724885 13.536322756  9.473817654  1.962199938 21.210381297 18.387314316 17.926853641
 [49] 14.743229974 13.311563327 12.780415771  5.110632360 17.446892872  8.518494501  8.481880762  1.540076057
 [57] 19.500884833 11.715680332 21.276957565 20.116998974 19.534661280 17.358229101  4.445933259  2.279550440
 [65] 21.813352170 10.389130728  0.665223317  7.143694120 19.707370346 16.138883085 12.653471812 10.353927818
 [73]  8.098173027  2.585214464  1.325583289 20.145786145 14.060077203  7.168357649  3.206406499 15.959564295
 [81] 13.343087522 17.791314825 15.718403382 13.864031064 13.819020193 12.845074216 12.417766571 15.211508586
 [89] 13.319479785  7.643520977 16.802225136 18.289846515 15.342255823 12.015289507  6.717128863  1.022445122
 [97] 16.488983742 13.768171922  8.228710687  1.900516709 15.899375120 12.281530779  8.439925007 16.452597994
[105]  9.652341106  2.983827694 16.604343187 11.855318662 17.524556121 10.515764937 10.303490876  9.817432141
[113]  7.074375594 16.903482190 10.088101210 16.831055487 12.641282991  7.762733866 16.640141233  5.622014785
[121] 16.812441164 14.789097874 13.896189098 11.724172278  9.110712301  8.306365963 13.468589169 12.716456902
[129]  8.466645331  5.578942725  7.875407761  0.362289809 15.245318363 13.380076708  8.365977923 14.681689756
[137]  8.402005750  4.640574017  8.867954579 14.356315163  6.493641203  0.620606155 10.085010553 10.031652111
[145]  7.032508069  4.169091751 14.047089315  9.644825005  7.328713688  2.649189923  1.731410140  6.414888005
[153]  6.028636878 13.056870078 12.242797926 10.752526393  9.594523541  8.930102221  7.424815105  6.986113378
[161]  4.871664574  1.257508328 13.759016911 13.377462874 10.095822513  1.242008246  6.306337526  4.766160425
[169] 12.389416606  4.213491428  3.056520820  6.745083900  0.636481455 12.712246992  8.271130671  2.060193576
[177] 13.758218024 11.275555506  8.518641240  5.774661504 11.348162564  4.192554186  2.394932231  0.045956428
[185] 13.581491037 10.638763431 10.472138308  9.230285403  5.026779414  8.748775379 13.185106404  9.820700225
[193] 11.355474245  9.432822111  7.371710706  3.683801205  1.528080923 12.026257973 11.399281997 10.585671995
[201]  6.000946501  3.051457429 11.473803601 12.811716240  9.456858535  7.530057357  2.511892645  0.615937545
[209] 10.510186458 11.194294795  7.215129815  4.987377561  4.322505458  3.544292310  8.840786962  2.644584606
[217]  2.225623604 10.479593937  4.484255438  2.532524712  1.017865011  0.305195067 12.269747268 11.957508196
[225] 11.878678338 10.478736166  9.333821884  6.453797405  3.600119922 10.713049712  9.290224564  6.189321146
[233] 11.707681901 11.122021966  7.038502303  6.510022814  3.887598697  6.828279958  5.742913576  5.355991785
[241]  5.290682234  5.995765218  1.599579027 11.012580333 11.251817290  6.131663048  8.554510550  5.375927536
[249]  2.597708014  4.442373530  0.194599179  3.472864414  9.817399920 10.143829983 10.769530109  1.536096598
[257]  6.259943837  0.795833218  8.270654197  6.604398282  6.662662307  1.899501718  9.956033703 10.336548597
[265]  8.460847983  9.221228869  7.921689850  0.068204471  9.152936253  9.063149679  4.275768807  3.594986781
[273] 10.178668236  9.630732246  9.946869816  8.371029033  6.570763982  5.870757206  1.649693621  2.713996531
[281]  2.146796094  1.062093483  8.613266722  0.003645738  9.751344773  8.831352748  8.690545854  6.671337319
[289]  2.339818828  1.313039823  3.486390593  1.160473023  9.497703018  7.970824854  5.697907250  8.407073353
[297]  0.547044806  8.584944659  6.192819469  0.002554280  9.784385457  9.185212010  5.550454424  2.840199838
[305]  8.905181505  8.383109717  5.006158118  1.374757769  8.636343271  7.654205111  3.335248360  8.871954029
[313]  2.221869913  1.924219728  7.170961236  6.830241576  7.381263814  2.119659744  8.043850526  3.635053615
[321]  8.174872815  1.150829387  0.048963246  4.447141720  3.123581963  0.549519587  9.153682351  0.983594231
[329]  0.890458087  1.263656401  1.836477924  1.344634119  7.328866765  5.877537993  4.566730286  3.575517846
[337]  7.963812239  7.914557050  6.600498823  1.861982905  3.295548286  0.865818486  3.745777476  3.284994748
[345]  7.152332135  5.485515275  5.132682136  8.823957431  7.463173169  7.424392714  6.541763218  6.221035994
[353]  4.050792193  4.661423036  4.224612660  3.531551674  7.556282550  5.430079412  6.027798834  5.255670964
[361]  4.124113343  7.448772237  3.390236151  7.177377904  6.919404807  6.899062462  8.111466459  5.199717952
[369]  3.644605534  2.395990139  1.165482265  7.696937697  7.671037423  7.483025088  4.031344242  5.087731472
[377]  5.503006618  1.734649965  6.922467224  2.375461845  0.307260642  0.897623146  5.424013665  6.454101804
[385]  5.454167822  1.334650985  1.932789248  7.936351830  1.078245921  7.437550494  4.256396775  2.212385899
[393]  5.214452772  6.548653706  5.469044149  4.825390475  5.979661260  4.093908069  2.856238703  5.408306141
[401]  7.574827745  3.234445923  4.490928713  1.798979466  2.966873690  1.536082937  6.789621530  0.955064722
[409]  6.467470964  4.827750925  5.336815127  2.028051659  2.894493965  0.917042398  0.437007277  3.438964801
[417]  3.491572633  2.103082490  6.242326069  6.621286805  5.646336349  3.444065731  2.977623299  6.845183682
[425]  2.593486346  5.145640079  5.009315211  0.979638868  3.079306839  1.187039559  4.245432476  0.026979916
[433]  0.905063205  4.956934515  6.615647532  2.694759266  0.641730926  1.279978694  5.376828185  3.553015571
[441]  5.463982875  0.081350472  4.162942566  2.953206280  2.458625734  2.496189134  1.558321208  3.126867372
[449]  4.281763181  2.734007097  6.122641495  3.499544887  4.948087013  4.431482663  3.285874532  2.991509197
[457]  2.456926387  3.015933567  0.807869858  5.657384769  3.340968578  5.322659469  4.463856732  4.070974000
[465]  4.171188890  2.393959851  1.063453399  3.450758489  5.617803452  2.962626545  1.763374965  0.897348217
[473]  5.136076247  1.897044725  3.770578774  3.105085461  4.728685379  4.399651537  4.224816475  4.911248475
[481]  5.440854530  2.698093929  5.224458629  3.772827314  4.489713543  1.559708258  1.076953610  2.784923310
[489]  0.814138859  0.353080473  5.053680212  2.898415684  2.134458215  0.839887743  0.145547406  4.755216118
[497]  4.304418321  0.642355089  0.170992758  4.647160461  4.128077882  2.558118458  1.181100270  0.882033968
[505]  2.256195289  4.117176133  1.536781636  4.266845144  2.480090533  3.872639964  3.086121677  0.428251831
[513]  2.798388381  4.443858466  3.045550882  2.810382472  3.232710823  0.479134406  4.449048054  4.055044515
[521]  1.503272003  3.908720020  1.764606479  1.496042404  3.509640007  3.265965590  0.108337850  3.565219702
[529]  3.170486788  1.973825974  3.146929874  1.677614908  2.646241098  1.681655051  1.821053275  1.969356032
[537]  0.936188779  0.802014259  1.881884538  2.461387150  3.121815808  1.711419686  0.611343379  3.238387007
[545]  2.339459321  2.679256245  0.288981187  0.436043252  1.815271553  0.592539504  2.740055031  1.444218877
[553]  1.982338223  1.406635243  1.294138691  0.396637682  1.450953188  0.881212754  0.063869657  2.817042926
[561]  2.323734962  2.456339510  0.996903280  1.846604052  1.694790730  1.581363840  1.466579053  0.159389241
[569]  1.149583556  0.261509441  1.776518391  0.119363044  0.810183889  0.311056270  0.517552028  1.906983790
[577]  1.550468535  1.232380756  1.804558505  1.752362619  1.895919830  0.830698641  0.940233285  1.791420293
[585]  1.061268852  1.092824010  0.730160779  1.356364808  1.123191270  0.108084402  0.055656048  0.661094658
[593]  1.374868982  0.641699107  0.960058974  0.626671379  0.393482434  0.268844744  0.034927081  1.060070714
[601]  1.224187033  0.914767884  1.094564255  0.561663908  0.152324834  0.753311559  0.452393374  0.318955471
[609]  0.124284125  0.455917911  0.353714551  0.331386948  0.152823731  0.115014653  0.307983012  0.067941529
[617]  0.028099587

$PAR
  [1]  NA   1   1   1   3   4   4   4   4   5   5  10  10  10  10  10  10  10  10  10   7   7   7   7   7   7  12  13
 [29]  13  13   9  27  27  27  27  27  27  27  28  28  29  29  29  29  29  14  14  14  14  14  14  14  15  15  15  15
 [57]  21  21  16  16  16  16  16  16  32  32  32  65  59  59  59  59  59  59  59  46  46  46  46  76  76  60  60  60
 [85]  60  60  60  69  69  69  22  17  17  17  47  47  92  31  31  31  18  18  18  19  19  19  41  41  48  48  48  48
[113]  48 109 109  24  24  24  53  53  62  62  62  62  62  62 116 116 116 116 121 121 119 119 119 107  97  97  80 101
[141] 101 101  83  83  83  83  93  93  93  93  93 133 133  88  88  88  88  88  88  88  88  88 122 122  49  49 136 136
[169] 140 140 140  77  77 147 147 147 123 123 123 123  30  30  30  30  84  84  84  84  84  98 177  42 185 185 185 134
[197] 134 164 164 164 164 164  81 191 154 154 154 154 204  51  51 128 128 128  87  87  87 169 169 169 169 169 102 102
[225] 102 102 102 102 102 223 223 223 155 155 155 155 155 198 198 198 198  94  94 224 225 225 108 108 108 124 124  58
[253] 233 203 199 199 193 193 181 181 178 178 245 210 210  33  33  33 234 234 234 234 244 255 156 156 156 156 156 230
[281] 230 230 186 200 209 209 209 209 209 226 187 187  66  66  72 111 111 273 273 273 115 115 115 115 143 143 143 143
[309] 275 275 275 192 192 192 112 285 105 105 148 148 157 157 157 293  44 205 194 227 231 188 266 266 327 327 327 327
[337] 125 158 158 158 305 305 139 139 215 215 215 286 286 286 286 286 286  34  34  34 190 190 287 287 287 309 309 298
[365] 298 298 179 179  54  54  54  55  55  55  55 265 296 296 137 137 276 126 259 367 367 367  73 319 294 337 337 337
[393] 388 267 267 267 131 131 131 372 373 373  90 357 206 206 374 374 349 349 362 159 350 350 350 317 195 195 333 149
[421] 211 211  78 345  68 113 113 113 235 235 160 379 365 366 424 407 407 172 288 288 261 261 420 435 435 260 260 339
[449] 277 277 141 141 409 409 409 409 409 384 152  26  26 419 419 352 299 299 232  20 246 246 451 451 359 242 397 397
[477] 334 334 180 239 460 421 469 303 377 395 395 441 441 441 385 385 385 385 383 400 400 240 240 411 241 360 483 393
[505] 368  52  52 376 376  35  35  35 453 161 161 161 396 396 168 500 335  36 219 219  63 514 514 271 170 146 398 522
[533] 510 510 475 320 229 229 528 440 452 468 468 422 461 341 344 544 402  79 325 476 515 456 470 444 413 413 399 304
[561] 304 516 516 513 551 280 280 482 533  74 509 509 540 457 380 545 313 313  38  38 493 553 387 474 474 539 331 549
[589] 579 584 523 580 378 542 577 577 256 197 521 524 555 162 569 487 414 558 582 489 538 592 437 575 610 415 490 547
[617] 495

$EXTANT
  [1] FALSE FALSE FALSE FALSE FALSE FALSE  TRUE FALSE FALSE  TRUE FALSE FALSE FALSE  TRUE  TRUE  TRUE FALSE  TRUE  TRUE
 [20] FALSE  TRUE  TRUE FALSE  TRUE  TRUE  TRUE  TRUE FALSE  TRUE  TRUE  TRUE  TRUE  TRUE  TRUE  TRUE FALSE FALSE  TRUE
 [39] FALSE  TRUE FALSE  TRUE FALSE FALSE  TRUE  TRUE  TRUE FALSE  TRUE FALSE  TRUE  TRUE  TRUE  TRUE FALSE  TRUE FALSE
 [58]  TRUE  TRUE FALSE FALSE FALSE  TRUE  TRUE  TRUE  TRUE  TRUE  TRUE FALSE FALSE  TRUE FALSE  TRUE  TRUE  TRUE FALSE
 [77]  TRUE  TRUE  TRUE  TRUE FALSE FALSE  TRUE FALSE FALSE FALSE  TRUE  TRUE FALSE FALSE FALSE FALSE  TRUE  TRUE  TRUE
 [96]  TRUE  TRUE  TRUE FALSE  TRUE  TRUE  TRUE FALSE FALSE  TRUE  TRUE  TRUE  TRUE  TRUE FALSE  TRUE  TRUE  TRUE  TRUE
[115]  TRUE  TRUE FALSE  TRUE FALSE  TRUE  TRUE  TRUE FALSE  TRUE  TRUE  TRUE  TRUE  TRUE  TRUE  TRUE  TRUE  TRUE  TRUE
[134]  TRUE FALSE  TRUE  TRUE  TRUE FALSE  TRUE  TRUE  TRUE  TRUE FALSE  TRUE  TRUE  TRUE  TRUE  TRUE  TRUE  TRUE  TRUE
[153]  TRUE  TRUE  TRUE  TRUE  TRUE  TRUE  TRUE  TRUE  TRUE  TRUE FALSE  TRUE  TRUE  TRUE FALSE FALSE  TRUE  TRUE  TRUE
[172]  TRUE  TRUE  TRUE  TRUE FALSE FALSE FALSE  TRUE  TRUE  TRUE  TRUE  TRUE  TRUE  TRUE  TRUE  TRUE  TRUE  TRUE  TRUE
[191]  TRUE FALSE  TRUE FALSE  TRUE  TRUE  TRUE FALSE  TRUE  TRUE  TRUE  TRUE  TRUE FALSE  TRUE  TRUE  TRUE  TRUE  TRUE
[210]  TRUE  TRUE  TRUE  TRUE  TRUE  TRUE  TRUE  TRUE  TRUE FALSE  TRUE  TRUE  TRUE  TRUE FALSE FALSE  TRUE  TRUE  TRUE
[229]  TRUE  TRUE  TRUE  TRUE FALSE  TRUE  TRUE  TRUE  TRUE  TRUE  TRUE  TRUE  TRUE  TRUE  TRUE  TRUE FALSE  TRUE FALSE
[248]  TRUE  TRUE  TRUE  TRUE FALSE FALSE FALSE FALSE  TRUE FALSE  TRUE FALSE  TRUE  TRUE  TRUE  TRUE FALSE  TRUE  TRUE
[267]  TRUE  TRUE  TRUE FALSE FALSE  TRUE  TRUE  TRUE  TRUE  TRUE  TRUE FALSE FALSE  TRUE  TRUE  TRUE  TRUE  TRUE FALSE
[286]  TRUE FALSE  TRUE  TRUE  TRUE  TRUE  TRUE  TRUE FALSE FALSE  TRUE  TRUE  TRUE  TRUE  TRUE FALSE FALSE  TRUE FALSE
[305]  TRUE  TRUE  TRUE  TRUE  TRUE FALSE  TRUE FALSE  TRUE  TRUE  TRUE  TRUE  TRUE  TRUE FALSE  TRUE  TRUE  TRUE  TRUE
[324]  TRUE  TRUE FALSE  TRUE  TRUE  TRUE  TRUE  TRUE FALSE FALSE  TRUE  TRUE  TRUE  TRUE FALSE  TRUE  TRUE  TRUE  TRUE
[343]  TRUE  TRUE  TRUE FALSE  TRUE FALSE  TRUE FALSE  TRUE  TRUE  TRUE FALSE  TRUE  TRUE  TRUE  TRUE  TRUE  TRUE  TRUE
[362]  TRUE  TRUE FALSE  TRUE FALSE  TRUE FALSE  TRUE  TRUE  TRUE  TRUE  TRUE  TRUE  TRUE  TRUE  TRUE  TRUE  TRUE FALSE
[381]  TRUE  TRUE  TRUE  TRUE FALSE  TRUE  TRUE FALSE  TRUE  TRUE FALSE  TRUE FALSE  TRUE  TRUE  TRUE  TRUE  TRUE  TRUE
[400]  TRUE  TRUE  TRUE  TRUE  TRUE  TRUE  TRUE  TRUE  TRUE  TRUE  TRUE FALSE  TRUE  TRUE  TRUE  TRUE  TRUE  TRUE  TRUE
[419]  TRUE  TRUE  TRUE  TRUE FALSE  TRUE  TRUE FALSE  TRUE  TRUE  TRUE  TRUE  TRUE  TRUE  TRUE  TRUE FALSE  TRUE  TRUE
[438]  TRUE FALSE  TRUE  TRUE  TRUE FALSE  TRUE  TRUE  TRUE  TRUE  TRUE  TRUE  TRUE  TRUE  TRUE  TRUE  TRUE  TRUE  TRUE
[457]  TRUE  TRUE  TRUE  TRUE  TRUE  TRUE FALSE  TRUE  TRUE  TRUE  TRUE  TRUE  TRUE  TRUE  TRUE  TRUE  TRUE  TRUE  TRUE
[476]  TRUE  TRUE  TRUE  TRUE  TRUE FALSE  TRUE  TRUE  TRUE  TRUE  TRUE  TRUE  TRUE  TRUE  TRUE  TRUE  TRUE  TRUE  TRUE
[495]  TRUE  TRUE  TRUE  TRUE  TRUE  TRUE  TRUE  TRUE  TRUE  TRUE  TRUE  TRUE  TRUE  TRUE  TRUE  TRUE  TRUE  TRUE  TRUE
[514]  TRUE  TRUE  TRUE  TRUE  TRUE FALSE  TRUE  TRUE  TRUE  TRUE  TRUE  TRUE  TRUE  TRUE  TRUE  TRUE  TRUE  TRUE  TRUE
[533]  TRUE  TRUE  TRUE  TRUE  TRUE  TRUE  TRUE  TRUE  TRUE  TRUE  TRUE  TRUE  TRUE FALSE  TRUE  TRUE  TRUE  TRUE  TRUE
[552]  TRUE  TRUE  TRUE  TRUE  TRUE  TRUE  TRUE  TRUE  TRUE  TRUE  TRUE  TRUE  TRUE  TRUE  TRUE  TRUE  TRUE  TRUE  TRUE
[571]  TRUE  TRUE  TRUE  TRUE  TRUE  TRUE  TRUE  TRUE  TRUE  TRUE FALSE  TRUE  TRUE  TRUE  TRUE  TRUE  TRUE  TRUE  TRUE
[590]  TRUE  TRUE  TRUE  TRUE FALSE  TRUE  TRUE  TRUE  TRUE  TRUE  TRUE  TRUE  TRUE FALSE  TRUE  TRUE  TRUE  TRUE  TRUE
[609]  TRUE  TRUE  TRUE  TRUE  TRUE  TRUE  TRUE  TRUE  TRUE

