
Birth-death simulation object with 661 species and 500 extant species

Details for some species:

Extinction times (NA means extant)
[1] 44.29391 43.08623 45.62971 25.44214 37.25322       NA


Speciation times 
[1] 66.57777 63.25636 57.23246 45.51642 49.30453 57.21676


Species parents (NA for initial)
[1] NA  1  1  1  2  3


Species status (extinct or extant)
[1] "extinct" "extinct" "extinct" "extinct" "extinct" "extant" 


For more details on vector y, try sim$y, with y one of
TE TS PAR EXTANT



$TE
  [1] 44.29390747 43.08623162 45.62970546 25.44213712 37.25321657          NA 36.54175175          NA  0.42965220
 [10] 15.34059301  0.08235091  8.68025375  1.66479173          NA 35.76871611 20.85473171          NA 24.17630545
 [19] 24.51014949  8.74346593          NA          NA          NA 45.03987378 29.35611165 19.24721960 19.51169117
 [28]  0.05342654 31.24805204 18.62501185 18.38522917  6.54188175 12.79102828          NA 24.22313494          NA
 [37]  2.58080769 26.66621871          NA 18.16576784 20.49590243 10.24548377 15.45022077          NA          NA
 [46]          NA 15.82985790 29.39802272          NA          NA 23.00229981 12.00169043          NA          NA
 [55]          NA          NA          NA          NA          NA          NA 18.81388168 10.95527132 20.86054835
 [64]          NA          NA          NA          NA          NA          NA 13.21232643 24.87026365          NA
 [73]          NA 17.75269244  7.09273337          NA          NA          NA  4.56380888          NA          NA
 [82]          NA 19.52407078          NA          NA  5.91780625  0.06526517 14.89640545  4.46344112          NA
 [91]          NA 13.70131453  1.70273524 15.23583816  1.72565604  9.61727126  0.14476113 25.16868160          NA
[100]  6.93422282          NA          NA          NA          NA  5.32623390          NA          NA  0.23449266
[109] 14.92669845          NA          NA          NA          NA 10.34716139 11.80157953          NA          NA
[118]          NA          NA          NA          NA          NA  8.33712613          NA          NA  8.33242976
[127]          NA          NA          NA          NA 11.39018728 21.94327987          NA          NA  2.70585171
[136]          NA          NA  2.05325122          NA          NA          NA          NA  0.75568744          NA
[145]  2.52546307          NA          NA          NA 23.45403329  3.35069370 14.51288679          NA  7.29340358
[154]          NA          NA          NA          NA          NA          NA          NA          NA  3.95677201
[163]          NA          NA          NA          NA          NA 24.24712257          NA          NA 12.38687204
[172] 14.93127675  4.31980440  9.23177301          NA          NA          NA          NA 16.31275350          NA
[181]          NA          NA          NA          NA 11.17428948          NA          NA          NA          NA
[190]          NA  8.31229162 20.02238720          NA 14.66315059          NA          NA          NA          NA
[199]          NA          NA  3.61490716  5.45463037          NA          NA          NA          NA          NA
[208]          NA  8.86308625  8.90504634          NA  6.54831554  0.48060241          NA          NA          NA
[217]          NA  2.24105081          NA  3.85883463          NA  6.54022995          NA          NA          NA
[226] 14.86420391          NA          NA  1.22790318          NA          NA          NA 16.25368921          NA
[235]          NA          NA          NA          NA          NA          NA          NA          NA  0.91111012
[244]          NA          NA          NA 11.88072464 11.03463034          NA  6.87030565  7.06376114          NA
[253]          NA          NA          NA          NA          NA          NA          NA          NA          NA
[262]          NA  4.59692973  9.23613230  4.90812643          NA          NA          NA 11.75519452 11.98363455
[271]          NA          NA  0.91273032          NA  4.49171744  2.76495803  7.10661657          NA          NA
[280]          NA          NA          NA  5.84848145  5.04651344          NA          NA          NA  1.18536006
[289]          NA 12.18776040          NA          NA          NA          NA  1.60584781          NA          NA
[298]          NA          NA  6.54580033          NA          NA  5.91277023          NA          NA  2.12205527
[307]          NA          NA          NA          NA          NA  3.74265412          NA          NA          NA
[316]          NA          NA          NA          NA          NA          NA          NA  1.33994334          NA
[325]          NA          NA          NA          NA          NA          NA          NA          NA          NA
[334]  4.30149344          NA          NA          NA          NA          NA          NA          NA          NA
[343]  1.68831246          NA  4.34691241          NA          NA          NA          NA          NA          NA
[352]          NA  8.00904112  2.56665594          NA          NA          NA          NA          NA  0.23642046
[361]          NA          NA          NA          NA          NA          NA          NA          NA          NA
[370]          NA          NA          NA          NA          NA          NA          NA          NA          NA
[379]  4.36087263          NA          NA          NA          NA  3.70291102          NA          NA  8.89039984
[388]          NA          NA          NA          NA          NA          NA  4.99235231          NA  3.01454451
[397]          NA          NA          NA  8.02271220          NA          NA          NA          NA          NA
[406]          NA          NA          NA          NA          NA          NA          NA          NA          NA
[415]          NA          NA          NA          NA          NA  1.08052218  7.25557784          NA          NA
[424]          NA          NA          NA          NA          NA          NA          NA          NA          NA
[433]          NA          NA          NA  2.49305703          NA          NA          NA          NA          NA
[442]  6.49054519          NA  4.47577422          NA          NA          NA          NA          NA          NA
[451]          NA          NA          NA          NA          NA          NA  2.01137187          NA          NA
[460]          NA  4.04344672  5.52475897          NA          NA          NA  6.30624939          NA          NA
[469]          NA          NA          NA          NA          NA          NA          NA          NA          NA
[478]          NA          NA  3.63648226          NA  3.63767178          NA          NA          NA          NA
[487]  5.44205596          NA  2.11819729          NA          NA          NA          NA          NA          NA
[496]  3.86601051          NA          NA          NA  1.69776607          NA  0.36412879          NA  0.45758140
[505]          NA          NA  1.68029508          NA          NA          NA          NA          NA          NA
[514]          NA          NA          NA          NA          NA          NA          NA  0.39169953          NA
[523]  1.52100444          NA          NA  0.19317906          NA          NA          NA          NA          NA
[532]          NA          NA          NA          NA          NA          NA          NA          NA          NA
[541]          NA          NA          NA          NA          NA          NA          NA          NA          NA
[550]          NA          NA          NA          NA          NA          NA          NA          NA          NA
[559]          NA          NA          NA          NA          NA          NA          NA  2.83343517          NA
[568]          NA          NA          NA          NA          NA          NA          NA  0.92869365          NA
[577]          NA          NA          NA          NA          NA          NA          NA          NA          NA
[586]          NA          NA          NA          NA          NA          NA          NA          NA          NA
[595]          NA          NA          NA          NA  1.83066675          NA          NA          NA          NA
[604]          NA  0.43940725          NA          NA          NA          NA          NA          NA          NA
[613]          NA          NA          NA          NA          NA          NA          NA          NA          NA
[622]          NA          NA          NA  0.41455072          NA          NA          NA          NA          NA
[631]          NA          NA          NA          NA          NA  0.94256857          NA          NA          NA
[640]          NA          NA          NA          NA          NA          NA          NA          NA          NA
[649]          NA          NA          NA          NA          NA          NA          NA          NA          NA
[658]          NA          NA          NA          NA

$TS
  [1] 66.577773219 63.256361171 57.232456504 45.516416011 49.304534223 57.216756624 54.362714335 48.258649942
  [9] 38.785968385 36.915377376 35.062947973 27.141096237  3.534151327 52.507965875 49.662572876 45.745085055
 [17] 44.246964714 43.903943026 29.521318277 16.586152084  6.890222530 41.816498587 41.101101832 47.380123451
 [25] 41.959582487 23.030730687 19.948882659  5.946864777 41.463783332 34.611383359 23.813958967 45.186242997
 [33] 29.891273442 37.010967682 28.609694006 25.934994495  3.832750275 32.517506304 28.753714078 33.273177200
 [41] 40.955115334 23.360695464 16.844780154  8.111194458  7.831499143  4.080496441 37.300702832 32.879544051
 [49] 32.082123311 30.524725117 28.812613544 28.266691344 20.116017901 16.499075094 15.445852990 13.717325735
 [57]  2.158007846 29.319809199 28.218242522 26.619127884 24.037202642 31.458093122 24.916024755 20.842750946
 [65] 20.596707968  0.987862270 20.361983482 15.129129479  8.226950801 33.854126490 28.991021267 15.531673687
 [73] 32.224197498 30.307556261 24.320278888 20.924881937  8.299882488  6.286162658 24.713934109 23.960732984
 [81] 20.247930887 16.762302272 30.504975803 23.929310735 29.557393490 19.406497955 17.413196827 17.368049172
 [89] 15.937469269 10.462720369  0.166507841 23.998435524 18.682421446 25.564415821 18.300983586 15.547953598
 [97]  0.536316288 29.028888442 27.235742335 18.475804571 15.404016188 27.121067038 23.158483081 19.663571846
[105] 17.912675489  8.333136990  5.977454688 25.367828652 24.653700218 26.346365474 21.985535609 18.261527385
[113]  9.740309756 25.474738669 18.753820064 15.936157505  7.078036700  1.353834386  0.019222476 12.040499445
[121] 25.170574944 16.795548202 15.368614095 13.646745720  3.809480476 21.771650211 16.960849967  7.381971647
[129]  2.003103840  0.579351347 25.926222928 25.878073026 16.299277175  9.315558855  7.100577859  6.850379716
[137]  4.881788600  3.665798493  0.083578672 12.838487076 10.598929841  5.904587250  1.944837556 23.914810091
[145] 17.681727853 13.644610457  8.953805644  1.104602331 25.864362251 19.509861622 16.183008628 15.695068861
[153] 13.443706211 25.610426473 18.755787713  7.254779384  1.178763717 14.969138098 21.846283058  9.105450968
[161]  5.808859415 12.224507230 11.651003663 10.954207769  9.063361860  8.182831324  0.980303771 24.381417061
[169] 10.812876708 23.573677723 20.814671786 20.444939528 12.427069425 11.368832654  6.759303747  1.536649850
[177] 20.629831837 22.177358080 21.058872526 16.392889058 12.324239680  8.324306980  7.276497619  7.120411357
[185] 11.909862008 10.390142704  7.254449543  6.611809278  2.552131340  0.590445588 20.427723615 20.371981837
[193]  3.635005092 17.947338635 17.858314320 15.777885280 15.218898086  8.409854514  1.708618640 18.797857317
[201] 18.765335557 17.987542893 17.048607039  5.104383848  0.710614460  4.563498670 13.489865387  1.274621623
[209] 10.954280146 17.684399279  2.553571399 10.620409984  1.031979178 15.174241641 10.267427668  3.350143491
[217]  5.318180400  4.838487785  9.749591724  9.276724889  1.418817449  7.948849710 13.969584699 13.979652602
[225]  7.367227676 17.142250113 17.058956940 16.769280311 10.916200190  8.934714977  6.947545346  2.312788891
[233] 16.403488697  5.698695316  0.395108697  0.180943578 14.144925673 15.299493608 14.386030352 16.744380169
[241] 14.658899096 11.619447541  2.049752189 15.255651918 16.430624531  3.921368488 16.036793774 13.924592131
[249]  5.372092672 15.001056985 10.886606862  4.805301636  2.352088994  1.501565996 13.788815898 15.677575442
[257]  3.862532649 11.029546616 10.420233527  7.111613017  3.570073682  0.979924050  7.336708136 16.162542898
[265] 14.624320446  1.975179081 14.224299970 10.296835445 15.576139023 14.349487431 12.607483986 10.449998399
[273]  9.039915296  6.978528294 14.152291203 13.445252192 12.882942140 12.357529889 12.117814947  5.930038386
[281]  0.295587909 11.694925559  9.381342340  5.392407555 14.043752850 10.609963766 10.391964252  4.197321578
[289]  0.094274171 14.854101971  6.695980509  4.022173638  2.655202082  0.156892486  7.578119705  9.760600898
[297]  9.554747354  5.061537437  6.084258940  8.736206006  2.593544070 10.967794548 10.839707633  5.736018858
[305] 10.770041258  6.702980903 13.699115862  6.412214553  5.522241888  0.351819488 12.530387317 12.464544209
[313]  4.576555978  3.894824456 11.001062648 12.870712535  9.904062913  6.220458433 13.073434416  8.046178577
[321]  9.767984444  9.561436541  8.308380228  5.596171216  4.165745326  2.915948441  2.883785526  7.373799351
[329]  8.826945449  3.287742019  1.929065040  3.441048353  0.424865920  8.716031530  4.225760764  1.766905787
[337]  0.711943016  8.167023373  6.139006784  5.945618641 11.598623113 11.419187350  9.910064383  6.985615233
[345]  4.569346777  5.331217304 12.124058485 10.834796194  6.921438756  2.070419317  0.635859449  6.176952664
[353]  9.439964722 10.383046466  9.190558572  4.047801484  5.505232891  5.328122497  9.317905475 10.642440649
[361]  1.460514892  0.877631786  5.575651518  7.902270159  6.826635881  9.963912599  9.897615329  8.407441244
[369]  3.925708584  6.020602561  4.637725132  9.120539806  3.351542426  9.095068844  8.133407549  7.038119419
[377]  6.234556429  4.184584680  9.863613899  3.661014071  3.355184602  2.907137356  0.814794405  4.181277489
[385]  2.092709392  0.936675219  9.674558581  9.605900077  1.081135681  8.627864659  5.767612028  3.975059321
[393]  9.384037455  8.137715539  6.456707956  9.564076461  6.240558159  3.254217029  2.950013562  8.360144578
[401]  2.488098768  1.512240869  7.309975965  6.610558140  3.535918578  4.537736554  1.977516309  5.912427324
[409]  4.946419690  4.533332977  7.710805651  6.609675098  8.704561108  2.258950200  1.581897295  3.848635924
[417]  0.574712642  8.548031036  7.465074918  6.041603607  7.603308351  3.275300010  1.094020112  4.883030481
[425]  7.495628185  5.002164862  3.444640025  0.639121646  1.615875384  3.506873937  2.367025917  4.000619055
[433]  2.839615731  6.282814105  1.335429194  5.951282416  0.736493908  5.706555180  5.458246120  4.869675579
[441]  3.514934166  7.176412750  1.231763379  6.142260032  5.698440401  5.479245826  2.567218568  7.623377461
[449]  2.489274871  4.513213955  6.480250960  3.129889913  6.454486021  3.938078959  6.201790993  5.578338744
[457]  7.432994912  1.209311342  7.081761491  0.004757212  6.009266742  5.590440480  1.045341884  7.069716307
[465]  6.787731808  6.482046026  3.270459061  6.795812929  3.252370209  6.625086058  4.316978578  4.031241438
[473]  1.692550088  1.434875117  6.580303092  3.985302316  0.268578801  6.213032668  5.509965594  3.739520248
[481]  1.984228343  6.634232754  2.193034637  1.697840171  1.456263004  1.008020308  5.532278393  2.277820897
[489]  6.400042112  2.744382016  1.067300091  4.490243242  3.480101537  2.569619107  5.100622877  6.207830700
[497]  2.940955423  5.157739204  5.379568963  3.471757658  0.905749673  4.350706483  1.096939923  5.286096077
[505]  2.341844110  5.576976280  4.691623635  0.537365243  0.954040472  4.446100441  0.500368643  6.132562993
[513]  1.863741998  0.171978634  4.022802009  0.700031058  2.863271579  3.285881866  0.997042404  0.150272548
[521]  3.822998317  1.633516553  3.870794413  2.918684350  0.674470600  0.849602913  4.331968315  0.129677009
[529]  3.484658603  5.261785726  2.560981389  1.035488175  4.886509940  4.192136320  1.976632061  3.989778345
[537]  2.928622015  2.035771033  0.615239390  2.712216685  2.649154663  0.329200784  2.233793042  1.334637428
[545]  0.895080675  3.964415997  3.841528715  4.721371283  3.213429447  4.544995981  3.274770544  0.738496207
[553]  1.756373159  3.981585449  1.914404398  2.009203945  3.467151372  1.309349322  4.211858603  4.357753606
[561]  4.261969143  2.269251207  1.166320731  1.928006747  4.219737556  3.709887666  1.373406874  3.628351980
[569]  0.938351773  3.220349336  1.923711046  0.790764070  0.841987547  3.231045042  2.994832081  0.033491627
[577]  1.898523941  1.784486106  2.811109841  1.198084011  0.263921588  0.008014500  2.157855745  0.696298263
[585]  0.628532030  3.517136631  3.125155775  2.179084332  2.112774959  3.431430333  0.760764368  0.143167750
[593]  3.041793211  0.205781013  0.147145917  0.334213877  3.424640746  0.534991142  2.349302084  0.717644466
[601]  3.385867650  0.475821237  1.746579846  2.165854268  1.714449257  0.120391448  3.069988957  1.000790203
[609]  0.765398524  0.904461178  0.588951660  2.443718552  1.324933511  0.425361555  0.001161343  2.403581759
[617]  2.292819791  1.835552650  1.738311064  1.133574546  1.536367909  1.646081060  1.497618308  0.422296289
[625]  1.049458641  0.317989102  0.746362286  0.377290220  0.272783917  1.601244251  1.374722907  0.290921663
[633]  1.361276018  0.984838483  0.367009358  1.031594519  1.123969161  0.881288627  0.447255965  0.315648982
[641]  0.942557057  0.578167100  0.505302648  0.765870791  0.139637131  0.930268466  0.586333294  0.893928793
[649]  0.187022711  0.027191209  0.949914886  0.664739242  0.439666743  0.216268673  0.599615807  0.562608720
[657]  0.159199809  0.113977747  0.052802650  0.133381189  0.014677007

$PAR
  [1]  NA   1   1   1   2   3   3   3   6   6   6   6   6   7   7   7  14  14  14  14  14   5   5   8   8   8   8   8  16
 [30]  16  16   4   4  32  17  17  17  18  18  25  22  22  22  22  22  22  29  23  23  23  23  23  23  23  23  23  23  41
 [59]  41  41  41   9   9   9   9   9  47  34  34  10  10  10  11  11  11  11  11  11  70  70  70  70  40  40  73  73  73
 [88]  73  73  73  73  62  62  50  50  50  50  74  33  33  33  85  85  85  85  85  85  19  19  58  58  58  58  71  39  39
[117]  39  39  39  52  59  59  59  59  99  12 102 102 102 102  60  60  60  60  60  60  60  60  60 110 110 110 110  36  36
[146]  36  36  36 131 131 131 131 131 132 154 154 154 114 108 108 108 121 121 121 121 121 121  79  79 109  75  92  80  80
[175]  80  84 144  31  31 170 170 170 170 170  42  42 103 103 103 103  26 178 178 111 111 111 111 111 111 159 126 179 179
[204]  64  64 177  65  65 191  67  67  81  81  53  53  53 104 104 150 150 200 201 115  93 100  95  95  95  95 112 112 112
[233] 194 195 195 195 210 145 145  87  87  87  87 226 227 227 203 127 127 122 122 122 122 122 228  82  82 240 240 240 240
[262] 240  54 245 245 245 133 133 151 264 116 116 116 116 196 196 196 196 196 196 196 152 152 152 256 256 256 256 256  72
[291]  55  55  55 238 244 197 197 197 214 158 158 265 265 265 239 239 270 267 267 267 223 223 255 255 307 124 124 124 207
[320] 207 276 276 276 276 276 276 319 277 140 140 140 271 271 311 311 311 311 173 173 173 278 278 278 278 278 181 162 347
[349] 279 282 282 163 242 341 341 341 342 342 174 258 258 258 302 251 303 212 272 272 272 259 259 287 287 186 186 268 268
[378] 268 215 366 366 366 366 317 317 317 367 367 367 379 379 321 296 219 219 113 113 113 113 388 388 388 396 396 396 297
[407] 297 393 393 134 355 372 374 374 374 165 165 273 273 273 230 230 230 329 413 413 413 413 390 198 198 106 106 182 182
[436]  77  77  69  69 166 166 338 338 394 394 394 375  44  44 320 364 364 411 295 425 425 419 128 225 225 403 183 156 442
[465] 442 184 260 135 135 459 459 459 459 117 344 344 274 231 231 231 349  21  21 136 136 365 175 306 291 470 470 188 188
[494] 188 404 412 412 475 395 395 395 453 308  78  78 397 397 397 377 318 478 352 352 352 339 107  28 280 280 280 408 438
[523] 234 324 324 363 479 479 357 284 346 346 358 358 530 498 498 498 498 495 298 298 426 409 409 533 533 424 424 137 440
[552] 440 252 548 548 507 371 371 313 345 206 450 510 560 502 527 527 471 471 561 335 335 565 534 356 356 472 432 536 476
[581] 476 392 546 454 369 523 257 416 547 521 568 261 586 586 586 441 529 427 332 590 597 518 551 467 467 467 469 469 574
[610] 549 607 399 326 326 327 490 401 431 253 617 543 481 481 407 564 564 577 513 513 618 578 199 473 630 621 631 544 544
[639] 613 613 443 443 563 503 389 491 491 532 532 608 509 362 573 591 428 351 130 417 629 514 514

$EXTANT
  [1] FALSE FALSE FALSE FALSE FALSE  TRUE FALSE  TRUE FALSE FALSE FALSE FALSE FALSE  TRUE FALSE FALSE  TRUE FALSE FALSE
 [20] FALSE  TRUE  TRUE  TRUE FALSE FALSE FALSE FALSE FALSE FALSE FALSE FALSE FALSE FALSE  TRUE FALSE  TRUE FALSE FALSE
 [39]  TRUE FALSE FALSE FALSE FALSE  TRUE  TRUE  TRUE FALSE FALSE  TRUE  TRUE FALSE FALSE  TRUE  TRUE  TRUE  TRUE  TRUE
 [58]  TRUE  TRUE  TRUE FALSE FALSE FALSE  TRUE  TRUE  TRUE  TRUE  TRUE  TRUE FALSE FALSE  TRUE  TRUE FALSE FALSE  TRUE
 [77]  TRUE  TRUE FALSE  TRUE  TRUE  TRUE FALSE  TRUE  TRUE FALSE FALSE FALSE FALSE  TRUE  TRUE FALSE FALSE FALSE FALSE
 [96] FALSE FALSE FALSE  TRUE FALSE  TRUE  TRUE  TRUE  TRUE FALSE  TRUE  TRUE FALSE FALSE  TRUE  TRUE  TRUE  TRUE FALSE
[115] FALSE  TRUE  TRUE  TRUE  TRUE  TRUE  TRUE  TRUE FALSE  TRUE  TRUE FALSE  TRUE  TRUE  TRUE  TRUE FALSE FALSE  TRUE
[134]  TRUE FALSE  TRUE  TRUE FALSE  TRUE  TRUE  TRUE  TRUE FALSE  TRUE FALSE  TRUE  TRUE  TRUE FALSE FALSE FALSE  TRUE
[153] FALSE  TRUE  TRUE  TRUE  TRUE  TRUE  TRUE  TRUE  TRUE FALSE  TRUE  TRUE  TRUE  TRUE  TRUE FALSE  TRUE  TRUE FALSE
[172] FALSE FALSE FALSE  TRUE  TRUE  TRUE  TRUE FALSE  TRUE  TRUE  TRUE  TRUE  TRUE FALSE  TRUE  TRUE  TRUE  TRUE  TRUE
[191] FALSE FALSE  TRUE FALSE  TRUE  TRUE  TRUE  TRUE  TRUE  TRUE FALSE FALSE  TRUE  TRUE  TRUE  TRUE  TRUE  TRUE FALSE
[210] FALSE  TRUE FALSE FALSE  TRUE  TRUE  TRUE  TRUE FALSE  TRUE FALSE  TRUE FALSE  TRUE  TRUE  TRUE FALSE  TRUE  TRUE
[229] FALSE  TRUE  TRUE  TRUE FALSE  TRUE  TRUE  TRUE  TRUE  TRUE  TRUE  TRUE  TRUE  TRUE FALSE  TRUE  TRUE  TRUE FALSE
[248] FALSE  TRUE FALSE FALSE  TRUE  TRUE  TRUE  TRUE  TRUE  TRUE  TRUE  TRUE  TRUE  TRUE  TRUE FALSE FALSE FALSE  TRUE
[267]  TRUE  TRUE FALSE FALSE  TRUE  TRUE FALSE  TRUE FALSE FALSE FALSE  TRUE  TRUE  TRUE  TRUE  TRUE FALSE FALSE  TRUE
[286]  TRUE  TRUE FALSE  TRUE FALSE  TRUE  TRUE  TRUE  TRUE FALSE  TRUE  TRUE  TRUE  TRUE FALSE  TRUE  TRUE FALSE  TRUE
[305]  TRUE FALSE  TRUE  TRUE  TRUE  TRUE  TRUE FALSE  TRUE  TRUE  TRUE  TRUE  TRUE  TRUE  TRUE  TRUE  TRUE  TRUE FALSE
[324]  TRUE  TRUE  TRUE  TRUE  TRUE  TRUE  TRUE  TRUE  TRUE  TRUE FALSE  TRUE  TRUE  TRUE  TRUE  TRUE  TRUE  TRUE  TRUE
[343] FALSE  TRUE FALSE  TRUE  TRUE  TRUE  TRUE  TRUE  TRUE  TRUE FALSE FALSE  TRUE  TRUE  TRUE  TRUE  TRUE FALSE  TRUE
[362]  TRUE  TRUE  TRUE  TRUE  TRUE  TRUE  TRUE  TRUE  TRUE  TRUE  TRUE  TRUE  TRUE  TRUE  TRUE  TRUE  TRUE FALSE  TRUE
[381]  TRUE  TRUE  TRUE FALSE  TRUE  TRUE FALSE  TRUE  TRUE  TRUE  TRUE  TRUE  TRUE FALSE  TRUE FALSE  TRUE  TRUE  TRUE
[400] FALSE  TRUE  TRUE  TRUE  TRUE  TRUE  TRUE  TRUE  TRUE  TRUE  TRUE  TRUE  TRUE  TRUE  TRUE  TRUE  TRUE  TRUE  TRUE
[419]  TRUE FALSE FALSE  TRUE  TRUE  TRUE  TRUE  TRUE  TRUE  TRUE  TRUE  TRUE  TRUE  TRUE  TRUE  TRUE  TRUE FALSE  TRUE
[438]  TRUE  TRUE  TRUE  TRUE FALSE  TRUE FALSE  TRUE  TRUE  TRUE  TRUE  TRUE  TRUE  TRUE  TRUE  TRUE  TRUE  TRUE  TRUE
[457] FALSE  TRUE  TRUE  TRUE FALSE FALSE  TRUE  TRUE  TRUE FALSE  TRUE  TRUE  TRUE  TRUE  TRUE  TRUE  TRUE  TRUE  TRUE
[476]  TRUE  TRUE  TRUE  TRUE FALSE  TRUE FALSE  TRUE  TRUE  TRUE  TRUE FALSE  TRUE FALSE  TRUE  TRUE  TRUE  TRUE  TRUE
[495]  TRUE FALSE  TRUE  TRUE  TRUE FALSE  TRUE FALSE  TRUE FALSE  TRUE  TRUE FALSE  TRUE  TRUE  TRUE  TRUE  TRUE  TRUE
[514]  TRUE  TRUE  TRUE  TRUE  TRUE  TRUE  TRUE FALSE  TRUE FALSE  TRUE  TRUE FALSE  TRUE  TRUE  TRUE  TRUE  TRUE  TRUE
[533]  TRUE  TRUE  TRUE  TRUE  TRUE  TRUE  TRUE  TRUE  TRUE  TRUE  TRUE  TRUE  TRUE  TRUE  TRUE  TRUE  TRUE  TRUE  TRUE
[552]  TRUE  TRUE  TRUE  TRUE  TRUE  TRUE  TRUE  TRUE  TRUE  TRUE  TRUE  TRUE  TRUE  TRUE FALSE  TRUE  TRUE  TRUE  TRUE
[571]  TRUE  TRUE  TRUE  TRUE FALSE  TRUE  TRUE  TRUE  TRUE  TRUE  TRUE  TRUE  TRUE  TRUE  TRUE  TRUE  TRUE  TRUE  TRUE
[590]  TRUE  TRUE  TRUE  TRUE  TRUE  TRUE  TRUE  TRUE  TRUE FALSE  TRUE  TRUE  TRUE  TRUE  TRUE FALSE  TRUE  TRUE  TRUE
[609]  TRUE  TRUE  TRUE  TRUE  TRUE  TRUE  TRUE  TRUE  TRUE  TRUE  TRUE  TRUE  TRUE  TRUE  TRUE  TRUE FALSE  TRUE  TRUE
[628]  TRUE  TRUE  TRUE  TRUE  TRUE  TRUE  TRUE  TRUE FALSE  TRUE  TRUE  TRUE  TRUE  TRUE  TRUE  TRUE  TRUE  TRUE  TRUE
[647]  TRUE  TRUE  TRUE  TRUE  TRUE  TRUE  TRUE  TRUE  TRUE  TRUE  TRUE  TRUE  TRUE  TRUE  TRUE

