
Birth-death simulation object with 608 species and 500 extant species

Details for some species:

Extinction times (NA means extant)
[1]       NA 1.214426 6.282241       NA       NA       NA


Speciation times 
[1] 62.10980 61.46552 42.02395 31.74019 25.13939 10.77208


Species parents (NA for initial)
[1] NA  1  1  1  1  1


Species status (extinct or extant)
[1] "extant"  "extinct" "extinct" "extant"  "extant"  "extant" 


For more details on vector y, try sim$y, with y one of
TE TS PAR EXTANT



$TE
  [1]          NA  1.21442624  6.28224105          NA          NA          NA          NA 38.46535809          NA
 [10] 29.56974565 10.37037627  5.71820667  0.50358837  0.58666641 23.33763280          NA 24.87405510          NA
 [19]          NA          NA 18.20468129  5.89276450          NA 17.11668544          NA          NA  6.65959847
 [28]  3.57613464  4.37537134          NA          NA 20.11135759          NA 11.45242335  6.45118367          NA
 [37] 16.60550152  7.56794647          NA          NA          NA          NA  1.10646611  5.13788196          NA
 [46] 20.33712245 16.26115200          NA          NA 10.78254012          NA          NA          NA 14.01298909
 [55] 16.90019550          NA  8.33126736          NA          NA          NA          NA          NA          NA
 [64] 18.55510365 12.96373869          NA          NA          NA          NA          NA          NA 16.46886181
 [73] 14.82356091          NA          NA          NA          NA          NA          NA 11.77927253  4.30016628
 [82]  2.12479180          NA          NA          NA          NA  1.32346579          NA  0.32370147          NA
 [91]          NA  7.65553891          NA          NA          NA          NA  0.78362037          NA          NA
[100]          NA  8.27582779          NA 19.25399529 14.04761856          NA          NA          NA          NA
[109]          NA  7.20223073 11.73423421          NA          NA 10.84183451          NA          NA 18.56093826
[118]          NA          NA  0.76489857 10.91171545          NA          NA          NA          NA          NA
[127]          NA  1.87125287          NA          NA          NA          NA          NA          NA          NA
[136]          NA 10.09236650          NA          NA          NA          NA          NA          NA  5.74742054
[145]          NA          NA          NA          NA          NA          NA          NA          NA  5.06044368
[154]          NA          NA  3.08828551          NA          NA          NA  1.50890361          NA          NA
[163]          NA          NA          NA  9.18109263          NA          NA          NA          NA          NA
[172]          NA  7.05733277          NA          NA          NA          NA          NA          NA          NA
[181]  4.36278519          NA  9.87357093  8.94809348          NA          NA          NA          NA          NA
[190]          NA          NA          NA          NA          NA          NA  4.40894104          NA          NA
[199]  7.22982301          NA          NA 10.58645422  0.11516987          NA          NA          NA          NA
[208]          NA  6.87698827          NA          NA          NA          NA          NA          NA          NA
[217]          NA          NA          NA          NA          NA          NA  8.44424194          NA          NA
[226]          NA          NA          NA          NA          NA          NA          NA          NA          NA
[235]          NA          NA          NA          NA          NA          NA  0.49029717          NA  7.28461711
[244]          NA          NA  4.19905140          NA          NA          NA  5.52731182          NA  1.29761891
[253]  0.30834399          NA          NA          NA  2.88166888          NA  7.30288591          NA          NA
[262]          NA          NA          NA          NA  4.21536102          NA          NA          NA          NA
[271]          NA          NA          NA          NA          NA          NA          NA          NA          NA
[280]          NA  6.27539466          NA          NA          NA  0.28217445          NA          NA          NA
[289]  0.81488721          NA          NA          NA  3.32057269          NA          NA          NA          NA
[298]          NA          NA  9.24003771          NA          NA          NA          NA          NA          NA
[307]          NA          NA          NA  3.91188860          NA  1.01691000  3.10942599          NA          NA
[316]          NA          NA          NA          NA          NA  1.34227240          NA          NA          NA
[325]          NA  0.03852866          NA          NA  2.95070572  0.95464436          NA  0.80382397          NA
[334]          NA          NA          NA          NA          NA  3.02066119          NA          NA  0.18665190
[343]          NA          NA          NA          NA          NA          NA          NA          NA          NA
[352]  0.09632078          NA  0.75660323          NA          NA          NA          NA          NA  5.06069082
[361]          NA          NA          NA          NA  1.64700281          NA          NA  0.42729112          NA
[370]          NA          NA          NA          NA          NA          NA          NA          NA          NA
[379]          NA          NA          NA          NA          NA          NA          NA          NA  0.52117807
[388]          NA          NA          NA  0.66609471          NA  1.36910686          NA          NA          NA
[397]          NA          NA          NA          NA          NA          NA          NA  4.68316564          NA
[406]          NA          NA          NA          NA          NA  1.14311590          NA          NA          NA
[415]          NA          NA  1.29524090          NA          NA          NA          NA  1.60169782          NA
[424]          NA          NA          NA          NA          NA          NA          NA          NA  0.59418230
[433]          NA          NA          NA          NA          NA          NA          NA          NA          NA
[442]          NA          NA          NA          NA          NA          NA          NA          NA          NA
[451]          NA          NA  2.30191454          NA          NA          NA          NA          NA          NA
[460]          NA          NA          NA          NA          NA          NA          NA          NA          NA
[469]          NA          NA          NA          NA          NA          NA          NA          NA          NA
[478]          NA          NA          NA          NA          NA          NA          NA          NA          NA
[487]          NA          NA          NA          NA          NA  2.93883556          NA          NA          NA
[496]          NA  1.89153787          NA          NA          NA          NA          NA          NA          NA
[505]          NA          NA          NA          NA          NA  2.40265046          NA          NA          NA
[514]          NA          NA          NA          NA          NA          NA          NA          NA          NA
[523]          NA          NA          NA          NA          NA          NA          NA          NA          NA
[532]          NA  0.64334305          NA          NA          NA          NA          NA          NA          NA
[541]          NA          NA          NA          NA          NA          NA          NA          NA          NA
[550]          NA          NA          NA          NA          NA          NA          NA          NA          NA
[559]          NA          NA          NA          NA          NA          NA          NA          NA          NA
[568]          NA          NA          NA          NA          NA          NA          NA          NA          NA
[577]          NA          NA          NA          NA          NA          NA          NA          NA          NA
[586]          NA          NA          NA          NA          NA          NA          NA          NA          NA
[595]          NA          NA          NA          NA          NA          NA          NA          NA          NA
[604]          NA          NA          NA          NA          NA

$TS
  [1] 62.10979699 61.46552047 42.02395239 31.74019062 25.13939162 10.77207660  7.88738721 46.59230082 39.45414979
 [10] 32.79299502 29.92163207 28.37798876 22.32390089 38.66132140 38.75745314 38.63900337 26.77622785 24.34461159
 [19] 23.13560382 19.86969978 19.83756344 16.30040037 32.92345732 30.06480564 16.36740494  2.26112317 21.05047033
 [28] 20.13723401 17.27585986  9.37290516 35.26572161 28.29091753 23.07458877 15.18554147  7.38005916  4.53899611
 [37] 17.03881602 16.10165663  4.45425493 16.07570241 14.57269121 13.15039548  6.53905895 25.81783009 22.57893274
 [46] 21.35971998 20.21455271  8.52639812 26.22796200 24.29539477 20.29165830 22.10578612 13.23103909 24.45621323
 [55] 21.86853894 21.32969959 15.63285151 15.51006526 13.56640134  0.59871698 21.71566858 16.97948464 15.41660053
 [64] 20.92232428 15.99963751 15.49538761 13.14035699  8.10299482  7.56609507  6.63460807  3.98180125 18.99341646
 [73] 18.59639768 14.86595694 18.79588303  3.40524909  2.06437518  0.37181106 19.83131630 13.28300014 12.67750683
 [82] 10.29832426  8.12369487  6.91300926  3.49156113  3.35106582  6.72000416  5.77849461  2.13361205 15.99474983
 [91] 13.43185986 13.36131510  7.04933029  1.75355008 19.15635798 11.93275740 11.62190996 13.84456147 11.43257922
[100]  8.12427960 17.05873759  8.92313224 19.38648420 15.04836616  9.19861921  9.01762254  4.33773512  4.28351016
[109]  2.27729361  9.75872162 11.74939031  6.15075673 16.86130117 14.58586359 12.71437108 10.76052507 18.73319494
[118]  0.60526123 17.70332844 14.28653769 13.00554784  6.61490866  3.91511433  2.23721282 16.62016209 17.48005778
[127] 17.01831725 11.19537680  1.83428024 14.49263313 13.12993496 10.94325803 10.02777173  9.36842843  6.27885436
[136]  1.97662803 16.29822216 14.15300859 12.53257588 11.72509400  8.71416061  2.98802906  7.87358150  5.81545126
[145]  5.19210852  4.29205811  2.09473284  1.90241929  1.81934344  1.37205096 11.33488954  5.28995075 14.72705508
[154]  1.62841974 11.76297050 11.56982576 10.59168662 12.42719580 15.73664508 10.27122901  1.26177648 14.49889765
[163] 14.14959446 13.99207076 15.60003078 12.30698663 14.64964255  1.68365706 13.42862553  9.32338070  4.23085064
[172]  4.12298507 13.19249611 13.06057355  9.59398795  2.95180230  3.03181857  0.20904237 13.20559996 13.46326529
[181]  9.88691463  6.76351673 13.92057585  9.88164294 11.19095870 11.12400933  4.13236664  2.69863588 13.42622668
[190]  7.30853889  2.57138062  1.72590740  2.97373451 13.04983162 11.55113988  6.50418753 13.74886851 10.54010741
[199] 12.67745364 10.38770006  3.25858868 10.82271573  5.71971626 13.39489883 13.33712269  7.61914713 11.99482068
[208]  9.27531032  9.00132708  4.37605995  2.63760178  1.54504677 10.01046172  9.86877422  8.63791814  8.07943611
[217] 10.54442895 13.25863063  2.25041704  7.68478798  7.04862058  1.06830277  9.97991581  8.90294481  8.52960568
[226] 11.39273381  6.91194601  6.68484692  6.09483666  4.91865768  2.98719154  1.28628360  5.35344535  3.73495586
[235]  0.82007958  0.51654970  4.49853252  2.82552079 12.19205383 10.21844201  2.08593024  6.26722030 12.22795935
[244]  8.76052696  7.85751588  6.69995858  3.13096122  2.26687323  0.80094116 12.01815743  8.42273304 10.78519609
[253]  9.91979262  4.52482806  1.27222576  0.39940472  4.65495984  4.36402440 10.61258374  0.93389199 11.30812131
[262]  8.91118377  5.62085047  7.61727548  1.74193116 10.19349902  4.76210878  6.43811457  6.24731470  2.43863014
[271]  0.54409707  8.16683754  7.57125555  5.01265296  0.63448031  2.60684644  0.12472417  0.07310532  0.06080903
[280]  7.70760635  7.44567845  5.04483802  5.25570321  4.79323936  2.18253937 10.72900273  2.74004792  9.91998536
[289]  2.51265910  7.66944676  6.78275645  8.14758840  7.01800897  5.97592118  0.45265761 10.56896223  6.28363808
[298]  5.60335983  2.44427317 10.23051587  6.71459970  0.49243673  4.79040291  0.91788086  0.29924972  7.40357528
[307]  2.65575272  9.81668118  8.01858211  4.66412566  4.39424912  2.12379845  7.68105632  7.43193739  3.21219833
[316] 10.14722933  5.70639768  4.16271111  1.44014149  9.45162968  6.56693301  5.91972799  3.17857026  2.14578583
[325]  6.34095109  2.31857545  0.61599887  1.83811882  9.36446228  7.29084750  7.45097787  8.69957354  5.87407475
[334]  3.09409798  7.03400762  0.72261192  0.56313691  4.51720758  3.67673076  3.06330677  2.28723940  3.73699051
[343]  4.44063982  0.52970923  6.39068839  4.70924137  0.94164407  2.43717576  6.03505578  5.09942053  3.46399794
[352]  8.15084928  3.47339283  6.34026795  4.20217526  3.97367734  0.28146949  1.26751000  0.62053478  5.46336444
[361]  1.02747067  2.47156816  6.79054355  6.01548519  6.67287792  7.62517545  7.22094616  6.54742339  3.58459487
[370]  2.69738122  5.20196370  0.56183233  5.64918019  6.50835619  6.68618097  3.71188250  5.48967404  2.08592518
[379]  2.45800138  1.34917589  6.95107484  0.96426612  6.14205697  2.05891188  0.35752761  0.24925185  4.67826826
[388]  2.48086573  6.63829445  6.32887332  3.92397028  5.71949517  3.47726976  1.91128529  1.64436931  1.35041300
[397]  1.28903205  1.47564321  1.15138532  1.36584803  6.71049796  2.36366345  3.59445594  6.70425669  6.38452818
[406]  5.54913265  2.44369084  2.21436265  2.21052816  1.58975371  5.59026126  6.67554591  4.48112181  4.09849225
[415]  4.76104066  3.32007494  6.55832274  4.81078786  2.61677375  1.58926787  3.29238334  5.54954537  2.31893380
[424]  1.26853059  0.93533332  1.00312666  3.42171948  1.55007431  4.16041714  3.99592702  0.79453816  2.22748470
[433]  5.36930334  3.34073383  1.95518661  1.19863233  0.51633888  2.49887777  5.24887218  4.39796021  0.95548606
[442]  5.57496773  1.60252773  1.69068423  2.01498737  5.29761014  1.30344744  2.05887578  2.71502476  1.07545441
[451]  2.13879650  1.81863846  5.12870730  4.72373554  1.68619664  4.11632895  0.36459354  3.61586841  3.23200261
[460]  0.02767229  3.85319526  0.42555784  0.35311414  3.02532516  3.68159079  0.73837888  3.91083288  1.32003037
[469]  4.70547533  1.16340981  1.29695165  3.30507106  0.69896198  4.69846093  1.95906435  0.61277992  3.77365040
[478]  1.95515581  4.17545863  4.34455492  3.31258940  4.44407871  2.24149258  0.78112439  4.27613854  3.75922275
[487]  1.97417706  1.26657656  0.84904568  1.48025692  4.14933666  4.02137363  0.57624861  3.69187065  2.01376166
[496]  4.14249099  2.61770137  2.48637967  2.18803173  0.23017581  2.62695082  0.35279966  3.98457032  0.98907508
[505]  0.69637555  1.12610301  0.26024336  0.45526891  3.63524837  2.98570106  0.83998489  3.46153285  2.77717377
[514]  0.91122517  0.80179141  1.31721978  3.10611417  1.06597735  0.11068726  0.10282176  0.19948703  0.05385739
[523]  1.23161627  1.59508793  1.49563392  0.68527217  1.15126980  3.07297705  2.60321654  1.06000608  2.26177211
[532]  3.40508161  2.96597261  1.67796560  1.96254367  0.94111821  2.76355111  0.14135403  1.71941807  2.28855360
[541]  0.15859992  1.72717343  0.96674063  1.51787305  0.91958457  2.66356874  1.98735705  0.27310896  2.58671175
[550]  1.43359252  1.65422534  0.90852719  1.82928286  1.36309184  1.41251093  0.18014571  1.18617467  0.74151500
[559]  1.72715037  1.24420145  2.21158842  0.84573207  0.68855725  2.21720815  0.01251481  0.25571532  1.03376608
[568]  1.54316803  1.77563344  1.69786226  1.77769346  1.50213155  0.54862186  0.36847199  1.29392392  1.87455988
[577]  1.29267210  0.67783670  0.32782368  0.64659887  0.61223156  0.19612720  0.46025860  1.30427332  0.55971197
[586]  1.32647213  0.48296663  0.91161020  1.37122599  1.34107206  0.25179050  0.51233056  0.21799288  0.12109642
[595]  0.68240746  0.47329833  0.20135042  1.03585584  0.85432027  0.64975076  0.93113579  0.33345595  0.71630199
[604]  0.37740976  0.66809654  0.00991008  0.44866176  0.23955802

$PAR
  [1]  NA   1   1   1   1   1   1   2   2   2   2   2   2   8   3   3   3   3   3   3   3   3   9   9   9   9  14  14  14
 [30]  14  16  16  16  16  16  16  31  31  31  23  23  23  23  24  24  11  11  12  32  32  32  49  44   5   5   5   5   5
 [59]   5   5  54  54  54  18  18  18  18  18  18  18  18  50  50  50  19  19  19  19  33  33  33  33  33  33  33  33  45
 [88]  45  45  13  13  13  13  13  52  52  52  61  61  56  27  27  51  51  51  51  51  51  51  28  20  20  79  79  79  79
[117]  95  95  72  75  75  75  75  75  73 119 119 119 119 126 126 126 126 126 126 126 101 127 127 127 127  62 113 113 113
[146] 113 113 113 113 113 125 125  25  25  22  22  22  38  40  40  40  90  90  90 159 159 165 165  58  58  58  58  66  66
[175]  66  66  63  63  34  74  74  74 167 167 114 114  41  41 162 162 162 162 130 120 120 120 138 138 163 163 163 164 164
[204] 183  98  98 180 180  91  91  91  91 189 204 204 204  92 205 205  53 179 179 173 173 173  42  67  67  67  67 131 131
[233] 174 174 174 174 194 194 121 115 115  81 199 158 158 158 158 158 158 243 243 239 239 239 239 239 207 207 155 155 140
[262] 140 140  97  97 156 195  99  99  99  99 226 226 226 226 151 151 151 151 261 261 261 128 128 185 186 186 132 132 252
[291] 252   6   6   6   6 116 116 116 286 259 157 157 296 296 296 198 198 200 200 200 200 200  82  82  82 300 240 316 316
[320] 133 213 213 213 213 288 288 288 214 175 175 134 329 329 329 170 170 170 208 106 106 106 224 141 141 332 332 332 215
[349] 251 251 251 272 352 100 100 100 100  83  68 309 309 143 245 245 220 313 313 290 290 290 366 366 206 264 314 314 306
[378] 306 190 190 367 367  93  93  93  93 221 221 335 335 335 381 381 381 381 381 381  84  84 227 363 363 291 182 182 182
[407] 182 182 182 182 404 246 246 228 412 412 365  70  70 321 368  43  43 374 374 268 345 345 405 405 390 135 242 242 242
[436] 242 112 229 349 364 364 294 294 322  88 392 392 317 373 373 263 263 298 298 298 406 433 446 152 152 283 283 439 371
[465] 453 350 282 282 418 284 267 415 415 469 469 474 387  36 254 413 413  39  39  39 482 482 482 482 482 343 440 440 440
[494] 210 107 146 146 146 146 146 108 171 491 496 187 172 172 414 430 430 430  71  71 356 356 123 467 342 376 376 494 494
[523] 509 458 458 458 403 369 393 353 512  76 532 532  86 434 481 481 421 528 177 464 176 449 449 188 370 370 211 276 549
[552] 549 191 191 498 498 379 407 270 423 326 326 248 531 124 564 561 409 499 499 285 451 448 547 535 148 148 148 148 328
[581] 328 328 129 569  94 265 265 559 551 410 525 490 589 589 400 471 436 399 399 399 598 567 425 260 562 562 235 605

$EXTANT
  [1]  TRUE FALSE FALSE  TRUE  TRUE  TRUE  TRUE FALSE  TRUE FALSE FALSE FALSE FALSE FALSE FALSE  TRUE FALSE  TRUE  TRUE
 [20]  TRUE FALSE FALSE  TRUE FALSE  TRUE  TRUE FALSE FALSE FALSE  TRUE  TRUE FALSE  TRUE FALSE FALSE  TRUE FALSE FALSE
 [39]  TRUE  TRUE  TRUE  TRUE FALSE FALSE  TRUE FALSE FALSE  TRUE  TRUE FALSE  TRUE  TRUE  TRUE FALSE FALSE  TRUE FALSE
 [58]  TRUE  TRUE  TRUE  TRUE  TRUE  TRUE FALSE FALSE  TRUE  TRUE  TRUE  TRUE  TRUE  TRUE FALSE FALSE  TRUE  TRUE  TRUE
 [77]  TRUE  TRUE  TRUE FALSE FALSE FALSE  TRUE  TRUE  TRUE  TRUE FALSE  TRUE FALSE  TRUE  TRUE FALSE  TRUE  TRUE  TRUE
 [96]  TRUE FALSE  TRUE  TRUE  TRUE FALSE  TRUE FALSE FALSE  TRUE  TRUE  TRUE  TRUE  TRUE FALSE FALSE  TRUE  TRUE FALSE
[115]  TRUE  TRUE FALSE  TRUE  TRUE FALSE FALSE  TRUE  TRUE  TRUE  TRUE  TRUE  TRUE FALSE  TRUE  TRUE  TRUE  TRUE  TRUE
[134]  TRUE  TRUE  TRUE FALSE  TRUE  TRUE  TRUE  TRUE  TRUE  TRUE FALSE  TRUE  TRUE  TRUE  TRUE  TRUE  TRUE  TRUE  TRUE
[153] FALSE  TRUE  TRUE FALSE  TRUE  TRUE  TRUE FALSE  TRUE  TRUE  TRUE  TRUE  TRUE FALSE  TRUE  TRUE  TRUE  TRUE  TRUE
[172]  TRUE FALSE  TRUE  TRUE  TRUE  TRUE  TRUE  TRUE  TRUE FALSE  TRUE FALSE FALSE  TRUE  TRUE  TRUE  TRUE  TRUE  TRUE
[191]  TRUE  TRUE  TRUE  TRUE  TRUE FALSE  TRUE  TRUE FALSE  TRUE  TRUE FALSE FALSE  TRUE  TRUE  TRUE  TRUE  TRUE FALSE
[210]  TRUE  TRUE  TRUE  TRUE  TRUE  TRUE  TRUE  TRUE  TRUE  TRUE  TRUE  TRUE  TRUE FALSE  TRUE  TRUE  TRUE  TRUE  TRUE
[229]  TRUE  TRUE  TRUE  TRUE  TRUE  TRUE  TRUE  TRUE  TRUE  TRUE  TRUE  TRUE FALSE  TRUE FALSE  TRUE  TRUE FALSE  TRUE
[248]  TRUE  TRUE FALSE  TRUE FALSE FALSE  TRUE  TRUE  TRUE FALSE  TRUE FALSE  TRUE  TRUE  TRUE  TRUE  TRUE  TRUE FALSE
[267]  TRUE  TRUE  TRUE  TRUE  TRUE  TRUE  TRUE  TRUE  TRUE  TRUE  TRUE  TRUE  TRUE  TRUE FALSE  TRUE  TRUE  TRUE FALSE
[286]  TRUE  TRUE  TRUE FALSE  TRUE  TRUE  TRUE FALSE  TRUE  TRUE  TRUE  TRUE  TRUE  TRUE FALSE  TRUE  TRUE  TRUE  TRUE
[305]  TRUE  TRUE  TRUE  TRUE  TRUE FALSE  TRUE FALSE FALSE  TRUE  TRUE  TRUE  TRUE  TRUE  TRUE  TRUE FALSE  TRUE  TRUE
[324]  TRUE  TRUE FALSE  TRUE  TRUE FALSE FALSE  TRUE FALSE  TRUE  TRUE  TRUE  TRUE  TRUE  TRUE FALSE  TRUE  TRUE FALSE
[343]  TRUE  TRUE  TRUE  TRUE  TRUE  TRUE  TRUE  TRUE  TRUE FALSE  TRUE FALSE  TRUE  TRUE  TRUE  TRUE  TRUE FALSE  TRUE
[362]  TRUE  TRUE  TRUE FALSE  TRUE  TRUE FALSE  TRUE  TRUE  TRUE  TRUE  TRUE  TRUE  TRUE  TRUE  TRUE  TRUE  TRUE  TRUE
[381]  TRUE  TRUE  TRUE  TRUE  TRUE  TRUE FALSE  TRUE  TRUE  TRUE FALSE  TRUE FALSE  TRUE  TRUE  TRUE  TRUE  TRUE  TRUE
[400]  TRUE  TRUE  TRUE  TRUE FALSE  TRUE  TRUE  TRUE  TRUE  TRUE  TRUE FALSE  TRUE  TRUE  TRUE  TRUE  TRUE FALSE  TRUE
[419]  TRUE  TRUE  TRUE FALSE  TRUE  TRUE  TRUE  TRUE  TRUE  TRUE  TRUE  TRUE  TRUE FALSE  TRUE  TRUE  TRUE  TRUE  TRUE
[438]  TRUE  TRUE  TRUE  TRUE  TRUE  TRUE  TRUE  TRUE  TRUE  TRUE  TRUE  TRUE  TRUE  TRUE  TRUE FALSE  TRUE  TRUE  TRUE
[457]  TRUE  TRUE  TRUE  TRUE  TRUE  TRUE  TRUE  TRUE  TRUE  TRUE  TRUE  TRUE  TRUE  TRUE  TRUE  TRUE  TRUE  TRUE  TRUE
[476]  TRUE  TRUE  TRUE  TRUE  TRUE  TRUE  TRUE  TRUE  TRUE  TRUE  TRUE  TRUE  TRUE  TRUE  TRUE  TRUE FALSE  TRUE  TRUE
[495]  TRUE  TRUE FALSE  TRUE  TRUE  TRUE  TRUE  TRUE  TRUE  TRUE  TRUE  TRUE  TRUE  TRUE  TRUE FALSE  TRUE  TRUE  TRUE
[514]  TRUE  TRUE  TRUE  TRUE  TRUE  TRUE  TRUE  TRUE  TRUE  TRUE  TRUE  TRUE  TRUE  TRUE  TRUE  TRUE  TRUE  TRUE  TRUE
[533] FALSE  TRUE  TRUE  TRUE  TRUE  TRUE  TRUE  TRUE  TRUE  TRUE  TRUE  TRUE  TRUE  TRUE  TRUE  TRUE  TRUE  TRUE  TRUE
[552]  TRUE  TRUE  TRUE  TRUE  TRUE  TRUE  TRUE  TRUE  TRUE  TRUE  TRUE  TRUE  TRUE  TRUE  TRUE  TRUE  TRUE  TRUE  TRUE
[571]  TRUE  TRUE  TRUE  TRUE  TRUE  TRUE  TRUE  TRUE  TRUE  TRUE  TRUE  TRUE  TRUE  TRUE  TRUE  TRUE  TRUE  TRUE  TRUE
[590]  TRUE  TRUE  TRUE  TRUE  TRUE  TRUE  TRUE  TRUE  TRUE  TRUE  TRUE  TRUE  TRUE  TRUE  TRUE  TRUE  TRUE  TRUE  TRUE

