
Birth-death simulation object with 643 species and 500 extant species

Details for some species:

Extinction times (NA means extant)
[1] 30.641706 55.500001 44.358986 29.237655  9.698217 49.396459


Speciation times 
[1] 67.45733 61.24471 60.17828 42.41209 37.87154 61.23553


Species parents (NA for initial)
[1] NA  1  1  1  1  2


Species status (extinct or extant)
[1] "extinct" "extinct" "extinct" "extinct" "extinct" "extinct"


For more details on vector y, try sim$y, with y one of
TE TS PAR EXTANT



$TE
  [1] 30.64170593 55.50000109 44.35898629 29.23765520  9.69821717 49.39645899 18.24503492          NA          NA
 [10] 47.97097995 10.08624405 42.03538092 36.56846778          NA          NA 31.59894086 52.13520332 17.83067385
 [19] 38.36569866 15.60214451          NA  6.91039880          NA          NA          NA 25.44511344          NA
 [28]  7.76684349 14.49600236          NA 31.04618016          NA          NA  4.96028899  4.90258546          NA
 [37]          NA          NA          NA 31.73909944          NA 29.98742185          NA          NA          NA
 [46] 35.00623824 19.49122634  6.80299536 17.64366399          NA  4.84098652          NA          NA          NA
 [55] 33.50381719          NA          NA          NA          NA  6.43027245 10.78263891 25.43414517 23.89611570
 [64] 10.08690919          NA  6.28400816  0.31730913  8.57296100 21.48545439          NA  9.58239785          NA
 [73] 13.16757287          NA          NA 33.15729503 24.50520260          NA          NA          NA          NA
 [82] 22.39995420          NA          NA 36.34384297 34.22438838 31.95314535 26.56072072          NA 23.35540453
 [91]  2.80467831          NA  5.13015743          NA 29.37477853 23.95680248 20.38910461 11.11773995          NA
[100]          NA          NA          NA          NA          NA          NA  2.59408492          NA          NA
[109]          NA  5.25971060          NA          NA          NA          NA 14.73757267 14.58375760          NA
[118] 13.86531221          NA 19.04104166          NA          NA  3.60551458          NA 22.54612696  7.68217411
[127]          NA 19.33636556  9.57535771          NA          NA          NA          NA          NA 16.59180156
[136]          NA          NA  3.77610116          NA  9.86277123          NA  9.37904282          NA  2.76679993
[145]          NA          NA          NA          NA  3.68410157          NA          NA          NA          NA
[154]          NA          NA          NA          NA          NA          NA          NA          NA          NA
[163]          NA          NA          NA 12.67437400  9.38975194          NA          NA          NA          NA
[172]  0.77643593  0.48114757          NA  1.07521615  1.06748570          NA          NA          NA          NA
[181]          NA          NA          NA  8.59654249          NA          NA 12.06057414          NA          NA
[190]          NA          NA          NA          NA          NA          NA          NA          NA          NA
[199]          NA          NA  6.64654114          NA          NA          NA  7.68248827          NA          NA
[208]          NA 16.78986003          NA          NA          NA 10.32093295 10.55287082          NA          NA
[217]          NA          NA 12.28019767  2.19814761          NA          NA          NA          NA          NA
[226]          NA          NA          NA  2.87033219          NA  8.46242304          NA          NA          NA
[235]          NA          NA  7.58741544          NA          NA  5.69696629          NA          NA          NA
[244]          NA          NA          NA          NA          NA          NA          NA          NA          NA
[253]          NA  9.02386285          NA          NA  6.55021929          NA          NA          NA  8.52290774
[262]          NA          NA          NA          NA          NA          NA          NA          NA  0.20873660
[271]          NA          NA          NA  5.34679744          NA          NA          NA          NA          NA
[280]          NA          NA          NA          NA          NA          NA  3.78465050          NA          NA
[289] 11.27896643  9.39007991          NA  1.64078319  5.91057546  1.23698870          NA          NA          NA
[298]          NA          NA          NA          NA          NA 10.59052562          NA          NA          NA
[307]          NA          NA          NA          NA  4.37755404          NA          NA          NA          NA
[316]          NA          NA  3.73240042          NA  0.41365081          NA          NA          NA          NA
[325]          NA          NA          NA          NA          NA          NA          NA          NA  2.32452331
[334]          NA          NA          NA          NA          NA          NA          NA  0.06793159          NA
[343]  3.49211812  0.82982190          NA          NA          NA          NA          NA          NA  0.79660931
[352]          NA          NA          NA          NA          NA          NA          NA          NA          NA
[361]          NA          NA          NA          NA          NA          NA          NA          NA  3.39607459
[370]          NA          NA          NA          NA          NA  1.90665691          NA          NA          NA
[379]          NA  3.31679561          NA          NA  2.74989730          NA          NA  4.52506311          NA
[388]          NA  3.20755896          NA          NA          NA          NA          NA          NA          NA
[397]          NA          NA  1.49226901  0.72653044          NA          NA          NA          NA          NA
[406]          NA          NA  1.07949152          NA          NA          NA          NA          NA  7.22834896
[415]          NA          NA          NA          NA          NA  3.07196529          NA          NA          NA
[424]          NA          NA          NA          NA          NA          NA          NA          NA  3.47448490
[433]          NA          NA          NA          NA  2.67867741          NA          NA  3.05926229          NA
[442]          NA          NA          NA  1.12935770          NA          NA          NA          NA          NA
[451]          NA          NA          NA          NA          NA          NA          NA          NA  4.42922745
[460]  5.06047806          NA          NA          NA          NA          NA          NA  3.65584623          NA
[469]          NA          NA          NA          NA          NA          NA          NA          NA          NA
[478]  1.89956473          NA          NA          NA          NA          NA  2.22014193          NA          NA
[487]          NA          NA          NA          NA          NA          NA          NA          NA          NA
[496]          NA          NA  1.88850234  3.38531007          NA          NA          NA  3.18471959          NA
[505]          NA          NA          NA          NA          NA          NA          NA          NA          NA
[514]  2.54457132          NA          NA          NA          NA          NA          NA          NA          NA
[523]  1.23796635          NA          NA          NA  1.27351747          NA          NA          NA          NA
[532]          NA          NA          NA          NA          NA          NA          NA          NA          NA
[541]          NA          NA          NA          NA          NA          NA          NA          NA          NA
[550]          NA          NA          NA  0.86986732          NA          NA          NA  3.02934075          NA
[559]          NA          NA  1.58847923          NA          NA          NA          NA          NA          NA
[568]          NA          NA          NA          NA          NA          NA          NA          NA          NA
[577]          NA          NA          NA          NA          NA          NA          NA          NA          NA
[586]          NA          NA          NA          NA          NA          NA          NA          NA          NA
[595]          NA          NA          NA          NA          NA          NA          NA          NA          NA
[604]          NA          NA          NA          NA          NA          NA          NA          NA          NA
[613]          NA          NA          NA          NA          NA          NA          NA  0.79368778          NA
[622]          NA          NA          NA          NA          NA          NA          NA          NA          NA
[631]          NA          NA          NA          NA          NA          NA          NA  0.51237497          NA
[640]          NA          NA          NA          NA

$TS
  [1] 6.745733e+01 6.124471e+01 6.017828e+01 4.241209e+01 3.787154e+01 6.123553e+01 5.603195e+01 5.454434e+01
  [9] 5.749491e+01 5.435104e+01 4.943966e+01 5.604445e+01 3.911476e+01 2.717907e+01 2.932898e+00 5.339064e+01
 [17] 5.217269e+01 4.320180e+01 4.224118e+01 2.902448e+01 2.178423e+01 2.086851e+01 2.842843e+01 1.695693e+01
 [25] 5.143435e+01 4.888741e+01 4.688436e+01 4.105472e+01 2.454402e+01 6.758021e+00 4.582024e+01 3.957756e+01
 [33] 2.544139e+01 1.624771e+01 1.419465e+01 1.090517e+01 1.058439e+01 4.290525e+01 4.061158e+01 4.414048e+01
 [41] 6.962461e+00 3.792259e+01 3.251803e+01 4.271993e+01 3.381436e+01 3.797806e+01 3.860140e+01 3.739318e+01
 [49] 2.916358e+01 1.998324e+01 1.561999e+01 1.038282e+01 1.016712e+01 8.344570e+00 3.689291e+01 2.089340e+01
 [57] 1.797037e+01 1.647022e+01 5.356137e+00 4.096470e+01 4.052612e+01 3.187199e+01 2.534866e+01 1.839418e+01
 [65] 1.614892e+01 1.111136e+01 3.875050e+01 2.952718e+01 2.184497e+01 2.060498e+01 1.883694e+01 1.767043e+01
 [73] 1.724702e+01 1.641856e+01 1.574110e+01 3.920531e+01 3.104630e+01 8.698515e+00 4.598600e+00 3.712385e+01
 [81] 3.174318e+01 3.161200e+01 4.723729e+00 3.404677e+01 3.776153e+01 3.508977e+01 3.606054e+01 3.536674e+01
 [89] 3.498634e+01 2.740457e+01 1.897596e+01 1.821043e+01 1.747339e+01 7.028330e+00 3.282499e+01 3.496144e+01
 [97] 2.863130e+01 2.146556e+01 1.775057e+01 1.685062e+01 2.514342e-01 2.563437e+01 1.843396e+01 4.828056e+00
[105] 2.413847e+00 1.366887e+01 2.564209e+01 1.229772e+01 1.045073e+01 7.502663e+00 2.734355e+01 2.233175e+01
[113] 2.756985e+00 1.820791e+00 3.145455e+01 2.872219e+01 2.431164e+01 3.058401e+01 2.346694e+01 2.070400e+01
[121] 2.664020e+01 2.545703e+01 1.983503e+01 9.791305e+00 2.710827e+01 1.831092e+01 1.595629e+01 2.643171e+01
[129] 2.511304e+01 2.382099e+01 8.733542e+00 8.126660e-01 1.914377e+01 4.866663e+00 1.868342e+01 1.437947e+01
[137] 3.476696e+00 1.474687e+01 1.082122e+01 2.093745e+01 5.841692e+00 1.097828e+01 1.252130e+01 8.391911e+00
[145] 6.799460e+00 2.139568e+00 1.229001e+01 6.193673e+00 5.756617e+00 1.928418e+01 1.629804e+01 7.395835e+00
[153] 1.677058e+01 1.447005e+01 1.237069e+01 2.162245e+00 1.913780e+01 1.123560e+01 1.820688e+01 5.528689e+00
[161] 3.868871e+00 3.458760e+00 2.068876e+01 5.249456e+00 3.914397e+00 1.589780e+01 1.957022e+01 7.073367e+00
[169] 5.559004e+00 1.291197e+01 1.210919e+01 1.491895e+01 1.056186e+01 1.815751e+01 1.494358e+01 8.979921e+00
[177] 6.424447e+00 4.478238e+00 7.181934e-01 1.091318e+01 1.003803e+01 9.173400e+00 1.717509e+00 1.714083e+01
[185] 5.773035e+00 4.497228e+00 1.635512e+01 1.342518e+01 3.610031e+00 2.966002e-01 1.071989e+01 8.518972e+00
[193] 7.821737e+00 1.528755e+01 1.520800e+01 6.572641e+00 3.503687e+00 1.340781e+01 1.157005e+01 1.248855e+01
[201] 1.026256e+01 5.969727e+00 1.290312e+00 1.430422e+01 1.076679e+01 8.297910e+00 3.603316e+00 1.508071e+01
[209] 1.796686e+01 1.145342e+01 5.468502e+00 1.478746e+00 1.771570e+01 1.206099e+01 1.393700e+01 9.022929e+00
[217] 8.688537e+00 8.969231e+00 1.635202e+01 1.036185e+01 9.786090e+00 1.407238e+01 3.963004e+00 3.848885e+00
[225] 1.321991e+01 1.152264e+01 9.704729e+00 4.745639e+00 1.227839e+01 1.520329e+01 1.573077e+01 1.568779e+01
[233] 1.504578e+01 1.386420e+01 1.084516e+01 1.534771e+01 1.063228e+01 6.685014e+00 4.390947e+00 1.296987e+01
[241] 2.103947e+00 1.539704e+01 9.574560e+00 1.013842e+01 9.187120e+00 1.384771e+01 1.123601e+01 7.786239e+00
[249] 7.650102e-01 1.227622e+01 9.211870e+00 1.450178e+01 1.394886e+01 1.069672e+01 3.196473e+00 6.237415e-01
[257] 1.338806e+01 6.643654e+00 2.226886e+00 2.712316e-01 1.303151e+01 1.194052e+01 3.970345e+00 1.733249e+00
[265] 1.492774e+00 9.017400e+00 8.850951e+00 1.263023e+01 1.190230e+01 1.143404e+01 1.420154e+01 1.205887e+01
[273] 9.908016e+00 6.401331e+00 6.320333e-01 1.325733e+01 8.402602e+00 4.113427e+00 4.369415e+00 1.253877e+01
[281] 9.512581e+00 1.774559e-01 1.387644e+01 1.382742e+01 1.568290e+00 1.315093e+01 8.997940e+00 8.708771e+00
[289] 1.180220e+01 1.121805e+01 2.286304e-01 5.114201e+00 1.071968e+01 1.037590e+01 9.048347e+00 8.276455e+00
[297] 6.968663e+00 4.646380e+00 4.619921e+00 8.844045e+00 8.404239e+00 8.465868e+00 1.215011e+01 9.835422e+00
[305] 5.496795e+00 4.221379e+00 1.039636e+01 9.517644e+00 1.224995e+01 1.100134e+01 1.054010e+01 5.919356e+00
[313] 1.251527e+01 5.647496e+00 4.919014e+00 7.574371e-01 1.140068e+01 8.870589e+00 7.581579e+00 4.132312e+00
[321] 1.055180e+00 1.173933e+01 9.996626e+00 4.016132e+00 1.129777e+01 7.573508e+00 4.941707e+00 5.047959e-01
[329] 4.944457e-01 1.026147e-01 6.344293e+00 6.725557e+00 3.923074e+00 1.071689e+01 1.136775e+01 5.102389e+00
[337] 7.436358e+00 4.881180e+00 1.136250e+01 1.129137e+01 9.772679e+00 6.020373e+00 5.776202e+00 4.952220e+00
[345] 3.024589e+00 8.516180e+00 8.439579e+00 7.135188e+00 4.568019e+00 3.466763e+00 3.164057e+00 8.916869e+00
[353] 8.415563e+00 7.514992e+00 8.910695e+00 7.513210e+00 7.021390e+00 1.828776e+00 3.112984e+00 3.028701e+00
[361] 1.059196e+01 2.690965e+00 3.909362e-01 7.920110e+00 6.790899e+00 4.192686e+00 3.937184e+00 7.876592e+00
[369] 7.516434e+00 4.959758e+00 1.014505e+01 4.605151e+00 5.864831e-01 1.241527e+00 6.822508e+00 4.652568e+00
[377] 8.982760e-01 4.457768e+00 9.548941e+00 8.785352e+00 9.831033e+00 7.778873e+00 5.910662e+00 3.413104e+00
[385] 1.867409e+00 7.189479e+00 4.045911e+00 4.877221e+00 3.930199e+00 2.362623e+00 7.435300e+00 8.532270e-01
[393] 5.258444e+00 4.256644e+00 3.574333e+00 5.595751e+00 8.977495e+00 8.616049e+00 7.227272e+00 4.602276e+00
[401] 6.752211e+00 5.446131e+00 3.580738e-01 6.202271e+00 8.415560e-01 7.072553e+00 5.255833e+00 2.776976e+00
[409] 6.699229e+00 2.336375e+00 2.049269e+00 5.083483e-02 3.759327e+00 8.279546e+00 6.077146e+00 5.544589e+00
[417] 9.238646e+00 8.698884e+00 7.597621e+00 5.252168e+00 6.001301e+00 2.069220e+00 5.668281e+00 4.659779e+00
[425] 4.162425e+00 1.320755e+00 1.696600e+00 4.467945e+00 3.280485e+00 1.780569e+00 1.256698e+00 6.912311e+00
[433] 6.189716e+00 3.411521e+00 5.242278e+00 5.238716e+00 3.230094e+00 6.800209e+00 4.082406e+00 8.413751e+00
[441] 8.522061e+00 3.575706e+00 3.504779e+00 8.393401e+00 3.688378e+00 2.880596e+00 6.265805e+00 6.441995e+00
[449] 5.341528e-04 1.626504e+00 8.206173e+00 3.257100e+00 6.039599e+00 8.325225e-02 5.594863e+00 7.236664e+00
[457] 3.943534e+00 7.524957e+00 6.969418e+00 6.025611e+00 8.434792e-01 7.649061e+00 6.765100e+00 6.007387e+00
[465] 6.418152e-01 2.881220e+00 4.995914e+00 1.264108e+00 1.339201e-02 6.506557e+00 4.580896e+00 2.142567e+00
[473] 7.406621e+00 6.322249e+00 1.043261e+00 1.561212e+00 2.794521e+00 3.184854e+00 2.118196e+00 3.147297e+00
[481] 2.902014e+00 1.072323e+00 5.119152e+00 3.313749e+00 7.455021e+00 4.245521e+00 7.058963e+00 5.566853e+00
[489] 2.356263e+00 6.772248e+00 5.953589e+00 2.696134e+00 1.868138e+00 6.258178e+00 5.425952e+00 4.806079e+00
[497] 4.547799e+00 2.497238e+00 5.724583e+00 2.280025e+00 2.441392e+00 5.267988e+00 6.060322e+00 3.694030e+00
[505] 4.681447e+00 5.619018e+00 1.465614e+00 3.526673e+00 5.307414e+00 3.857813e+00 4.003044e+00 3.174087e+00
[513] 9.932671e-01 3.595386e+00 3.805641e+00 3.574040e+00 2.569509e+00 4.481640e+00 5.243717e+00 2.752880e+00
[521] 5.098768e+00 2.884359e+00 5.411516e+00 3.819843e+00 5.163232e+00 1.841678e+00 1.485124e+00 4.384171e-01
[529] 4.185475e+00 1.797850e+00 8.263004e-01 4.239861e+00 4.919538e-01 3.067992e+00 4.400107e+00 2.189318e+00
[537] 5.599729e-01 3.166471e+00 4.035094e+00 1.675111e+00 4.448684e+00 3.159755e+00 2.849279e+00 4.808327e+00
[545] 1.369787e+00 3.308187e+00 2.986539e+00 1.911457e-02 3.542986e+00 2.739679e+00 3.936339e+00 1.730947e+00
[553] 4.969190e+00 4.605875e+00 3.085945e+00 4.656183e+00 3.112500e+00 1.423934e+00 3.744316e+00 2.804508e-01
[561] 1.903540e+00 8.545744e-01 2.698165e+00 5.938570e-01 1.696853e+00 3.898445e+00 2.551981e+00 1.889319e+00
[569] 1.655215e+00 8.768291e-01 3.065908e+00 3.699162e-01 2.646428e+00 6.141885e-01 9.713199e-01 3.254618e+00
[577] 1.518016e+00 3.780802e-01 3.812742e+00 3.675737e+00 3.527009e+00 4.049590e+00 2.998295e+00 2.453665e+00
[585] 2.241728e+00 1.898500e+00 3.721991e-01 2.307261e+00 1.644125e-01 8.663788e-01 3.626392e+00 2.972530e+00
[593] 3.203270e+00 3.000896e+00 1.512780e+00 3.776021e+00 3.417265e+00 3.645353e+00 7.814877e-01 3.601455e+00
[601] 1.405798e+00 3.841796e-01 1.153782e+00 3.413065e+00 6.038759e-01 2.378747e+00 2.755770e+00 2.087942e+00
[609] 6.415657e-01 2.441796e-02 3.132015e+00 2.725125e+00 1.780053e+00 1.133623e+00 1.508518e+00 1.180058e+00
[617] 2.302315e+00 2.061464e+00 4.050174e-01 2.760432e+00 2.605114e+00 1.110010e+00 4.791319e-01 2.139415e+00
[625] 2.103319e+00 4.814022e-01 1.461326e+00 8.607448e-02 3.220421e-01 4.152615e-01 4.002248e-01 1.630496e+00
[633] 1.428245e+00 1.190228e+00 6.071231e-01 2.119829e-01 7.297785e-01 5.845802e-01 2.927007e-01 4.839364e-02
[641] 1.908885e-01 4.266448e-01 1.978481e-01

$PAR
  [1]  NA   1   1   1   1   2   2   6   3   3   3   9   9   9   9   7   7   7   7   7   7   7   8   8  16  16  16  16  25
 [30]  25  11  11  11  11  11  11  11  26  26  27  27  31  31  40  40  18  38  38  38  38  38  38  38  38  44  44  44  44
 [59]  44  19  19  28  28  28  28  28  60  60  60  60  60  60  60  60  60  61  61  32  32  76  67  67  67  47  46  46  42
 [88]  42   5  48  80  80  80  80  88  86  89  89  89  89  89  84  84  84  84  45  43  43  43  43  62  81  81  81  82  82
[117]  82 115 115 115  77 118  68  68  20  20  20  97  97  23  23  23 111 111  14  14  14 121 121 107 107 102 122 122 122
[146] 122  33  33  33  29 117 117 130 130 130 130 119 119 112 112 112 112  21  21  21  98 140  56  56  22  22 163 163  70
[175]  70  70  70  70  70  50  50  50  50 123 123 123 150 150 150 133 157 157 157  91  91  91  91  71  71 103 103 103 103
[204]  64  64 126  92 174  57  57  57  57 209  99  72  72  72  93  73 184 184  24  24 100 153 153 153 153  74 187 219 219
[233] 219 151 151  34  65  65  65 127 127 166  75 231 231 232 242 242 242 236 236 194 230 230 230 230 208 208 208 208 233
[262] 233 233 233 233 175 175 172 172 172 138 138 138 138 154 136 136 136 204  35 222 253 215 215 215 283 283 234 246 246
[291] 246 106 188 198 198 198 198 198 198 257 276 225 286 286 286 286 261 261 240 240 240 240 170 170 170 170 268 268 268
[320] 268 268 143 143 313 200 200 200 200 200 200 155 108 147 250 272 272 262 262 289 289 322 322 199 226 226 270 317 317
[349] 317 317 317 335 335 335 339 339 339 339 325 325 340 340 247 158 158 180 235 205 191 191 334 334 334 361 173 173 173
[378] 311 307 307  52 294 294 294 294 220 220  53  53  53 371 371 244 244 244 181 323 323 273 273 304 304 304 381 124 221
[407] 221 341 243 243 243 243 379 308 308 308 281 281 281 417 245 245 182 295 295 295 266 287 287 287 287 176 176 397 218
[436] 218 218 355 355 318 267 267 267 300 300 300 380  78 217 398 441 441 192 192 346 302 302 347 440 144  54 296 296 296
[465] 296 451 364 364 364 368 193 248 382 382 382 462 419 319 319 326 458 458 369 354 356 356 485 485 473 152 152 456 399
[494] 386 348 487 487 487 357 297 375 365 463 463 332 258 196 470 448 448 177 177 447 148 415 415 415 503 453 453 460 464
[523] 421 421 202 202 202 202 491 312 312 499 423 314 506 506 506 455 488 169 416 416 523  59 509 502 393 393 420 519 435
[552] 525 483 483 483 467 553 370 327 327 104 104 544 544  83 376 376  79  79 471 349 349 497 497 486 532 366 529 425 425
[581] 320 278 387 539 539 539 511 263 457 551 333 333 566 161 224 579 515 596 596 413 445 580 207 516 516 581 350 604 434
[610] 576 593 593 593 512 555 555 534 360 547 592  15 446 446 543 550 617 624 479 625 422 493 264 264 264 632 595 545 562
[639] 392 465 574 329 642

$EXTANT
  [1] FALSE FALSE FALSE FALSE FALSE FALSE FALSE  TRUE  TRUE FALSE FALSE FALSE FALSE  TRUE  TRUE FALSE FALSE FALSE FALSE
 [20] FALSE  TRUE FALSE  TRUE  TRUE  TRUE FALSE  TRUE FALSE FALSE  TRUE FALSE  TRUE  TRUE FALSE FALSE  TRUE  TRUE  TRUE
 [39]  TRUE FALSE  TRUE FALSE  TRUE  TRUE  TRUE FALSE FALSE FALSE FALSE  TRUE FALSE  TRUE  TRUE  TRUE FALSE  TRUE  TRUE
 [58]  TRUE  TRUE FALSE FALSE FALSE FALSE FALSE  TRUE FALSE FALSE FALSE FALSE  TRUE FALSE  TRUE FALSE  TRUE  TRUE FALSE
 [77] FALSE  TRUE  TRUE  TRUE  TRUE FALSE  TRUE  TRUE FALSE FALSE FALSE FALSE  TRUE FALSE FALSE  TRUE FALSE  TRUE FALSE
 [96] FALSE FALSE FALSE  TRUE  TRUE  TRUE  TRUE  TRUE  TRUE  TRUE FALSE  TRUE  TRUE  TRUE FALSE  TRUE  TRUE  TRUE  TRUE
[115] FALSE FALSE  TRUE FALSE  TRUE FALSE  TRUE  TRUE FALSE  TRUE FALSE FALSE  TRUE FALSE FALSE  TRUE  TRUE  TRUE  TRUE
[134]  TRUE FALSE  TRUE  TRUE FALSE  TRUE FALSE  TRUE FALSE  TRUE FALSE  TRUE  TRUE  TRUE  TRUE FALSE  TRUE  TRUE  TRUE
[153]  TRUE  TRUE  TRUE  TRUE  TRUE  TRUE  TRUE  TRUE  TRUE  TRUE  TRUE  TRUE  TRUE FALSE FALSE  TRUE  TRUE  TRUE  TRUE
[172] FALSE FALSE  TRUE FALSE FALSE  TRUE  TRUE  TRUE  TRUE  TRUE  TRUE  TRUE FALSE  TRUE  TRUE FALSE  TRUE  TRUE  TRUE
[191]  TRUE  TRUE  TRUE  TRUE  TRUE  TRUE  TRUE  TRUE  TRUE  TRUE FALSE  TRUE  TRUE  TRUE FALSE  TRUE  TRUE  TRUE FALSE
[210]  TRUE  TRUE  TRUE FALSE FALSE  TRUE  TRUE  TRUE  TRUE FALSE FALSE  TRUE  TRUE  TRUE  TRUE  TRUE  TRUE  TRUE  TRUE
[229] FALSE  TRUE FALSE  TRUE  TRUE  TRUE  TRUE  TRUE FALSE  TRUE  TRUE FALSE  TRUE  TRUE  TRUE  TRUE  TRUE  TRUE  TRUE
[248]  TRUE  TRUE  TRUE  TRUE  TRUE  TRUE FALSE  TRUE  TRUE FALSE  TRUE  TRUE  TRUE FALSE  TRUE  TRUE  TRUE  TRUE  TRUE
[267]  TRUE  TRUE  TRUE FALSE  TRUE  TRUE  TRUE FALSE  TRUE  TRUE  TRUE  TRUE  TRUE  TRUE  TRUE  TRUE  TRUE  TRUE  TRUE
[286] FALSE  TRUE  TRUE FALSE FALSE  TRUE FALSE FALSE FALSE  TRUE  TRUE  TRUE  TRUE  TRUE  TRUE  TRUE  TRUE FALSE  TRUE
[305]  TRUE  TRUE  TRUE  TRUE  TRUE  TRUE FALSE  TRUE  TRUE  TRUE  TRUE  TRUE  TRUE FALSE  TRUE FALSE  TRUE  TRUE  TRUE
[324]  TRUE  TRUE  TRUE  TRUE  TRUE  TRUE  TRUE  TRUE  TRUE FALSE  TRUE  TRUE  TRUE  TRUE  TRUE  TRUE  TRUE FALSE  TRUE
[343] FALSE FALSE  TRUE  TRUE  TRUE  TRUE  TRUE  TRUE FALSE  TRUE  TRUE  TRUE  TRUE  TRUE  TRUE  TRUE  TRUE  TRUE  TRUE
[362]  TRUE  TRUE  TRUE  TRUE  TRUE  TRUE  TRUE FALSE  TRUE  TRUE  TRUE  TRUE  TRUE FALSE  TRUE  TRUE  TRUE  TRUE FALSE
[381]  TRUE  TRUE FALSE  TRUE  TRUE FALSE  TRUE  TRUE FALSE  TRUE  TRUE  TRUE  TRUE  TRUE  TRUE  TRUE  TRUE  TRUE FALSE
[400] FALSE  TRUE  TRUE  TRUE  TRUE  TRUE  TRUE  TRUE FALSE  TRUE  TRUE  TRUE  TRUE  TRUE FALSE  TRUE  TRUE  TRUE  TRUE
[419]  TRUE FALSE  TRUE  TRUE  TRUE  TRUE  TRUE  TRUE  TRUE  TRUE  TRUE  TRUE  TRUE FALSE  TRUE  TRUE  TRUE  TRUE FALSE
[438]  TRUE  TRUE FALSE  TRUE  TRUE  TRUE  TRUE FALSE  TRUE  TRUE  TRUE  TRUE  TRUE  TRUE  TRUE  TRUE  TRUE  TRUE  TRUE
[457]  TRUE  TRUE FALSE FALSE  TRUE  TRUE  TRUE  TRUE  TRUE  TRUE FALSE  TRUE  TRUE  TRUE  TRUE  TRUE  TRUE  TRUE  TRUE
[476]  TRUE  TRUE FALSE  TRUE  TRUE  TRUE  TRUE  TRUE FALSE  TRUE  TRUE  TRUE  TRUE  TRUE  TRUE  TRUE  TRUE  TRUE  TRUE
[495]  TRUE  TRUE  TRUE FALSE FALSE  TRUE  TRUE  TRUE FALSE  TRUE  TRUE  TRUE  TRUE  TRUE  TRUE  TRUE  TRUE  TRUE  TRUE
[514] FALSE  TRUE  TRUE  TRUE  TRUE  TRUE  TRUE  TRUE  TRUE FALSE  TRUE  TRUE  TRUE FALSE  TRUE  TRUE  TRUE  TRUE  TRUE
[533]  TRUE  TRUE  TRUE  TRUE  TRUE  TRUE  TRUE  TRUE  TRUE  TRUE  TRUE  TRUE  TRUE  TRUE  TRUE  TRUE  TRUE  TRUE  TRUE
[552]  TRUE FALSE  TRUE  TRUE  TRUE FALSE  TRUE  TRUE  TRUE FALSE  TRUE  TRUE  TRUE  TRUE  TRUE  TRUE  TRUE  TRUE  TRUE
[571]  TRUE  TRUE  TRUE  TRUE  TRUE  TRUE  TRUE  TRUE  TRUE  TRUE  TRUE  TRUE  TRUE  TRUE  TRUE  TRUE  TRUE  TRUE  TRUE
[590]  TRUE  TRUE  TRUE  TRUE  TRUE  TRUE  TRUE  TRUE  TRUE  TRUE  TRUE  TRUE  TRUE  TRUE  TRUE  TRUE  TRUE  TRUE  TRUE
[609]  TRUE  TRUE  TRUE  TRUE  TRUE  TRUE  TRUE  TRUE  TRUE  TRUE  TRUE FALSE  TRUE  TRUE  TRUE  TRUE  TRUE  TRUE  TRUE
[628]  TRUE  TRUE  TRUE  TRUE  TRUE  TRUE  TRUE  TRUE  TRUE  TRUE FALSE  TRUE  TRUE  TRUE  TRUE  TRUE

