
Birth-death simulation object with 591 species and 500 extant species

Details for some species:

Extinction times (NA means extant)
[1]  46.22795 102.48816  72.83153  49.72207  41.61596  39.00359


Speciation times 
[1] 107.59815 106.98323  75.86655  51.35042  50.87488  49.05384


Species parents (NA for initial)
[1] NA  1  1  1  4  5


Species status (extinct or extant)
[1] "extinct" "extinct" "extinct" "extinct" "extinct" "extinct"


For more details on vector y, try sim$y, with y one of
TE TS PAR EXTANT



$TE
  [1]  46.22794748 102.48815576  72.83152807  49.72207192  41.61595784  39.00358563  39.39588960  33.62472049
  [9]           NA           NA   3.48203938           NA   3.36499430           NA  18.32728704  25.38169838
 [17]           NA           NA           NA           NA           NA  15.40953063           NA           NA
 [25]           NA   1.21563523           NA           NA           NA           NA           NA  16.44260492
 [33]  31.10867192           NA           NA  17.66856096           NA           NA           NA           NA
 [41]           NA           NA           NA           NA   5.61548442           NA           NA  19.01455867
 [49]           NA           NA           NA           NA           NA           NA           NA           NA
 [57]   8.40760030           NA           NA           NA           NA           NA  19.11445162           NA
 [65]           NA           NA           NA           NA           NA           NA   9.65438921           NA
 [73]           NA           NA  13.18330496           NA   5.35908178           NA           NA           NA
 [81]   2.27949084  15.34488157           NA           NA           NA           NA           NA           NA
 [89]           NA  11.68581810           NA           NA           NA  15.85572994           NA           NA
 [97]           NA           NA           NA           NA           NA           NA           NA   8.69497193
[105]   5.69969682           NA           NA  17.50852463           NA           NA   3.93595257           NA
[113]           NA           NA           NA           NA           NA           NA           NA           NA
[121]           NA           NA   3.72879748           NA           NA           NA           NA  16.21525939
[129]   3.60440364           NA           NA           NA           NA           NA           NA           NA
[137]           NA           NA   3.97449967           NA           NA   1.94814052           NA           NA
[145]           NA           NA   1.11703866           NA           NA           NA           NA  13.58908728
[153]  13.32840338   1.70318913           NA           NA           NA           NA           NA           NA
[161]           NA           NA           NA           NA   0.03244453           NA           NA           NA
[169]           NA           NA           NA           NA           NA           NA           NA           NA
[177]           NA           NA           NA           NA   1.49417446           NA           NA   8.93636951
[185]   7.33926191   4.23038364           NA           NA           NA           NA           NA   3.87070133
[193]   3.32260670           NA           NA   1.43805268           NA   6.01847933           NA   0.82067778
[201]           NA           NA           NA   3.06337801           NA           NA           NA   6.15816826
[209]           NA           NA           NA           NA           NA           NA           NA           NA
[217]           NA           NA           NA           NA           NA   1.14477034   0.22216344           NA
[225]           NA   2.71731437           NA   1.24402734   4.49876336           NA           NA   0.55883277
[233]           NA           NA   2.01193505           NA           NA           NA           NA           NA
[241]           NA   5.66165876           NA           NA           NA           NA   5.58496694           NA
[249]           NA   6.75432362           NA           NA           NA           NA   4.21648553   6.89225399
[257]           NA           NA           NA           NA   0.73801170   0.71598570   3.23130142           NA
[265]           NA           NA           NA   2.67679805           NA           NA           NA           NA
[273]           NA           NA           NA           NA           NA           NA           NA           NA
[281]           NA           NA           NA           NA           NA           NA   5.05698565           NA
[289]           NA           NA           NA           NA   1.09333155           NA           NA           NA
[297]           NA           NA           NA           NA           NA           NA           NA           NA
[305]           NA           NA           NA           NA           NA           NA           NA           NA
[313]           NA           NA           NA           NA           NA           NA           NA           NA
[321]           NA           NA   1.07409781           NA           NA           NA           NA           NA
[329]           NA           NA           NA           NA           NA           NA           NA           NA
[337]           NA           NA           NA   0.78505810           NA           NA   3.34577812           NA
[345]           NA   0.92491287           NA           NA           NA           NA           NA           NA
[353]   0.97313436           NA           NA           NA           NA           NA   2.03604309           NA
[361]           NA   0.16706375   6.82809808           NA           NA           NA           NA           NA
[369]           NA           NA           NA           NA           NA           NA           NA           NA
[377]           NA           NA           NA           NA           NA           NA           NA           NA
[385]           NA           NA           NA   4.06380062           NA           NA           NA           NA
[393]           NA           NA   1.65852815           NA           NA           NA           NA           NA
[401]           NA           NA           NA           NA           NA           NA           NA           NA
[409]           NA           NA           NA           NA           NA   1.14085449           NA           NA
[417]           NA           NA   4.49161122           NA           NA           NA           NA           NA
[425]           NA           NA           NA           NA           NA   0.51968936           NA           NA
[433]           NA           NA           NA           NA           NA           NA           NA           NA
[441]           NA           NA           NA           NA           NA           NA           NA           NA
[449]           NA           NA           NA           NA           NA           NA           NA           NA
[457]   1.79571929           NA           NA           NA           NA           NA           NA           NA
[465]           NA           NA           NA           NA           NA           NA           NA           NA
[473]           NA   1.98065051           NA           NA           NA           NA           NA           NA
[481]           NA           NA           NA           NA           NA   0.44013821           NA           NA
[489]           NA           NA           NA   3.37626054           NA           NA           NA           NA
[497]           NA           NA           NA           NA           NA           NA   1.35069781           NA
[505]           NA           NA           NA           NA           NA           NA           NA           NA
[513]           NA           NA           NA           NA   1.58367425           NA           NA           NA
[521]           NA           NA           NA           NA           NA           NA           NA           NA
[529]           NA           NA           NA           NA   0.05315005           NA           NA           NA
[537]           NA           NA           NA           NA           NA           NA           NA           NA
[545]           NA           NA           NA           NA           NA           NA           NA           NA
[553]           NA           NA           NA           NA           NA           NA           NA           NA
[561]           NA           NA           NA           NA           NA           NA           NA           NA
[569]           NA           NA           NA           NA           NA           NA           NA           NA
[577]           NA           NA           NA           NA           NA           NA           NA           NA
[585]           NA           NA           NA           NA           NA           NA           NA

$TS
  [1] 1.075982e+02 1.069832e+02 7.586655e+01 5.135042e+01 5.087488e+01 4.905384e+01 4.441032e+01 4.301064e+01
  [9] 4.739070e+01 3.794329e+01 1.202929e+01 7.092377e+00 6.752149e+00 3.703244e+01 3.656166e+01 2.707947e+01
 [17] 2.269242e+01 1.528051e+01 6.264047e+00 1.914041e+00 1.557100e+00 2.432555e+01 1.092351e+01 6.097295e+00
 [25] 5.023517e+00 4.601219e+00 3.400132e+01 3.155195e+01 2.865194e+01 2.359766e+01 2.329752e+01 2.240704e+01
 [33] 3.192023e+01 2.372416e+01 2.007863e+01 1.882940e+01 5.716202e-01 1.612173e+01 1.541377e+01 1.134262e+01
 [41] 3.857516e+00 2.600819e+00 3.196325e-03 1.825713e+01 1.305365e+01 1.266784e+01 6.348759e-02 2.258408e+01
 [49] 1.779175e+01 2.205775e+01 1.980153e+01 1.224911e+01 6.234785e+00 4.981191e-01 1.554976e+01 3.609026e+00
 [57] 1.483091e+01 1.252494e+01 7.404846e+00 1.537143e+00 2.109069e+01 1.794415e+01 2.073841e+01 1.860164e+01
 [65] 1.848363e+01 6.337517e+00 3.402777e+00 3.241494e-01 2.044054e+01 1.709980e+01 1.091995e+01 7.283199e+00
 [73] 7.181487e+00 4.867470e+00 2.039834e+01 1.925060e+01 1.547843e+01 3.945440e+00 3.697674e+00 1.855162e+01
 [81] 1.342485e+01 1.628446e+01 1.493726e+01 6.234859e+00 9.287933e+00 6.037490e+00 4.140083e+00 1.670622e+01
 [89] 1.535981e+01 1.184398e+01 1.151340e+01 7.329281e+00 4.059619e+00 1.818253e+01 4.874798e+00 3.451028e+00
 [97] 1.061911e+01 8.474998e-01 1.386201e+01 8.211554e+00 4.663383e+00 3.621341e+00 2.426614e+00 9.606686e+00
[105] 9.141553e+00 8.169088e+00 5.477800e+00 1.792487e+01 1.768860e+01 1.688943e+01 1.590716e+01 1.521348e+01
[113] 9.694809e+00 8.771273e+00 4.117794e+00 1.791688e+01 1.762503e+01 1.521741e+01 8.124965e+00 7.984109e+00
[121] 6.697873e+00 2.082938e+00 4.683761e+00 1.473265e+01 1.285044e+01 1.201941e+01 6.406772e+00 1.648230e+01
[129] 5.171576e+00 1.229281e+01 3.458329e+00 1.731755e+00 1.417453e+01 1.265625e+01 7.997910e+00 5.766810e+00
[137] 5.353431e+00 3.800212e-02 1.266484e+01 8.946183e+00 5.411081e+00 1.476163e+01 1.154694e+01 1.049391e+01
[145] 1.022128e+01 6.915373e+00 4.922908e+00 1.212813e+01 8.203769e-01 1.985886e-01 1.521272e+01 1.412275e+01
[153] 1.351263e+01 2.263438e+00 1.408383e+01 9.497834e+00 1.419658e+01 1.306371e+01 2.650592e+00 2.646672e+00
[161] 1.130455e+00 6.326301e+00 2.227123e+00 9.999990e+00 1.159697e+01 3.611609e+00 1.142616e+01 9.251005e+00
[169] 7.842160e+00 6.711860e+00 2.029200e+00 8.545721e+00 3.851642e+00 2.454080e+00 2.104227e+00 1.275828e+01
[177] 2.227823e+00 1.138444e+01 7.462656e+00 1.285298e+01 7.281788e+00 4.688072e+00 9.365805e-01 1.142658e+01
[185] 1.059521e+01 1.126361e+01 1.102210e+01 1.043782e+01 8.788017e+00 7.241529e+00 8.908722e+00 7.789099e+00
[193] 1.068689e+01 9.717008e+00 8.864654e+00 1.238099e+01 1.147667e+01 6.544495e+00 5.325461e+00 4.661606e+00
[201] 3.912151e+00 1.729226e+00 8.835706e+00 1.152642e+01 3.315658e+00 2.883280e-01 7.942454e+00 1.186539e+01
[209] 1.131701e+01 9.129035e+00 1.106339e+01 8.805585e+00 1.084024e+01 4.761219e+00 6.048803e+00 7.470174e+00
[217] 6.250413e+00 5.715348e+00 5.087035e+00 1.047564e+01 7.177680e+00 6.361634e+00 3.599882e+00 6.358880e-01
[225] 5.992919e-01 1.032346e+01 6.184572e+00 7.136394e+00 6.761721e+00 1.572366e+00 6.315118e+00 1.042558e+01
[233] 3.254114e+00 1.006238e+01 7.398365e+00 3.498713e+00 1.070955e+01 7.569229e+00 7.024449e+00 6.416166e+00
[241] 5.899930e+00 6.289263e+00 5.543160e+00 5.025970e+00 4.196061e+00 1.326503e+00 8.989283e+00 9.710767e+00
[249] 8.866441e+00 7.415295e+00 4.370777e-01 9.678652e+00 9.487536e+00 4.983006e+00 4.343982e+00 6.909342e+00
[257] 4.270297e+00 5.005916e+00 5.605260e+00 2.907411e+00 7.214877e+00 6.552080e+00 5.222669e+00 5.206750e+00
[265] 8.544909e+00 7.978691e+00 5.919177e+00 3.706980e+00 3.201499e+00 7.598855e+00 6.328554e+00 7.252865e+00
[273] 2.135859e+00 8.682545e+00 6.295572e+00 5.356389e+00 8.968206e+00 8.579161e+00 7.993919e+00 4.323387e+00
[281] 8.862137e+00 7.878526e+00 9.028986e+00 8.954512e+00 1.602041e+00 6.272722e+00 6.257825e+00 5.334733e+00
[289] 8.768770e+00 5.780050e+00 8.842241e+00 6.020795e+00 3.151613e+00 4.988312e+00 5.705220e+00 5.041272e+00
[297] 4.700250e+00 4.491262e+00 4.527317e-01 4.102923e-01 8.438850e+00 8.342822e+00 7.502707e+00 6.862218e+00
[305] 8.509671e+00 7.457679e+00 2.296159e+00 8.306874e+00 6.235402e+00 1.528263e+00 4.664932e+00 1.775767e+00
[313] 5.565123e-01 7.473876e+00 3.823163e+00 4.155760e+00 2.773723e+00 5.516714e+00 1.176582e+00 7.220134e+00
[321] 5.978308e-01 1.650158e+00 8.259118e+00 4.075876e+00 4.217736e+00 2.784361e+00 2.512265e+00 2.708532e+00
[329] 7.690899e+00 4.827581e+00 6.449315e+00 9.509796e-02 7.563076e+00 3.305547e+00 4.977343e+00 4.609100e+00
[337] 1.392054e+00 7.704147e+00 5.045503e+00 4.145701e+00 1.939012e+00 6.390993e+00 5.065150e+00 1.710104e+00
[345] 1.927570e+00 5.596685e+00 4.546992e+00 4.511302e+00 4.141489e+00 3.462743e+00 2.728128e+00 3.356854e+00
[353] 7.229919e+00 6.370048e+00 1.485003e+00 7.280832e+00 3.705319e+00 2.257727e-01 7.212649e+00 3.425486e+00
[361] 1.119091e+00 2.172747e-01 7.242268e+00 5.908813e+00 4.636191e+00 2.984080e+00 2.140812e+00 1.029014e+00
[369] 1.078732e-01 9.127082e-01 6.098584e+00 5.832683e+00 4.896829e+00 4.619702e+00 6.964445e+00 4.944463e+00
[377] 7.059153e+00 7.078950e+00 5.980997e+00 5.699688e+00 1.112106e+00 6.968826e+00 6.354266e+00 5.766647e+00
[385] 2.335461e+00 2.228414e+00 6.084679e+00 5.297453e+00 5.360895e+00 3.303268e+00 1.266959e+00 1.085437e+00
[393] 6.810391e+00 6.205350e+00 2.610196e+00 2.449880e+00 6.373951e+00 5.785556e+00 4.840505e+00 3.566883e+00
[401] 2.754587e+00 6.458694e+00 1.133485e+00 6.360376e+00 4.683402e+00 2.461866e+00 2.207514e+00 6.044240e+00
[409] 3.989901e+00 2.296789e+00 3.840469e+00 9.673449e-01 4.055599e+00 3.991273e+00 5.623332e-01 5.054673e-01
[417] 6.757547e-01 2.010051e+00 5.398442e+00 3.823596e-02 4.419103e+00 4.350724e+00 2.800977e+00 2.928987e+00
[425] 1.350549e+00 1.348929e+00 3.562987e+00 2.076915e+00 2.682537e+00 7.333035e-01 4.338521e+00 2.972856e+00
[433] 1.447061e+00 5.847232e+00 2.693998e+00 1.140893e+00 3.777217e+00 2.163037e+00 1.286858e-01 5.252992e+00
[441] 5.148827e+00 3.816480e+00 1.419839e+00 3.176763e+00 5.657822e+00 6.196430e-01 4.416229e+00 1.064873e+00
[449] 5.104415e+00 1.213258e+00 2.721394e+00 2.690969e+00 4.808411e+00 3.646886e+00 3.569072e+00 1.635587e+00
[457] 4.291481e+00 1.301838e+00 1.697440e+00 1.327261e+00 9.061561e-01 3.594275e-01 2.153076e+00 2.219441e+00
[465] 4.343764e+00 4.469031e+00 4.666100e+00 1.295833e+00 5.054129e-02 1.552051e+00 1.957865e+00 2.535775e+00
[473] 4.207400e+00 3.130518e+00 3.328393e+00 6.903266e-01 3.828017e+00 1.593301e+00 5.034579e-01 2.918979e+00
[481] 4.150644e+00 3.640414e+00 3.215825e+00 1.613805e+00 3.160550e+00 9.627595e-01 3.949092e+00 3.948317e+00
[489] 5.355339e-01 1.271375e+00 4.307636e+00 3.676090e+00 1.954132e+00 1.601175e+00 3.777027e+00 2.396682e+00
[497] 4.926657e-01 1.129610e+00 3.067003e+00 1.154027e+00 3.591543e+00 2.519567e+00 1.442971e+00 2.171028e-02
[505] 2.394863e+00 1.645474e+00 3.244498e+00 1.337222e+00 6.296931e-01 3.188190e+00 1.542667e+00 2.863627e+00
[513] 2.091858e+00 1.015299e+00 6.592339e-01 3.734807e+00 2.347234e+00 4.527042e-01 6.159862e-01 2.642122e+00
[521] 2.892530e+00 1.209751e+00 2.625769e+00 2.670753e+00 1.680883e+00 1.896511e+00 3.065840e+00 3.009083e+00
[529] 3.393392e+00 6.377645e-02 5.700766e-01 2.928322e+00 2.671984e+00 1.447310e-01 1.004885e-01 2.219787e+00
[537] 1.117762e+00 6.067573e-01 2.726845e+00 2.308782e+00 1.438811e+00 2.098881e+00 1.626438e+00 1.717552e+00
[545] 1.301464e+00 5.486069e-01 1.548554e+00 3.188656e-01 1.732837e+00 1.665056e+00 1.529464e+00 2.136415e+00
[553] 1.522567e+00 7.149054e-01 2.412035e+00 2.032952e+00 2.025603e+00 2.138348e-02 2.030268e+00 6.172133e-02
[561] 2.879949e-02 2.188427e+00 1.595967e+00 8.592722e-01 1.346802e-02 5.288145e-02 1.498180e+00 1.244139e+00
[569] 9.813708e-01 6.721767e-02 1.359670e+00 8.398650e-01 9.699174e-01 4.123757e-01 2.924097e-01 8.781079e-01
[577] 6.894910e-01 1.078048e+00 6.358834e-01 2.383731e-01 1.017215e+00 1.095891e+00 1.247822e+00 8.343682e-01
[585] 3.963081e-01 8.573736e-01 5.093271e-02 1.337096e-01 8.216523e-01 1.872573e-01 1.470001e-01

$PAR
  [1]  NA   1   1   1   4   5   5   5   6   9   9   9   9   8   8  10  10  10  10  10  10  14  14  14  14  14  15  15
 [29]  15  15  15  15  27  27  27  27  27  28  28  28  28  28  28  29  29  29  29  22  22  34  34  34  34  34  30  30
 [57]  31  31  31  31  17  17  48  32  32  50  50  50  61  61  61  61  61  61  63  69  69  69  69  75  75  35  35  35
 [85]  51  51  51  76  76  76  76  76  76  64  64  64  80  80  65  65  65  65  65  44  44  44  44  94  94  94  94  62
[113]  62  62  62 108 108 116 116 116 116 116  49 109 109 109 109 117 117  70  70  70  88  88  88  88  88  38 111 111
[141] 111  55  55  89  89  89  89  18  18  18 118 118 118 118 112 112 151 151 151 151 151  83  83  57 142 142 124 124
[169] 124 157 157 155 155 155 155  99  99  81  81 158 158 158 158  45  45 180 180 180 180 180 125 125 176 176 176  46
[197] 139 134  58  58  58  58 196 130 130 130  52 148 148 148  11 126 165 165 143  91  91  91  91 167 167 167 167 167
[225] 167  40  40 209 209 209 186 211 211 187 187 187  23 213 237 237 237 193 193  97  97  97 185 144 144 144 144 220
[253] 220 220 220 188 188 232 226 226 145 145 145 145 234 234 164 164 164 194 194 248 113 252 252 252 253  85  85  85
[281] 168 168 210 210 283 277 277 284 140 140 191 191 191 249 195 281 281 281 281 291 203 203 203 203 212 212 212 189
[309] 189 189 114 114 114 289 274 278 278 172 172 265 265 305 301 301 302 302 302 308 100 100 106 119 135 135 120 120
[337] 207 282 282 282 282 169 169 169 338 270 270 270 270 270 270 238 333 333 333 303 303 303 314 314 314 314 216 179
[365]  59  92  92  92  92  72 181 181 181 181 356 356 363 353 320 320 320 359 221 228  12 378 377 377 239 239 239 239
[393] 375 375 375 146 304 304 170 170 121 198 402 127 127 127 342 397 397 222 404 404 383 383 383  66 271 162 275 275
[421]  19 217 309  53 227 215 292 292 379 379 267 267 364 241 241 241 398 398 398 290 136 136 136 384 218 218 295 295
[449] 445 445 259 259 141 141 137 137 288 288 199 199 440 449 339 296 244  25 254 254 254 376 147  74 399 399 182 182
[477] 405 467 311 101 365 365 365 365 374 336  26 466 466 422 465 465 465 431 280 257 257 325 481 481 324 324 324 324
[505]  93 413 414 487 487 488 201  41  41 315 442 437 516 357  79 482 166 166  56 223 501 455 236 131  67  67 529 352
[533] 352 475 233 507 485 499 528 528 366 480 260 521 351 539 435 435 524 524 524 406 174 174 396 505 505 385 540 307
[561] 177 163 562 438 367 542 122 559 559 418 312 202 456 494 547 355 541 337 425 426 545 490 391 537 569 412 564 586
[589]  98 446 299

$EXTANT
  [1] FALSE FALSE FALSE FALSE FALSE FALSE FALSE FALSE  TRUE  TRUE FALSE  TRUE FALSE  TRUE FALSE FALSE  TRUE  TRUE  TRUE
 [20]  TRUE  TRUE FALSE  TRUE  TRUE  TRUE FALSE  TRUE  TRUE  TRUE  TRUE  TRUE FALSE FALSE  TRUE  TRUE FALSE  TRUE  TRUE
 [39]  TRUE  TRUE  TRUE  TRUE  TRUE  TRUE FALSE  TRUE  TRUE FALSE  TRUE  TRUE  TRUE  TRUE  TRUE  TRUE  TRUE  TRUE FALSE
 [58]  TRUE  TRUE  TRUE  TRUE  TRUE FALSE  TRUE  TRUE  TRUE  TRUE  TRUE  TRUE  TRUE FALSE  TRUE  TRUE  TRUE FALSE  TRUE
 [77] FALSE  TRUE  TRUE  TRUE FALSE FALSE  TRUE  TRUE  TRUE  TRUE  TRUE  TRUE  TRUE FALSE  TRUE  TRUE  TRUE FALSE  TRUE
 [96]  TRUE  TRUE  TRUE  TRUE  TRUE  TRUE  TRUE  TRUE FALSE FALSE  TRUE  TRUE FALSE  TRUE  TRUE FALSE  TRUE  TRUE  TRUE
[115]  TRUE  TRUE  TRUE  TRUE  TRUE  TRUE  TRUE  TRUE FALSE  TRUE  TRUE  TRUE  TRUE FALSE FALSE  TRUE  TRUE  TRUE  TRUE
[134]  TRUE  TRUE  TRUE  TRUE  TRUE FALSE  TRUE  TRUE FALSE  TRUE  TRUE  TRUE  TRUE FALSE  TRUE  TRUE  TRUE  TRUE FALSE
[153] FALSE FALSE  TRUE  TRUE  TRUE  TRUE  TRUE  TRUE  TRUE  TRUE  TRUE  TRUE FALSE  TRUE  TRUE  TRUE  TRUE  TRUE  TRUE
[172]  TRUE  TRUE  TRUE  TRUE  TRUE  TRUE  TRUE  TRUE  TRUE FALSE  TRUE  TRUE FALSE FALSE FALSE  TRUE  TRUE  TRUE  TRUE
[191]  TRUE FALSE FALSE  TRUE  TRUE FALSE  TRUE FALSE  TRUE FALSE  TRUE  TRUE  TRUE FALSE  TRUE  TRUE  TRUE FALSE  TRUE
[210]  TRUE  TRUE  TRUE  TRUE  TRUE  TRUE  TRUE  TRUE  TRUE  TRUE  TRUE  TRUE FALSE FALSE  TRUE  TRUE FALSE  TRUE FALSE
[229] FALSE  TRUE  TRUE FALSE  TRUE  TRUE FALSE  TRUE  TRUE  TRUE  TRUE  TRUE  TRUE FALSE  TRUE  TRUE  TRUE  TRUE FALSE
[248]  TRUE  TRUE FALSE  TRUE  TRUE  TRUE  TRUE FALSE FALSE  TRUE  TRUE  TRUE  TRUE FALSE FALSE FALSE  TRUE  TRUE  TRUE
[267]  TRUE FALSE  TRUE  TRUE  TRUE  TRUE  TRUE  TRUE  TRUE  TRUE  TRUE  TRUE  TRUE  TRUE  TRUE  TRUE  TRUE  TRUE  TRUE
[286]  TRUE FALSE  TRUE  TRUE  TRUE  TRUE  TRUE FALSE  TRUE  TRUE  TRUE  TRUE  TRUE  TRUE  TRUE  TRUE  TRUE  TRUE  TRUE
[305]  TRUE  TRUE  TRUE  TRUE  TRUE  TRUE  TRUE  TRUE  TRUE  TRUE  TRUE  TRUE  TRUE  TRUE  TRUE  TRUE  TRUE  TRUE FALSE
[324]  TRUE  TRUE  TRUE  TRUE  TRUE  TRUE  TRUE  TRUE  TRUE  TRUE  TRUE  TRUE  TRUE  TRUE  TRUE  TRUE FALSE  TRUE  TRUE
[343] FALSE  TRUE  TRUE FALSE  TRUE  TRUE  TRUE  TRUE  TRUE  TRUE FALSE  TRUE  TRUE  TRUE  TRUE  TRUE FALSE  TRUE  TRUE
[362] FALSE FALSE  TRUE  TRUE  TRUE  TRUE  TRUE  TRUE  TRUE  TRUE  TRUE  TRUE  TRUE  TRUE  TRUE  TRUE  TRUE  TRUE  TRUE
[381]  TRUE  TRUE  TRUE  TRUE  TRUE  TRUE  TRUE FALSE  TRUE  TRUE  TRUE  TRUE  TRUE  TRUE FALSE  TRUE  TRUE  TRUE  TRUE
[400]  TRUE  TRUE  TRUE  TRUE  TRUE  TRUE  TRUE  TRUE  TRUE  TRUE  TRUE  TRUE  TRUE  TRUE FALSE  TRUE  TRUE  TRUE  TRUE
[419] FALSE  TRUE  TRUE  TRUE  TRUE  TRUE  TRUE  TRUE  TRUE  TRUE  TRUE FALSE  TRUE  TRUE  TRUE  TRUE  TRUE  TRUE  TRUE
[438]  TRUE  TRUE  TRUE  TRUE  TRUE  TRUE  TRUE  TRUE  TRUE  TRUE  TRUE  TRUE  TRUE  TRUE  TRUE  TRUE  TRUE  TRUE  TRUE
[457] FALSE  TRUE  TRUE  TRUE  TRUE  TRUE  TRUE  TRUE  TRUE  TRUE  TRUE  TRUE  TRUE  TRUE  TRUE  TRUE  TRUE FALSE  TRUE
[476]  TRUE  TRUE  TRUE  TRUE  TRUE  TRUE  TRUE  TRUE  TRUE  TRUE FALSE  TRUE  TRUE  TRUE  TRUE  TRUE FALSE  TRUE  TRUE
[495]  TRUE  TRUE  TRUE  TRUE  TRUE  TRUE  TRUE  TRUE FALSE  TRUE  TRUE  TRUE  TRUE  TRUE  TRUE  TRUE  TRUE  TRUE  TRUE
[514]  TRUE  TRUE  TRUE FALSE  TRUE  TRUE  TRUE  TRUE  TRUE  TRUE  TRUE  TRUE  TRUE  TRUE  TRUE  TRUE  TRUE  TRUE  TRUE
[533] FALSE  TRUE  TRUE  TRUE  TRUE  TRUE  TRUE  TRUE  TRUE  TRUE  TRUE  TRUE  TRUE  TRUE  TRUE  TRUE  TRUE  TRUE  TRUE
[552]  TRUE  TRUE  TRUE  TRUE  TRUE  TRUE  TRUE  TRUE  TRUE  TRUE  TRUE  TRUE  TRUE  TRUE  TRUE  TRUE  TRUE  TRUE  TRUE
[571]  TRUE  TRUE  TRUE  TRUE  TRUE  TRUE  TRUE  TRUE  TRUE  TRUE  TRUE  TRUE  TRUE  TRUE  TRUE  TRUE  TRUE  TRUE  TRUE
[590]  TRUE  TRUE

