
Birth-death simulation object with 618 species and 500 extant species

Details for some species:

Extinction times (NA means extant)
[1] 44.04922 14.44208 43.33931 36.46097 38.24285 35.75462


Speciation times 
[1] 62.90106 50.50465 49.55543 46.53257 50.13030 48.70839


Species parents (NA for initial)
[1] NA  1  1  1  2  2


Species status (extinct or extant)
[1] "extinct" "extinct" "extinct" "extinct" "extinct" "extinct"


For more details on vector y, try sim$y, with y one of
TE TS PAR EXTANT



$TE
  [1] 44.04922400 14.44207897 43.33930715 36.46096536 38.24284918 35.75462089 15.84478864          NA          NA
 [10]          NA          NA  5.82063646 28.29388179 35.22972406 34.81656992 15.14498809          NA 16.88719242
 [19]          NA 33.69054592 34.99298594 36.27967357 42.34130459          NA 20.29971538          NA 11.87201883
 [28]          NA          NA          NA          NA 24.84226306 28.37535227 22.13041844          NA 15.47215067
 [37]  2.56318261          NA  3.06086990          NA          NA 22.01817522 29.57546658          NA          NA
 [46]          NA 19.92929138          NA          NA          NA 24.41427325          NA          NA          NA
 [55]  2.46557475          NA 28.78937773 23.18733800  2.37071118          NA 14.03613014          NA          NA
 [64]          NA 21.65868366          NA          NA  0.95629393          NA          NA          NA          NA
 [73]          NA          NA 21.63525483 19.82641942 15.37553803 17.20238632          NA          NA  9.54969327
 [82] 14.18131830 21.60639139 19.47950956          NA          NA  0.96986087          NA          NA  9.45555005
 [91]          NA          NA  8.02642495  0.65245508          NA  1.23817580 21.61293235  8.96518268          NA
[100]  2.03639449          NA  0.04489958  6.18682550 22.40188571  5.79061724  0.33570167          NA          NA
[109]          NA          NA          NA          NA          NA          NA          NA          NA          NA
[118]          NA          NA  3.10739609          NA  0.74860936          NA          NA          NA          NA
[127]          NA          NA          NA          NA  1.54064432 17.09978610          NA          NA          NA
[136]          NA          NA          NA          NA  4.65424261          NA          NA  2.86684720          NA
[145]          NA          NA          NA  2.90012568          NA          NA          NA  8.85272458          NA
[154]          NA          NA          NA  2.64810389          NA 17.27129831          NA  1.78105597          NA
[163]          NA          NA          NA          NA          NA  5.86811044          NA 10.66515515          NA
[172]          NA          NA          NA          NA 15.45050869  3.01186658          NA          NA  6.62796810
[181]          NA          NA          NA          NA          NA          NA          NA          NA 15.39576109
[190]          NA          NA          NA          NA          NA          NA          NA          NA          NA
[199]          NA 10.99043927          NA          NA 14.75280892          NA          NA          NA          NA
[208]          NA          NA          NA          NA          NA          NA  9.51957778  8.46515727          NA
[217]  2.90704689  5.36629767          NA          NA          NA          NA          NA          NA          NA
[226] 11.65316367          NA          NA  0.97850114  9.69867263          NA          NA  9.40325789          NA
[235]  6.66762905          NA          NA  3.53774491  7.53290912          NA          NA          NA  1.95381516
[244]          NA          NA          NA          NA          NA          NA          NA          NA          NA
[253]          NA          NA          NA          NA          NA          NA          NA          NA          NA
[262]          NA  5.80992204          NA          NA          NA          NA          NA          NA          NA
[271]          NA          NA          NA          NA          NA          NA          NA          NA          NA
[280]          NA          NA          NA          NA          NA          NA  0.11742628          NA          NA
[289]          NA  5.53989675          NA  7.94560018          NA          NA  9.15919480          NA          NA
[298]          NA          NA  7.53713191          NA          NA  0.60335176          NA          NA          NA
[307]  3.64506413          NA          NA          NA          NA          NA          NA          NA  3.01985152
[316]          NA          NA          NA          NA          NA          NA          NA          NA  3.52249323
[325]          NA          NA  5.59899443          NA  2.08827222          NA          NA          NA          NA
[334]          NA          NA          NA          NA          NA          NA          NA          NA          NA
[343]          NA  8.27450681          NA          NA          NA          NA          NA          NA          NA
[352]          NA          NA          NA          NA          NA          NA          NA          NA          NA
[361]          NA          NA          NA          NA          NA          NA          NA          NA          NA
[370]  1.09477376          NA          NA          NA          NA          NA          NA          NA          NA
[379]          NA          NA          NA          NA          NA          NA          NA          NA          NA
[388]          NA          NA  0.27293582          NA          NA          NA          NA          NA          NA
[397]          NA          NA          NA          NA  6.28957944          NA          NA  2.69535707          NA
[406]          NA          NA          NA          NA          NA          NA          NA          NA          NA
[415]          NA          NA          NA          NA          NA          NA          NA          NA          NA
[424]          NA          NA          NA  2.28025473          NA          NA          NA          NA  4.54288456
[433]          NA          NA          NA          NA          NA          NA          NA          NA          NA
[442]  3.33390068          NA          NA          NA          NA          NA          NA          NA          NA
[451]          NA          NA          NA          NA          NA          NA          NA          NA          NA
[460]          NA          NA  1.08485679          NA  0.37894884          NA          NA  3.13011652          NA
[469]          NA          NA          NA          NA          NA          NA          NA          NA          NA
[478]          NA          NA          NA          NA          NA          NA          NA          NA          NA
[487]          NA          NA          NA          NA          NA          NA          NA          NA          NA
[496]          NA          NA          NA          NA          NA          NA          NA  1.82246559          NA
[505]          NA          NA  3.39964948          NA          NA          NA          NA  1.17838407          NA
[514]          NA          NA          NA          NA          NA          NA  0.36451779          NA          NA
[523]          NA          NA          NA  1.51725193          NA          NA          NA          NA          NA
[532]          NA          NA          NA          NA          NA          NA          NA  1.16958988          NA
[541]          NA          NA          NA          NA          NA          NA          NA          NA          NA
[550]          NA          NA          NA          NA          NA          NA          NA          NA          NA
[559]          NA          NA          NA          NA          NA          NA          NA          NA          NA
[568]          NA          NA          NA          NA          NA          NA          NA          NA          NA
[577]          NA          NA          NA          NA          NA          NA          NA          NA          NA
[586]          NA  1.38970960          NA          NA          NA          NA          NA          NA          NA
[595]          NA          NA          NA          NA          NA          NA          NA          NA          NA
[604]          NA          NA          NA          NA          NA          NA          NA          NA          NA
[613]          NA          NA          NA          NA          NA          NA

$TS
  [1] 62.901055212 50.504651338 49.555429171 46.532568760 50.130301732 48.708394760 33.819838058 31.788418347
  [9] 23.323832144 17.456896390 17.272043695 14.711845889 43.831985299 40.367214391 39.132173677 45.909594923
 [17] 45.189435441 44.737163595 37.968000797 36.539803272 45.450141698 44.930281538 44.567936974 43.716495608
 [25] 32.225908806 32.146545149 27.751583955 15.560542544  8.492936906  7.188335567 39.086859349 37.379917007
 [33] 38.982868650 33.545986838  4.717358255 37.603956650 19.684086317 15.550604600 15.537259719  6.126054976
 [41]  4.660103276 30.091517316 31.523624431  9.477741556 30.066992817 22.960739899 29.466770553 26.806981041
 [49] 25.638272235 32.943752353 29.001279899 16.149491470 14.506771507  8.822161374  8.710993170  0.735986731
 [57] 30.177439937 28.298283487 23.595050161 20.893112414 19.822042805 12.440161491 10.915300679  8.937497954
 [65] 28.933146307 26.762035650  2.417840420 21.128586931  8.916971553  6.258464053  1.393273284 28.107341156
 [73] 21.818476981 25.307809403 27.017111934 25.734806304 25.694832034 27.518369786  7.555909147 14.860713873
 [81] 18.222024885 24.955803291 24.171315567 21.312738813 18.740759646 18.112415246 17.123709154 12.599796487
 [89]  3.360410357 21.991118671 13.448302441 12.959007311 11.298416726  1.227025095  1.148177433 19.883973754
 [97] 23.534754043 18.590723542  3.102980942 18.525906462 11.740651660 22.373255523 19.122515942 22.639069387
[105] 17.131895043 10.337938203 10.273551468  6.919864748 22.229736755  5.846538027  3.991735855  0.370521068
[113] 20.401534863 15.726197434  5.858718006 20.966008442  1.312573003 19.756421692 19.659266333 11.274754565
[121]  7.400591841 20.637499396  1.294112109 19.596362974 17.912679467 16.352945119  2.997604798  2.745411949
[129] 14.518435560  7.480966087 20.436201357 18.126270501 11.768981521 10.784672679 10.539868698  3.032486181
[137]  2.032478712 19.244834715 16.169245396 13.073301531 12.799292162  7.404443817  3.088351209  2.356097497
[145] 10.080017770 19.487994096 17.040946623 12.699565448 11.750586236  8.319113062  2.931186490 16.641913730
[153] 11.685640722  3.704083803 15.405825242  5.832925005  3.941430230  1.020900513 17.351627833 12.453079027
[161]  8.630330897  5.126433889 18.393334849 10.835690619  9.852655431  8.463629296 15.238060626  6.262945395
[169]  2.252445227 16.037928681 12.330515390 11.659963968  6.594568402  6.198112887  5.090791378 17.255094889
[177] 17.200070708 11.433203458 15.211446653 11.466832840  9.142350126 11.864410883  5.927226985  1.767375475
[185]  6.389449729 15.092809350  4.329150759 16.104132836 15.930349719 15.627383559  8.843774076  7.689170991
[193]  1.539123361 14.379167803 12.049711509  7.932602957 11.239824478 14.849487794 13.574990228 13.458847000
[201] 10.113539883  6.657345780 15.110056114 15.039473719  5.828954306  4.744186801  2.981270796 11.839256559
[209]  5.053102334  4.542028630 14.425130709  9.372827573  6.664692572 12.399838087 11.526341094  8.071199212
[217] 13.008007237  9.794817495  7.237103601  4.989623244 13.039841907  1.889270883  4.214052637 12.912788454
[225]  7.282143465 13.152058059  6.672070455  3.012311310  1.228373610 14.334462107 13.369905359  6.617241053
[233] 11.959030726 10.919258701 12.965010797  0.996377777  9.739574227 11.992316649 10.760189684  3.671113014
[241]  3.501495648  2.895794646 10.527176493 11.054463998  2.978732454  0.739654482 11.618983493 10.323867315
[249]  8.890718495  6.731015102  5.632235148  3.121575204  5.575156315  9.032331346  5.751015382 10.835390279
[257]  5.960838748  7.484377718  5.484702875  8.703224199 11.090666472 11.665354569 11.177281078  8.616118764
[265]  8.403977990  9.713502153  1.884044811  3.796073350 11.601961755 10.459910928 10.908818617  6.028359097
[273]  7.748560609  2.678608980  0.250698979  7.741426386  0.873985700  8.701448388  2.913437435  0.233734473
[281]  5.118121682  2.327485594  2.885283418  4.636082217 11.510990201 10.041159318  1.696370607  7.536849404
[289]  2.852604502  5.771070963 10.503294669  8.099520837  5.031272649  0.291965861 10.222996984  9.507847219
[297]  6.757684718  3.361484998  2.638583064  7.934121910  4.024647423  0.270577707 10.286094699  7.774766312
[305]  7.317793117  7.700874123  4.278294891  1.672362636  0.795246716  9.848956275  4.874008303  4.787283519
[313]  3.860228066  6.493933528  6.312884755  0.247451135  5.644694008  9.812197916  2.549214423  0.023801786
[321]  6.406853383  0.655065496  5.107282670  9.398768785  9.261375048  9.863702011  9.306650759  2.732129711
[329]  8.488967044  6.515191624  4.718777633  2.282193534  7.257297553  6.414070199  6.257578615  4.769417470
[337]  1.259798590  8.609253403  4.031819973  2.869014389  8.213170472  5.277705651  4.973555380  8.766992592
[345]  3.987073250  8.901963550  6.031445463  4.009319644  1.797604895  6.071941927  7.512866403  5.888610462
[353]  1.314933571  4.163442105  3.237774968  0.752474761  8.218948439  6.872723902  3.052899054  2.428103971
[361]  7.071919545  5.889050793  2.940657545  8.123277061  4.322259009  4.091027828  8.267966709  2.478653454
[369]  1.846905519  1.442520542  4.953405233  3.915215990  7.996752011  4.546276936  3.430427433  0.289563924
[377]  1.020143174  3.695282766  1.695217214  7.901223872  7.414647404  3.395120123  0.629639875  2.597085478
[385]  0.333275461  7.403542859  5.377790975  0.028750068  5.253069705  1.804431949  3.512056152  3.156111432
[393]  5.681982117  1.588177613  1.349191966  6.290256484  4.762119798  4.186724246  2.393923057  1.504784881
[401]  7.331082818  0.311627417  6.796906494  4.088112907  5.655393986  1.091327923  0.759741777  0.007266961
[409]  4.883769592  1.880080141  1.036866293  7.233788531  7.027011457  6.969976990  7.008102826  2.608336979
[417]  6.890116286  4.191040416  5.342268429  2.815865724  0.791783852  6.327947423  3.725922904  4.434589168
[425]  3.310477762  5.757466228  5.453108075  4.165814494  2.150127786  1.356771894  5.654457454  5.537423834
[433]  5.578859562  3.328975809  2.960240487  0.756755145  0.605076138  3.160269416  2.694547460  3.082558243
[441]  2.820757975  4.403066742  5.832165655  4.342612789  5.640031654  4.797873210  0.661466876  0.591517352
[449]  3.560562755  5.246394772  4.407450405  2.489071349  1.655886281  3.936631086  2.900620501  2.423123734
[457]  2.766656634  1.600872934  5.204593821  1.740275493  2.898964325  5.539718030  1.574910951  3.483169257
[465]  1.041347811  0.546527639  4.612227118  1.858265950  1.587401885  0.420915224  0.297840722  5.411578872
[473]  5.214292843  3.796191866  0.206300376  3.539885008  5.031511808  3.485215515  2.368412594  3.714244173
[481]  2.742046344  2.112017087  3.503957371  3.726083439  4.034787444  1.623514518  4.049349691  2.719150966
[489]  1.456752605  2.877938716  2.653106094  3.264027806  0.665616019  4.513295708  4.109502360  1.887425363
[497]  2.383838221  1.768527223  4.283541364  2.585197160  0.625102769  0.362578213  4.367238447  3.317494503
[505]  1.947335918  0.089841990  3.551555554  2.453649444  3.924634081  1.826253561  3.984849807  1.920815711
[513]  4.163539913  2.579071873  0.629695827  3.867336386  2.380313241  3.359473522  0.961605028  1.374402232
[521]  3.236738339  2.789922435  3.867606083  1.447759862  0.340746229  3.799818057  2.418961424  2.334383093
[529]  0.998602942  1.974975822  1.748273635  0.365295828  3.431363742  3.669589958  2.392415624  0.303300617
[537]  0.024391807  2.018754819  2.332368435  0.826312864  2.290233532  0.579526298  1.750149471  1.239565361
[545]  3.274380267  2.282390226  1.190197279  0.443954525  0.022856991  2.347999538  1.006870387  2.317016723
[553]  1.171039211  1.167470878  0.883530468  0.141607683  2.507431325  1.174897251  0.897474616  0.496692510
[561]  0.945635240  2.736579403  0.428343070  0.532633770  0.992623530  1.737602918  1.188054997  1.152335226
[569]  2.057488943  1.779455795  0.725357407  1.526506525  1.245051476  0.565253842  0.867595458  2.159077426
[577]  1.901748945  1.480148342  1.601219911  1.025105537  1.643871337  0.681585326  1.186882626  1.359192480
[585]  0.765798540  0.682805660  1.592755542  0.912267308  1.189182652  0.269996131  0.918237902  0.770078247
[593]  0.383869601  0.474045633  0.363478014  0.109153313  0.728919487  0.068887370  0.555644360  1.124755146
[601]  0.791564543  0.917522093  0.838073091  0.420459918  0.008840829  0.796924359  0.063053265  0.096462146
[609]  0.079201444  0.042638007  0.539099835  0.524531450  0.093342590  0.243766711  0.506173840  0.473832176
[617]  0.162809420  0.201043482

$PAR
  [1]  NA   1   1   1   2   2   2   2   2   2   2   2   5   5   5   3   4   4   4   4  16  16  16  21  17  17  17  17
 [29]  17  17  18  18  13  24  24  15  31  31  31  31  31  33  19  19  36  36  32   7   7  34  50  50  50  50  50  50
 [57]  25  26  26  26  26  26  26  26   8   8   8  45  45  45  45  47  47  65  58  58  58  72  72  27  78  48  48  48
 [85]  48  48  48  48  48  66  66  66  66  66  66  77  49  49  49  74  74  82  82  83  59  59  59  59   9   9   9   9
[113]  46  46  46 102 109  90  73  73  73  84  68 116 116 116 116 116  60  60 122 122 122 122 122 122 122 131 131 131
[141] 131 131 131 131 113  96  96 118 118 118 118  37  37  37 119 119 119 119 124 124 124 124 146 138 138 103  85  85
[169]  85  98 100 100 100 100 163  81  81  81  86  86  86 125 125 125  11 177 177 105  87  87  87  87  87 147 147 147
[197] 152 126 126 126 126 126 139 139 139 139 139  52  52  52 188 188 188 114 114 114 190 190 190 190  28  28  39 167
[225] 167 179 179 179 179 186 186 186 204 204  80  80 198  53  53  53  53  53 194 230 199 199 200  91  91  91  91  91
[253] 231 140 140 221 221 217 217 235  92 224 224 224 224 141 141 148  88 214 238 238 182 182 182 208 208 133 133 133
[281] 101 262 172 247 269 269 269 285 285 178  93  93 197 197 263 261 261 261 261 244 244 244 234 234 234 271 271 271
[309] 164 256 256 256 256 134 134 135 243 291 291 291 248 248 303 107 107 295 201 286 326 326 326 326 165 165 165 165
[337] 165 310 310 310 318 318 318 296 296 324 324 181 254 346 249 249 249  54  55 260 278 278 278 278 161 161 161 264
[365] 264 264 338 338 338 338  29  29 329 329 329 265 367 357 341 364 364 364 364 216 216 196 196 304 273 273 276 276
[393] 306 306 306 192 192 288 288 288 351 351 258 258 381 381 381 381 142 142 142 401 305 305 225 225 333 333 219 412
[421] 412  30  30 415 417 403 297 297 297 297 250 227 213 232 232 232 232 330 330 314 314 334 321 422 315 315 396 396
[449] 257 183 362 352 352 115 115 115 443 205 426 426 255 393 393 405 405 405 431 431 431 431 445 251 251 251 433 253
[477] 462 259 419 342 389 450 459 162 281 281 323 477 477 343 409 446 312 206 206 206  41  41 284 284 284 284 494 424
[505] 424 451 503 444 187 365 499 223 428 428 513 366 366 487 487 348 111 111 511 511 511 454 454 372 516 313 313 313
[533] 474 268 268 268 268 154 449 476 241 478 464 464 518 425 438 438 438 252 228 127 245 245 455 455 461 340 289 420
[561] 522 481 328 299 384 514 514 514 319 319 452 368 368 508 360 517 479 528 552 546 576 569 505 369 390 570 184 543
[589] 287 287 308 458 572 524 353 117 573 547 558 553 554  95 600 600 465 565 565 602 602 588 277 246 586 437 466 594
[617] 563 112

$EXTANT
  [1] FALSE FALSE FALSE FALSE FALSE FALSE FALSE  TRUE  TRUE  TRUE  TRUE FALSE FALSE FALSE FALSE FALSE  TRUE FALSE  TRUE
 [20] FALSE FALSE FALSE FALSE  TRUE FALSE  TRUE FALSE  TRUE  TRUE  TRUE  TRUE FALSE FALSE FALSE  TRUE FALSE FALSE  TRUE
 [39] FALSE  TRUE  TRUE FALSE FALSE  TRUE  TRUE  TRUE FALSE  TRUE  TRUE  TRUE FALSE  TRUE  TRUE  TRUE FALSE  TRUE FALSE
 [58] FALSE FALSE  TRUE FALSE  TRUE  TRUE  TRUE FALSE  TRUE  TRUE FALSE  TRUE  TRUE  TRUE  TRUE  TRUE  TRUE FALSE FALSE
 [77] FALSE FALSE  TRUE  TRUE FALSE FALSE FALSE FALSE  TRUE  TRUE FALSE  TRUE  TRUE FALSE  TRUE  TRUE FALSE FALSE  TRUE
 [96] FALSE FALSE FALSE  TRUE FALSE  TRUE FALSE FALSE FALSE FALSE FALSE  TRUE  TRUE  TRUE  TRUE  TRUE  TRUE  TRUE  TRUE
[115]  TRUE  TRUE  TRUE  TRUE  TRUE FALSE  TRUE FALSE  TRUE  TRUE  TRUE  TRUE  TRUE  TRUE  TRUE  TRUE FALSE FALSE  TRUE
[134]  TRUE  TRUE  TRUE  TRUE  TRUE  TRUE FALSE  TRUE  TRUE FALSE  TRUE  TRUE  TRUE  TRUE FALSE  TRUE  TRUE  TRUE FALSE
[153]  TRUE  TRUE  TRUE  TRUE FALSE  TRUE FALSE  TRUE FALSE  TRUE  TRUE  TRUE  TRUE  TRUE  TRUE FALSE  TRUE FALSE  TRUE
[172]  TRUE  TRUE  TRUE  TRUE FALSE FALSE  TRUE  TRUE FALSE  TRUE  TRUE  TRUE  TRUE  TRUE  TRUE  TRUE  TRUE FALSE  TRUE
[191]  TRUE  TRUE  TRUE  TRUE  TRUE  TRUE  TRUE  TRUE  TRUE FALSE  TRUE  TRUE FALSE  TRUE  TRUE  TRUE  TRUE  TRUE  TRUE
[210]  TRUE  TRUE  TRUE  TRUE FALSE FALSE  TRUE FALSE FALSE  TRUE  TRUE  TRUE  TRUE  TRUE  TRUE  TRUE FALSE  TRUE  TRUE
[229] FALSE FALSE  TRUE  TRUE FALSE  TRUE FALSE  TRUE  TRUE FALSE FALSE  TRUE  TRUE  TRUE FALSE  TRUE  TRUE  TRUE  TRUE
[248]  TRUE  TRUE  TRUE  TRUE  TRUE  TRUE  TRUE  TRUE  TRUE  TRUE  TRUE  TRUE  TRUE  TRUE  TRUE FALSE  TRUE  TRUE  TRUE
[267]  TRUE  TRUE  TRUE  TRUE  TRUE  TRUE  TRUE  TRUE  TRUE  TRUE  TRUE  TRUE  TRUE  TRUE  TRUE  TRUE  TRUE  TRUE  TRUE
[286] FALSE  TRUE  TRUE  TRUE FALSE  TRUE FALSE  TRUE  TRUE FALSE  TRUE  TRUE  TRUE  TRUE FALSE  TRUE  TRUE FALSE  TRUE
[305]  TRUE  TRUE FALSE  TRUE  TRUE  TRUE  TRUE  TRUE  TRUE  TRUE FALSE  TRUE  TRUE  TRUE  TRUE  TRUE  TRUE  TRUE  TRUE
[324] FALSE  TRUE  TRUE FALSE  TRUE FALSE  TRUE  TRUE  TRUE  TRUE  TRUE  TRUE  TRUE  TRUE  TRUE  TRUE  TRUE  TRUE  TRUE
[343]  TRUE FALSE  TRUE  TRUE  TRUE  TRUE  TRUE  TRUE  TRUE  TRUE  TRUE  TRUE  TRUE  TRUE  TRUE  TRUE  TRUE  TRUE  TRUE
[362]  TRUE  TRUE  TRUE  TRUE  TRUE  TRUE  TRUE  TRUE FALSE  TRUE  TRUE  TRUE  TRUE  TRUE  TRUE  TRUE  TRUE  TRUE  TRUE
[381]  TRUE  TRUE  TRUE  TRUE  TRUE  TRUE  TRUE  TRUE  TRUE FALSE  TRUE  TRUE  TRUE  TRUE  TRUE  TRUE  TRUE  TRUE  TRUE
[400]  TRUE FALSE  TRUE  TRUE FALSE  TRUE  TRUE  TRUE  TRUE  TRUE  TRUE  TRUE  TRUE  TRUE  TRUE  TRUE  TRUE  TRUE  TRUE
[419]  TRUE  TRUE  TRUE  TRUE  TRUE  TRUE  TRUE  TRUE FALSE  TRUE  TRUE  TRUE  TRUE FALSE  TRUE  TRUE  TRUE  TRUE  TRUE
[438]  TRUE  TRUE  TRUE  TRUE FALSE  TRUE  TRUE  TRUE  TRUE  TRUE  TRUE  TRUE  TRUE  TRUE  TRUE  TRUE  TRUE  TRUE  TRUE
[457]  TRUE  TRUE  TRUE  TRUE  TRUE FALSE  TRUE FALSE  TRUE  TRUE FALSE  TRUE  TRUE  TRUE  TRUE  TRUE  TRUE  TRUE  TRUE
[476]  TRUE  TRUE  TRUE  TRUE  TRUE  TRUE  TRUE  TRUE  TRUE  TRUE  TRUE  TRUE  TRUE  TRUE  TRUE  TRUE  TRUE  TRUE  TRUE
[495]  TRUE  TRUE  TRUE  TRUE  TRUE  TRUE  TRUE  TRUE FALSE  TRUE  TRUE  TRUE FALSE  TRUE  TRUE  TRUE  TRUE FALSE  TRUE
[514]  TRUE  TRUE  TRUE  TRUE  TRUE  TRUE FALSE  TRUE  TRUE  TRUE  TRUE  TRUE FALSE  TRUE  TRUE  TRUE  TRUE  TRUE  TRUE
[533]  TRUE  TRUE  TRUE  TRUE  TRUE  TRUE FALSE  TRUE  TRUE  TRUE  TRUE  TRUE  TRUE  TRUE  TRUE  TRUE  TRUE  TRUE  TRUE
[552]  TRUE  TRUE  TRUE  TRUE  TRUE  TRUE  TRUE  TRUE  TRUE  TRUE  TRUE  TRUE  TRUE  TRUE  TRUE  TRUE  TRUE  TRUE  TRUE
[571]  TRUE  TRUE  TRUE  TRUE  TRUE  TRUE  TRUE  TRUE  TRUE  TRUE  TRUE  TRUE  TRUE  TRUE  TRUE  TRUE FALSE  TRUE  TRUE
[590]  TRUE  TRUE  TRUE  TRUE  TRUE  TRUE  TRUE  TRUE  TRUE  TRUE  TRUE  TRUE  TRUE  TRUE  TRUE  TRUE  TRUE  TRUE  TRUE
[609]  TRUE  TRUE  TRUE  TRUE  TRUE  TRUE  TRUE  TRUE  TRUE  TRUE

