
Birth-death simulation object with 591 species and 500 extant species

Details for some species:

Extinction times (NA means extant)
[1] 16.637039  4.412813        NA        NA        NA  8.980315


Speciation times 
[1] 33.78160 24.81877 22.70809 21.97948 21.20719 22.61775


Species parents (NA for initial)
[1] NA  1  1  1  1  2


Species status (extinct or extant)
[1] "extinct" "extinct" "extant"  "extant"  "extant"  "extinct"


For more details on vector y, try sim$y, with y one of
TE TS PAR EXTANT



$TE
  [1] 16.63703907  4.41281258          NA          NA          NA  8.98031483          NA  5.47946836          NA
 [10]  4.32191940 10.35816918          NA          NA          NA          NA 17.86310690          NA 14.06051002
 [19]          NA  6.39630534          NA  4.87519446          NA          NA          NA          NA          NA
 [28]  6.36348315 13.39185169          NA          NA          NA 13.10374370  7.14078901          NA          NA
 [37]  5.49815774          NA  9.97115102          NA          NA          NA          NA          NA 10.96737196
 [46]          NA          NA          NA          NA 12.27343396          NA          NA          NA          NA
 [55]          NA          NA          NA          NA          NA          NA          NA          NA          NA
 [64]          NA          NA          NA          NA          NA          NA          NA 12.60494078  4.16391370
 [73]  3.13952728 12.81092319          NA          NA          NA          NA          NA          NA          NA
 [82]  5.58166466          NA          NA 12.33734356  6.21236007          NA          NA          NA          NA
 [91]          NA          NA          NA  1.26486490          NA          NA  7.61604919          NA          NA
[100]          NA  3.85029890          NA          NA 10.71303601 13.97580072 10.25631066  4.72635809 12.21320749
[109]  4.67969238          NA  3.03379117          NA          NA          NA          NA  3.03221220          NA
[118]          NA          NA          NA          NA          NA          NA          NA          NA 10.38156502
[127]          NA  2.07347491 11.03315781          NA          NA          NA          NA          NA          NA
[136]  7.56466877          NA          NA          NA          NA  3.50097050  8.81234452          NA          NA
[145]          NA  6.83267759          NA          NA          NA          NA          NA          NA          NA
[154]          NA          NA          NA          NA          NA          NA          NA          NA  7.21502213
[163]          NA          NA          NA          NA          NA          NA          NA  7.72086268          NA
[172]          NA          NA  0.77214477          NA          NA          NA  3.33948173          NA          NA
[181]          NA          NA  5.42810172  0.09786004          NA          NA          NA          NA          NA
[190]          NA  0.55524315  8.18757271          NA          NA          NA          NA  0.87457581          NA
[199]  3.31250149          NA          NA          NA  6.16009729          NA          NA          NA  4.34163204
[208]          NA 10.45277675          NA          NA          NA          NA          NA          NA          NA
[217]          NA          NA          NA          NA          NA  2.57087976          NA          NA  6.20689136
[226]          NA  3.64121052          NA          NA          NA          NA          NA          NA          NA
[235]          NA          NA          NA          NA          NA  1.82194585          NA          NA          NA
[244]  2.95414694          NA          NA  1.44819689          NA          NA  1.22380490  0.76303656          NA
[253]          NA          NA          NA  3.15954770          NA          NA          NA          NA          NA
[262]          NA          NA          NA          NA  2.79297231          NA          NA          NA          NA
[271]          NA          NA          NA  3.75025611          NA          NA          NA          NA          NA
[280]  5.56016241          NA          NA          NA          NA          NA          NA          NA          NA
[289]          NA          NA          NA          NA          NA          NA          NA          NA          NA
[298]  5.55182614          NA          NA          NA          NA          NA          NA          NA          NA
[307]          NA          NA          NA  0.70174924          NA  1.20979523          NA          NA          NA
[316]          NA          NA          NA          NA  2.02375023          NA          NA          NA          NA
[325]          NA          NA          NA          NA          NA          NA          NA          NA  2.91929429
[334]          NA          NA          NA          NA          NA          NA          NA          NA          NA
[343]          NA          NA          NA          NA          NA          NA          NA          NA          NA
[352]          NA          NA          NA          NA          NA          NA          NA          NA          NA
[361]  6.43062454          NA          NA          NA  3.45225746          NA          NA          NA          NA
[370]          NA          NA          NA          NA          NA          NA          NA          NA          NA
[379]          NA          NA          NA          NA          NA          NA          NA          NA          NA
[388]          NA          NA          NA          NA          NA          NA          NA          NA          NA
[397]          NA  5.15688042          NA          NA          NA          NA          NA          NA          NA
[406]  3.11469741          NA          NA          NA          NA          NA          NA          NA          NA
[415]          NA          NA  0.68555182          NA          NA          NA          NA          NA          NA
[424]          NA          NA          NA          NA  3.37096124          NA          NA          NA          NA
[433]          NA          NA          NA          NA          NA          NA          NA          NA          NA
[442]          NA          NA          NA          NA          NA          NA          NA  4.10350921  0.49868001
[451]          NA          NA          NA          NA          NA          NA          NA          NA  1.47253930
[460]          NA          NA          NA          NA          NA          NA          NA          NA          NA
[469]          NA          NA          NA          NA          NA          NA          NA          NA          NA
[478]          NA          NA          NA          NA          NA          NA          NA          NA  1.57566223
[487]          NA          NA          NA          NA          NA          NA          NA          NA          NA
[496]          NA  1.01495836          NA  1.16419092          NA          NA          NA          NA          NA
[505]          NA          NA          NA          NA          NA  0.37890961          NA          NA          NA
[514]  0.27130959          NA          NA          NA          NA          NA          NA          NA  0.96854381
[523]          NA          NA          NA          NA          NA          NA          NA          NA          NA
[532]          NA          NA          NA          NA          NA          NA          NA  1.05147489          NA
[541]          NA          NA          NA          NA          NA          NA          NA          NA          NA
[550]          NA  1.36282309          NA          NA          NA          NA          NA          NA          NA
[559]          NA          NA          NA          NA          NA          NA          NA          NA          NA
[568]          NA          NA          NA          NA          NA          NA          NA          NA          NA
[577]          NA          NA          NA          NA          NA          NA          NA          NA  0.54850987
[586]          NA          NA          NA          NA          NA          NA

$TS
  [1] 33.78159545 24.81877402 22.70809143 21.97948275 21.20718880 22.61775247 21.68831021 13.04983371  5.32997760
 [10] 19.00730102 15.59850925 11.97913366  6.86296879  4.50746201  2.35845110 19.52982252 18.83645722 16.53089841
 [19] 10.00603087  8.98544320 18.20057709 16.02169800 14.08183815  8.53899091  5.98122411  1.34987093  0.31425274
 [28] 19.19586983 17.40363878 13.37748740  6.16573185 21.17724523 20.22825681  7.47847651 18.81618904 18.61386591
 [37] 17.90734152 16.95417439 15.32023535  8.54700858 19.60995969 18.08607127 17.10348745 15.48881579 15.30645140
 [46] 13.58200981  4.46405985  2.39138657  0.07771587 18.62358766 14.65405672 14.26381437 13.14871204 11.61942246
 [55]  9.53074187 16.66257385 13.66023915 11.96515181  9.32428158  8.48083445  6.90866623  6.75096592  4.41000837
 [64]  3.71722075 10.96047987  6.00811185  5.98446039  2.46411310  1.46600715 17.14141159 16.26399730 14.84231603
 [73] 17.88305250 16.60451107 11.61764930  7.64935771  6.98740887  5.28541112 14.84874634 13.67098437 13.58330000
 [82] 12.83109983  8.87308740  1.27518224 17.02362532  9.58725804  3.83622381  3.14108173 16.95383097 15.08649171
 [91]  8.51276196  7.11717507  8.95376381  7.25004003  3.45227395 15.67798404 14.43998860 13.42601306  7.65589386
[100]  1.72257641 12.00536252 11.55267495  4.23598973 16.44628727 14.19677620 15.07377123  8.49320661 13.11194120
[109]  9.65929581  8.37402058  4.06040886  0.07697717 10.78873666  1.67110405 15.54067830 13.69666329 13.80592287
[118] 12.44262565 12.39895808 10.84159962 14.24711212 12.89022251 12.74089220 12.07120775  2.80584797 12.41963181
[127]  5.23291089 14.25983819 13.08653208 12.16632039  9.73592620  6.97726811  5.38134155  5.81140072  4.66227087
[136] 14.51236615 10.73900896 10.73834964 10.39249647  9.72079922  8.50965875 13.24825748 12.97454752 10.80030971
[145]  8.69551901  8.75955320  3.80688094  1.71411032  9.00068409  5.72789337  4.68971970  6.29395447  5.79286058
[154] 14.04001762 12.39423188  6.09724538  4.54665252  2.57169306  0.75947826 12.69075379 10.90988508  8.74356664
[163]  6.70963694 11.46886989  2.15008681  7.07385231  4.71803177  1.82128361 11.73067794  9.70353706  1.86890825
[172] 10.51009235  5.26759709  3.54204224 13.19952256 10.13656706  5.99075761 10.79425081  4.12845686  5.29169366
[181]  3.90960213 11.46382902 11.15366365 10.78677968  7.24928024  7.08063741  1.53667021  0.59021601  9.01443767
[190]  3.33010829  2.81841968 12.41317075 10.72919712 11.50565752  8.76293078  5.65300730  7.76972475  6.39023230
[199]  4.86968440  4.09938404 10.21930765  6.94781391  8.70047677  8.54801643  6.30976685  4.77177968 10.70999147
[208]  8.94388851 10.87238605  7.35942677  5.59861530  4.42758592  4.39751968  2.59528414  4.14504303  5.67911949
[217]  9.57442034  8.15884544  6.34244542  6.08159347  6.88748579  6.63958102  2.40902012  0.26403920  8.30671469
[226]  8.17489742 10.92028642  7.63327357  7.52753933  7.24405208  5.33323999  1.50589716  0.96005334  0.09129839
[235]  7.66072808  7.54735787  3.69074297  1.03172782  0.41329721  8.24016562  5.68962577  5.21462955  3.40087956
[244] 10.68594218  9.87357306  4.76214793  9.32916152  7.83586655  5.77175648  4.37359828  9.38497437  6.16400571
[253]  8.68829305  6.95573610  3.34004088 10.00917826  2.26909284  2.00105407  0.78441924  8.09191906  9.16112863
[262]  4.67317665  4.96415216  0.08921884  8.09411010  7.87202683  6.93291047  2.45661785  5.07365412  0.64423989
[271]  7.53141156  5.52282547  4.85839849  3.89791597  4.90738007  8.79292946  8.36684756  7.20251771  7.82531834
[280]  5.90043108  7.81752213  1.98493019  8.84181377  7.51579358  0.95671481  3.82861666  7.75809425  8.21440867
[289]  7.40346155  7.40152837  1.07969747  7.08322549  3.45440172  6.07587637  0.47450056  6.92553888  8.53835790
[298]  8.32027012  6.30483823  6.14758477  3.07204377  0.88973724  4.50519930  4.50420080  2.86687326  4.91229430
[307]  4.89322597  7.25884921  6.97893467  3.63949308  3.80238951  3.86068618  3.84879707  6.72440754  6.42333180
[316]  6.32414057  7.14920840  2.14614693  5.81804363  4.80870221  2.79578047  0.66933191  5.29857787  2.12865302
[325]  1.87449260  5.03756854  4.76045246  1.13336428  0.10005948  3.52843132  7.45679552  5.55063839  3.90913217
[334]  0.48902728  4.36641174  2.60252398  3.07091149  5.48799793  4.98616828  2.83453813  1.68420669  0.30891468
[343]  4.46146111  2.47402940  1.13407010  6.65700354  5.43847092  4.07847553  1.83277048  6.61396152  2.92689359
[352]  0.67642460  2.55789057  2.11768683  3.93542091  2.97132599  5.70455579  3.86729155  2.13608626  4.05890797
[361]  6.56978159  3.99876421  0.74664044  2.62541092  5.70237566  1.21551641  2.01243611  5.12083381  3.20160178
[370]  0.31239396  2.83421084  2.21659893  0.51767668  1.71987959  5.50606690  3.72853121  6.13783304  5.79960374
[379]  1.31802539  5.18393136  2.92215460  2.07535040  1.79651263  6.04627580  4.30666204  2.54391522  3.45056157
[388]  3.29053191  1.85215621  4.62803971  2.07401876  5.37123489  4.94551921  4.31000776  2.43656646  5.61496103
[397]  2.21386999  5.88487523  4.21246647  1.75830870  3.12169954  4.42229135  5.90139406  4.33046558  3.38625762
[406]  5.53885724  3.59947653  4.82992354  4.80704542  1.08040281  1.06828582  3.11802191  2.44171179  2.91652010
[415]  1.04487109  5.45583759  2.06829843  4.94339725  1.14808781  0.98480066  2.55040438  2.53354652  0.48274122
[424]  0.02529583  0.60606091  0.15019154  0.13441494  5.46984385  4.06800059  3.91546538  2.08020467  0.03403863
[433]  3.37066772  3.85686929  2.88047091  1.84189217  2.29998543  3.71821297  3.49426593  3.39002997  4.63432555
[442]  0.18645473  2.33142579  0.50323899  3.86725003  4.56956840  0.34718482  0.12837616  4.23522606  4.47175691
[451]  4.15990384  1.89551104  1.57756809  2.24423867  3.47365434  3.39333643  3.00495643  0.05209535  2.15682367
[460]  0.63099314  2.34943142  2.07458400  1.14092900  0.43569973  2.59131738  1.67006772  1.81798848  3.75350839
[469]  0.49339546  2.38118986  1.67401705  0.18276409  3.87502837  1.56079209  1.03933383  3.99420832  3.53390971
[478]  4.14431068  2.98395222  1.25410808  0.58524023  3.16844858  3.02811824  0.22136983  3.60150501  2.95327340
[487]  3.67656701  3.85706607  3.62344247  2.49689811  1.56786693  1.62705435  1.25634969  1.00131318  2.76663012
[496]  0.31959225  3.70354804  0.30169205  1.60900870  3.20133517  1.23090221  2.41659482  1.48317043  3.78164131
[505]  3.53934905  1.78112114  1.66098367  1.58407979  3.10315668  1.64532625  2.61249757  1.50636563  1.32161387
[514]  0.39599756  0.75210275  3.29687479  2.24858144  2.16294440  2.47137283  2.25107070  3.12047118  1.31093704
[523]  2.70413762  2.79502034  1.59509541  0.96845158  1.80640312  0.61749119  0.36010903  0.21354973  1.20146022
[532]  0.96278660  0.82404817  0.04507426  2.75015801  1.88719740  0.39745362  0.29458408  1.35610036  0.32842774
[541]  2.53857585  2.09507633  0.06107269  0.04614591  0.20601984  0.27194028  1.70647599  1.94078842  0.45360372
[550]  0.94710798  1.63706792  1.04852406  1.56749258  0.83607357  0.34046193  2.06226230  0.52983097  0.04906884
[559]  1.05901483  0.46904390  1.27964970  0.15245400  0.92352554  0.21792914  0.12162402  0.87585986  0.84049846
[568]  1.48147084  0.81105418  0.93017620  1.22219842  0.21303030  0.86718828  0.12749130  0.96071726  0.02638786
[577]  0.44488770  1.11439197  0.93300496  0.05844393  0.68428317  0.38027168  0.91170418  0.29196087  0.81682596
[586]  0.17341626  0.48588757  0.68593615  0.60712700  0.43125514  0.02391671

$PAR
  [1]  NA   1   1   1   1   2   2   2   2   3   3   3   3   3   3   6   6   6   6   6   4   4   4   4   4   4   4   7
 [29]   7   7   7   5   5   5  32  32  32  32  32  32  33  33  41  41  41  41  41  41  41  16  28  28  28  28  28  10
 [57]  10  10  10  10  10  17  17  17  35  35  35  35  35  50  50  50  36  36  36  36  36  36  21  21  21  21  21  21
 [85]  42  42  42  42  37  37  37  37  73  73  73  29  70  70  70  70  43  43  43  85  85  38  38  89  89  89  89  89
[113]  56  56  71  71  22 115 115 115  44  44  44  44  44  45  90 106  79  79  79  79  79  72  72  51  51  51  51  51
[141]  51 136 136 136  97  52  52  52 128 128 128 121 121 105  23  23 154 154 154 117 117 117 116  80  80  57  57  57
[169]  81  81  81  46  46  98  30  30  30 142 175  53  53 129   8 143 143 143 143 143 122 122 122 123 123 160 160 160
[197] 118 118 118 119 155 155 130 130 130 124  12  12  58  58  58  58  58  58 169  54 102 102 102 102 194 194 194 194
[225] 164 164 182 182 182 182 182 182 182 182 183  65  65  65  65 227 227 227 161 209 120 120 144 144 144 144 178 178
[253] 137 137 138 193 193 193 193 244 172 139 201 201 176 176 176 176 256  19 245 245 245 245 131 140 170 109 217  55
[281] 251 251 247 247 261 149  20  93  93  93  83 283 283 276 195 146 162 253 253 253 204 204 297 297 297  91 107  60
[309]  60  60 110 277 277 298 298 298 240 240 288 288 226 218 265 265 265 260 260 260 260 266 248 248 248 248 279 279
[337] 281 197 287 287 287 287 235 235 235  99  99  99  99  76  76  76 228 271 229 229 284 210 210 308  94 185 185 230
[365] 278 278  92 292 292 292 186 166 166  77 309 309 132 254 254 202 202 202 202 221 314 314 163 346 350 315 315 198
[393] 198 198 219 316 316 205 152 152 377 156 220 384  66 177 177  67  67  67  67  25  25 403 403 398 134 378 378 150
[421] 357 357 357 357 241 216 216 196 406 272 272 272 338 416 416 347 392 231 231  78 173 173 127 242 368 269 326 326
[449] 393 418 418 275 307 320 206 206 206 206 246 327 167 167 167 167 151 262 135 441 441 390 390 446 304 304 450  47
[477]  63 213 250 250 404 394 451 215 478 478 179 429 429 429 429 360 360 430 181 181 333 473 358 312 488 434  87 147
[505] 311 311 311  64 497 497 237 485 407 407 505 477 439 439  95 387 405 433 190 516 516 482  88 412 412 509 301 337
[533] 337 356 371 524 495 495 535 535 523 523 511 511 353 421 386 422 344 519  68  68 413 461 461 443 431 382 417 171
[561] 349 349 383 383 547 507 507 551 508 453 553 553 232 568 493 480 501 419 578 411 552 415 420 420 532 575 285 579
[589] 585 581 481

$EXTANT
  [1] FALSE FALSE  TRUE  TRUE  TRUE FALSE  TRUE FALSE  TRUE FALSE FALSE  TRUE  TRUE  TRUE  TRUE FALSE  TRUE FALSE  TRUE
 [20] FALSE  TRUE FALSE  TRUE  TRUE  TRUE  TRUE  TRUE FALSE FALSE  TRUE  TRUE  TRUE FALSE FALSE  TRUE  TRUE FALSE  TRUE
 [39] FALSE  TRUE  TRUE  TRUE  TRUE  TRUE FALSE  TRUE  TRUE  TRUE  TRUE FALSE  TRUE  TRUE  TRUE  TRUE  TRUE  TRUE  TRUE
 [58]  TRUE  TRUE  TRUE  TRUE  TRUE  TRUE  TRUE  TRUE  TRUE  TRUE  TRUE  TRUE  TRUE FALSE FALSE FALSE FALSE  TRUE  TRUE
 [77]  TRUE  TRUE  TRUE  TRUE  TRUE FALSE  TRUE  TRUE FALSE FALSE  TRUE  TRUE  TRUE  TRUE  TRUE  TRUE  TRUE FALSE  TRUE
 [96]  TRUE FALSE  TRUE  TRUE  TRUE FALSE  TRUE  TRUE FALSE FALSE FALSE FALSE FALSE FALSE  TRUE FALSE  TRUE  TRUE  TRUE
[115]  TRUE FALSE  TRUE  TRUE  TRUE  TRUE  TRUE  TRUE  TRUE  TRUE  TRUE FALSE  TRUE FALSE FALSE  TRUE  TRUE  TRUE  TRUE
[134]  TRUE  TRUE FALSE  TRUE  TRUE  TRUE  TRUE FALSE FALSE  TRUE  TRUE  TRUE FALSE  TRUE  TRUE  TRUE  TRUE  TRUE  TRUE
[153]  TRUE  TRUE  TRUE  TRUE  TRUE  TRUE  TRUE  TRUE  TRUE FALSE  TRUE  TRUE  TRUE  TRUE  TRUE  TRUE  TRUE FALSE  TRUE
[172]  TRUE  TRUE FALSE  TRUE  TRUE  TRUE FALSE  TRUE  TRUE  TRUE  TRUE FALSE FALSE  TRUE  TRUE  TRUE  TRUE  TRUE  TRUE
[191] FALSE FALSE  TRUE  TRUE  TRUE  TRUE FALSE  TRUE FALSE  TRUE  TRUE  TRUE FALSE  TRUE  TRUE  TRUE FALSE  TRUE FALSE
[210]  TRUE  TRUE  TRUE  TRUE  TRUE  TRUE  TRUE  TRUE  TRUE  TRUE  TRUE  TRUE FALSE  TRUE  TRUE FALSE  TRUE FALSE  TRUE
[229]  TRUE  TRUE  TRUE  TRUE  TRUE  TRUE  TRUE  TRUE  TRUE  TRUE  TRUE FALSE  TRUE  TRUE  TRUE FALSE  TRUE  TRUE FALSE
[248]  TRUE  TRUE FALSE FALSE  TRUE  TRUE  TRUE  TRUE FALSE  TRUE  TRUE  TRUE  TRUE  TRUE  TRUE  TRUE  TRUE  TRUE FALSE
[267]  TRUE  TRUE  TRUE  TRUE  TRUE  TRUE  TRUE FALSE  TRUE  TRUE  TRUE  TRUE  TRUE FALSE  TRUE  TRUE  TRUE  TRUE  TRUE
[286]  TRUE  TRUE  TRUE  TRUE  TRUE  TRUE  TRUE  TRUE  TRUE  TRUE  TRUE  TRUE FALSE  TRUE  TRUE  TRUE  TRUE  TRUE  TRUE
[305]  TRUE  TRUE  TRUE  TRUE  TRUE FALSE  TRUE FALSE  TRUE  TRUE  TRUE  TRUE  TRUE  TRUE  TRUE FALSE  TRUE  TRUE  TRUE
[324]  TRUE  TRUE  TRUE  TRUE  TRUE  TRUE  TRUE  TRUE  TRUE FALSE  TRUE  TRUE  TRUE  TRUE  TRUE  TRUE  TRUE  TRUE  TRUE
[343]  TRUE  TRUE  TRUE  TRUE  TRUE  TRUE  TRUE  TRUE  TRUE  TRUE  TRUE  TRUE  TRUE  TRUE  TRUE  TRUE  TRUE  TRUE FALSE
[362]  TRUE  TRUE  TRUE FALSE  TRUE  TRUE  TRUE  TRUE  TRUE  TRUE  TRUE  TRUE  TRUE  TRUE  TRUE  TRUE  TRUE  TRUE  TRUE
[381]  TRUE  TRUE  TRUE  TRUE  TRUE  TRUE  TRUE  TRUE  TRUE  TRUE  TRUE  TRUE  TRUE  TRUE  TRUE  TRUE  TRUE FALSE  TRUE
[400]  TRUE  TRUE  TRUE  TRUE  TRUE  TRUE FALSE  TRUE  TRUE  TRUE  TRUE  TRUE  TRUE  TRUE  TRUE  TRUE  TRUE FALSE  TRUE
[419]  TRUE  TRUE  TRUE  TRUE  TRUE  TRUE  TRUE  TRUE  TRUE FALSE  TRUE  TRUE  TRUE  TRUE  TRUE  TRUE  TRUE  TRUE  TRUE
[438]  TRUE  TRUE  TRUE  TRUE  TRUE  TRUE  TRUE  TRUE  TRUE  TRUE  TRUE FALSE FALSE  TRUE  TRUE  TRUE  TRUE  TRUE  TRUE
[457]  TRUE  TRUE FALSE  TRUE  TRUE  TRUE  TRUE  TRUE  TRUE  TRUE  TRUE  TRUE  TRUE  TRUE  TRUE  TRUE  TRUE  TRUE  TRUE
[476]  TRUE  TRUE  TRUE  TRUE  TRUE  TRUE  TRUE  TRUE  TRUE  TRUE FALSE  TRUE  TRUE  TRUE  TRUE  TRUE  TRUE  TRUE  TRUE
[495]  TRUE  TRUE FALSE  TRUE FALSE  TRUE  TRUE  TRUE  TRUE  TRUE  TRUE  TRUE  TRUE  TRUE  TRUE FALSE  TRUE  TRUE  TRUE
[514] FALSE  TRUE  TRUE  TRUE  TRUE  TRUE  TRUE  TRUE FALSE  TRUE  TRUE  TRUE  TRUE  TRUE  TRUE  TRUE  TRUE  TRUE  TRUE
[533]  TRUE  TRUE  TRUE  TRUE  TRUE  TRUE FALSE  TRUE  TRUE  TRUE  TRUE  TRUE  TRUE  TRUE  TRUE  TRUE  TRUE  TRUE FALSE
[552]  TRUE  TRUE  TRUE  TRUE  TRUE  TRUE  TRUE  TRUE  TRUE  TRUE  TRUE  TRUE  TRUE  TRUE  TRUE  TRUE  TRUE  TRUE  TRUE
[571]  TRUE  TRUE  TRUE  TRUE  TRUE  TRUE  TRUE  TRUE  TRUE  TRUE  TRUE  TRUE  TRUE  TRUE FALSE  TRUE  TRUE  TRUE  TRUE
[590]  TRUE  TRUE

