
Birth-death simulation object with 613 species and 500 extant species

Details for some species:

Extinction times (NA means extant)
[1] 14.443436  1.513188 20.964280        NA  6.072696 29.188157


Speciation times 
[1] 74.74949 66.14906 26.84434 24.97061 58.71097 52.30233


Species parents (NA for initial)
[1] NA  1  1  1  2  2


Species status (extinct or extant)
[1] "extinct" "extinct" "extinct" "extant"  "extinct" "extinct"


For more details on vector y, try sim$y, with y one of
TE TS PAR EXTANT



$TE
  [1] 14.44343574  1.51318848 20.96427971          NA  6.07269637 29.18815683 45.28860598 41.59379662          NA          NA  8.29472720
 [12]          NA          NA          NA          NA          NA 16.69380641          NA 10.11794066 40.17763038 26.59957939 47.56314334
 [23] 26.74763569 34.31507158          NA          NA 35.52132099          NA 12.35689325          NA          NA          NA 14.34468621
 [34] 10.70117689          NA 11.43401420 26.23406426          NA 10.26254299          NA          NA          NA  4.80752394 26.94554932
 [45] 18.78400596          NA 16.76144082          NA          NA          NA  2.05057785 14.65802587 18.90778839 38.30849453  0.80848772
 [56]          NA          NA  2.85469318          NA          NA 30.66605638 19.37527763          NA          NA  3.19861118          NA
 [67]          NA          NA          NA          NA  1.02667202          NA 29.36380209 10.83006860          NA          NA  4.19765731
 [78]          NA          NA 13.91328483          NA          NA          NA          NA  6.54527034  8.46837316          NA          NA
 [89]  6.72986803          NA          NA          NA          NA  5.78608461          NA  7.19446992          NA          NA  3.59567089
[100]          NA 17.84137852          NA          NA          NA          NA          NA          NA          NA          NA          NA
[111] 12.74233809          NA          NA 11.20669248          NA          NA  4.81379284  3.34627750          NA          NA          NA
[122]          NA          NA          NA 13.67249838  4.10564902          NA          NA          NA          NA          NA          NA
[133]          NA          NA          NA          NA 10.70167685          NA          NA 10.30202149 18.20156421  3.64037174          NA
[144]          NA          NA          NA          NA  0.14700087          NA          NA          NA          NA          NA          NA
[155]  1.89638982          NA  5.17867477          NA          NA          NA          NA          NA          NA          NA          NA
[166]          NA          NA          NA          NA          NA          NA          NA          NA          NA          NA          NA
[177]  4.28736003          NA          NA          NA          NA          NA  1.96545597          NA 17.06384333          NA  1.66758042
[188]  5.56870042          NA          NA          NA  1.85000806          NA          NA          NA          NA          NA  2.28289867
[199]          NA          NA          NA          NA          NA          NA          NA          NA          NA  4.36334276  1.34761795
[210] 17.01633711          NA          NA          NA          NA  7.79053844  8.62542677  0.76362666          NA          NA 12.28133320
[221]          NA          NA          NA          NA  5.41989369  3.60964862          NA          NA          NA          NA          NA
[232]  8.99921097          NA          NA          NA          NA          NA          NA  6.08035283          NA  2.05363578  6.10066947
[243]          NA          NA          NA          NA          NA          NA          NA          NA          NA          NA          NA
[254]          NA          NA          NA          NA          NA 11.24854332          NA          NA          NA          NA          NA
[265]          NA          NA          NA          NA          NA          NA          NA          NA  0.31487231          NA          NA
[276]          NA          NA          NA          NA          NA          NA          NA          NA  1.28135088          NA          NA
[287]  3.89088266          NA          NA          NA          NA  4.18225895          NA          NA          NA          NA          NA
[298]          NA          NA          NA          NA  1.81017578          NA          NA          NA  5.03119837          NA          NA
[309]          NA          NA          NA          NA          NA          NA  2.44771882          NA          NA          NA          NA
[320]          NA          NA          NA          NA          NA          NA          NA          NA  2.74060694          NA          NA
[331]          NA          NA          NA          NA          NA          NA          NA          NA          NA          NA          NA
[342]          NA          NA  1.58998529          NA          NA          NA          NA          NA          NA          NA          NA
[353]          NA          NA          NA  0.53811152          NA          NA          NA          NA  7.92301803          NA          NA
[364]          NA          NA          NA          NA  0.86750199          NA  7.61165672          NA          NA          NA  5.55602961
[375]          NA          NA          NA          NA          NA  8.26167782          NA          NA          NA          NA          NA
[386]          NA          NA          NA          NA          NA          NA          NA          NA          NA          NA          NA
[397]          NA          NA          NA          NA          NA          NA          NA  1.66806390          NA          NA          NA
[408]          NA          NA          NA          NA          NA          NA          NA          NA          NA  6.98786966          NA
[419]          NA          NA          NA          NA          NA          NA          NA          NA          NA          NA          NA
[430]  6.78977830          NA  1.53433599  0.78297125          NA  4.36620165          NA          NA          NA          NA          NA
[441]          NA          NA          NA          NA          NA          NA          NA          NA          NA          NA          NA
[452]          NA          NA          NA  5.05286666          NA          NA          NA          NA          NA          NA          NA
[463]          NA          NA          NA          NA  0.07789726          NA  0.50085954  3.13855770          NA          NA          NA
[474]          NA          NA          NA          NA  1.09156930          NA          NA  1.96262716          NA          NA          NA
[485]          NA          NA          NA          NA          NA          NA          NA          NA          NA          NA          NA
[496]          NA          NA          NA  3.32995142          NA          NA          NA          NA          NA          NA  1.45919318
[507]          NA          NA          NA          NA          NA          NA          NA          NA          NA  1.36485179          NA
[518]          NA          NA          NA          NA          NA          NA          NA          NA          NA          NA          NA
[529]          NA          NA          NA          NA          NA          NA          NA          NA          NA          NA          NA
[540]          NA          NA          NA          NA          NA          NA          NA          NA          NA          NA          NA
[551]          NA          NA          NA          NA          NA          NA          NA          NA          NA          NA          NA
[562]          NA          NA          NA          NA          NA          NA          NA          NA          NA          NA          NA
[573]          NA          NA          NA          NA          NA          NA          NA          NA          NA          NA          NA
[584]          NA          NA          NA          NA          NA          NA          NA          NA          NA          NA          NA
[595]          NA  0.23212372          NA          NA          NA          NA          NA          NA          NA          NA          NA
[606]          NA          NA          NA          NA          NA  0.15683941          NA          NA

$TS
  [1] 74.749490151 66.149063427 26.844344908 24.970611653 58.710974528 52.302329511 50.484881853 49.749759379 42.679735877 41.028398133
 [11] 26.889391999 20.487365386 17.959602387  8.457510608  3.095106343  2.226908039 45.959009988 47.343958873 45.331892584 42.582479164
 [21] 37.935290994 48.483478389 41.605284559 40.183842632 13.279225964  1.537858868 41.563993404 39.480452535 27.135129144 26.162401858
 [31] 22.284622398 25.342385027 21.251043232 20.264645896 19.062896747 33.812364408 28.912787351 26.639759371 25.720915980 14.618937056
 [41]  8.006617901 37.627616365 38.712752784 30.938026456 26.004452297 22.865238389 18.410127725 15.994107896  9.736814393  2.159183339
 [51] 39.340924661 38.684456673 34.753087716 38.743331445  4.206880953 26.025142092 10.936506419 32.605904893 19.765008554 16.142656309
 [61] 30.819349394 29.043667734 24.942611739 22.602664722 17.817346892 35.697979178 29.303962800 21.579772830  9.196257388  6.509160571
 [71]  3.683866088  2.155605321 30.640901204 30.382241381 28.303845854 20.457993293  4.485726445  2.612219080 27.299978821 23.849473924
 [81] 25.649607732 17.465969824 14.204439551 13.245011620 11.204588491  9.647547583 14.934264483 16.243516075 15.550234994 12.328226465
 [91] 25.004982550 19.493607842 18.272481090 18.064931838 12.684661262 10.271004006 10.134302004  7.845398879  4.430570265  1.983435791
[101] 26.201389044 19.565785431 18.837224856 14.031768628  8.054433298  7.989392667  7.116058728  4.248494328 16.089441978 14.022882747
[111] 12.905750912 11.789710894  7.750391356 25.845105194 18.618719222 19.797604804 24.064488756 19.814690638 24.605241885  6.128614355
[121]  1.962937593 10.941992973  0.078287826 23.150654959 18.119579005 16.565019822  4.141028941 16.267547501 14.914839516 11.621329472
[131]  8.104188816  7.306608314  7.065824705  4.344873292  0.006672025 15.560136195 15.247235288  3.095210019  1.858727253 21.492037606
[141] 20.109694936 10.863778474 10.703888952  9.299970754 14.205242521  4.523466114  3.797826029  9.868352038  0.484449327 10.650275448
[151]  6.935854250 21.492572194 19.374982106  4.145907620  3.049717254  1.822646778 13.744814427  9.107532350  4.676350702  3.745742293
[161]  3.444283819  1.737114248 14.937645333 11.082603372 11.850803089 11.402973788  7.287053742  1.571999758 12.118392379  8.446806524
[171]  8.283911412 12.943207683 11.970782778 10.069877704  7.114459970 17.257976800 16.239046923 15.130542555 13.696835162  4.682182333
[181] 17.014516648  5.622574734  4.205417015  3.274644390 18.609733814 17.566472478  3.871632456  6.346255572 17.443745843 13.326457238
[191] 12.510407882  6.345962560  3.162434459  1.921365483  0.122265556 17.858366284  1.195272954 12.868854368 11.788304934 16.951486334
[201] 15.250282047 10.509782873  8.943258518  8.877461014  6.596941067  5.683635689  4.569295087  7.859162657  5.086257936 17.696311906
[211]  4.799366570  4.758522824  4.689153717  4.229852827 12.426874714  9.635957588 11.007724702  3.843211572  2.090318457 13.893280395
[221]  5.368259787  3.882022496 16.860609952 14.268642158 13.140206727  6.943845931 13.580097426  7.609083551  4.663271753 14.548751685
[231] 13.333628349 12.625658910 11.815847701 10.673215994  9.888821349  2.121137269  1.603190328 16.143337686  8.031754709 11.267221399
[241] 10.250617734 12.989834892 11.486588168  9.992461817  6.682747960  6.609667594 11.303295806  3.200068008  3.101705075 11.274673812
[251]  6.621904759  2.674107468  3.732334351  3.419717472  4.853454904 14.729226287 13.263218857  5.054528831 12.885018943  1.412770237
[261]  4.034040869  2.323826332  3.791627616 13.570893983  9.402648571  3.181877251  8.927879017  7.342392542 13.697877259 13.077236184
[271]  9.939096839  7.952229575 11.001737774 10.187388369 10.787740926  9.590387426  6.110484736  7.018124135  4.150926392  0.156033826
[281] 12.310753740  0.790322404 11.987316872 10.451084951 10.137824214  7.762878308  6.503973870  2.513796559 12.327658687  8.838453933
[291]  1.427490503 12.369743617  8.235054719  0.065992986  9.077227708  9.937652837  0.540124695  6.300015959  9.978327102  9.421309431
[301]  7.576146704  5.063748099  0.416515798  4.851733026 10.680899741  9.361347730  2.466930295  1.806407192  7.362313464  5.325326151
[311]  0.776482309  9.891591997  3.702573622  0.235976145  4.719949313  3.278537545  0.938814606  5.151581170  2.114426928  4.750826939
[321]  7.495531025  4.640342965  1.605466954  4.713133765  3.297853285  2.235753330  8.977964118  8.204860332  1.148855829  5.829878631
[331]  3.995248688  6.848459802  5.992066368 10.252731521  2.249283600  1.303179233  0.197955555  4.225512102  4.165004398 10.085385059
[341]  4.732954174  2.197432924  9.657210087  6.802180355  2.749962012  8.844076989  2.659373948  9.164543330  7.496527615  9.568617299
[351]  8.485549004  1.217164428  8.395120159  7.967135348  8.313085998  7.612155033  3.792780109  4.041926580  0.511010656  3.144649721
[361]  7.948988662  0.573479292  6.742992651  4.969329687  3.462405648  9.689969750  5.120974924  8.537523436  4.409944040  8.057315577
[371]  2.001516380  1.804715666  0.440449205  7.921107086  7.680705376  7.530989432  6.910079195  5.896688041  2.703847015  8.398341662
[381]  0.703823393  2.954724215  7.001909028  5.775893051  8.679400870  2.343646779  0.965159745  5.656819583  1.360648446  6.791644168
[391]  4.760729873  2.618440939  1.577198529  8.328508040  1.585067030  6.122820257  4.684610588  1.387551265  3.291153644  3.275061020
[401]  2.035116529  0.541302356  3.974338575  3.439496757  3.409125271  3.701869827  8.001321261  5.176710461  6.847927761  6.231006559
[411]  4.021648686  6.866409425  7.564654863  0.256866253  7.630749575  3.319526115  7.736917599  1.445472457  1.041615673  4.371614944
[421]  1.479028204  6.988568922  4.218677333  1.680329737  6.856716477  0.590304510  5.918735696  2.025172328  0.217122858  7.241304952
[431]  5.329500303  4.082704673  2.510200602  0.386366757  5.577522768  5.130573063  1.806233503  4.447039256  0.774008294  4.123793194
[441]  0.915612759  0.776514602  0.179978182  2.027488579  1.671115664  5.841475160  5.042852695  4.406580546  1.950600982  0.537582332
[451]  3.389891944  2.590152911  0.316037559  2.149446691  6.316551873  4.669528591  0.641186943  0.887147239  4.817091485  0.336266028
[461]  2.426811931  1.924787700  1.806333766  4.773296280  2.474256698  3.931583020  1.668667228  1.969028326  4.323198778  5.964327139
[471]  1.035095716  4.205705286  4.929211550  4.667713548  4.343997930  0.184520066  0.987882481  4.043758309  2.527270440  5.482832663
[481]  5.126101917  1.736315285  4.639996604  4.029686908  3.772522614  1.069164117  4.188442074  3.447890499  0.066109072  1.876195186
[491]  4.034019461  4.153559338  2.857107282  0.715335248  4.096345322  1.487451099  1.278980716  0.364634091  4.625776724  1.919593685
[501]  1.710016127  3.212220595  2.691028439  4.351983878  4.011628601  3.082207509  2.976520358  1.923976271  0.739782009  2.780120362
[511]  4.166502943  2.188521227  2.208917770  4.092563511  3.443763460  2.659647317  2.465959867  2.035256746  1.274389102  2.279045352
[521]  2.339755005  2.078361451  3.923599657  1.088067705  0.830835525  1.678549813  0.688570664  0.454868703  1.604187485  1.551544576
[531]  1.374220164  2.126547517  2.881175032  1.598132470  3.408167796  2.669979740  0.096135278  0.095574361  1.342058779  1.271580739
[541]  3.033032352  2.256008079  2.996396861  1.335790051  2.521333812  1.950778888  2.960060011  3.089656977  2.890672875  1.927334953
[551]  1.849833300  0.371564075  2.099716776  2.528510989  0.935523037  2.596487523  1.751385444  2.110696408  2.762908724  2.753767299
[561]  1.018149682  2.915353933  1.561978315  2.854064317  2.069503583  1.531400091  2.190147198  2.146505808  1.125484029  2.091707041
[571]  2.422656490  2.382186440  0.636877153  1.816595656  0.635952565  0.319566221  0.040457245  1.601935502  1.243897301  2.347311427
[581]  2.331250779  2.131985295  0.375227849  2.078396399  1.640195109  1.496579151  1.009163859  0.048550693  0.630118582  1.996548853
[591]  0.381769571  0.911732726  0.688899194  1.350621557  1.139144539  1.688838214  0.978931742  1.405919112  1.164439671  0.346196084
[601]  0.143979689  1.494324453  0.615483470  0.270132488  0.349352180  0.090614641  1.363338109  1.359813541  0.275722667  0.706327547
[611]  0.251650533  0.099736572  0.141106118

$PAR
  [1]  NA   1   1   1   2   2   2   2   2   2   2   2   2   2   2   2   5   6   6   6   6   7   8  18  18  18  17  17  17  17  17  19  19
 [34]  19  19   9   9   9   9   9   9  23  10  10  10  10  10  10  10  10  24  24  24  28  28  51  51  43  43  43  52  52  52  52  52  21
 [67]  21  42  42  42  42  42  66  66  66  66  66  66  53  53  58  58  58  58  58  58  74  67  67  75  79  79  79  79  79  79  79  79  79
[100]  79  11  11  11  38  38  38  38  38  30  30  30  30  30  56  56 114  39  39  81  81  81  32  32  91  91   4   4  63  63  63  63  63
[133]  63  63  63 119 119 119 119 117 117 117 117 117  80 124 124  46  46  64  64  31  31  31  31  31  68  68  68  68  68  68 140 140  12
[166]  12  12  12  76  76  76  34  34 118 118 116 116 116 102 102  92  92  92  92 153 153 153  35 103 103 103 103 103 103 103 115  93  94
[199]  94  13  13  13  13  13  13  13  13 196 196  65  65 186 186 186  82  82 189 189 176 181 181 181 200 200 200 200 223 223 126 128 128
[232] 128 128 128 128 128 128  88  88 177 238  60  60  60  60  60 109  48  48 136 136 136 201 201 178 163 163  87 129 129 256 256 230 224
[265] 224 224 145 145  83 104 104 104 157 157 179 179 179 227 227 227 264 264 231 231 231 231 190 190  25 257 257 270 270 270 242 172 172
[298] 198 232 232 292 292  90 289 281 281 281 169 283 165 165 233 112 112 199 199 199 130 166 247 250 250 250 240 240 240 164 164 164 217
[331] 273 142 142 275 275 275 275 143 305 234 234 234 202 202 202 284 284  96  96 334 274 274 285 285  97  97  97 340 340 244 299 299 271
[364] 271 271 296 312 235 235 366 343 276 276 350 350 300 265 144 348 158 158 295 327 327 203 203 267 204 346 290 290 290 290 385 385 368
[397] 368 351  14  14  14 170 353 353 353 171 293 293 328 131 131 105 239 407 106 354 272 272 272 286 113 417 375 375 356 356 301 301 413
[430] 376 376 376 349 349 321 321 321 309 309 268 268 268 268 132 132 167 167 107 107 107 175 133 133 383 151 377 412 425 332 332 409 409
[463] 344 390 390 363 245 251 205 455 298 378 446 446 446 384 206 388 388 182 221 431 318 436 436 436 367 258 258 473 304 211 391 391 212
[496] 212 212 212 320 320 341 456 456 474 322 207 207 207 207 438 369 369 420 504 504 504 134 134 469 108 338 338 511 154 154 127 127 440
[529] 495 495 495 514 432 432 478 358 358 411 505 403 523 218 263 485 488 488 161 515 405 405 416 416 325 399 316 502 548 155 541 541 507
[562] 547 547 549 533 533 493 510 510 559 345 345 345 516 347 347 347  78 556 554 554 521 542 326  16 342  50 532 236 319 558 401 401 428
[595] 194 551 574 557 557 162 501 596 526 445 563 418 260 389 389 477 610 373 429

$EXTANT
  [1] FALSE FALSE FALSE  TRUE FALSE FALSE FALSE FALSE  TRUE  TRUE FALSE  TRUE  TRUE  TRUE  TRUE  TRUE FALSE  TRUE FALSE FALSE FALSE FALSE
 [23] FALSE FALSE  TRUE  TRUE FALSE  TRUE FALSE  TRUE  TRUE  TRUE FALSE FALSE  TRUE FALSE FALSE  TRUE FALSE  TRUE  TRUE  TRUE FALSE FALSE
 [45] FALSE  TRUE FALSE  TRUE  TRUE  TRUE FALSE FALSE FALSE FALSE FALSE  TRUE  TRUE FALSE  TRUE  TRUE FALSE FALSE  TRUE  TRUE FALSE  TRUE
 [67]  TRUE  TRUE  TRUE  TRUE FALSE  TRUE FALSE FALSE  TRUE  TRUE FALSE  TRUE  TRUE FALSE  TRUE  TRUE  TRUE  TRUE FALSE FALSE  TRUE  TRUE
 [89] FALSE  TRUE  TRUE  TRUE  TRUE FALSE  TRUE FALSE  TRUE  TRUE FALSE  TRUE FALSE  TRUE  TRUE  TRUE  TRUE  TRUE  TRUE  TRUE  TRUE  TRUE
[111] FALSE  TRUE  TRUE FALSE  TRUE  TRUE FALSE FALSE  TRUE  TRUE  TRUE  TRUE  TRUE  TRUE FALSE FALSE  TRUE  TRUE  TRUE  TRUE  TRUE  TRUE
[133]  TRUE  TRUE  TRUE  TRUE FALSE  TRUE  TRUE FALSE FALSE FALSE  TRUE  TRUE  TRUE  TRUE  TRUE FALSE  TRUE  TRUE  TRUE  TRUE  TRUE  TRUE
[155] FALSE  TRUE FALSE  TRUE  TRUE  TRUE  TRUE  TRUE  TRUE  TRUE  TRUE  TRUE  TRUE  TRUE  TRUE  TRUE  TRUE  TRUE  TRUE  TRUE  TRUE  TRUE
[177] FALSE  TRUE  TRUE  TRUE  TRUE  TRUE FALSE  TRUE FALSE  TRUE FALSE FALSE  TRUE  TRUE  TRUE FALSE  TRUE  TRUE  TRUE  TRUE  TRUE FALSE
[199]  TRUE  TRUE  TRUE  TRUE  TRUE  TRUE  TRUE  TRUE  TRUE FALSE FALSE FALSE  TRUE  TRUE  TRUE  TRUE FALSE FALSE FALSE  TRUE  TRUE FALSE
[221]  TRUE  TRUE  TRUE  TRUE FALSE FALSE  TRUE  TRUE  TRUE  TRUE  TRUE FALSE  TRUE  TRUE  TRUE  TRUE  TRUE  TRUE FALSE  TRUE FALSE FALSE
[243]  TRUE  TRUE  TRUE  TRUE  TRUE  TRUE  TRUE  TRUE  TRUE  TRUE  TRUE  TRUE  TRUE  TRUE  TRUE  TRUE FALSE  TRUE  TRUE  TRUE  TRUE  TRUE
[265]  TRUE  TRUE  TRUE  TRUE  TRUE  TRUE  TRUE  TRUE FALSE  TRUE  TRUE  TRUE  TRUE  TRUE  TRUE  TRUE  TRUE  TRUE  TRUE FALSE  TRUE  TRUE
[287] FALSE  TRUE  TRUE  TRUE  TRUE FALSE  TRUE  TRUE  TRUE  TRUE  TRUE  TRUE  TRUE  TRUE  TRUE FALSE  TRUE  TRUE  TRUE FALSE  TRUE  TRUE
[309]  TRUE  TRUE  TRUE  TRUE  TRUE  TRUE FALSE  TRUE  TRUE  TRUE  TRUE  TRUE  TRUE  TRUE  TRUE  TRUE  TRUE  TRUE  TRUE FALSE  TRUE  TRUE
[331]  TRUE  TRUE  TRUE  TRUE  TRUE  TRUE  TRUE  TRUE  TRUE  TRUE  TRUE  TRUE  TRUE FALSE  TRUE  TRUE  TRUE  TRUE  TRUE  TRUE  TRUE  TRUE
[353]  TRUE  TRUE  TRUE FALSE  TRUE  TRUE  TRUE  TRUE FALSE  TRUE  TRUE  TRUE  TRUE  TRUE  TRUE FALSE  TRUE FALSE  TRUE  TRUE  TRUE FALSE
[375]  TRUE  TRUE  TRUE  TRUE  TRUE FALSE  TRUE  TRUE  TRUE  TRUE  TRUE  TRUE  TRUE  TRUE  TRUE  TRUE  TRUE  TRUE  TRUE  TRUE  TRUE  TRUE
[397]  TRUE  TRUE  TRUE  TRUE  TRUE  TRUE  TRUE FALSE  TRUE  TRUE  TRUE  TRUE  TRUE  TRUE  TRUE  TRUE  TRUE  TRUE  TRUE  TRUE FALSE  TRUE
[419]  TRUE  TRUE  TRUE  TRUE  TRUE  TRUE  TRUE  TRUE  TRUE  TRUE  TRUE FALSE  TRUE FALSE FALSE  TRUE FALSE  TRUE  TRUE  TRUE  TRUE  TRUE
[441]  TRUE  TRUE  TRUE  TRUE  TRUE  TRUE  TRUE  TRUE  TRUE  TRUE  TRUE  TRUE  TRUE  TRUE FALSE  TRUE  TRUE  TRUE  TRUE  TRUE  TRUE  TRUE
[463]  TRUE  TRUE  TRUE  TRUE FALSE  TRUE FALSE FALSE  TRUE  TRUE  TRUE  TRUE  TRUE  TRUE  TRUE FALSE  TRUE  TRUE FALSE  TRUE  TRUE  TRUE
[485]  TRUE  TRUE  TRUE  TRUE  TRUE  TRUE  TRUE  TRUE  TRUE  TRUE  TRUE  TRUE  TRUE  TRUE FALSE  TRUE  TRUE  TRUE  TRUE  TRUE  TRUE FALSE
[507]  TRUE  TRUE  TRUE  TRUE  TRUE  TRUE  TRUE  TRUE  TRUE FALSE  TRUE  TRUE  TRUE  TRUE  TRUE  TRUE  TRUE  TRUE  TRUE  TRUE  TRUE  TRUE
[529]  TRUE  TRUE  TRUE  TRUE  TRUE  TRUE  TRUE  TRUE  TRUE  TRUE  TRUE  TRUE  TRUE  TRUE  TRUE  TRUE  TRUE  TRUE  TRUE  TRUE  TRUE  TRUE
[551]  TRUE  TRUE  TRUE  TRUE  TRUE  TRUE  TRUE  TRUE  TRUE  TRUE  TRUE  TRUE  TRUE  TRUE  TRUE  TRUE  TRUE  TRUE  TRUE  TRUE  TRUE  TRUE
[573]  TRUE  TRUE  TRUE  TRUE  TRUE  TRUE  TRUE  TRUE  TRUE  TRUE  TRUE  TRUE  TRUE  TRUE  TRUE  TRUE  TRUE  TRUE  TRUE  TRUE  TRUE  TRUE
[595]  TRUE FALSE  TRUE  TRUE  TRUE  TRUE  TRUE  TRUE  TRUE  TRUE  TRUE  TRUE  TRUE  TRUE  TRUE  TRUE FALSE  TRUE  TRUE

