
Birth-death simulation object with 717 species and 500 extant species

Details for some species:

Extinction times (NA means extant)
[1] 65.441036 45.112955 34.752820  2.881859 31.136420 43.787408


Speciation times 
[1] 71.75552 70.45936 69.27413 68.17479 56.58480 45.86419


Species parents (NA for initial)
[1] NA  1  1  2  2  2


Species status (extinct or extant)
[1] "extinct" "extinct" "extinct" "extinct" "extinct" "extinct"


For more details on vector y, try sim$y, with y one of
TE TS PAR EXTANT



$TE
  [1] 65.4410360 45.1129555 34.7528196  2.8818585 31.1364201 43.7874078 45.6796651  8.2645120 34.2835803  6.6092049
 [11] 57.0520029 54.6194907 36.8498625         NA 21.5931567 26.3982751         NA         NA 44.6355910         NA
 [21] 30.9791049 13.8089893 12.1510169 35.2531083 48.9960174 27.6270390 35.8661619 27.6932623 25.5972089  2.6693707
 [31]         NA 37.9365650 31.1880812         NA 46.7177551 31.7051360 28.3524066 27.9673193 34.0607751 21.1402371
 [41] 13.3869652 15.8997642 31.2336581 25.8969863 30.1212915         NA         NA 26.9369788         NA 20.4284730
 [51] 23.8505610 15.4093854 31.5540531 23.3050044 40.2798100  8.3287070 26.2868900 25.6558381 19.8087587 31.5073765
 [61] 17.3057687         NA 24.0326027 17.6572950         NA         NA  4.2103304 16.8597222         NA         NA
 [71] 21.0727619         NA 27.4574294 22.4519319 32.0216228         NA         NA 19.6866090  9.7743519 33.8024589
 [81] 15.9121691         NA         NA 15.4430564 28.5875464 35.4640939 20.1962458 13.4558992 27.3539329 25.0680124
 [91] 29.8450923 26.0083382         NA         NA         NA 26.1686878 32.2385605 24.1458821         NA         NA
[101]         NA 24.4406882 26.4566563 27.4816849 24.4346867         NA 14.5695110 21.8644145 14.4461245 35.0602378
[111] 27.2841251  7.2744173         NA 23.1214639  4.9224063         NA         NA 13.2923510         NA 29.1585898
[121] 18.3320668 13.4676794 30.4786723         NA         NA  1.6833154         NA         NA 17.4471249 19.6173483
[131]         NA         NA  6.4426695         NA         NA         NA         NA 23.6248644         NA 14.5506979
[141]         NA         NA         NA         NA 12.6819787         NA 24.9706675         NA 27.3505583  4.6676007
[151]         NA  6.4738640         NA         NA         NA         NA         NA 21.2363236         NA  2.3357882
[161] 23.8040319 26.7547657         NA 11.9053679  6.8859102         NA         NA  7.6198279 15.6948592         NA
[171]         NA 12.5456791         NA  4.2279041         NA         NA         NA         NA 11.4876002         NA
[181]         NA 15.5661598         NA         NA         NA         NA         NA         NA 27.0707757         NA
[191]  8.5917643         NA  2.9724396         NA         NA         NA         NA         NA         NA         NA
[201]  2.4013257         NA         NA  9.8789825  7.5347442  5.3531096         NA         NA         NA         NA
[211]         NA         NA         NA         NA         NA         NA  8.9959848         NA  4.5482570         NA
[221]         NA         NA         NA         NA         NA  6.9604543  1.7230270         NA  6.5308111         NA
[231]         NA         NA         NA         NA  2.5723371 20.4379612         NA         NA  0.6218947         NA
[241]         NA         NA  2.9280132         NA         NA         NA  0.4258060         NA         NA         NA
[251]         NA         NA         NA         NA         NA         NA         NA         NA  9.9223545 13.5716251
[261]         NA  8.9552667         NA         NA 21.2100182  8.9433679         NA         NA         NA         NA
[271]         NA         NA  9.6675358 13.8161403 18.1842187         NA         NA         NA 14.8343230         NA
[281]         NA         NA  3.1497956         NA         NA         NA         NA         NA         NA         NA
[291]         NA         NA         NA         NA  7.4056868  0.1621227         NA         NA         NA         NA
[301]  8.0043746 17.2458122 11.9118384         NA         NA 14.4792045         NA         NA         NA 23.3143301
[311]         NA         NA         NA         NA         NA  5.3956181         NA         NA 14.5846351         NA
[321]         NA         NA 16.2154796         NA         NA         NA  1.8949580         NA         NA         NA
[331]         NA         NA 17.1480541         NA  2.5798079         NA         NA         NA 18.0332829         NA
[341]  7.5481788         NA         NA  0.4920872         NA         NA         NA         NA         NA         NA
[351]         NA         NA         NA         NA  6.2067266         NA         NA         NA         NA  0.7451792
[361]         NA         NA 18.7240905         NA 11.0064383         NA         NA         NA         NA         NA
[371]         NA         NA         NA         NA         NA         NA 10.8461182         NA         NA         NA
[381]         NA         NA         NA         NA         NA         NA         NA         NA         NA         NA
[391]  8.6519847 10.2034234         NA         NA         NA         NA         NA         NA  2.3198504         NA
[401]  1.1031843         NA         NA  1.2030455         NA         NA  6.0207615         NA         NA         NA
[411]         NA         NA         NA         NA         NA         NA         NA         NA         NA         NA
[421]         NA         NA  2.7545910         NA  4.2295891         NA         NA         NA         NA  9.1502186
[431]         NA         NA         NA         NA         NA         NA         NA 10.2229306         NA         NA
[441]         NA         NA         NA  5.5328304         NA  4.0389510  8.1486044         NA  4.6219389  0.1546055
[451]         NA         NA         NA         NA         NA         NA         NA         NA         NA         NA
[461]         NA         NA         NA  3.3539895         NA  0.8962149         NA         NA 12.7186029         NA
[471]  7.6995189  2.7455716         NA 13.2124857         NA  6.7344477         NA         NA  6.0091067         NA
[481]         NA         NA         NA  6.5656629         NA         NA         NA  7.2911749  5.3245650         NA
[491]         NA  8.3720914         NA         NA         NA         NA         NA         NA         NA         NA
[501]         NA         NA         NA         NA         NA         NA         NA         NA         NA         NA
[511]  4.5313401  3.9691545         NA         NA         NA         NA  3.2620268         NA         NA         NA
[521]         NA         NA  8.7997484         NA         NA  7.0157143         NA         NA         NA  1.8430185
[531]         NA         NA         NA  4.1846120  8.3903836         NA         NA  0.9347384         NA         NA
[541]  2.1330518         NA         NA  1.8159631         NA         NA         NA         NA         NA         NA
[551]  0.6886357         NA  5.3760704         NA         NA         NA         NA         NA         NA         NA
[561]         NA         NA         NA         NA         NA         NA         NA  7.4445037  2.1438686         NA
[571]         NA         NA         NA         NA         NA         NA         NA  7.7415520  7.8957813         NA
[581]         NA         NA         NA         NA         NA         NA         NA         NA         NA         NA
[591]         NA         NA         NA         NA         NA  7.1341471         NA         NA         NA         NA
[601]         NA         NA         NA  5.3757650         NA         NA         NA         NA         NA         NA
[611]         NA         NA         NA         NA         NA         NA         NA         NA         NA  2.0176607
[621]         NA         NA         NA         NA         NA  5.5067061         NA         NA         NA         NA
[631]  0.7145611         NA         NA         NA         NA         NA         NA         NA         NA         NA
[641]         NA         NA         NA         NA         NA  2.8618316         NA         NA         NA         NA
[651]         NA         NA         NA         NA         NA         NA         NA         NA         NA         NA
[661]         NA         NA  1.7074324         NA         NA         NA         NA         NA         NA         NA
[671]         NA         NA         NA         NA         NA         NA         NA         NA         NA         NA
[681]         NA         NA         NA  1.2888419         NA         NA         NA         NA         NA         NA
[691]         NA         NA         NA         NA         NA         NA         NA         NA         NA         NA
[701]         NA         NA         NA         NA         NA         NA         NA         NA         NA         NA
[711]         NA  0.9281320         NA         NA         NA         NA         NA

$TS
  [1] 71.755517307 70.459357575 69.274129559 68.174794121 56.584803472 45.864193263 62.189699979 54.006153354
  [9] 37.767839609 66.224574037 63.433304126 57.397824428 48.471982940 38.619313339 36.129415553 26.506184923
 [17] 15.271314745  7.548363283 62.941661915 36.110029194 34.199552700 24.254128101 17.045723724 62.571561711
 [25] 54.338760798 48.723406468 61.534498960 53.589254015 47.775852580 43.286671315 53.998085950 53.937223128
 [33] 51.288988551 40.003040999 53.918222113 50.772454890 44.662082400 41.748762941 40.545433909 28.982391433
 [41] 26.629758273 22.128984738 45.496715611 38.876693804 30.800524540 15.174610653  0.123948894 52.052894326
 [49] 27.955645061 46.338141624 41.521888713 44.295919307 34.195116722 42.063358927 40.643224061 46.179287830
 [57] 45.866078456 42.536423514 44.515802998 44.242544646 35.196964475 44.995624738 41.645784160 38.962767665
 [65] 29.802309355 26.622170463 22.665836533 21.858545706 20.421051501 12.405902511 38.636236034 32.285899982
 [73] 30.878470057 30.130822883 44.728526091 32.030448910  1.626429986 40.520318928 40.309201825 40.092853081
 [81] 31.774369932 30.280685762 27.388622758 24.271071859 41.686809326 40.230420626 34.517109182 28.845267075
 [89] 28.138723939 27.600199620 30.196455469 26.101076578 25.674570915 11.556903632  3.844896039 35.753341683
 [97] 34.824835309 30.693723938 30.666370001 29.603230023 29.335428169 28.165078159 35.793202950 32.447707202
[105] 24.542495223 28.129360623 26.378983430 25.154896130 38.354980063 36.371194837 30.917643458 28.648891018
[113] 31.336296454 23.752582106 22.636319142 35.792150416 28.157000485 24.762883860 20.599847542 38.738425229
[121] 37.812227797 20.281809927 38.270608704 34.952900679 15.157134018  2.667549297 34.257129694 16.241388249
[129] 23.610087327 20.619829376 34.370743233 22.165938017 32.632222642 19.583971921  1.507846185 32.521251158
[137] 31.637484220 23.644029482 10.545862755 32.314561866 29.303978723  5.448670510  0.928916001 17.362175073
[145] 14.032307930 31.376766979 31.132507648  0.217095342 32.135658126 25.141347974 24.235280260 26.248550226
[153]  2.406815131  1.955110937 28.859994409 17.429691882 31.843290624 28.371938128 13.623892439  5.109790226
[161] 31.376762959 30.532954574 25.345580803 24.538193737 20.848948119 20.685148407 20.661024990 11.227179774
[169] 29.789904983 28.700541397 28.082598731 24.991084158 21.933595333  9.985627458 28.630041105 17.742596164
[177] 19.221700628 18.976717892 15.576500155 11.985735210  9.875750976 29.338391667 22.688555300  9.732457513
[185]  8.071353758 27.015841675 27.239039752 29.305781434 27.406023192 14.834832811  9.931160798  6.563545315
[193]  3.418827645 23.962712751 22.440882993  9.464902112  2.768858348 25.170652555 22.919182453  9.957028108
[201]  5.776023308  4.828779774 27.140862138 23.941050401 19.720897708 15.156690606 11.823768460 10.758235466
[209]  5.681982774  4.364780055 29.273839334 28.107515254  6.218577814  0.570343960  1.807845116 27.399290376
[217] 22.145134108 20.145046909  6.067684354  4.239810967  3.488428333  2.910794628  1.966853787  1.913122985
[225] 28.553763229 21.982515013 20.019133716 13.908107035 21.395869299 19.396915117 15.060463364  9.304361378
[233]  8.388182502 16.984403701 13.084970801 26.366847877 25.801566366 19.591755865  7.294392910 15.931164564
[241]  0.924265712 15.257617144 23.796038838 15.639365525 11.606774854  3.670656277 23.816791576 13.113069933
[249]  4.417112796 22.707859540  7.531089697  3.321239450 22.869643466 20.335040399 11.740177441  5.625447728
[257] 12.164842127  4.298373353 15.455412916 14.895722182 14.417301861 11.612671940  6.115640297  0.044221224
[265] 23.442873518 19.904734782  5.715189165  4.178752186  4.148737866 20.277789376 13.036463298 10.018090340
[273]  9.935642116 23.547344173 19.646009865 15.946408229 21.755706585  7.608826824 20.976721479 16.195311288
[281] 25.078772220 21.067282364 14.958183716  7.358211556 22.853668907 22.840424431  8.860089600  6.486121983
[289] 18.628611770 10.828666481  7.135712624  4.542270608  2.645124963  1.138215449 24.277683912 19.210266020
[297] 13.115972514  6.767631458  4.860918677 11.259468973 10.544020626 24.158864657 16.663881287 22.378057490
[305] 22.361826581 22.988456659 18.972584700 10.297732253  1.455595850 23.790827612 23.597312338 20.258995226
[313] 19.258089697  7.942784214 21.859133072 23.167536273 19.983436344  7.244601566 21.814428969 20.271479535
[321]  0.320848148 20.616630464 18.323704292  3.784535581 12.605448437 11.494990897  6.706049101  0.880903663
[329]  0.387378112 15.985878139  6.406055035 18.200892505 21.294076979  8.274166339  7.078401234 18.166333616
[337] 14.609946812 14.278059358 21.815028047 21.478336431 20.955402423 15.530539341 18.698373978 16.887655701
[345] 18.236872657 17.630318885 14.370528308 19.723957231 17.862175865 14.622106393 11.447858169  7.793480871
[353]  4.086075736  2.843490460 16.313527637 12.603001931 16.593025649  9.269286503 10.980792708  2.742172416
[361] 20.283164298 11.399622859 20.117286039 17.794392789 16.213484401 12.465586955 18.297799497 10.552111659
[369]  0.997388326  0.289366125 16.091091875 13.393658200 13.205544622  8.123751105  2.534594060  4.325978172
[377] 18.666678229 13.866945057 11.716021289 16.354792616 15.912755732 12.555109704 12.175156165  2.845574628
[385] 15.998633957  5.678914545  6.128067288 15.915051082  0.633376538 18.630407533 15.915670815 11.971171295
[393]  6.989467175  5.474702047  0.899353458  6.678099000  4.585639402 11.189676582 14.681092818 13.904270277
[401]  8.421297151  7.522137974 16.898697187 12.441509199  6.438303801 13.996998129  6.929343935  1.696378548
[409]  0.533572365 16.159106185 13.812706526 12.515769121  9.514769400  5.261602244  1.446735017 15.632743768
[417] 10.657300379  9.706383345 16.164817971 12.436933748  4.246211749  3.355016368 16.184078699 13.601801248
[425]  9.570600884  6.734541210  0.875016142 16.713621105 16.514316072 16.433386002 14.845672262  4.036210273
[433] 15.232155915  2.130097762 15.273300387  2.963413407 12.146902455 14.519407035  4.904439032  2.086124226
[441] 10.820323448 13.357885354 10.088286660  8.914352711 11.925224624 14.863427937  9.530739350  4.898487072
[449] 16.049850378  9.058609838  1.974689309  1.814024831 13.682579083  8.060415612  1.316178852  0.053070870
[457] 10.497009700  4.856291946 12.902186380  7.794891668  3.940959091  3.567142769 15.155302944  4.780862222
[465]  4.909688878  6.955718348  2.562147357 14.748696027 15.040017190 12.355404678  7.955869339  5.120914723
[473]  1.505991886 15.387473910 14.886184991 14.641871486  5.395302822  0.009383486  8.014247172  3.838022311
[481]  3.941051533  0.436837623  9.141689620  9.934075794 13.909581547 11.108443957  6.211401360 14.156530338
[489] 10.607620789  9.204838682 12.176340452  9.776956563 11.356382992  8.018487433  1.014715669 12.609421311
[497]  2.596970934  0.018348320  8.826061914  4.610529093  9.056593465 12.949327662  8.960517471  8.317975885
[505]  3.971681685  1.394717036  1.420770622  9.722912485  3.821003751  0.489145403  6.963890211 12.949649274
[513]  2.102976657  1.177960112  5.908559072 11.750082178  3.554234212  1.842206768  3.904634342  7.111515102
[521]  3.539780036  1.072002866 10.855709034 10.069669773  6.778283272  9.943454770  3.363541780  6.805309625
[529]  0.689402748 12.207084225  5.274130424 10.473078153  9.144084681  7.787472369 10.757156902  3.003339808
[537] 12.036992601  7.474256778  8.034046982  6.864698734  4.884467780  2.166424932  7.089772570  4.055379985
[545]  4.001490746  3.580416093 11.852708393  1.377265835  2.697510505  4.178887949  3.383568265  9.024522597
[553]  8.333890325  2.441799550 10.729091155  6.712904744  5.476874631  3.077161685  7.834107485  3.710439556
[561]  9.187472857  3.722707575  2.321240238 10.486008574  8.447136411  5.720200270  7.713225156  8.933813585
[569]  8.865186519  3.776973004  0.870854177  2.642873749  0.173804317  0.837004818  4.589379964  8.885901730
[577]  6.958396967  8.795223007  8.689917704  9.125081717  6.560881670  9.048415649  1.794829526  2.543657513
[585]  6.606012608  2.700740843  5.893176609  5.202920755  0.811080468  8.632590118  2.431806567  1.576641280
[593]  1.352272862  8.300893901  5.066141051  7.777316244  7.528187572  6.220828150  1.371463902  5.907490782
[601]  8.482162486  3.365892483  1.460020440  8.367842858  4.923424826  8.315675575  3.738711318  2.929528668
[609]  2.696409114  2.376412494  8.352747443  8.023077341  6.262805331  3.871480956  6.438322989  3.236197944
[617]  1.152983570  3.527159124  6.914245532  2.116888393  0.270599046  0.259869834  5.708232777  3.680413986
[625]  5.138612541  5.801423797  1.195408230  4.573857135  0.007271867  3.850546052  4.484572286  6.889406418
[633]  5.191192700  0.915401416  1.518453989  0.640299166  6.305251630  3.442491111  5.193002383  4.715803299
[641]  3.424616822  5.692578562  1.021140571  2.954261043  5.246086906  4.069881060  3.760815708  4.801414432
[649]  3.148367294  5.839712610  1.515373890  2.234537303  1.392603305  1.203130667  4.814393279  1.702308977
[657]  4.503833155  0.422698997  4.762843520  3.707299772  1.854913009  1.301482762  5.003424582  3.001019155
[665]  1.802436485  3.923735085  2.824406412  3.879476700  3.119890584  2.427852078  4.683407233  3.635117868
[673]  1.071066158  3.850383296  4.189857329  0.557458621  3.362806866  2.271955155  0.018126252  1.824080765
[681]  1.232493788  0.035558038  2.388278918  3.075164969  1.788031795  2.216216767  0.465391509  3.299069104
[689]  0.331558649  3.576018443  1.477789300  0.351424460  3.224119810  3.519671563  0.886177848  1.251369020
[697]  1.214401155  0.143630927  2.640003577  2.054285150  0.170943389  2.068754659  1.744381294  1.330031626
[705]  1.054514972  1.026684343  1.501935602  2.119864390  0.654038902  1.844140368  1.719514862  1.716371863
[713]  0.443323678  0.657104262  0.036058675  0.185676147  0.212147881

$PAR
  [1]  NA   1   1   2   2   2   3   3   3   4   4   4   4   4   4   4   4   4  10  10  10  10  10  19  19  24   7   7
 [29]  27  27   5   5   5   5  25  25   8   8   8   8   8   8  31  31  31  31  31  28  48  33  33  36  36  26  26  13
 [57]  13  13  29  29  29  50  50  50  56  56  56  56  56  56  57  57  57  57   6  43  62  37  59  59  59  59  59  59
 [85]  52  52  52  52  52  52  30  30  30  30  30  54  54  54  38  38  38  38  85  85  63  51  51  51  39  78  78  78
[113]  79  79  79  86  34  34  34  64  64  64  44 120  14  14 109 109 121 121   9  15  20  20  20 103 116 116 116  61
[141]  61 124 124 131 131 127 127 127  21 133 133 136 136 136 140 140  72  72  72  72 149  76  76  76  76  76  76  76
[169] 157 157 157 157 157 157  81  81 137 137 137 137 137 146 146 146 146 113 147  73  99  99  99  99  99  82  82  82
[197]  82  74  65  65  65  65 169 100 100 100 100 100 100 100 182 101 101 101 188 141 141 141 141 141 141 141 141 141
[225] 211 211 211 211 155 155 155 155 155 170 170 112 112 112 112 175 175 225 158 117 117 117 106 106 106 212 212 212
[253] 171 171 171 171  49  49 216 216 216 216 216 216  83  83  83  83  83 187 187 187 187 203 203 203  41  66 107 107
[281] 236 236 152 152 237 237 237 237  93  93  93  93 163 163 198 198 198 198 198 150 150 281 172 164 164 295  22 151
[309] 151 302 194 194 194 247 243 311 311 311 316 316 199 253 253 285 286 286 183 183 183  67 195 304 305 305 305 132
[337] 217 217  42  42  42 173 315 315 277 277 277 229 229 229 229 229 282 282 279 341 165 165 166 166 167 322 119 119
[365] 119 119  69 254 254 361 270 320 218 218 218 227 317 348 348 205 205 205 238 238 134 134 230 177 177 296 296 296
[393] 178 307 307 343 343 377 390 390 390 390 367 345 332 336 336 336 336 349 349 349 364 364 364 346 346 346 156 156
[421] 156 156 144 144 234 234 234 403 403 403 403 403 344 344 428 428 303 357 429 429 430 380 380 128 365 423 423 419
[449] 410 410 410 410 371 371 371 371 330 330 240 240 240 240 391 388 244 416 416 179 342 342 342 342 342 259 474 435
[477]  17 242 433 433  46  46 125 206 463 463 231 283 446 399 476 350 337 337 337 438 261 347 338 338 228 400 400 378
[505] 378 378 411 453 159 159 424 372 372 373 248 271 271 271 502 459 459 459 325 325 325 356 356 382 382 412 412 366
[533] 366 404 420 420  70  70 530 530 257 437 537 537 537 537 180 445 547 207 207 379 379 245 362 362 362 362 493 486
[561] 523 441 441 208 535 555 417 301 457 564 564 532 532 443 524 526 508 418 418 425 425 196 196 232 358 533 580 580
[589] 501 552 552 552 552 503 503 444 444 444 576 569 499 590 601 565 565 401 401 401 401 401 233 604 611 611 504 504
[617] 334 454 539 539 494 314 559 352 278  18 251 597 597 402 239 393 577 577 466 619 540 528 525 525 556 327 192 288
[645] 331 331 331 637 637 613 613 213 213 487 515 515 566 566 623 642 209 256 394 531 633 625 663 605 605 465 458 648
[673] 671 500 397 397 628 657 258 550 268 545 666 614 630  95 509 570 647 672 546 546 462 618 618 638 527 558 664 197
[701] 586 126 293 572 572 375 554 153 700 223 710 215 215 592 427 713 621

$EXTANT
  [1] FALSE FALSE FALSE FALSE FALSE FALSE FALSE FALSE FALSE FALSE FALSE FALSE FALSE  TRUE FALSE FALSE  TRUE  TRUE FALSE
 [20]  TRUE FALSE FALSE FALSE FALSE FALSE FALSE FALSE FALSE FALSE FALSE  TRUE FALSE FALSE  TRUE FALSE FALSE FALSE FALSE
 [39] FALSE FALSE FALSE FALSE FALSE FALSE FALSE  TRUE  TRUE FALSE  TRUE FALSE FALSE FALSE FALSE FALSE FALSE FALSE FALSE
 [58] FALSE FALSE FALSE FALSE  TRUE FALSE FALSE  TRUE  TRUE FALSE FALSE  TRUE  TRUE FALSE  TRUE FALSE FALSE FALSE  TRUE
 [77]  TRUE FALSE FALSE FALSE FALSE  TRUE  TRUE FALSE FALSE FALSE FALSE FALSE FALSE FALSE FALSE FALSE  TRUE  TRUE  TRUE
 [96] FALSE FALSE FALSE  TRUE  TRUE  TRUE FALSE FALSE FALSE FALSE  TRUE FALSE FALSE FALSE FALSE FALSE FALSE  TRUE FALSE
[115] FALSE  TRUE  TRUE FALSE  TRUE FALSE FALSE FALSE FALSE  TRUE  TRUE FALSE  TRUE  TRUE FALSE FALSE  TRUE  TRUE FALSE
[134]  TRUE  TRUE  TRUE  TRUE FALSE  TRUE FALSE  TRUE  TRUE  TRUE  TRUE FALSE  TRUE FALSE  TRUE FALSE FALSE  TRUE FALSE
[153]  TRUE  TRUE  TRUE  TRUE  TRUE FALSE  TRUE FALSE FALSE FALSE  TRUE FALSE FALSE  TRUE  TRUE FALSE FALSE  TRUE  TRUE
[172] FALSE  TRUE FALSE  TRUE  TRUE  TRUE  TRUE FALSE  TRUE  TRUE FALSE  TRUE  TRUE  TRUE  TRUE  TRUE  TRUE FALSE  TRUE
[191] FALSE  TRUE FALSE  TRUE  TRUE  TRUE  TRUE  TRUE  TRUE  TRUE FALSE  TRUE  TRUE FALSE FALSE FALSE  TRUE  TRUE  TRUE
[210]  TRUE  TRUE  TRUE  TRUE  TRUE  TRUE  TRUE FALSE  TRUE FALSE  TRUE  TRUE  TRUE  TRUE  TRUE  TRUE FALSE FALSE  TRUE
[229] FALSE  TRUE  TRUE  TRUE  TRUE  TRUE FALSE FALSE  TRUE  TRUE FALSE  TRUE  TRUE  TRUE FALSE  TRUE  TRUE  TRUE FALSE
[248]  TRUE  TRUE  TRUE  TRUE  TRUE  TRUE  TRUE  TRUE  TRUE  TRUE  TRUE FALSE FALSE  TRUE FALSE  TRUE  TRUE FALSE FALSE
[267]  TRUE  TRUE  TRUE  TRUE  TRUE  TRUE FALSE FALSE FALSE  TRUE  TRUE  TRUE FALSE  TRUE  TRUE  TRUE FALSE  TRUE  TRUE
[286]  TRUE  TRUE  TRUE  TRUE  TRUE  TRUE  TRUE  TRUE  TRUE FALSE FALSE  TRUE  TRUE  TRUE  TRUE FALSE FALSE FALSE  TRUE
[305]  TRUE FALSE  TRUE  TRUE  TRUE FALSE  TRUE  TRUE  TRUE  TRUE  TRUE FALSE  TRUE  TRUE FALSE  TRUE  TRUE  TRUE FALSE
[324]  TRUE  TRUE  TRUE FALSE  TRUE  TRUE  TRUE  TRUE  TRUE FALSE  TRUE FALSE  TRUE  TRUE  TRUE FALSE  TRUE FALSE  TRUE
[343]  TRUE FALSE  TRUE  TRUE  TRUE  TRUE  TRUE  TRUE  TRUE  TRUE  TRUE  TRUE FALSE  TRUE  TRUE  TRUE  TRUE FALSE  TRUE
[362]  TRUE FALSE  TRUE FALSE  TRUE  TRUE  TRUE  TRUE  TRUE  TRUE  TRUE  TRUE  TRUE  TRUE  TRUE FALSE  TRUE  TRUE  TRUE
[381]  TRUE  TRUE  TRUE  TRUE  TRUE  TRUE  TRUE  TRUE  TRUE  TRUE FALSE FALSE  TRUE  TRUE  TRUE  TRUE  TRUE  TRUE FALSE
[400]  TRUE FALSE  TRUE  TRUE FALSE  TRUE  TRUE FALSE  TRUE  TRUE  TRUE  TRUE  TRUE  TRUE  TRUE  TRUE  TRUE  TRUE  TRUE
[419]  TRUE  TRUE  TRUE  TRUE FALSE  TRUE FALSE  TRUE  TRUE  TRUE  TRUE FALSE  TRUE  TRUE  TRUE  TRUE  TRUE  TRUE  TRUE
[438] FALSE  TRUE  TRUE  TRUE  TRUE  TRUE FALSE  TRUE FALSE FALSE  TRUE FALSE FALSE  TRUE  TRUE  TRUE  TRUE  TRUE  TRUE
[457]  TRUE  TRUE  TRUE  TRUE  TRUE  TRUE  TRUE FALSE  TRUE FALSE  TRUE  TRUE FALSE  TRUE FALSE FALSE  TRUE FALSE  TRUE
[476] FALSE  TRUE  TRUE FALSE  TRUE  TRUE  TRUE  TRUE FALSE  TRUE  TRUE  TRUE FALSE FALSE  TRUE  TRUE FALSE  TRUE  TRUE
[495]  TRUE  TRUE  TRUE  TRUE  TRUE  TRUE  TRUE  TRUE  TRUE  TRUE  TRUE  TRUE  TRUE  TRUE  TRUE  TRUE FALSE FALSE  TRUE
[514]  TRUE  TRUE  TRUE FALSE  TRUE  TRUE  TRUE  TRUE  TRUE FALSE  TRUE  TRUE FALSE  TRUE  TRUE  TRUE FALSE  TRUE  TRUE
[533]  TRUE FALSE FALSE  TRUE  TRUE FALSE  TRUE  TRUE FALSE  TRUE  TRUE FALSE  TRUE  TRUE  TRUE  TRUE  TRUE  TRUE FALSE
[552]  TRUE FALSE  TRUE  TRUE  TRUE  TRUE  TRUE  TRUE  TRUE  TRUE  TRUE  TRUE  TRUE  TRUE  TRUE  TRUE FALSE FALSE  TRUE
[571]  TRUE  TRUE  TRUE  TRUE  TRUE  TRUE  TRUE FALSE FALSE  TRUE  TRUE  TRUE  TRUE  TRUE  TRUE  TRUE  TRUE  TRUE  TRUE
[590]  TRUE  TRUE  TRUE  TRUE  TRUE  TRUE FALSE  TRUE  TRUE  TRUE  TRUE  TRUE  TRUE  TRUE FALSE  TRUE  TRUE  TRUE  TRUE
[609]  TRUE  TRUE  TRUE  TRUE  TRUE  TRUE  TRUE  TRUE  TRUE  TRUE  TRUE FALSE  TRUE  TRUE  TRUE  TRUE  TRUE FALSE  TRUE
[628]  TRUE  TRUE  TRUE FALSE  TRUE  TRUE  TRUE  TRUE  TRUE  TRUE  TRUE  TRUE  TRUE  TRUE  TRUE  TRUE  TRUE  TRUE FALSE
[647]  TRUE  TRUE  TRUE  TRUE  TRUE  TRUE  TRUE  TRUE  TRUE  TRUE  TRUE  TRUE  TRUE  TRUE  TRUE  TRUE FALSE  TRUE  TRUE
[666]  TRUE  TRUE  TRUE  TRUE  TRUE  TRUE  TRUE  TRUE  TRUE  TRUE  TRUE  TRUE  TRUE  TRUE  TRUE  TRUE  TRUE  TRUE FALSE
[685]  TRUE  TRUE  TRUE  TRUE  TRUE  TRUE  TRUE  TRUE  TRUE  TRUE  TRUE  TRUE  TRUE  TRUE  TRUE  TRUE  TRUE  TRUE  TRUE
[704]  TRUE  TRUE  TRUE  TRUE  TRUE  TRUE  TRUE  TRUE FALSE  TRUE  TRUE  TRUE  TRUE  TRUE

