
Birth-death simulation object with 720 species and 500 extant species

Details for some species:

Extinction times (NA means extant)
[1] 71.53053 24.94553 42.56960       NA       NA 48.52756


Speciation times 
[1] 86.94007 81.90518 70.66064 58.83613 56.95006 56.80078


Species parents (NA for initial)
[1] NA  1  2  2  2  2


Species status (extinct or extant)
[1] "extinct" "extinct" "extinct" "extant"  "extant"  "extinct"


For more details on vector y, try sim$y, with y one of
TE TS PAR EXTANT



$TE
  [1] 71.53053313 24.94552723 42.56959574          NA          NA 48.52756104 45.38086620 27.49781640 11.64713704
 [10] 46.94078713 24.31241258          NA 41.12452812          NA          NA 17.09366819 14.82896827  7.26660921
 [19]          NA 15.92621931 18.31107788 38.47083171  7.77854332 26.69198818          NA 29.96172208 32.98669231
 [28] 41.98794716 43.09625524          NA          NA 10.15931921          NA          NA          NA  4.66135126
 [37]          NA          NA  0.07736497          NA          NA 23.64635001 26.47201174 35.97134993 27.15971771
 [46] 16.88509014 45.65821118 21.33789359 19.98253491          NA  2.20042322 13.63249575          NA          NA
 [55] 19.23438896 13.29437436  7.87116305 40.22479367          NA 10.91585873          NA          NA 23.42573393
 [64]          NA 13.18014841 24.58449052          NA          NA  1.89862435 13.49486916          NA          NA
 [73] 21.02806314 26.42186053          NA          NA 16.58489960  4.81201814          NA 20.35735715          NA
 [82] 14.00923980          NA          NA          NA 22.49701744 23.26422849 26.35795912 16.00831813 39.49545197
 [91] 31.69849278          NA          NA 11.63790782          NA          NA          NA          NA          NA
[100] 28.84136486          NA          NA          NA          NA 26.37343314          NA 28.63798693 21.99731395
[109]          NA          NA  0.64095800          NA          NA          NA  3.39086567          NA          NA
[118]          NA          NA          NA 31.00537867          NA          NA 35.57145308          NA  4.54754356
[127] 10.19475568          NA          NA  6.15563248          NA          NA 16.26714586 11.27460462          NA
[136]          NA 21.49160064 17.85895065          NA          NA  3.60681644          NA 17.42968159 19.15634325
[145]  6.73755508  8.25339788 27.33840066 20.64208148 20.24816406  5.75841068          NA          NA          NA
[154]          NA 29.01263472  2.61104806 30.42677696  1.17732155 29.68655286  0.35534847  2.38764451          NA
[163] 18.92282409  3.89488247          NA  6.67000502 25.11585642          NA          NA          NA          NA
[172] 18.98886221          NA          NA          NA  1.18383545          NA 15.42201251  4.12406055 25.51498930
[181] 15.82768917          NA          NA          NA          NA 20.19423218          NA 15.47106329  0.31467543
[190]          NA          NA          NA  4.70176401 12.44295704  7.49884983          NA          NA  6.97812283
[199] 10.27464830          NA          NA          NA          NA          NA          NA          NA          NA
[208]          NA          NA          NA          NA          NA          NA          NA          NA 27.64984532
[217]          NA  7.03083898          NA          NA          NA          NA  9.98021167  1.08228758  7.08202689
[226]          NA  6.79505856  5.06685413  8.38401778 11.37545344  3.61517080 14.06989645          NA          NA
[235]  1.52021843 13.85249948          NA 17.64370554          NA          NA          NA          NA          NA
[244] 15.55056829          NA          NA          NA          NA          NA          NA          NA          NA
[253]          NA          NA  5.79371126          NA          NA 22.38640183          NA  7.81041285          NA
[262]  4.23192442          NA          NA  3.55086663 13.62341201 12.86319537          NA          NA 21.01359291
[271]          NA          NA 15.47842312          NA 21.80136747  5.58420581  4.13627711 17.28848266          NA
[280]  7.90734260          NA          NA          NA          NA          NA          NA          NA 23.53250819
[289]  5.09013531 18.27778619 17.77676753          NA          NA  8.62078364          NA          NA          NA
[298]          NA          NA          NA 16.22538899          NA          NA          NA          NA          NA
[307]          NA          NA          NA          NA  1.21836669          NA          NA          NA          NA
[316]          NA 16.92195842          NA  2.61306281          NA          NA  3.99887248          NA          NA
[325]  5.67111553          NA  8.31891776  1.95373256  5.62232998          NA          NA          NA          NA
[334]          NA  1.60485009          NA          NA          NA  1.77924872 12.89472608 11.19628483          NA
[343]          NA          NA          NA          NA          NA 10.13429831          NA          NA  6.46472364
[352] 17.48985240  3.83956698          NA          NA          NA          NA  5.97628723          NA          NA
[361]          NA 16.81961450 10.82393040  9.65193008          NA  7.46298552          NA          NA          NA
[370] 14.37507767          NA          NA          NA          NA          NA  8.06894619  2.58160545          NA
[379]  0.45633458          NA          NA          NA          NA  3.45829048          NA          NA          NA
[388]          NA          NA          NA          NA          NA          NA          NA  1.79407653  1.54471620
[397]          NA  9.59101135  0.01259941          NA          NA  5.79098745          NA  7.30235063          NA
[406]          NA          NA          NA          NA  7.37806410          NA  2.58068309          NA          NA
[415]          NA 16.11884127          NA          NA          NA          NA 15.54855636          NA          NA
[424]          NA          NA          NA          NA          NA          NA  3.17583113          NA          NA
[433]          NA          NA  6.17394410  8.55422251          NA          NA          NA          NA 11.47881062
[442]          NA 12.56994682          NA          NA          NA          NA          NA          NA  4.56848573
[451]          NA          NA  4.74678493  9.52917695          NA          NA          NA          NA          NA
[460]          NA          NA          NA          NA          NA          NA          NA  5.19597111          NA
[469]          NA          NA          NA  4.13590742          NA  3.40351586          NA          NA          NA
[478]          NA          NA 12.00953709          NA          NA          NA  5.06743799          NA          NA
[487]          NA          NA          NA          NA  6.73007509  2.31253394          NA          NA          NA
[496]          NA          NA          NA          NA          NA          NA          NA          NA          NA
[505]          NA          NA          NA  1.25663014          NA          NA  8.25618644          NA          NA
[514]          NA          NA          NA          NA  3.98056897          NA          NA  4.94393351  7.28415185
[523]          NA          NA          NA          NA          NA          NA          NA          NA  6.45692981
[532]          NA          NA          NA          NA          NA          NA  3.47667248          NA          NA
[541]          NA          NA          NA          NA          NA          NA          NA          NA          NA
[550]  0.08482922  0.71979630 10.51298818          NA          NA          NA          NA          NA  0.01776873
[559]          NA          NA          NA          NA          NA          NA  8.07266828          NA          NA
[568]          NA          NA          NA          NA          NA          NA          NA  5.20027909          NA
[577]          NA  4.61746301          NA          NA          NA          NA          NA          NA          NA
[586]          NA          NA          NA          NA          NA          NA          NA          NA          NA
[595]  2.60026515          NA          NA          NA          NA          NA          NA          NA          NA
[604]          NA          NA          NA          NA          NA          NA          NA          NA          NA
[613]          NA  2.45541150          NA          NA          NA          NA          NA          NA          NA
[622]          NA          NA          NA          NA          NA          NA          NA  1.05216783          NA
[631]          NA          NA  1.09701759          NA          NA          NA          NA          NA          NA
[640]          NA          NA          NA          NA          NA          NA          NA          NA          NA
[649]          NA          NA          NA          NA          NA          NA  1.99725264          NA  2.98428089
[658]          NA          NA          NA  1.80986800          NA  0.97635059          NA          NA          NA
[667]          NA          NA          NA          NA          NA          NA  0.73368540          NA          NA
[676]          NA  2.15699619          NA          NA          NA          NA          NA  1.35510799          NA
[685]          NA          NA          NA          NA          NA          NA          NA          NA          NA
[694]          NA  0.31638071          NA          NA          NA          NA          NA          NA          NA
[703]          NA          NA          NA          NA          NA          NA          NA          NA          NA
[712]          NA          NA          NA  0.31415339          NA          NA          NA          NA          NA

$TS
  [1] 8.694007e+01 8.190518e+01 7.066064e+01 5.883613e+01 5.695006e+01 5.680078e+01 6.199786e+01 5.813554e+01
  [9] 5.613978e+01 5.532175e+01 5.890292e+01 5.764779e+01 5.116289e+01 5.349912e+01 3.282507e+01 4.828153e+01
 [17] 3.753192e+01 2.201986e+01 1.883536e+01 5.540876e+01 5.506321e+01 5.241025e+01 4.879087e+01 3.894885e+01
 [25] 3.449240e+01 3.178835e+01 5.611297e+01 5.140388e+01 4.777648e+01 3.969643e+01 3.158315e+01 3.038105e+01
 [33] 2.377814e+01 4.906467e+01 4.739050e+01 2.392891e+01 1.945218e+01 9.760841e+00 3.952513e+01 2.421166e+01
 [41] 5.353043e+01 3.241887e+01 5.024367e+01 5.478506e+01 2.795811e+01 2.465608e+01 5.191872e+01 5.072362e+01
 [49] 3.722439e+01 3.436432e+01 3.395288e+01 2.001920e+01 1.959877e+01 1.147737e-01 3.043960e+01 1.812582e+01
 [57] 1.808009e+01 4.530538e+01 4.075031e+01 4.220477e+01 2.277396e+01 2.683929e+01 4.860636e+01 2.599025e+01
 [65] 2.530147e+01 2.506737e+01 1.868498e+01 4.219825e+01 3.737080e+01 2.345170e+01 1.002589e+01 4.113689e+01
 [73] 3.815001e+01 3.589086e+01 2.855978e+01 3.575232e+01 2.362838e+01 1.738686e+01 4.653688e+01 3.535534e+01
 [81] 2.400572e+01 1.597552e+01 1.220680e+01 5.720482e+00 4.381561e-01 4.388693e+01 3.859349e+01 3.047356e+01
 [89] 2.798628e+01 4.065688e+01 3.671175e+01 3.333435e+01 2.003242e+01 1.324870e+01 1.141260e+01 1.620638e+01
 [97] 1.532615e+01 1.312103e+01 8.127578e+00 3.308176e+01 2.475752e+01 1.998061e+01 1.604090e+00 1.543207e+00
[105] 3.894586e+01 1.245600e+01 3.380297e+01 2.523552e+01 2.086226e+01 1.622187e+01 1.510629e+01 6.158837e+00
[113] 2.602366e+01 1.984569e+01 1.806315e+01 1.587962e+01 1.576990e+01 7.908602e+00 6.772765e+00 7.745636e-01
[121] 3.676019e+01 3.387503e+01 3.243468e+01 3.634493e+01 2.436094e+01 2.351050e+01 3.389008e+01 2.150905e+01
[129] 3.454660e+01 3.574164e+01 3.097229e+01 2.811519e+01 2.659958e+01 1.997226e+01 1.045000e+01 2.893949e+01
[137] 2.738682e+01 3.133004e+01 3.477854e+01 3.077349e+01 2.998324e+01 2.504413e+01 2.410039e+01 2.113260e+01
[145] 1.603820e+01 9.884105e+00 3.212516e+01 2.110951e+01 2.892139e+01 1.433571e+01 1.308326e+01 1.221402e+01
[153] 1.009973e+01 5.587027e+00 3.372915e+01 3.321800e+01 3.263414e+01 2.435924e+01 3.381036e+01 3.344062e+01
[161] 9.923483e+00 2.736124e+01 2.302898e+01 2.210837e+01 2.122686e+01 1.487822e+01 3.193155e+01 2.418030e+01
[169] 4.576662e+00 3.335191e+01 3.112141e+01 3.280047e+01 3.257561e+01 1.731784e+01 3.276723e+00 1.483213e+01
[177] 6.403188e+00 2.976727e+01 1.262491e+01 2.627342e+01 3.186450e+01 2.990668e+01 1.824169e+01 1.550659e+01
[185] 2.792100e+00 3.273508e+01 2.550810e+01 2.178335e+01 1.962639e+01 8.939040e+00 2.594008e+00 2.651026e+01
[193] 2.606343e+01 1.761501e+01 1.048125e+01 8.367031e-01 3.626330e-01 2.684778e+01 2.839923e+01 2.275261e+01
[201] 8.406147e+00 2.539582e+00 1.514438e+00 1.338864e+01 2.673500e+01 1.685932e+01 1.454665e+01 1.059826e+01
[209] 1.222795e+00 5.978041e-01 2.227770e+01 3.610454e+00 2.009828e+01 2.244430e+01 2.981538e+01 2.794484e+01
[217] 2.026639e+01 7.486352e+00 1.830823e+00 9.373478e+00 2.482357e+01 1.591703e+01 1.019765e+01 4.276641e+00
[225] 1.746586e+01 3.681042e-01 2.471064e+01 1.261153e+01 2.788380e+01 1.704112e+01 2.292007e+01 2.271825e+01
[233] 2.598385e+01 1.031654e+01 1.760395e+00 1.500988e+01 9.411595e+00 2.564907e+01 1.696679e+01 1.284236e+01
[241] 1.281670e+01 3.919367e+00 4.193135e-01 2.317171e+01 2.305791e+01 5.043694e+00 9.220185e-01 2.608358e+01
[249] 2.346088e+01 8.044627e+00 3.473383e-01 1.497837e+01 2.122190e+01 2.215855e+01 8.078589e+00 7.226857e+00
[257] 4.773746e+00 2.373102e+01 1.162463e+01 8.127516e+00 1.876323e+01 1.279909e+01 1.022462e+01 4.998421e+00
[265] 1.993691e+01 1.460968e+01 2.261180e+01 2.713916e-01 7.348366e+00 2.450864e+01 1.087922e+01 2.363875e+00
[273] 2.433752e+01 9.845566e+00 2.245277e+01 1.975864e+01 2.418418e+01 2.104271e+01 1.403111e+01 1.286560e+01
[281] 1.244161e+01 2.269029e+01 2.165246e+01 1.390899e+01 2.225084e+00 1.395644e+00 1.190712e+00 2.406884e+01
[289] 5.093842e+00 2.276640e+01 2.061177e+01 1.941411e+01 1.885401e+01 1.063344e+01 9.193989e+00 2.391605e+01
[297] 1.233928e+01 2.194509e+01 1.750903e+01 1.715435e+01 2.008127e+01 1.833166e+01 1.337002e+01 2.149057e+01
[305] 3.842728e+00 2.221785e+01 1.197843e+01 1.107935e+01 6.326739e+00 2.178730e+01 1.738458e+01 1.612849e+01
[313] 9.685600e+00 4.326733e+00 1.971977e+00 1.045242e+00 2.160457e+01 1.634980e+01 2.127375e+01 2.011757e+01
[321] 3.274755e+00 2.201068e+01 2.243948e+01 2.226979e+01 1.042844e+01 1.675615e+01 1.637050e+01 1.578839e+01
[329] 1.075117e+01 5.530994e+00 8.575649e-01 2.198004e+01 2.045492e+01 1.843135e+01 1.483898e+01 7.342420e+00
[337] 1.356815e+01 8.618946e+00 4.203745e+00 1.416586e+01 1.332972e+01 1.008082e+01 7.200545e+00 6.577312e+00
[345] 1.236888e+01 1.900465e+01 1.520947e+01 1.380944e+01 1.034962e+01 9.113969e+00 1.175351e+01 2.142009e+01
[353] 9.299374e+00 9.142564e-01 2.087206e+01 1.259275e+01 2.125678e+01 1.265928e+01 7.706510e+00 7.560537e+00
[361] 7.300017e+00 1.907186e+01 1.587087e+01 1.128324e+01 9.704667e+00 7.837458e+00 4.040893e+00 1.857261e+01
[369] 7.795103e+00 1.563363e+01 7.565068e+00 1.040166e+01 7.963737e+00 7.853139e+00 7.028830e+00 1.617208e+01
[377] 1.200499e+01 1.176110e+01 8.269965e+00 8.804863e+00 8.698749e+00 1.428492e+01 4.942731e+00 2.001060e+01
[385] 1.325202e+01 1.324106e+01 1.855616e+00 1.413021e+01 9.707266e+00 2.761377e+00 2.735211e+00 1.726544e+01
[393] 1.705139e+01 1.677779e+01 1.300273e+01 4.291226e+00 1.369109e+00 1.420909e+01 9.494665e+00 1.801408e+00
[401] 1.802494e+01 1.482635e+01 1.229102e+01 8.906245e+00 1.659820e+01 2.661768e+00 1.650867e+01 9.909441e+00
[409] 5.982997e+00 7.578314e+00 7.185480e+00 6.650080e+00 3.758766e+00 1.114906e+01 1.651236e+01 1.721914e+01
[417] 1.840868e+00 9.506410e-02 7.802127e+00 1.632666e+01 1.731341e+01 1.095800e+01 6.605575e+00 4.830106e+00
[425] 1.247768e+01 4.174125e-02 7.870506e+00 7.528112e+00 1.136332e+01 1.631112e+01 7.099629e+00 5.540653e+00
[433] 1.568836e+01 1.378878e+01 9.400930e+00 1.210048e+01 5.000899e+00 2.560714e+00 9.401924e+00 1.228161e+01
[441] 1.171448e+01 1.409535e+01 1.389895e+01 9.015964e+00 6.538163e+00 1.582791e+01 1.547545e+01 1.540951e+01
[449] 1.236098e+01 6.026808e+00 3.555581e+00 3.385159e+00 7.085949e+00 1.161234e+01 5.451049e+00 9.808383e+00
[457] 1.059219e+01 9.650821e+00 8.348213e+00 9.796584e+00 1.035802e+01 4.696416e+00 3.777883e+00 1.419105e+01
[465] 1.067618e+01 1.294587e+01 6.974573e+00 1.541089e+01 1.334173e+01 1.290634e+00 2.690240e+00 6.374778e+00
[473] 5.230741e-01 4.137607e+00 2.296545e+00 1.597974e+00 8.936740e-01 8.654370e-01 7.900903e-01 1.261867e+01
[481] 8.767591e+00 7.027187e+00 7.075340e+00 5.954021e+00 3.617182e+00 3.054373e+00 1.563621e+00 1.154173e+01
[489] 1.049780e+01 1.326041e+01 8.871098e+00 1.355551e+01 8.206772e+00 6.649205e+00 4.469960e+00 3.483842e+00
[497] 3.435580e-01 8.213863e+00 5.171083e-01 1.385940e+01 1.257629e+01 1.228293e+01 8.446847e+00 9.495743e-01
[505] 1.269913e+01 3.380549e+00 1.000220e+00 9.417097e+00 1.181212e+01 1.416720e+00 8.263632e+00 3.306907e+00
[513] 1.002511e+01 5.186241e+00 4.554716e+00 2.172704e+00 1.089558e+00 6.840380e+00 3.285596e+00 9.291868e+00
[521] 6.135887e+00 1.260944e+01 1.098721e+01 6.923972e-01 7.944116e+00 1.856143e+00 4.921510e+00 5.462083e+00
[529] 7.751677e+00 1.837845e+00 1.089244e+01 2.920049e+00 8.628205e+00 6.401357e+00 1.214061e+01 1.191496e+01
[537] 3.698706e+00 5.807581e+00 3.206046e+00 7.370430e-01 2.054042e-01 1.140922e+01 1.028951e+01 4.411852e+00
[545] 1.130705e+01 5.273409e+00 6.846155e+00 1.115524e+01 1.056250e+01 3.784670e+00 3.308739e+00 1.076663e+01
[553] 9.779550e+00 6.779244e+00 3.265613e+00 1.010155e+00 1.970941e+00 1.002748e+01 6.309027e+00 9.718493e+00
[561] 4.783736e+00 4.554381e+00 3.244445e+00 1.306608e+00 9.736309e+00 3.710383e+00 3.779689e+00 4.427436e+00
[569] 4.164104e+00 2.085222e-01 8.312337e+00 3.308634e+00 1.985797e+00 5.084025e+00 8.785698e+00 2.818909e+00
[577] 9.830053e+00 9.485457e+00 4.717662e+00 7.923899e+00 3.420440e+00 3.067122e+00 6.202509e-02 1.507552e+00
[585] 4.887791e-01 5.190136e+00 1.361219e+00 9.219719e+00 9.087726e+00 1.894811e+00 2.649344e+00 7.515675e-01
[593] 7.446656e+00 6.163748e+00 5.134624e+00 7.079579e+00 5.741609e+00 4.677278e+00 4.422313e+00 1.303520e+00
[601] 8.686708e+00 8.402935e+00 4.519764e+00 2.598288e+00 2.617181e+00 2.195546e+00 7.681553e+00 6.726270e+00
[609] 2.272860e+00 6.022287e-01 1.142973e+00 4.467521e-01 3.056297e+00 5.153032e+00 8.132937e+00 4.131469e-01
[617] 6.669146e+00 3.119028e+00 3.462607e-01 4.138365e+00 1.702087e+00 6.766444e+00 2.444887e+00 4.641903e+00
[625] 2.722831e+00 2.137626e+00 5.927183e+00 3.953278e+00 1.402885e+00 5.602927e+00 5.187121e+00 6.489230e+00
[633] 4.961447e+00 2.600280e+00 9.311337e-01 2.159404e+00 4.992621e+00 5.674677e+00 4.574469e+00 1.617515e+00
[641] 4.203128e+00 5.763873e+00 3.381185e+00 5.747330e-01 1.364613e+00 2.348048e+00 3.166533e-01 6.402159e+00
[649] 2.604377e+00 6.518576e+00 4.111903e+00 1.005133e+00 5.603017e+00 5.465282e+00 3.801139e+00 4.706349e+00
[657] 4.366370e+00 5.010546e-02 6.364634e-01 5.912301e+00 4.779452e+00 5.498183e+00 5.163455e+00 4.643211e+00
[665] 4.411261e+00 3.467829e-01 4.293254e-01 3.692020e+00 4.855371e+00 7.095011e-01 1.930062e+00 4.168233e-01
[673] 3.785762e+00 3.043071e+00 3.100099e+00 4.000685e+00 3.237985e+00 5.097509e-01 6.071597e-01 1.941783e+00
[681] 5.994592e-01 4.217945e+00 2.023515e+00 1.750653e+00 1.845676e+00 1.227425e-01 4.644327e-01 1.090156e+00
[689] 3.725257e+00 2.803283e+00 3.618937e+00 2.172890e+00 2.021110e+00 3.100193e+00 4.730052e-01 1.894846e+00
[697] 6.800530e-01 1.642633e+00 2.406682e+00 2.441684e+00 1.715400e+00 1.138664e+00 6.805877e-01 2.071192e+00
[705] 1.211271e+00 1.475659e+00 7.328843e-01 7.511075e-01 7.985645e-01 1.219131e-01 2.558739e-01 8.403161e-01
[713] 5.253087e-02 1.219567e+00 3.833220e-01 3.611514e-01 8.663686e-02 4.855029e-01 4.885030e-01 9.040659e-04

$PAR
  [1]  NA   1   2   2   2   2   3   3   3   3   7   7   7  11  11   4   4   4   4   8   8   8   8   8   8   8  12  12
 [29]  12  12  12  12  12   5   5   5   5   5   9   9  20  20  10  21  21  21  44  41  41  41  41  41  41  41  14  14
 [57]  14  22  22  28  48  43  34  34  34  34  34  23  23  23  23  63  63  63  63  16  16  16  29  35  35  35  35  35
 [85]  35  79  79  79  79  58  86  86  60  60  60  68  68  68  68  72  72  72  72  72  59  59  30  30  30  30  30  30
[113]  39  39  39  39  39  39  39  39  24 105 105  87  87  87  73  73  17  69  69  69  69  69  69  49  49  74  76  76
[141] 130 130 130 130 130 130  80  80 139 139  25  25  25  25  50  50  50  50  51  51  51 127 127 127 127 127 122 122
[169] 122 159 159 155 155 160 160 170 170  92  92 156 100  15  15  15  15 172 172 172 172 173 173 123 123 123 123 123
[197] 123  42 167  31  31  31  31 171 131 131 131 131 131 131 140 140  55  32 141 141 141 141 182 215 178 178 136 136
[225]  75  75 199 199 132 132  89 229 137 162 162 198 198  62  62 205 205 205 205 192 192 192 192 180 248 248 248 193
[253] 113  64  64  64  64 233 233 233 187 187 187 187  65  65 142 142 221 101 101 101 227 227  46  46 125 125 158 158
[281] 158  40  40  40  40  40  40 168 168 143 143 143  81  81  81  36  36 296 296  33  70  70 245 231 231  61  61  61
[309]  61 200 200 200 200 200 200 200 232 232 282 282 282 275 214 214 214 323 323 323 211 211 211 324 324 324 324 254
[337] 164 164 164  18  18  18 322 322 332 298 298 298 310 310 283 317 128 128 304 304 319 319 319 319 319 357 357 165
[365] 165 165 165 253 253 355 355 109 109 109 109 333 333 333 333 217 217 320 320 213 213 213 213  93  93  93  93 384
[393] 102 102 102 102 102 114 114 114 189 189 189 189  53  53  37  37  37 292 292 292 292 293  19  67  67  67 334 302
[421]  57 115 115 115 401 401 299 225  78 311 311 174 421 300 300 393 393 393 239 394 394 405 405 327 318 420 420 420
[449] 420 420 430 430 110  96  96 376 312 116 116 446 328 328 328 117 433 184 184 447 447 447 448  97  97 347 111 111
[477] 111 111 252 335 335 176 207 207 207 207 382 398 398 464 464 442 442 442 442 442 442 284 284 443 443 500 434 303
[505] 469 385 385 386 395 466 280 240 241 241 241 241 241 262 505 358 179 480 228 356 501 425 106 281 345 297 403 403
[533] 502 502 440 440 440 152 152 152 152  83 535 535 377 377 307 536 536 536 509 378 378 351 488 488 542 429 429 545
[561] 545 545 545 414 308 308 523 422 271 271 329 465 465 549 195 135 372 461 461 263 342 342 342 558 558 513 408 146
[589] 146 274 456 456 553 553  38 560 389 458 458 458 508 237 439 220 295 295 589 589 589 444 380 381 601 338 503 201
[617] 602 602 602 459 459 571 571 373 373 525 580 118 118 374 419 529 359 359 359 360 336 361 361 431 483 375 482 482
[645] 547 554 622 608 608 344 344 344 445 650 177 534 534 534 559 409 538 642 597 597  84  84 432 455 514 246 437 637
[673] 527 661 257 579 664 664 624 639 639 515 562 562 603 603 495 568 396 224 550 413 537 581 555 675 674 532 390 604
[701] 699 699 475 516 636 626 315 530 219 400 684 701 103 706 286 209 209 688 524 473

$EXTANT
  [1] FALSE FALSE FALSE  TRUE  TRUE FALSE FALSE FALSE FALSE FALSE FALSE  TRUE FALSE  TRUE  TRUE FALSE FALSE FALSE  TRUE
 [20] FALSE FALSE FALSE FALSE FALSE  TRUE FALSE FALSE FALSE FALSE  TRUE  TRUE FALSE  TRUE  TRUE  TRUE FALSE  TRUE  TRUE
 [39] FALSE  TRUE  TRUE FALSE FALSE FALSE FALSE FALSE FALSE FALSE FALSE  TRUE FALSE FALSE  TRUE  TRUE FALSE FALSE FALSE
 [58] FALSE  TRUE FALSE  TRUE  TRUE FALSE  TRUE FALSE FALSE  TRUE  TRUE FALSE FALSE  TRUE  TRUE FALSE FALSE  TRUE  TRUE
 [77] FALSE FALSE  TRUE FALSE  TRUE FALSE  TRUE  TRUE  TRUE FALSE FALSE FALSE FALSE FALSE FALSE  TRUE  TRUE FALSE  TRUE
 [96]  TRUE  TRUE  TRUE  TRUE FALSE  TRUE  TRUE  TRUE  TRUE FALSE  TRUE FALSE FALSE  TRUE  TRUE FALSE  TRUE  TRUE  TRUE
[115] FALSE  TRUE  TRUE  TRUE  TRUE  TRUE FALSE  TRUE  TRUE FALSE  TRUE FALSE FALSE  TRUE  TRUE FALSE  TRUE  TRUE FALSE
[134] FALSE  TRUE  TRUE FALSE FALSE  TRUE  TRUE FALSE  TRUE FALSE FALSE FALSE FALSE FALSE FALSE FALSE FALSE  TRUE  TRUE
[153]  TRUE  TRUE FALSE FALSE FALSE FALSE FALSE FALSE FALSE  TRUE FALSE FALSE  TRUE FALSE FALSE  TRUE  TRUE  TRUE  TRUE
[172] FALSE  TRUE  TRUE  TRUE FALSE  TRUE FALSE FALSE FALSE FALSE  TRUE  TRUE  TRUE  TRUE FALSE  TRUE FALSE FALSE  TRUE
[191]  TRUE  TRUE FALSE FALSE FALSE  TRUE  TRUE FALSE FALSE  TRUE  TRUE  TRUE  TRUE  TRUE  TRUE  TRUE  TRUE  TRUE  TRUE
[210]  TRUE  TRUE  TRUE  TRUE  TRUE  TRUE FALSE  TRUE FALSE  TRUE  TRUE  TRUE  TRUE FALSE FALSE FALSE  TRUE FALSE FALSE
[229] FALSE FALSE FALSE FALSE  TRUE  TRUE FALSE FALSE  TRUE FALSE  TRUE  TRUE  TRUE  TRUE  TRUE FALSE  TRUE  TRUE  TRUE
[248]  TRUE  TRUE  TRUE  TRUE  TRUE  TRUE  TRUE FALSE  TRUE  TRUE FALSE  TRUE FALSE  TRUE FALSE  TRUE  TRUE FALSE FALSE
[267] FALSE  TRUE  TRUE FALSE  TRUE  TRUE FALSE  TRUE FALSE FALSE FALSE FALSE  TRUE FALSE  TRUE  TRUE  TRUE  TRUE  TRUE
[286]  TRUE  TRUE FALSE FALSE FALSE FALSE  TRUE  TRUE FALSE  TRUE  TRUE  TRUE  TRUE  TRUE  TRUE FALSE  TRUE  TRUE  TRUE
[305]  TRUE  TRUE  TRUE  TRUE  TRUE  TRUE FALSE  TRUE  TRUE  TRUE  TRUE  TRUE FALSE  TRUE FALSE  TRUE  TRUE FALSE  TRUE
[324]  TRUE FALSE  TRUE FALSE FALSE FALSE  TRUE  TRUE  TRUE  TRUE  TRUE FALSE  TRUE  TRUE  TRUE FALSE FALSE FALSE  TRUE
[343]  TRUE  TRUE  TRUE  TRUE  TRUE FALSE  TRUE  TRUE FALSE FALSE FALSE  TRUE  TRUE  TRUE  TRUE FALSE  TRUE  TRUE  TRUE
[362] FALSE FALSE FALSE  TRUE FALSE  TRUE  TRUE  TRUE FALSE  TRUE  TRUE  TRUE  TRUE  TRUE FALSE FALSE  TRUE FALSE  TRUE
[381]  TRUE  TRUE  TRUE FALSE  TRUE  TRUE  TRUE  TRUE  TRUE  TRUE  TRUE  TRUE  TRUE  TRUE FALSE FALSE  TRUE FALSE FALSE
[400]  TRUE  TRUE FALSE  TRUE FALSE  TRUE  TRUE  TRUE  TRUE  TRUE FALSE  TRUE FALSE  TRUE  TRUE  TRUE FALSE  TRUE  TRUE
[419]  TRUE  TRUE FALSE  TRUE  TRUE  TRUE  TRUE  TRUE  TRUE  TRUE  TRUE FALSE  TRUE  TRUE  TRUE  TRUE FALSE FALSE  TRUE
[438]  TRUE  TRUE  TRUE FALSE  TRUE FALSE  TRUE  TRUE  TRUE  TRUE  TRUE  TRUE FALSE  TRUE  TRUE FALSE FALSE  TRUE  TRUE
[457]  TRUE  TRUE  TRUE  TRUE  TRUE  TRUE  TRUE  TRUE  TRUE  TRUE FALSE  TRUE  TRUE  TRUE  TRUE FALSE  TRUE FALSE  TRUE
[476]  TRUE  TRUE  TRUE  TRUE FALSE  TRUE  TRUE  TRUE FALSE  TRUE  TRUE  TRUE  TRUE  TRUE  TRUE FALSE FALSE  TRUE  TRUE
[495]  TRUE  TRUE  TRUE  TRUE  TRUE  TRUE  TRUE  TRUE  TRUE  TRUE  TRUE  TRUE  TRUE FALSE  TRUE  TRUE FALSE  TRUE  TRUE
[514]  TRUE  TRUE  TRUE  TRUE FALSE  TRUE  TRUE FALSE FALSE  TRUE  TRUE  TRUE  TRUE  TRUE  TRUE  TRUE  TRUE FALSE  TRUE
[533]  TRUE  TRUE  TRUE  TRUE  TRUE FALSE  TRUE  TRUE  TRUE  TRUE  TRUE  TRUE  TRUE  TRUE  TRUE  TRUE  TRUE FALSE FALSE
[552] FALSE  TRUE  TRUE  TRUE  TRUE  TRUE FALSE  TRUE  TRUE  TRUE  TRUE  TRUE  TRUE FALSE  TRUE  TRUE  TRUE  TRUE  TRUE
[571]  TRUE  TRUE  TRUE  TRUE FALSE  TRUE  TRUE FALSE  TRUE  TRUE  TRUE  TRUE  TRUE  TRUE  TRUE  TRUE  TRUE  TRUE  TRUE
[590]  TRUE  TRUE  TRUE  TRUE  TRUE FALSE  TRUE  TRUE  TRUE  TRUE  TRUE  TRUE  TRUE  TRUE  TRUE  TRUE  TRUE  TRUE  TRUE
[609]  TRUE  TRUE  TRUE  TRUE  TRUE FALSE  TRUE  TRUE  TRUE  TRUE  TRUE  TRUE  TRUE  TRUE  TRUE  TRUE  TRUE  TRUE  TRUE
[628]  TRUE FALSE  TRUE  TRUE  TRUE FALSE  TRUE  TRUE  TRUE  TRUE  TRUE  TRUE  TRUE  TRUE  TRUE  TRUE  TRUE  TRUE  TRUE
[647]  TRUE  TRUE  TRUE  TRUE  TRUE  TRUE  TRUE  TRUE FALSE  TRUE FALSE  TRUE  TRUE  TRUE FALSE  TRUE FALSE  TRUE  TRUE
[666]  TRUE  TRUE  TRUE  TRUE  TRUE  TRUE  TRUE FALSE  TRUE  TRUE  TRUE FALSE  TRUE  TRUE  TRUE  TRUE  TRUE FALSE  TRUE
[685]  TRUE  TRUE  TRUE  TRUE  TRUE  TRUE  TRUE  TRUE  TRUE  TRUE FALSE  TRUE  TRUE  TRUE  TRUE  TRUE  TRUE  TRUE  TRUE
[704]  TRUE  TRUE  TRUE  TRUE  TRUE  TRUE  TRUE  TRUE  TRUE  TRUE  TRUE FALSE  TRUE  TRUE  TRUE  TRUE  TRUE

