
Birth-death simulation object with 725 species and 500 extant species

Details for some species:

Extinction times (NA means extant)
[1] 10.78332 23.23698 28.44973       NA 16.76030 31.72172


Speciation times 
[1] 76.28929 75.66811 73.09072 66.83958 50.34065 49.34955


Species parents (NA for initial)
[1] NA  1  1  1  1  1


Species status (extinct or extant)
[1] "extinct" "extinct" "extinct" "extant"  "extinct" "extinct"


For more details on vector y, try sim$y, with y one of
TE TS PAR EXTANT



$TE
  [1] 10.78332248 23.23697964 28.44973334          NA 16.76029755 31.72171661 41.08939654  1.83823196 26.90825840
 [10]          NA 53.03664524 10.42423713 16.01307786  9.75342429          NA 45.09436035 42.87345483 38.80494119
 [19] 16.31787675 32.40244262 16.89859331 51.82297653 25.05408523 22.71069379          NA 18.31608985          NA
 [28]          NA 16.67861765 40.37557301 46.68200870 37.98689452 18.69205416          NA 46.86624866          NA
 [37]          NA          NA          NA          NA  4.01351414 28.44052461 45.24583745          NA 22.35811819
 [46] 11.81921416          NA          NA          NA 11.45147519          NA 38.80147093  7.85537998          NA
 [55]  7.96032654 22.23531617  7.44476139          NA          NA 33.78819760  4.82158574 12.74673531  5.87101859
 [64]          NA          NA          NA  1.25597383 14.55857383  0.59561285 17.30521484 15.70982775          NA
 [73]          NA          NA          NA 10.92422686          NA          NA          NA  3.97731146          NA
 [82]  3.12748627          NA          NA 30.56598960  9.39283022          NA          NA  8.40227840 23.32435790
 [91] 24.73370061          NA  9.55671287  1.87583312          NA          NA 25.88719187 15.13927805  5.99970432
[100]          NA          NA 10.63861387 17.88856892 19.91637562          NA 20.23882352 28.19801755          NA
[109] 13.79500383          NA          NA          NA 30.80686177          NA 17.42026874  0.74500070  2.12011793
[118] 22.14022714 14.85498889          NA          NA          NA 18.96165957 21.91042800 13.27778164          NA
[127] 31.27052340 34.90250241          NA 22.66159043          NA 10.59910884          NA          NA          NA
[136]          NA          NA  6.27802226          NA          NA  4.23872719          NA 17.29275671          NA
[145]  1.77039580          NA  2.52464522          NA          NA  6.98198553          NA 21.53209741  2.57102108
[154]          NA 19.22968171          NA          NA          NA 16.21214411          NA          NA          NA
[163]  5.08054070 23.36647446          NA          NA 17.46153858          NA          NA 24.11598161 10.10139433
[172] 20.08266260 16.78968924 17.65731350 15.92610523          NA          NA          NA          NA          NA
[181]          NA  5.88612347  8.88992541          NA          NA          NA          NA 14.16567199          NA
[190] 28.47927221          NA          NA 11.49117779          NA 12.42949078          NA          NA 19.27521005
[199]          NA  7.18116629  5.93968381          NA          NA  6.96421988          NA 14.36365237          NA
[208]          NA 14.96199115          NA          NA          NA          NA 17.50754392          NA  5.42782334
[217]          NA  8.23194783 14.66673803 24.75875884          NA  1.12925644          NA          NA          NA
[226]  2.96749029 15.40248674          NA 21.51978522          NA          NA          NA          NA 21.51970481
[235]          NA  8.40689524          NA  8.81101534  4.22271353          NA          NA          NA          NA
[244]  1.71679560          NA  3.77878737          NA  8.52048050          NA          NA          NA 18.44598058
[253]          NA 11.05232829          NA 15.12693193          NA          NA          NA          NA 15.62360604
[262]  4.49711794          NA          NA          NA          NA          NA          NA 11.23623982  6.24704620
[271]  5.89845927          NA          NA          NA          NA          NA          NA          NA          NA
[280] 17.81079852  8.95342479  7.68072173 10.39304295          NA          NA          NA          NA 17.44614310
[289]          NA 14.69331112  5.34673657 10.93052435 16.16214696          NA 17.03731144          NA          NA
[298]          NA  7.18334439          NA 25.14391727          NA          NA 22.07288418          NA 18.80617362
[307]          NA          NA 19.69317236  3.56324386          NA  7.77923915 13.75836224 12.06976521          NA
[316]          NA  7.00124033          NA          NA          NA          NA 19.46716830          NA 17.54057061
[325]          NA  1.53559523          NA          NA          NA 12.72897160          NA          NA          NA
[334]          NA  2.42442990  8.20864405          NA          NA          NA          NA          NA  8.74655236
[343]          NA          NA          NA          NA          NA          NA          NA          NA          NA
[352]          NA  3.55778499          NA          NA 19.09674512 15.39939642  7.12911764          NA 11.93893962
[361]          NA          NA 14.30020789          NA          NA          NA          NA          NA          NA
[370]          NA          NA          NA          NA          NA          NA          NA          NA  0.20563035
[379]          NA  8.82825260          NA          NA          NA          NA          NA          NA 16.94689577
[388]          NA          NA          NA          NA 15.84365604          NA  9.72890124          NA          NA
[397] 16.07085422          NA 12.53595175          NA          NA          NA          NA          NA          NA
[406]          NA          NA          NA          NA 12.50128339          NA          NA          NA          NA
[415]          NA          NA 10.75899559          NA          NA          NA          NA  1.35838608          NA
[424]          NA          NA          NA          NA          NA  6.64109645          NA          NA          NA
[433]          NA          NA          NA          NA          NA          NA  7.37128742          NA  9.41258790
[442]          NA          NA          NA          NA  7.40268968  2.69586358          NA          NA          NA
[451]          NA          NA          NA          NA          NA          NA  8.02797663  9.94123081          NA
[460]          NA  1.56372629          NA  7.08911405          NA  5.02129909 10.79280010          NA          NA
[469] 12.32463898          NA          NA          NA          NA          NA          NA  5.93955115          NA
[478]          NA          NA          NA          NA          NA 11.28502727          NA          NA          NA
[487]          NA          NA          NA          NA          NA          NA          NA  7.52673145          NA
[496]          NA          NA          NA  8.23208788  4.04157185          NA          NA          NA  5.26497263
[505]          NA          NA          NA          NA          NA          NA          NA          NA          NA
[514]          NA          NA          NA  0.46729141          NA  9.94110973          NA          NA          NA
[523]          NA          NA          NA  0.29262030 12.34178514          NA          NA          NA          NA
[532]          NA          NA          NA          NA          NA          NA          NA  3.79912133          NA
[541] 10.28421860          NA          NA          NA          NA          NA          NA  3.27600212  7.39498500
[550]          NA          NA          NA          NA          NA          NA          NA          NA          NA
[559]          NA          NA          NA  2.49807546  2.18179367          NA 10.26046649  5.43304978          NA
[568]          NA          NA          NA          NA          NA          NA          NA  2.11801642          NA
[577]          NA          NA          NA          NA  4.15263806          NA          NA          NA          NA
[586]          NA          NA          NA          NA          NA          NA          NA          NA          NA
[595]          NA          NA          NA          NA          NA          NA          NA          NA          NA
[604]          NA          NA  6.15596379  4.54922327          NA          NA  4.16675323          NA          NA
[613]          NA          NA          NA  1.05145723          NA  2.73496665          NA          NA          NA
[622]          NA  7.40809928          NA          NA          NA          NA          NA  2.75881735          NA
[631]          NA          NA  3.29166712          NA          NA          NA          NA          NA          NA
[640]  1.45939067          NA          NA          NA          NA          NA          NA          NA  1.40054482
[649]          NA          NA  2.25330429          NA          NA  1.01958908          NA          NA          NA
[658]          NA          NA          NA          NA          NA          NA          NA          NA          NA
[667]          NA          NA          NA          NA          NA          NA          NA          NA          NA
[676]          NA          NA          NA          NA          NA  0.52325767          NA          NA          NA
[685]          NA          NA          NA          NA          NA          NA          NA          NA          NA
[694]          NA          NA          NA          NA          NA          NA          NA          NA          NA
[703]          NA          NA          NA          NA          NA  0.02139211          NA          NA          NA
[712]          NA          NA          NA  0.91091079          NA          NA          NA          NA          NA
[721]          NA          NA          NA          NA          NA

$TS
  [1] 76.28929498 75.66811266 73.09072117 66.83958260 50.34065162 49.34955458 49.18571853 43.12089114 38.90903341
 [10] 34.14775968 70.58459126 53.71038771 38.42746594 34.91291623 27.40167093 52.40838310 48.21201967 41.72375531
 [19] 36.43426665 63.77289200 56.37257935 53.20454133 35.77228392 33.28124849 32.26972056 19.48410492 10.92652481
 [28]  2.98627807 53.27152048 55.75432094 51.42559681 50.24268668 35.60762595 28.50352035 55.04167136 43.91633181
 [37] 31.32836794 19.97159744 11.62827180 38.33795842 32.76153671 48.06008188 47.96657832 36.59673819 34.37038124
 [46] 29.13205948 27.93571216 21.57339775 18.01853231 48.54503136 47.33004749 43.51100192 41.17367636 39.21384700
 [55] 33.19028504 31.49503977 22.34897348 47.45236292 39.80967913 39.08070653 35.29398829 31.27032840 28.99230356
 [64] 13.83269329 12.51246933 10.72148925 31.03249148 19.70622616 13.90793898 38.88066234 33.52588170 31.29728767
 [73] 28.60407435 28.52934687 26.49223256 13.50631273 36.60072306 41.32943640 30.54329615 11.06397069  5.29335855
 [82]  4.92967767  2.74331849  1.07010449 41.04022033 40.88526011 32.62729479 39.22359965 36.42956555 27.75768351
 [91] 27.34598485 25.93352437 19.47490928 14.30502167  5.12300374 36.88608952 28.77193071 27.26023757  9.29448044
[100] 32.79156580  4.74066324 34.09025414 28.10297522 34.62682291 33.15508585 29.41534490 28.51564399 27.61056421
[109] 16.24154504 19.37389728  9.15603730 35.16251763 33.33338956 32.42498659 26.27436719 14.49075990 27.08349814
[118] 25.35821070 17.56390616 14.02759585 10.08759365 34.70484179 34.05714288 33.72030192 25.57979942  8.34317326
[127] 36.36951746 35.07437556 20.16820312 24.41792033 21.13718181 16.45347407 13.19238629 29.33443290 19.09472089
[136] 30.76871908 29.73758093 26.18759598 21.55744205 20.16081528 19.95393435 32.79937513 23.12423284  9.23799939
[145] 34.26389934 18.02322518 12.19082020 21.48430174 19.10373910  8.05911063  2.38241361 29.30938639 24.19585570
[154] 21.23984705 31.00342630 29.44277277  6.35444090 30.84973427 27.17481591 14.90490508  4.55131859  0.65635746
[163] 28.86486780 25.78306676 22.48072214 28.23914543 20.90253118 22.10365002 28.31496984 27.27785899 32.23724743
[172] 26.22127734 24.06499484 27.92574853 26.73915341 15.13101322  8.91466953 23.16659709 21.54528748  2.66115045
[181] 20.74603370 11.53308881 29.36551896 27.86001070 13.66714379  9.48401220 28.34655259 15.43256946  7.90373001
[190] 28.50688364 25.69324692 27.24985413 22.61968084  8.37408116 19.05130256 26.72341735 23.70637765 22.60421673
[199] 20.29095855 26.70611743 16.70945487 10.43012652 24.99024216 24.91199091 21.38790442 17.70263480 14.86769024
[208]  5.96387756 29.86037709 15.95909581 12.45772881 11.72572420  6.03930698 23.23670125 15.11968919 12.66112265
[217]  7.19016190 17.70058620 15.39948636 25.48806452 18.99791555  7.65482281  0.90132077 11.16901226 29.07336141
[226] 23.21666267 15.57370724 12.13864119 23.45353408 18.94821713 11.48761203 26.10641642 15.10174894 25.65228842
[235] 19.59800048 19.58478672 24.10987721 23.61665441 19.17718318 14.97925617  2.11649747  1.29035776 28.31491151
[244] 23.67953046 22.94463826 16.91845075 11.62381099 10.38861513 27.46207994  9.00936930  1.19469831 19.30417760
[253]  1.58959414 19.03883573 25.99745878 25.69299883 11.30637725  6.90360363  6.36660082 20.76160139 19.33490072
[262]  7.59523101  4.38153467  4.23343489  0.72185449 26.53748960 17.76651932 23.14976465 19.88802730  9.07962575
[271]  7.34590195  0.01808686 20.03440307 18.41447547 12.05697366  8.61071520 16.35879525  3.26733067  1.47036688
[280] 23.81299204 23.05893177 22.95864741 11.37228988  1.34076385 22.34037964 13.74338355 22.58597988 24.49525839
[289] 23.08714216 18.38537013 14.61021921 12.98158629 20.71290098  2.16212021 21.16842328  5.97993423  3.30922137
[298] 23.47144814 14.11898140 11.52963120 25.36373024 23.72458600 22.33124104 22.17105717  2.70124818 19.85728494
[307] 25.19887157  3.38869559 23.80550335  4.79152630 23.42278466 19.66680745 17.54124158 16.93939485 21.30052496
[316] 19.30571106 12.23474485 11.46908790  9.42744575 18.69286652  6.99110116 21.19812321 20.11131818 23.54833271
[325] 12.06372383 10.20375814  1.04416208  0.83991883 23.52931733 16.95639507  6.21470667 15.10518058 15.31346844
[334] 11.61702045  8.41868795 11.12610231 11.00675308  4.26919977 17.83871088 17.19390197  3.66079675 16.20848107
[343]  5.68544309  5.12086635  4.99928473 20.22021503 16.88639730 14.48318608 14.32579831  8.88949565 17.52982984
[352] 18.19567767 17.26937433 13.88104396  8.86435601 19.36975516 15.86085744 11.65557356 11.11523648 12.85926068
[361]  4.03050019  3.09425204 20.17236706 15.05427603 13.23320253  2.51372761 14.60294385  5.10795581  9.54445971
[370]  5.66257748  0.72440337  0.21872309 19.28595241 16.91072929 10.84600371  6.39879133  4.76044359  6.65209999
[379] 21.21012471 12.14687854  5.56965914 20.77125541 17.69898066 15.51527035  8.55662781  4.80698324 19.92810057
[388] 19.49858074  6.27754244  2.12748734  1.58883219 18.45087057 14.63251540 19.63745669  9.75783512  1.14606431
[397] 20.50147786 17.83623143 18.25959774 13.08776045 11.85814469  8.89692793  7.86470721  7.03949658  2.30065531
[406]  3.59089860  0.57540290 12.05853877 12.47670282 12.92103654  7.10858239 17.15860408 11.44286198 16.14209887
[415] 18.84847630 16.04840566 10.87842599 11.95269614  2.01789532 18.73606860 15.21612100 10.22052371 15.90751391
[424] 12.27367604  8.70928318  6.08832029  5.82805588 13.41489230 12.00543405  9.27653919  8.83670770  0.65341159
[433] 12.76089304  4.50205108  6.12038424 10.13029190  5.51956961  7.42890324 12.74324435  9.77848816 18.14667056
[442] 14.49584464 15.98649778 17.60520449 11.89316820  8.48691451 11.81891378  3.35334644  3.07522296  9.03120131
[451] 15.88538231 13.96192702 10.84521831 10.75508572  2.35850265  0.77464995 16.72511762 12.62545332  2.90436682
[460]  7.65800366  5.02217752  0.86973647 11.34738531  7.85976486 15.49419441 12.39404423  5.49957706  4.98436146
[469] 17.13186926  0.86947822  5.52513860 11.78458237 15.75625660  9.76959053 12.42336202 14.86140611 12.03013839
[478]  4.21174875  3.15223820  9.35604434  2.26338007  1.76227530 12.00801871 11.08397167 14.47133458  5.34859165
[487]  1.30905385  8.18804281 15.67005090 12.52905720  0.91810251  7.37303144  1.97629239  7.58054502  9.55881136
[496]  9.32922837  1.25001613  4.74463032 13.86266323  9.07732865 10.93377332  9.37057760  2.65576890 10.50961000
[505]  8.75131983  4.67902260  6.38723556  8.73475749  3.86312142  3.32493206 10.37499964  1.19828715  0.89487940
[514] 14.07607086 12.19660543  7.12455048 11.87794364 10.69224171 12.38497384 12.65186559  8.53558247  4.23998339
[523]  1.44163503  5.19281281  0.01777826 11.09660402 12.70462428 10.25701400  5.21349059  3.38219321  3.63587342
[532]  1.11171833  1.99751664  9.62398457  8.23379601  2.88762012 10.70236148  2.39712803  5.62575827  5.27551040
[541] 12.30323003  8.35271049  4.49623689  0.07946845 10.91127557  9.85511872  0.67187192  8.74860259  8.30158903
[550]  9.90966235  4.17213620  2.54210848 11.11370807  2.53373552  8.77775131  7.78398225  7.38778332  2.06958662
[559]  1.77177250 10.85786510  5.71877922  8.79050763  3.10646687 11.42598238 10.93539225  8.36902371  5.90746005
[568]  3.44310108  2.86313661  4.29230713  1.01847278 10.07185779  2.49391266  7.93514520  6.61203864  2.18808474
[577]  7.79910520  1.88798674  0.77875261  7.77612664  5.25068853  4.44803207  1.88178088  4.97776329  2.94527133
[586]  9.47545883  9.15410211  0.44257769  8.63215167  3.75698142  6.44388121  6.11782775  6.48419071  2.91250674
[595]  8.79361678  6.90309046  4.21768015  2.73239538  1.61228826  8.21026504  8.71472263  0.98447361  2.12727718
[604]  2.37095451  0.58614320  6.31155742  6.82924484  2.29869640  2.72722824  7.27286171  6.99549425  3.70664502
[613]  1.81332959  8.25293736  8.22871356  7.62753072  0.25985938  6.55797587  4.43827444  2.05218124  2.88588214
[622]  4.04949018  8.56942736  6.43594088  5.85656375  0.16058234  3.44531955  1.17921631  4.77760088  4.06060721
[631]  6.61060165  7.18146518  6.28726716  2.60441573  5.75491867  6.63091767  3.39552884  6.06158305  7.61475721
[640]  4.88986827  4.29729349  4.17969823  0.10286718  7.12184107  4.71218522  0.86473491  0.34838022  7.41573950
[649]  6.49654595  3.60561880  3.27680714  3.17809108  3.14319382  4.83656205  3.28881553  6.19129174  0.30222981
[658]  5.02232168  3.40005460  0.67337734  4.80434051  6.46200193  3.51289875  4.88424422  3.74645224  1.97378642
[667]  5.98048896  1.33814542  1.74725441  0.37112161  4.23872306  1.88816786  0.49377714  2.30273099  3.91148041
[676]  2.80202087  4.80423221  4.24128796  3.82147049  1.12587929  0.58337380  0.54979558  3.48693715  3.27395275
[685]  2.49862433  1.51858393  0.38593386  4.50906433  3.27899251  1.92695069  3.96647662  4.31198961  1.31353278
[694]  1.80617152  1.67577214  0.14591478  2.12717696  0.66065544  0.92626660  2.62003468  0.42657573  2.60526599
[703]  1.01362775  3.19969327  0.39894884  0.72385949  2.38579552  1.77590473  1.61647735  1.34753301  1.27982066
[712]  0.60100734  1.29423103  0.09870607  1.21027093  0.45485291  0.90698672  0.22776798  0.88214073  1.50899353
[721]  0.34900931  0.71614353  1.45434771  0.38799621  0.44396767

$PAR
  [1]  NA   1   1   1   1   1   1   1   1   1   2   2   2   2   2   3   3   3   3  11   4   4   4   4   4   4   4   4
 [29]  20  21  21  21  21  21  30  12  12  12  12  29  29  31  31   5   5   5   5   5   5   6   6   6   6  50  50  50
 [57]  50  42  42  58  58  58  58  58  58  58  51  51  51  36  36  36  36  36  36  36   8  18  78  78  78  78  78  78
 [85]  53  85  85  86  86  59  59  59  59  59  59  88  88  88  88  54  54  60  70  13  13  13  13  13  13  40  40  96
[113]  96  96  96  96  77  77  77  77  77  44  44  44  44  44  19  19  19  89  89  89  89  23  33  61  61  61  61  61
[141]  61 112 112 112  14  14  14 122 122 122 122 104 104 104 145 145 145  10  10  10  10  10 102 102 102 123 123 124
[169]  71  71  24  24  24  55  55 105 105 100 100 100  41  41  87 114 114 114  25  25  25 171  56  37  37  37  72  62
[197]  62  62  62  67  67  67 155 158 158 158 158 158 136 136 136 136 136  79  79  79  79 209 209 137 137 137 137 156
[225] 106 134 134 134  46  46 225  63  63 163 163 163  73  73  73  73  73  74 187 187 187 187 187 169 243 243 243  47
[253]  47 184 108 108 108 108 108  15  15  15  15  15  15  98  98 192 192 192 192 192 159 159 117 117 175 196 196 200
[281] 200 266 266 266  75  75 115 138 138 138 138 138 232 232 255 255 255  92  92  92 164 191 191 191 191 256 125 307
[309] 203 203 204 204 204 204 288 153 153 153 153 237 237 309 309 197 197 197 197 197 244 244 244 238 329 329 298 311
[337] 311 311 226 226 226 178 178 178 178 143 289 289 289 289 281 282 282 282 245 287 287 287 287 165 165 165  57  57
[365] 285 285 303 168  48  48 139 179 148 148 148 148 148 205 315 315 315 154 379 379 379 379 295 131 131 131 131 382
[393] 260 181 181 181 293 293 397 199 199 199 199 199 346 129 129 323 273 141 141 312 312 394 235 235 236 388 388  26
[421]  93  93 110 110 110 110 110 316 373 373 239 135 254 221 230 415 415 420 320 320 392 274 290 352 352 352 146  49
[449]  49 398 267 267 267 267 267 267 383 383 383 444 444 444 351 351 353 353 353 353 412 374 347 457 201 201 277 109
[477] 414 416 416 443 443 443 210 210 423 423 423 451 473 384 384 465 421 215 233 233 364 240 160 160 207 207 207 393
[505] 393 393 291 367 367 367 348 348 485  94  94  94 299 299 514 120 120 120 452 286 185  76 428 428 428 428 365 400
[533] 433 439 439 520 490 490 409 409 211 211 211 211 424 424 424 515 515 228 228 325 477 477 429 429 429 418 418 445
[561] 445 401 401 212 300 300 300 300 300 318 318 413 413 257 359 359 553 553 526 484  80 337 501 375 518 504 511 528
[589] 422 422 326 326 436 572 550 550 546 440 440 474 495 495 369 186 186 319 480 480 496  99 144 144 144 111 111 587
[617] 587 250 250 250 402 431 595 562 555 505 589 589 335 335 566 542 542 126 614 535 535 615 488 464 464 577 577 556
[645] 556 580 580 639 262 438 438 557 557 492 217 632 632 644 644 644 611 575 662 624 376 259 656 656 592 426 213 213
[673] 667 296 625 561 343 343 381 437 467 467 486  81 540 540 540 529 344 468 640 645 434 338 678 671 642 679 590 650
[701] 659 530 297 689 689 652 449 609 305 180 554 366 573 707 674 608 481 493 672 482 482 669 279 523 717

$EXTANT
  [1] FALSE FALSE FALSE  TRUE FALSE FALSE FALSE FALSE FALSE  TRUE FALSE FALSE FALSE FALSE  TRUE FALSE FALSE FALSE FALSE
 [20] FALSE FALSE FALSE FALSE FALSE  TRUE FALSE  TRUE  TRUE FALSE FALSE FALSE FALSE FALSE  TRUE FALSE  TRUE  TRUE  TRUE
 [39]  TRUE  TRUE FALSE FALSE FALSE  TRUE FALSE FALSE  TRUE  TRUE  TRUE FALSE  TRUE FALSE FALSE  TRUE FALSE FALSE FALSE
 [58]  TRUE  TRUE FALSE FALSE FALSE FALSE  TRUE  TRUE  TRUE FALSE FALSE FALSE FALSE FALSE  TRUE  TRUE  TRUE  TRUE FALSE
 [77]  TRUE  TRUE  TRUE FALSE  TRUE FALSE  TRUE  TRUE FALSE FALSE  TRUE  TRUE FALSE FALSE FALSE  TRUE FALSE FALSE  TRUE
 [96]  TRUE FALSE FALSE FALSE  TRUE  TRUE FALSE FALSE FALSE  TRUE FALSE FALSE  TRUE FALSE  TRUE  TRUE  TRUE FALSE  TRUE
[115] FALSE FALSE FALSE FALSE FALSE  TRUE  TRUE  TRUE FALSE FALSE FALSE  TRUE FALSE FALSE  TRUE FALSE  TRUE FALSE  TRUE
[134]  TRUE  TRUE  TRUE  TRUE FALSE  TRUE  TRUE FALSE  TRUE FALSE  TRUE FALSE  TRUE FALSE  TRUE  TRUE FALSE  TRUE FALSE
[153] FALSE  TRUE FALSE  TRUE  TRUE  TRUE FALSE  TRUE  TRUE  TRUE FALSE FALSE  TRUE  TRUE FALSE  TRUE  TRUE FALSE FALSE
[172] FALSE FALSE FALSE FALSE  TRUE  TRUE  TRUE  TRUE  TRUE  TRUE FALSE FALSE  TRUE  TRUE  TRUE  TRUE FALSE  TRUE FALSE
[191]  TRUE  TRUE FALSE  TRUE FALSE  TRUE  TRUE FALSE  TRUE FALSE FALSE  TRUE  TRUE FALSE  TRUE FALSE  TRUE  TRUE FALSE
[210]  TRUE  TRUE  TRUE  TRUE FALSE  TRUE FALSE  TRUE FALSE FALSE FALSE  TRUE FALSE  TRUE  TRUE  TRUE FALSE FALSE  TRUE
[229] FALSE  TRUE  TRUE  TRUE  TRUE FALSE  TRUE FALSE  TRUE FALSE FALSE  TRUE  TRUE  TRUE  TRUE FALSE  TRUE FALSE  TRUE
[248] FALSE  TRUE  TRUE  TRUE FALSE  TRUE FALSE  TRUE FALSE  TRUE  TRUE  TRUE  TRUE FALSE FALSE  TRUE  TRUE  TRUE  TRUE
[267]  TRUE  TRUE FALSE FALSE FALSE  TRUE  TRUE  TRUE  TRUE  TRUE  TRUE  TRUE  TRUE FALSE FALSE FALSE FALSE  TRUE  TRUE
[286]  TRUE  TRUE FALSE  TRUE FALSE FALSE FALSE FALSE  TRUE FALSE  TRUE  TRUE  TRUE FALSE  TRUE FALSE  TRUE  TRUE FALSE
[305]  TRUE FALSE  TRUE  TRUE FALSE FALSE  TRUE FALSE FALSE FALSE  TRUE  TRUE FALSE  TRUE  TRUE  TRUE  TRUE FALSE  TRUE
[324] FALSE  TRUE FALSE  TRUE  TRUE  TRUE FALSE  TRUE  TRUE  TRUE  TRUE FALSE FALSE  TRUE  TRUE  TRUE  TRUE  TRUE FALSE
[343]  TRUE  TRUE  TRUE  TRUE  TRUE  TRUE  TRUE  TRUE  TRUE  TRUE FALSE  TRUE  TRUE FALSE FALSE FALSE  TRUE FALSE  TRUE
[362]  TRUE FALSE  TRUE  TRUE  TRUE  TRUE  TRUE  TRUE  TRUE  TRUE  TRUE  TRUE  TRUE  TRUE  TRUE  TRUE FALSE  TRUE FALSE
[381]  TRUE  TRUE  TRUE  TRUE  TRUE  TRUE FALSE  TRUE  TRUE  TRUE  TRUE FALSE  TRUE FALSE  TRUE  TRUE FALSE  TRUE FALSE
[400]  TRUE  TRUE  TRUE  TRUE  TRUE  TRUE  TRUE  TRUE  TRUE  TRUE FALSE  TRUE  TRUE  TRUE  TRUE  TRUE  TRUE FALSE  TRUE
[419]  TRUE  TRUE  TRUE FALSE  TRUE  TRUE  TRUE  TRUE  TRUE  TRUE FALSE  TRUE  TRUE  TRUE  TRUE  TRUE  TRUE  TRUE  TRUE
[438]  TRUE FALSE  TRUE FALSE  TRUE  TRUE  TRUE  TRUE FALSE FALSE  TRUE  TRUE  TRUE  TRUE  TRUE  TRUE  TRUE  TRUE  TRUE
[457] FALSE FALSE  TRUE  TRUE FALSE  TRUE FALSE  TRUE FALSE FALSE  TRUE  TRUE FALSE  TRUE  TRUE  TRUE  TRUE  TRUE  TRUE
[476] FALSE  TRUE  TRUE  TRUE  TRUE  TRUE  TRUE FALSE  TRUE  TRUE  TRUE  TRUE  TRUE  TRUE  TRUE  TRUE  TRUE  TRUE FALSE
[495]  TRUE  TRUE  TRUE  TRUE FALSE FALSE  TRUE  TRUE  TRUE FALSE  TRUE  TRUE  TRUE  TRUE  TRUE  TRUE  TRUE  TRUE  TRUE
[514]  TRUE  TRUE  TRUE FALSE  TRUE FALSE  TRUE  TRUE  TRUE  TRUE  TRUE  TRUE FALSE FALSE  TRUE  TRUE  TRUE  TRUE  TRUE
[533]  TRUE  TRUE  TRUE  TRUE  TRUE  TRUE FALSE  TRUE FALSE  TRUE  TRUE  TRUE  TRUE  TRUE  TRUE FALSE FALSE  TRUE  TRUE
[552]  TRUE  TRUE  TRUE  TRUE  TRUE  TRUE  TRUE  TRUE  TRUE  TRUE FALSE FALSE  TRUE FALSE FALSE  TRUE  TRUE  TRUE  TRUE
[571]  TRUE  TRUE  TRUE  TRUE FALSE  TRUE  TRUE  TRUE  TRUE  TRUE FALSE  TRUE  TRUE  TRUE  TRUE  TRUE  TRUE  TRUE  TRUE
[590]  TRUE  TRUE  TRUE  TRUE  TRUE  TRUE  TRUE  TRUE  TRUE  TRUE  TRUE  TRUE  TRUE  TRUE  TRUE  TRUE FALSE FALSE  TRUE
[609]  TRUE FALSE  TRUE  TRUE  TRUE  TRUE  TRUE FALSE  TRUE FALSE  TRUE  TRUE  TRUE  TRUE FALSE  TRUE  TRUE  TRUE  TRUE
[628]  TRUE FALSE  TRUE  TRUE  TRUE FALSE  TRUE  TRUE  TRUE  TRUE  TRUE  TRUE FALSE  TRUE  TRUE  TRUE  TRUE  TRUE  TRUE
[647]  TRUE FALSE  TRUE  TRUE FALSE  TRUE  TRUE FALSE  TRUE  TRUE  TRUE  TRUE  TRUE  TRUE  TRUE  TRUE  TRUE  TRUE  TRUE
[666]  TRUE  TRUE  TRUE  TRUE  TRUE  TRUE  TRUE  TRUE  TRUE  TRUE  TRUE  TRUE  TRUE  TRUE  TRUE FALSE  TRUE  TRUE  TRUE
[685]  TRUE  TRUE  TRUE  TRUE  TRUE  TRUE  TRUE  TRUE  TRUE  TRUE  TRUE  TRUE  TRUE  TRUE  TRUE  TRUE  TRUE  TRUE  TRUE
[704]  TRUE  TRUE  TRUE  TRUE FALSE  TRUE  TRUE  TRUE  TRUE  TRUE  TRUE FALSE  TRUE  TRUE  TRUE  TRUE  TRUE  TRUE  TRUE
[723]  TRUE  TRUE  TRUE

