
Birth-death simulation object with 642 species and 500 extant species

Details for some species:

Extinction times (NA means extant)
[1] 76.637677        NA 22.368847 75.400366 47.202614  1.129684


Speciation times 
[1] 91.72578 88.67636 87.89534 84.14503 65.82001 47.91721


Species parents (NA for initial)
[1] NA  1  2  2  2  2


Species status (extinct or extant)
[1] "extinct" "extant"  "extinct" "extinct" "extinct" "extinct"


For more details on vector y, try sim$y, with y one of
TE TS PAR EXTANT



$TE
  [1] 76.63767716          NA 22.36884650 75.40036616 47.20261370  1.12968355  3.06109024 28.34031692 10.73223787 32.43967354          NA
 [12]          NA          NA          NA  3.20775244 25.93828339          NA 29.50829276          NA          NA 21.60249514 27.18490573
 [23]          NA 26.16776261  0.05150092          NA          NA 31.14138031 24.16966376  9.87870595 34.90111141  0.41395934  1.04752755
 [34]  3.45349603  7.83635413          NA  4.43604933          NA 36.68029063          NA 27.60626632 19.77397846 25.40180368          NA
 [45] 10.90024465          NA          NA          NA 16.74802506          NA          NA 19.77493192 20.50880849          NA 10.97846489
 [56]          NA          NA          NA          NA 23.21665425          NA 32.50390578          NA          NA 16.96437869  9.20201511
 [67]          NA          NA          NA 24.46489190  0.69534077 11.11359615          NA          NA          NA          NA 11.20553618
 [78]  5.19912533          NA  4.42808751          NA          NA 10.67708539          NA          NA          NA          NA 25.40257498
 [89] 22.28017408          NA 11.57024206  6.64515756          NA          NA          NA          NA  5.14945012          NA 15.93144886
[100]  3.55492808          NA          NA          NA          NA          NA 11.77304226 16.55947788 16.00035422          NA          NA
[111]          NA 11.02069639          NA          NA  1.89128897          NA          NA          NA          NA          NA          NA
[122] 14.73335652          NA          NA          NA          NA          NA          NA 10.69927961          NA 18.50538191  1.57135393
[133]          NA  6.68173425          NA          NA  3.87797397          NA  2.96088653          NA 16.58804471          NA 14.66232419
[144]          NA          NA          NA          NA  4.51228902          NA          NA  1.70577104          NA  3.96456838          NA
[155]  7.33539516          NA  1.55730065  4.66656134          NA          NA  2.74992055  0.36799188          NA          NA          NA
[166]          NA 14.00582699          NA          NA          NA 11.96294354          NA          NA          NA 10.42070626 12.25053616
[177]          NA          NA          NA          NA          NA          NA          NA  6.51112563          NA          NA          NA
[188]          NA  9.05075191          NA  7.50175510          NA          NA          NA  9.06576529          NA          NA          NA
[199]          NA          NA          NA  1.20031420          NA          NA          NA          NA          NA          NA          NA
[210]          NA          NA  2.64350847          NA 11.31552065          NA          NA  8.31068636          NA          NA          NA
[221]          NA          NA          NA          NA          NA 11.04472820 10.25148230          NA          NA          NA  9.23477590
[232]  9.77981235          NA          NA          NA          NA          NA          NA          NA          NA          NA          NA
[243] 13.90791213 11.75572792          NA          NA          NA          NA  7.39321274          NA 10.01409826          NA 12.21745945
[254] 15.70460602          NA          NA          NA          NA          NA 14.08249332          NA          NA          NA          NA
[265]          NA  5.10912298          NA          NA          NA          NA          NA  1.00435406          NA  7.07452882 10.65582397
[276]  6.88006220          NA          NA  0.87312831          NA 10.92713069          NA  1.15918114          NA          NA          NA
[287]          NA          NA          NA          NA  0.63387143          NA          NA 11.79212216          NA          NA          NA
[298]          NA          NA          NA          NA          NA          NA          NA          NA          NA          NA          NA
[309]          NA          NA          NA          NA          NA  2.64666196  4.89455042          NA          NA          NA  0.12859117
[320]          NA          NA          NA  8.01771916          NA  0.80608339          NA          NA          NA  2.43696392          NA
[331]          NA          NA  1.24002546 10.13487286          NA          NA          NA          NA          NA          NA          NA
[342]          NA          NA  2.48333845          NA  2.24086024          NA  1.90022306          NA          NA          NA          NA
[353]          NA          NA          NA          NA          NA          NA          NA  2.54768476  2.28400144          NA          NA
[364]          NA          NA  3.15612884          NA  6.36907525          NA          NA          NA          NA          NA  1.39830836
[375]          NA          NA  5.71622417          NA          NA          NA          NA          NA          NA          NA          NA
[386]          NA          NA  8.35499050  6.65259428          NA          NA          NA          NA          NA  1.46968374          NA
[397]          NA          NA          NA          NA          NA          NA          NA  0.62054784          NA          NA  3.54702860
[408]          NA          NA          NA          NA          NA          NA          NA  3.08961434          NA          NA          NA
[419]          NA          NA  0.73352959          NA          NA          NA          NA          NA          NA          NA          NA
[430]          NA          NA          NA          NA          NA          NA          NA          NA          NA          NA          NA
[441]          NA          NA          NA          NA          NA          NA  4.57594246          NA          NA          NA          NA
[452]          NA          NA          NA          NA          NA          NA  2.92642411          NA          NA          NA          NA
[463]          NA          NA          NA          NA          NA          NA          NA          NA          NA  0.25219582          NA
[474]          NA          NA          NA          NA          NA          NA          NA          NA          NA          NA          NA
[485]          NA  2.70063365          NA          NA          NA          NA          NA          NA          NA          NA          NA
[496]          NA          NA          NA          NA          NA          NA          NA          NA          NA          NA          NA
[507]          NA          NA          NA          NA          NA          NA          NA          NA          NA          NA          NA
[518]          NA          NA          NA          NA          NA          NA  4.93499403          NA  1.23789569          NA          NA
[529]          NA          NA          NA          NA          NA          NA          NA          NA          NA          NA          NA
[540]          NA          NA          NA          NA          NA          NA          NA          NA          NA          NA          NA
[551]          NA          NA          NA          NA          NA          NA          NA          NA          NA          NA  1.47880944
[562]          NA          NA          NA          NA          NA          NA          NA          NA          NA          NA          NA
[573]          NA          NA          NA          NA  1.06309573          NA          NA          NA  0.01717560          NA          NA
[584]          NA          NA          NA          NA  0.19020149          NA          NA          NA          NA          NA          NA
[595]          NA          NA          NA          NA          NA          NA          NA          NA          NA          NA          NA
[606]          NA          NA          NA          NA          NA          NA          NA          NA          NA          NA          NA
[617]          NA          NA          NA          NA  1.43755640          NA          NA          NA          NA          NA          NA
[628]          NA          NA          NA          NA          NA          NA          NA          NA          NA          NA          NA
[639]          NA          NA          NA          NA

$TS
  [1] 9.172578e+01 8.867636e+01 8.789534e+01 8.414503e+01 6.582001e+01 4.791721e+01 4.693362e+01 4.444132e+01 4.409358e+01 4.102876e+01
 [11] 2.691578e+01 1.293085e+01 9.394725e+00 8.623321e+01 4.215750e+01 3.255239e+01 2.902803e+01 4.668328e+01 3.563571e+01 3.341262e+01
 [21] 3.030615e+01 4.787104e+01 3.369429e+01 2.977505e+01 2.617143e+01 1.884524e+01 1.448854e+00 4.679234e+01 4.242969e+01 3.978992e+01
 [31] 3.724200e+01 3.056315e+01 1.807531e+01 1.232666e+01 8.788692e+00 3.174253e+01 3.694184e+01 3.199038e+01 4.164204e+01 1.674710e+01
 [41] 3.520439e+01 2.541008e+01 3.572421e+01 3.072091e+01 2.425349e+01 1.553660e+01 4.144231e+01 3.099631e+01 2.738911e+01 1.502836e+01
 [51] 3.999761e+01 3.320223e+01 2.377809e+01 2.020026e+01 1.976059e+01 1.523470e+01 1.382148e+01 5.762450e+00 2.787069e+01 2.768911e+01
 [61] 1.572346e+01 3.312261e+01 1.668146e+01 1.351052e+01 3.427711e+01 3.228956e+01 3.108275e+01 2.923289e+01 2.905502e+01 2.830187e+01
 [71] 2.754454e+01 2.137596e+01 5.735739e+00 2.674539e+00 1.247921e+00 2.228621e+01 1.774610e+01 1.323589e+01 5.644091e+00 5.454584e+00
 [81] 7.249218e-01 3.012276e+01 2.656101e+01 4.590326e+00 4.377681e+00 2.444332e+00 7.710850e-01 2.669076e+01 2.743484e+01 4.624658e+00
 [91] 3.143111e+01 2.964159e+01 2.620608e+01 2.091348e+01 1.631574e+01 1.512596e+01 1.642782e+01 1.023990e+01 2.274256e+01 1.603143e+01
[101] 1.888305e+01 5.719161e+00 1.817462e+00 1.907978e+01 7.564056e+00 2.894779e+01 2.777211e+01 2.594391e+01 2.572643e+01 2.242615e+01
[111] 1.220431e+01 1.107755e+01 2.730616e+01 8.431264e+00 2.839656e+01 1.267715e+01 5.039948e+00 3.720085e+00 2.117328e+00 2.622695e-01
[121] 2.622513e+01 2.221997e+01 1.747212e+01 1.620695e+01 1.159129e+01 1.696561e+00 9.921078e+00 2.610735e+01 2.692031e+01 2.254237e+01
[131] 2.211952e+01 1.202640e+01 7.146900e+00 2.548467e+01 8.898254e+00 2.893612e+00 2.599677e+01 2.335773e+01 2.333572e+01 1.056399e+00
[141] 2.646234e+01 2.002185e+01 1.486011e+01 2.328513e+01 2.166634e+01 8.518076e+00 7.516933e+00 6.600634e+00 2.095861e+01 2.660004e+00
[151] 2.216292e+00 2.083980e+00 2.423464e+01 2.230305e+01 2.148533e+01 1.829015e+01 1.164261e+01 6.305526e+00 1.804691e+00 2.501582e+01
[161] 2.273621e+01 1.980964e+01 9.188816e+00 6.252711e+00 4.849994e+00 2.258967e+01 1.677018e+01 2.256732e+01 2.226246e+01 1.558580e+01
[171] 2.180559e+01 2.079824e+01 1.869272e+01 1.860805e+01 1.313650e+01 1.996009e+01 1.069861e+01 6.649739e+00 4.337676e+00 1.528621e+01
[181] 1.091205e+01 2.749023e+00 2.009518e+01 6.820911e+00 1.373865e+01 2.467144e+00 1.467004e+00 2.976110e+00 2.084878e+01 6.933084e+00
[191] 8.582383e+00 5.729168e+00 5.146321e+00 1.406978e+00 1.324135e+01 2.006870e+01 7.863742e+00 8.846639e+00 8.400211e+00 5.030169e-01
[201] 1.931455e+01 1.106669e+01 1.909637e+01 1.380036e+01 3.577616e+00 2.221150e+00 1.911156e+01 9.448629e+00 1.534639e+01 1.198220e+01
[211] 8.266139e+00 7.735533e+00 1.960449e+00 1.295350e+01 8.256497e+00 3.904399e+00 1.965571e+01 9.952435e+00 8.137776e+00 2.209683e+00
[221] 1.899672e+01 1.784727e+01 7.614189e+00 7.012585e+00 1.861181e+01 1.807346e+01 1.615538e+01 8.181480e+00 1.840912e+01 1.847895e+01
[231] 1.067104e+01 1.015306e+01 9.905734e+00 6.970707e+00 3.937254e+00 3.494648e+00 9.136792e-01 1.766129e+01 1.597042e+01 1.424727e+01
[241] 1.007428e+01 1.201988e+01 1.677759e+01 1.249753e+01 9.997194e+00 1.945540e+00 1.586714e+00 1.108462e+01 8.457972e+00 3.294065e-02
[251] 1.682130e+01 1.123866e+01 1.627334e+01 1.571710e+01 5.500131e+00 3.048680e+00 9.532251e-02 1.471546e+01 1.032812e+01 1.737971e+01
[261] 1.528854e+01 1.684615e+01 1.393319e+01 6.793433e+00 1.717693e+01 1.560997e+01 1.359626e+01 1.245539e+01 8.027365e+00 7.475744e+00
[271] 1.616908e+01 1.026738e+01 7.147410e+00 1.331075e+01 1.314377e+01 1.176050e+01 8.370345e+00 3.046920e+00 1.377569e+00 5.228780e+00
[281] 1.548176e+01 1.093687e+01 2.809369e+00 1.513450e+01 1.347437e+01 1.293347e+01 1.152860e+01 1.566719e+01 1.497034e+01 6.212472e+00
[291] 1.433428e+01 6.206072e+00 1.185282e+01 1.232924e+01 1.495389e+01 6.307661e+00 1.460967e+01 1.164890e+01 5.490973e+00 3.191868e+00
[301] 1.115854e+01 1.046839e+01 1.133069e+01 4.483128e+00 4.066384e+00 3.706979e+00 2.327945e+00 1.051192e+01 7.211494e+00 6.510242e+00
[311] 9.673127e+00 1.328410e+01 3.390672e-01 6.268995e+00 4.949939e+00 2.201620e+00 6.899074e+00 1.181971e+01 8.121572e+00 2.413226e+00
[321] 6.777435e+00 9.717887e+00 1.272513e+01 7.069062e+00 4.345823e+00 3.841858e+00 3.676951e+00 2.659169e+00 1.087953e+01 9.971406e+00
[331] 7.316939e+00 3.823943e+00 1.144759e+01 1.204292e+01 1.233664e+01 1.069379e+01 5.982643e+00 3.451904e+00 9.804397e+00 6.748437e+00
[341] 5.056004e+00 5.669492e+00 2.979068e+00 7.216072e+00 6.661997e+00 4.601661e+00 2.771011e+00 6.356468e+00 9.267414e+00 6.797246e+00
[351] 6.285563e+00 5.385421e+00 9.594606e+00 9.501035e+00 9.393931e+00 2.606643e+00 4.648043e-01 7.158923e+00 4.653263e+00 3.154446e+00
[361] 9.647130e+00 8.216601e+00 1.067087e+01 1.091627e+01 7.878435e+00 7.638356e+00 7.046500e+00 9.637235e+00 3.396017e+00 8.983989e+00
[371] 4.981866e+00 4.110516e+00 7.447446e+00 6.117484e+00 2.882707e+00 2.848282e-01 9.657086e+00 8.802409e+00 5.780649e+00 8.421067e+00
[381] 1.189364e+00 1.040492e+01 5.893722e+00 4.554476e+00 5.847781e+00 1.138712e+00 2.635628e+00 1.014764e+01 8.719340e+00 2.361726e-01
[391] 6.437703e+00 2.553387e+00 6.056859e+00 3.635407e+00 5.849435e+00 3.779684e+00 3.058706e+00 2.752976e+00 3.312183e+00 3.243700e+00
[401] 5.328618e+00 4.350874e+00 9.413983e+00 8.225352e+00 4.497153e+00 8.957870e+00 9.688390e+00 5.828124e+00 4.968190e+00 2.085007e+00
[411] 6.389440e+00 8.372549e-01 8.575655e+00 4.856640e+00 9.020240e+00 8.355382e+00 7.482787e+00 3.536848e+00 4.922713e-01 7.056525e+00
[421] 4.924016e+00 5.422322e-01 8.501131e+00 6.725614e-01 7.072230e+00 7.013279e+00 3.772171e+00 5.566190e+00 5.002658e+00 1.754254e+00
[431] 1.588321e+00 9.549793e-01 8.050439e+00 7.549910e-01 7.735192e+00 2.667461e+00 3.352707e+00 1.491480e+00 3.447375e+00 5.880828e+00
[441] 1.051738e+00 3.616433e+00 3.601597e+00 6.558703e+00 7.892409e-01 6.903096e-01 6.305114e+00 1.568657e+00 7.400994e+00 5.702675e+00
[451] 5.675405e+00 4.824607e+00 3.589708e+00 6.737245e+00 1.621746e-01 2.350108e+00 1.104568e+00 6.449424e+00 1.885767e+00 1.153158e+00
[461] 6.321431e+00 2.015835e+00 1.996045e+00 5.472995e+00 7.074923e+00 5.718555e+00 4.752334e+00 4.346025e+00 5.706630e+00 3.790823e+00
[471] 2.906382e+00 2.156281e+00 3.524855e+00 5.946012e+00 3.706701e+00 2.288046e+00 2.047517e-01 3.153930e+00 4.126324e+00 3.615730e+00
[481] 6.591986e+00 5.652240e+00 5.389783e+00 1.531721e+00 5.737505e-01 6.374671e+00 1.635846e+00 5.874872e+00 3.581293e+00 4.309134e+00
[491] 4.776149e+00 2.079970e+00 5.048799e+00 3.564267e+00 4.817326e+00 4.598437e-01 3.310470e-01 2.921375e-01 5.455362e+00 4.850116e+00
[501] 4.607785e+00 5.189324e-01 2.134264e-01 3.556903e+00 7.933725e-01 3.297003e+00 5.740767e+00 3.492678e+00 3.221306e+00 5.913828e-01
[511] 4.349978e-01 2.359206e+00 4.404103e+00 2.063913e+00 3.073628e+00 1.428275e+00 1.212458e+00 4.971262e+00 3.812836e+00 5.626740e+00
[521] 5.116622e+00 2.061916e+00 4.757291e+00 4.985041e+00 3.301559e+00 5.174529e+00 3.388533e+00 3.589349e-01 2.213604e+00 1.730124e+00
[531] 1.521347e+00 2.387049e+00 1.942357e+00 2.050942e-01 9.531657e-01 3.435338e+00 4.559234e+00 1.840804e-01 3.176435e+00 4.228196e+00
[541] 2.849427e+00 2.487503e+00 1.903757e+00 2.317328e+00 4.576880e+00 1.606639e+00 1.059769e+00 4.050750e+00 2.560267e+00 7.883804e-01
[551] 2.707226e+00 1.280169e+00 5.493906e-01 1.706762e+00 1.068487e+00 3.419547e+00 3.097982e+00 9.404994e-01 2.313572e+00 3.829897e+00
[561] 3.366323e+00 3.184151e+00 2.203629e+00 3.526436e+00 5.143323e-01 4.041673e-01 3.718487e+00 3.415270e+00 2.428147e-01 2.493859e+00
[571] 2.969736e+00 1.137401e+00 2.337510e+00 3.600651e+00 3.323690e+00 2.579309e+00 1.192650e+00 2.397776e-01 2.917700e+00 3.001333e+00
[581] 1.524949e+00 2.430248e+00 2.179984e+00 7.004531e-01 2.238315e-01 1.423437e-01 1.867177e+00 1.589525e+00 1.526500e-01 8.374128e-01
[591] 2.577130e+00 3.204155e+00 1.506487e+00 1.248365e+00 2.676738e+00 2.411233e+00 2.486665e+00 2.257741e+00 1.154246e+00 2.893413e+00
[601] 1.470756e+00 3.708804e-01 1.441352e-01 2.335328e+00 1.625507e+00 6.929875e-01 1.898740e+00 5.449158e-01 1.728276e+00 7.428550e-01
[611] 2.507181e+00 2.027217e+00 1.784721e+00 7.350882e-01 3.305524e-01 1.455552e+00 1.637388e+00 1.837781e-01 5.691067e-01 1.654688e+00
[621] 1.802265e+00 2.064053e+00 9.527428e-01 5.955823e-02 1.555981e+00 1.027977e+00 3.157058e-01 1.705987e+00 1.487507e+00 8.735804e-01
[631] 1.192752e+00 1.824661e-01 1.112704e+00 1.074442e+00 4.102904e-01 3.452722e-01 3.322796e-02 1.830244e-01 2.569861e-01 4.670268e-02
[641] 3.180269e-02 9.487067e-06

$PAR
  [1]  NA   1   2   2   2   2   2   2   2   2   2   2   2   3   3   3   3  14  14  14  14   6   6   6   6   6   6  22  22   7   7   7   7
 [34]   7   7  28   8   8   9   9  29  29  15  15  15  15  39  47  47  47  10  51  51  51  51  51  51  51  30  30  30  37  37  37  43  43
 [67]  43  43  43  19  19  19  19  19  19  23  23  23  23  23  23  20  20  20  20  20  20  52  38  38  36  36  36  36  36  36  91  67  48
[100]  48  44  44  44  32  32  21  21  21  21  82  82  92  68  68  69  69  69  69  69  69  17  17  17  17  17  17 115  70  59  59  59  59
[133]  59  60  71  71  49  49  49 113 129  11  83 141 141 121 121 121  93  93  93  93  25  25  25  25  25  25  25 128 128 128 128 137 137
[166] 108 108 134 160 160  45  45  45 153 153 139 139 139 139 144 144 144 161 161 166 166 168 130 110 110 154 154 154 154  76 169 169 145
[199] 145 145 155 155  72 149 149  94 189 189  54  54  54  54  54 183 183 183 196 196 196 196 142 142 142 142 176 176 176 162 217 201 201
[232] 201 201 201 201 201 201 207 104 104 104 221 101 101  26  26  26 173 173 173 174 174 230 230 229 229 229 156 156 226 226 222 222 222
[265] 123 123 123 123 123 123 251 251  40  63  63  63  63  63  63  97 253 271 271 227 227 227 227 100 100 100 239  61 288 266 170  46 281
[298] 281 209 209 261 180  56 284 284 284 284  50 289 295 258 297 297 240 240 263  57 204 204 204 267  64 285 285 285 285 285 285 274 274
[331] 274 312 195  78 286 286 286 286 323 116 116 268 268 335 335 335 335  34 111 111 111 111 242 242 242 210 210 293 293 293 318 276 157
[364] 287 287 287 333 303 303 252 252 252 301 248 248 248 202 202 202 282 282 364 364 364 181 181 329 177 177 177 336 336 363 363 308 382
[397] 382 382 259 259 272 272  98  98 245 218 233 233 339 339 322 322 407 407 311 377 377 353 353 208 403 403  13 355 415 415 415 370 370
[430] 370 378 378  35 146 249 380 199 199 277 416 416 215 215 362 362 362 433 269 365 365 197 197 197 212 223 105 147 270 270 373 331 331
[463] 331 344 273 273 273 273 465 465 425 425 420 367 426 426 426 224 234 234 264 264 264 454 178 481 481 444 310 458 391 391 411 411 461
[496] 461 461 461 158 158 314 164 164 374 393 474 383 383 440 488 488 395 408 408  73  73 192 102 102 451 520 520 299 464 352 401 193 193
[529] 493 493 493 429 429 429 371 518 409 500 165 452 452 452 491 359 501 501 501 346  84  84 545 545 545 304 304 513 513 179 540 479 372
[562] 548 548 216 216 216 560 560 560 519 427 306 327 394 394 394 442 574 453 205 205 494 418 418 236 236 338 338 338 568 369 527 575 575
[595] 399 506 539 478 397 256 580 571 571 579 579 471 136 347 398 398 595 595 150 328 356 392  86 456 307 544 529 316 514 514 612 213 246
[628] 533 459 159 530 628 620 601 187 457 547 237 485 553 528 641

$EXTANT
  [1] FALSE  TRUE FALSE FALSE FALSE FALSE FALSE FALSE FALSE FALSE  TRUE  TRUE  TRUE  TRUE FALSE FALSE  TRUE FALSE  TRUE  TRUE FALSE FALSE
 [23]  TRUE FALSE FALSE  TRUE  TRUE FALSE FALSE FALSE FALSE FALSE FALSE FALSE FALSE  TRUE FALSE  TRUE FALSE  TRUE FALSE FALSE FALSE  TRUE
 [45] FALSE  TRUE  TRUE  TRUE FALSE  TRUE  TRUE FALSE FALSE  TRUE FALSE  TRUE  TRUE  TRUE  TRUE FALSE  TRUE FALSE  TRUE  TRUE FALSE FALSE
 [67]  TRUE  TRUE  TRUE FALSE FALSE FALSE  TRUE  TRUE  TRUE  TRUE FALSE FALSE  TRUE FALSE  TRUE  TRUE FALSE  TRUE  TRUE  TRUE  TRUE FALSE
 [89] FALSE  TRUE FALSE FALSE  TRUE  TRUE  TRUE  TRUE FALSE  TRUE FALSE FALSE  TRUE  TRUE  TRUE  TRUE  TRUE FALSE FALSE FALSE  TRUE  TRUE
[111]  TRUE FALSE  TRUE  TRUE FALSE  TRUE  TRUE  TRUE  TRUE  TRUE  TRUE FALSE  TRUE  TRUE  TRUE  TRUE  TRUE  TRUE FALSE  TRUE FALSE FALSE
[133]  TRUE FALSE  TRUE  TRUE FALSE  TRUE FALSE  TRUE FALSE  TRUE FALSE  TRUE  TRUE  TRUE  TRUE FALSE  TRUE  TRUE FALSE  TRUE FALSE  TRUE
[155] FALSE  TRUE FALSE FALSE  TRUE  TRUE FALSE FALSE  TRUE  TRUE  TRUE  TRUE FALSE  TRUE  TRUE  TRUE FALSE  TRUE  TRUE  TRUE FALSE FALSE
[177]  TRUE  TRUE  TRUE  TRUE  TRUE  TRUE  TRUE FALSE  TRUE  TRUE  TRUE  TRUE FALSE  TRUE FALSE  TRUE  TRUE  TRUE FALSE  TRUE  TRUE  TRUE
[199]  TRUE  TRUE  TRUE FALSE  TRUE  TRUE  TRUE  TRUE  TRUE  TRUE  TRUE  TRUE  TRUE FALSE  TRUE FALSE  TRUE  TRUE FALSE  TRUE  TRUE  TRUE
[221]  TRUE  TRUE  TRUE  TRUE  TRUE FALSE FALSE  TRUE  TRUE  TRUE FALSE FALSE  TRUE  TRUE  TRUE  TRUE  TRUE  TRUE  TRUE  TRUE  TRUE  TRUE
[243] FALSE FALSE  TRUE  TRUE  TRUE  TRUE FALSE  TRUE FALSE  TRUE FALSE FALSE  TRUE  TRUE  TRUE  TRUE  TRUE FALSE  TRUE  TRUE  TRUE  TRUE
[265]  TRUE FALSE  TRUE  TRUE  TRUE  TRUE  TRUE FALSE  TRUE FALSE FALSE FALSE  TRUE  TRUE FALSE  TRUE FALSE  TRUE FALSE  TRUE  TRUE  TRUE
[287]  TRUE  TRUE  TRUE  TRUE FALSE  TRUE  TRUE FALSE  TRUE  TRUE  TRUE  TRUE  TRUE  TRUE  TRUE  TRUE  TRUE  TRUE  TRUE  TRUE  TRUE  TRUE
[309]  TRUE  TRUE  TRUE  TRUE  TRUE FALSE FALSE  TRUE  TRUE  TRUE FALSE  TRUE  TRUE  TRUE FALSE  TRUE FALSE  TRUE  TRUE  TRUE FALSE  TRUE
[331]  TRUE  TRUE FALSE FALSE  TRUE  TRUE  TRUE  TRUE  TRUE  TRUE  TRUE  TRUE  TRUE FALSE  TRUE FALSE  TRUE FALSE  TRUE  TRUE  TRUE  TRUE
[353]  TRUE  TRUE  TRUE  TRUE  TRUE  TRUE  TRUE FALSE FALSE  TRUE  TRUE  TRUE  TRUE FALSE  TRUE FALSE  TRUE  TRUE  TRUE  TRUE  TRUE FALSE
[375]  TRUE  TRUE FALSE  TRUE  TRUE  TRUE  TRUE  TRUE  TRUE  TRUE  TRUE  TRUE  TRUE FALSE FALSE  TRUE  TRUE  TRUE  TRUE  TRUE FALSE  TRUE
[397]  TRUE  TRUE  TRUE  TRUE  TRUE  TRUE  TRUE FALSE  TRUE  TRUE FALSE  TRUE  TRUE  TRUE  TRUE  TRUE  TRUE  TRUE FALSE  TRUE  TRUE  TRUE
[419]  TRUE  TRUE FALSE  TRUE  TRUE  TRUE  TRUE  TRUE  TRUE  TRUE  TRUE  TRUE  TRUE  TRUE  TRUE  TRUE  TRUE  TRUE  TRUE  TRUE  TRUE  TRUE
[441]  TRUE  TRUE  TRUE  TRUE  TRUE  TRUE FALSE  TRUE  TRUE  TRUE  TRUE  TRUE  TRUE  TRUE  TRUE  TRUE  TRUE FALSE  TRUE  TRUE  TRUE  TRUE
[463]  TRUE  TRUE  TRUE  TRUE  TRUE  TRUE  TRUE  TRUE  TRUE FALSE  TRUE  TRUE  TRUE  TRUE  TRUE  TRUE  TRUE  TRUE  TRUE  TRUE  TRUE  TRUE
[485]  TRUE FALSE  TRUE  TRUE  TRUE  TRUE  TRUE  TRUE  TRUE  TRUE  TRUE  TRUE  TRUE  TRUE  TRUE  TRUE  TRUE  TRUE  TRUE  TRUE  TRUE  TRUE
[507]  TRUE  TRUE  TRUE  TRUE  TRUE  TRUE  TRUE  TRUE  TRUE  TRUE  TRUE  TRUE  TRUE  TRUE  TRUE  TRUE  TRUE FALSE  TRUE FALSE  TRUE  TRUE
[529]  TRUE  TRUE  TRUE  TRUE  TRUE  TRUE  TRUE  TRUE  TRUE  TRUE  TRUE  TRUE  TRUE  TRUE  TRUE  TRUE  TRUE  TRUE  TRUE  TRUE  TRUE  TRUE
[551]  TRUE  TRUE  TRUE  TRUE  TRUE  TRUE  TRUE  TRUE  TRUE  TRUE FALSE  TRUE  TRUE  TRUE  TRUE  TRUE  TRUE  TRUE  TRUE  TRUE  TRUE  TRUE
[573]  TRUE  TRUE  TRUE  TRUE FALSE  TRUE  TRUE  TRUE FALSE  TRUE  TRUE  TRUE  TRUE  TRUE  TRUE FALSE  TRUE  TRUE  TRUE  TRUE  TRUE  TRUE
[595]  TRUE  TRUE  TRUE  TRUE  TRUE  TRUE  TRUE  TRUE  TRUE  TRUE  TRUE  TRUE  TRUE  TRUE  TRUE  TRUE  TRUE  TRUE  TRUE  TRUE  TRUE  TRUE
[617]  TRUE  TRUE  TRUE  TRUE FALSE  TRUE  TRUE  TRUE  TRUE  TRUE  TRUE  TRUE  TRUE  TRUE  TRUE  TRUE  TRUE  TRUE  TRUE  TRUE  TRUE  TRUE
[639]  TRUE  TRUE  TRUE  TRUE

