
Birth-death simulation object with 605 species and 500 extant species

Details for some species:

Extinction times (NA means extant)
[1] 19.617808 16.632690 45.856580 14.808062 29.836072  9.703177


Speciation times 
[1] 57.57598 56.44540 54.56530 43.11843 40.60877 26.14945


Species parents (NA for initial)
[1] NA  1  1  1  1  1


Species status (extinct or extant)
[1] "extinct" "extinct" "extinct" "extinct" "extinct" "extinct"


For more details on vector y, try sim$y, with y one of
TE TS PAR EXTANT



$TE
  [1] 19.61780845 16.63269044 45.85657980 14.80806159 29.83607202  9.70317682 27.22356364          NA          NA
 [10]          NA 38.22079138 22.59934448 22.19962351 30.86550671 30.60811404  6.69147548          NA          NA
 [19]          NA          NA          NA 23.03072487          NA 24.06491181 14.39701947 29.29999906 33.58660583
 [28]          NA  3.67086857          NA          NA          NA 16.88201766          NA          NA          NA
 [37]  8.39612500          NA          NA  9.70755850          NA 25.65679345          NA 26.05292206 29.75599180
 [46]          NA  8.15253779  2.27279151  5.22299983 26.54725351          NA          NA          NA  1.04241773
 [55]  9.40794513          NA  2.49401718          NA          NA          NA          NA          NA          NA
 [64]          NA 10.95754897          NA  9.85954771          NA          NA          NA          NA  8.88066176
 [73]          NA          NA  3.46896752          NA          NA          NA          NA          NA          NA
 [82]          NA          NA          NA          NA          NA  4.50876862 11.64061242          NA  6.67633974
 [91]  6.08750355          NA  5.17225289          NA          NA          NA          NA          NA          NA
[100]          NA          NA          NA 10.99271190  0.33152240          NA          NA          NA          NA
[109]          NA          NA          NA          NA          NA          NA          NA          NA          NA
[118]          NA  4.36898439          NA          NA 17.13517276 17.32083068          NA          NA          NA
[127]          NA          NA          NA          NA          NA          NA          NA          NA          NA
[136]          NA 10.10280623          NA 14.43008148          NA          NA          NA  2.87672100          NA
[145]          NA          NA          NA          NA  0.80532203  0.53034017          NA 10.29693707          NA
[154]          NA  8.26858423          NA  2.00446459          NA  4.53718677          NA          NA          NA
[163]          NA          NA          NA          NA          NA  1.67310303  1.89952952          NA          NA
[172]  4.73993139 13.63700631          NA          NA          NA          NA          NA          NA          NA
[181]          NA  1.79024790          NA          NA          NA          NA          NA          NA  6.41066129
[190]          NA          NA          NA          NA          NA  8.23417512          NA  2.94677676          NA
[199]          NA          NA          NA  6.76676498          NA          NA          NA          NA          NA
[208]          NA          NA          NA          NA          NA          NA  2.89818826          NA          NA
[217]          NA          NA          NA          NA          NA          NA          NA          NA          NA
[226]          NA  8.15805014          NA          NA          NA          NA  1.72713175  0.95761397          NA
[235]          NA          NA          NA          NA          NA          NA  0.12552965  6.75708880  1.17570617
[244]          NA          NA          NA          NA          NA          NA 11.34317818          NA  1.19811297
[253]          NA  6.80333706          NA          NA          NA          NA          NA          NA          NA
[262]          NA  7.31520887          NA          NA          NA          NA  3.70117569          NA          NA
[271]          NA          NA          NA          NA          NA          NA          NA          NA          NA
[280]          NA          NA          NA  3.93828658          NA  0.80903219          NA          NA  0.80374936
[289]          NA          NA          NA          NA  0.72134328          NA          NA          NA  1.06611915
[298]  7.27970410          NA          NA          NA          NA          NA          NA          NA          NA
[307]          NA          NA  1.76860113          NA          NA          NA          NA          NA          NA
[316]          NA          NA          NA          NA          NA          NA          NA          NA          NA
[325]          NA          NA          NA          NA          NA          NA          NA          NA          NA
[334]          NA          NA          NA          NA          NA          NA          NA          NA          NA
[343]          NA          NA          NA          NA  2.44028594  1.14850200          NA          NA          NA
[352]          NA          NA          NA          NA          NA          NA          NA          NA          NA
[361]          NA          NA          NA          NA          NA          NA          NA          NA          NA
[370]          NA          NA          NA          NA          NA          NA          NA          NA          NA
[379]  1.88718681          NA          NA          NA          NA          NA          NA  5.88118891          NA
[388]          NA          NA          NA          NA  3.47304910          NA          NA          NA          NA
[397]  2.33674448  1.33678156  1.99951994          NA          NA          NA          NA          NA          NA
[406]          NA          NA          NA          NA          NA          NA          NA          NA  5.14683521
[415]          NA          NA          NA          NA          NA          NA          NA          NA          NA
[424]          NA          NA          NA          NA          NA          NA          NA          NA          NA
[433]  0.13786134          NA          NA          NA          NA          NA          NA          NA          NA
[442]          NA          NA          NA          NA          NA  0.65042482          NA          NA          NA
[451]          NA          NA          NA          NA          NA          NA          NA          NA          NA
[460]          NA          NA          NA          NA          NA          NA          NA          NA          NA
[469]          NA          NA          NA          NA          NA          NA          NA          NA          NA
[478]  1.24560078          NA          NA          NA          NA          NA          NA          NA          NA
[487]  1.21296954          NA  0.01546874          NA          NA          NA          NA          NA  0.05380079
[496]          NA          NA  0.62897035          NA          NA  1.54924374          NA          NA          NA
[505]          NA          NA          NA  2.91353993          NA  0.29300471          NA          NA          NA
[514]          NA          NA          NA          NA          NA          NA          NA          NA          NA
[523]          NA          NA          NA          NA          NA          NA          NA          NA          NA
[532]          NA          NA          NA          NA          NA          NA          NA          NA          NA
[541]          NA          NA          NA          NA          NA  0.11774407          NA          NA          NA
[550]  1.61589518          NA          NA          NA          NA          NA          NA          NA          NA
[559]          NA          NA  0.59155370          NA          NA          NA          NA          NA          NA
[568]          NA          NA          NA          NA          NA          NA          NA          NA          NA
[577]          NA          NA          NA          NA          NA          NA          NA          NA          NA
[586]          NA          NA          NA          NA          NA          NA          NA          NA          NA
[595]          NA          NA          NA          NA          NA          NA          NA          NA          NA
[604]          NA          NA

$TS
  [1] 5.757598e+01 5.644540e+01 5.456530e+01 4.311843e+01 4.060877e+01 2.614945e+01 4.730742e+01 2.314507e+01
  [9] 4.618688e+01 4.044277e+01 4.043322e+01 3.324083e+01 3.174805e+01 3.736925e+01 3.063379e+01 2.263477e+01
 [17] 9.139067e+00 6.746703e+00 6.699193e+00 2.222850e+00 3.363070e+01 3.285015e+01 3.214797e+01 3.141182e+01
 [25] 1.945794e+01 3.846805e+01 3.619360e+01 3.177652e+01 2.411993e+01 2.287214e+01 2.962074e+00 3.130000e+01
 [33] 3.219473e+01 2.275994e+01 7.485545e+00 7.895463e-01 2.800458e+01 2.420550e+01 2.818219e+01 2.103689e+01
 [41] 1.775508e+01 3.021956e+01 1.384933e+00 2.644764e+01 3.000914e+01 2.604170e+01 9.738124e+00 2.614247e+01
 [49] 2.982675e+01 2.919824e+01 2.669917e+01 2.019472e+01 1.081536e+01 2.150027e+01 1.957580e+01 2.216616e+01
 [57] 2.014501e+01 1.890798e+01 1.063904e+01 8.832766e+00 4.460955e+00 2.106107e+00 1.964261e+01 2.240087e+01
 [65] 1.866587e+01 1.238750e+01 1.213034e+01 2.791888e+00 9.874644e+00 3.599157e+00 2.035382e+01 1.724889e+01
 [73] 1.056116e+01 7.764694e+00 7.475264e+00 7.240331e+00 4.495563e+00 1.720813e+01 1.911554e+01 1.580747e+01
 [81] 1.227261e+01 9.449570e+00 1.629032e+00 1.232947e+01 6.007803e+00 5.768048e+00 1.657891e+01 1.409746e+01
 [89] 1.955481e+01 1.929136e+01 1.708945e+01 1.143069e+01 1.786280e+01 1.294763e+01 1.286790e+01 9.498157e+00
 [97] 8.185622e+00 3.193492e+00 1.131062e+00 1.063961e+01 1.965240e+00 1.831986e+01 1.399026e+01 1.389988e+01
[105] 1.290778e+01 1.180466e+01 2.030051e+00 2.042423e+01 4.980758e+00 3.365470e+00 1.816475e+00 1.476078e+01
[113] 1.831482e+01 1.850088e+01 1.565537e+01 8.984076e+00 4.158936e+00 1.553711e+01 6.365366e+00 1.827962e+00
[121] 1.018000e+01 1.912252e+01 1.761303e+01 7.262791e+00 8.811787e-01 4.817475e-01 1.629861e+01 7.309298e+00
[129] 4.775993e+00 3.034614e+00 1.015607e+01 7.066210e+00 5.107321e+00 4.726348e+00 1.262572e+00 8.104367e-01
[137] 1.290713e+01 1.116700e+01 1.802131e+01 1.499412e+01 8.481605e+00 1.677761e+01 9.313953e+00 9.193686e+00
[145] 8.895779e+00 6.255727e+00 5.621545e+00 1.792992e+00 8.431289e-01 1.496478e+01 1.704416e+01 1.594699e+01
[153] 1.490279e+01 1.423963e+01 1.299213e+01 7.113254e+00 3.247999e+00 1.635453e+01 4.934858e+00 1.650714e+01
[161] 1.285085e+01 1.280248e+01 1.181229e+01 2.292636e-01 1.673702e+01 1.392075e+01 1.280538e+01 1.245618e+01
[169] 8.952768e+00 8.602388e+00 4.557658e-01 1.543483e+01 1.414653e+01 1.373165e+01 1.030027e+01 9.361589e+00
[177] 8.495811e+00 3.902464e+00 1.990010e+00 8.465968e+00 1.041422e+01 3.706845e+00 1.561602e+01 8.116196e+00
[185] 3.728677e+00 1.512413e+01 9.176703e+00 2.231164e+00 1.043950e+01 9.777099e+00 9.709350e+00 1.197224e+00
[193] 2.731916e+00 1.414039e+01 1.227732e+01 1.512309e+01 1.509965e+01 1.412590e+01 5.244078e+00 3.005565e-01
[201] 1.323804e+01 9.257968e+00 2.272163e+00 1.044338e+00 1.178232e+01 6.299846e+00 1.158661e+01 5.072902e-01
[209] 4.826081e-01 1.294037e+01 1.270962e+01 1.043159e+01 4.258241e+00 1.074395e+01 4.011737e+00 3.541247e+00
[217] 9.892334e+00 6.817320e+00 4.065791e+00 2.713451e-01 2.055928e-01 8.579024e-02 1.119044e+01 1.051264e+01
[225] 8.933023e+00 3.903091e+00 9.146650e+00 1.117271e+01 2.071571e+00 1.116715e+01 8.679434e-01 1.103783e+01
[233] 1.739583e+00 1.335052e+00 4.658268e-01 2.793548e-01 8.083615e+00 6.067513e+00 3.246362e+00 1.169811e+01
[241] 1.134855e+01 1.073943e+01 5.766230e+00 5.087987e+00 3.872568e+00 1.566852e+00 1.022007e+01 2.746809e+00
[249] 2.191912e+00 1.190894e+01 1.139796e+00 1.239067e+01 1.160483e+01 9.460554e+00 7.950388e+00 1.940410e+00
[257] 8.339126e+00 3.741799e+00 7.345087e+00 4.495690e+00 4.378633e+00 8.209955e-01 8.518248e+00 7.932620e+00
[265] 2.120234e+00 1.447895e+00 1.055367e+01 1.024825e+01 1.833409e+00 5.965597e+00 7.844550e+00 1.124672e+01
[273] 5.570204e+00 4.723927e+00 1.123643e+01 5.025595e+00 3.093554e+00 7.076205e+00 4.560672e-01 6.312321e+00
[281] 2.901512e+00 1.403170e-01 6.713100e+00 6.705588e+00 6.112099e+00 3.845739e+00 2.417598e+00 1.047634e+01
[289] 3.086302e+00 4.270772e+00 9.967346e+00 7.634634e+00 5.895979e+00 2.610727e+00 5.757710e+00 5.045876e+00
[297] 3.253275e+00 7.656706e+00 7.555554e+00 7.348210e+00 9.593057e+00 5.957442e+00 5.500240e+00 4.969902e+00
[305] 1.046452e+01 2.679957e+00 6.610604e+00 4.723160e+00 2.153076e+00 5.073736e+00 3.523210e+00 1.013055e-01
[313] 8.737917e+00 8.501700e+00 4.701599e+00 4.538074e+00 1.453860e+00 7.976604e+00 8.775506e-01 7.152343e+00
[321] 5.520591e+00 5.460104e+00 4.143178e+00 3.343008e-01 6.923956e+00 6.324038e+00 4.468885e+00 3.372642e+00
[329] 1.282415e+00 6.810264e-02 1.035070e+00 7.828647e+00 4.507283e+00 3.985229e+00 6.994554e+00 3.990922e+00
[337] 9.232055e+00 9.044395e+00 9.119345e+00 2.281784e+00 6.473342e+00 3.790046e+00 8.205489e+00 5.094615e+00
[345] 9.149711e+00 8.080300e+00 6.775271e+00 2.692782e+00 1.312400e+00 8.643365e+00 4.057119e-01 6.763924e+00
[353] 6.116175e+00 7.838979e+00 3.989663e+00 7.334712e+00 3.988949e+00 3.795359e+00 1.163170e+00 3.955900e+00
[361] 2.161449e+00 1.195492e+00 8.142110e+00 3.213968e+00 1.456192e+00 2.374392e+00 1.468892e+00 5.186325e+00
[369] 4.221329e+00 6.664354e+00 5.213266e+00 4.007080e+00 3.299137e+00 4.192676e+00 1.923521e-02 4.198293e+00
[377] 6.032709e+00 4.973490e+00 6.286046e+00 2.767703e+00 2.388707e+00 6.541439e+00 1.837025e+00 5.920715e-01
[385] 7.272552e+00 6.683781e+00 8.252625e-01 3.909524e-01 4.402043e+00 2.007765e+00 5.517987e-01 5.020416e+00
[393] 4.380649e+00 7.060661e+00 5.518906e+00 4.104987e+00 3.074018e+00 2.420959e+00 2.375419e+00 6.301956e+00
[401] 5.521099e+00 5.095719e+00 2.113335e+00 1.237615e+00 2.112063e+00 1.058870e+00 6.389072e+00 6.663663e+00
[409] 3.515696e+00 6.086449e+00 5.096360e+00 4.728943e+00 3.177568e-01 6.394365e+00 4.023874e+00 6.141361e+00
[417] 4.149100e+00 5.963454e+00 5.665988e+00 3.574762e+00 4.176445e+00 2.080979e+00 5.621353e+00 6.065157e+00
[425] 4.643350e+00 4.989019e+00 5.003689e+00 4.719319e+00 2.237163e+00 5.989004e-01 3.197989e+00 4.968658e+00
[433] 5.019335e+00 5.333533e+00 5.257855e+00 2.723625e+00 8.369814e-01 4.975593e+00 4.287915e+00 4.051742e+00
[441] 2.071821e+00 2.474442e+00 1.902109e+00 1.782735e+00 4.607494e+00 5.021059e+00 2.396279e+00 7.595841e-01
[449] 5.837778e+00 3.776469e+00 3.407099e+00 2.253791e+00 3.479263e+00 1.629148e+00 3.279480e+00 4.407473e+00
[457] 2.914416e-01 1.627869e+00 3.198809e+00 4.685402e+00 3.102629e+00 8.003446e-01 5.139093e+00 4.591979e+00
[465] 3.783094e+00 1.312537e+00 4.035348e+00 6.898952e-01 3.849754e+00 3.090591e+00 3.722297e+00 2.270313e+00
[473] 2.338801e+00 4.242271e+00 1.092647e+00 7.222188e-01 4.387913e+00 3.419992e+00 4.791451e+00 3.657816e+00
[481] 1.335759e+00 4.877807e+00 3.123879e+00 1.564521e+00 9.685049e-01 4.548588e+00 3.284362e+00 2.928242e+00
[489] 2.576130e+00 9.074571e-02 3.856462e-01 4.254631e+00 1.008824e+00 7.979716e-01 3.442309e+00 9.491566e-01
[497] 3.217010e+00 3.702542e+00 3.096394e+00 8.763807e-01 1.953684e+00 1.404236e+00 9.118035e-01 8.017294e-01
[505] 2.394484e+00 2.695930e-01 9.137340e-02 3.790162e+00 1.575628e+00 1.254010e+00 3.239023e+00 1.654239e+00
[513] 2.944175e+00 1.138072e+00 8.411237e-01 3.508975e+00 4.272672e-01 1.183226e+00 1.901516e-01 3.081410e+00
[521] 1.405436e+00 3.347010e+00 1.244774e+00 3.236334e+00 3.469866e-01 2.815422e+00 1.092292e+00 3.472764e+00
[529] 4.830618e-01 1.497797e+00 1.231185e+00 4.561369e-01 1.086782e+00 2.959440e+00 2.433467e+00 1.459414e+00
[537] 5.465911e-01 5.340089e-02 2.286043e+00 1.923615e+00 4.300093e-01 4.173024e-01 2.758956e+00 3.601034e-01
[545] 3.007237e+00 6.146643e-01 2.456210e+00 8.624349e-01 1.554267e+00 2.158823e+00 1.919565e+00 1.495195e+00
[553] 1.757578e+00 5.597783e-01 2.080685e+00 9.082536e-01 1.118922e+00 9.103990e-01 1.315985e+00 7.387322e-01
[561] 6.660209e-01 2.253117e+00 2.237981e+00 1.544317e+00 1.653391e+00 1.380730e+00 1.685650e-01 1.890709e+00
[569] 1.037442e+00 1.720001e+00 6.105574e-01 3.551991e-04 1.565318e+00 1.190258e+00 1.574921e+00 1.033554e+00
[577] 9.606353e-01 6.206794e-01 4.281071e-01 1.285814e+00 4.978113e-01 1.258485e+00 7.709700e-03 8.520000e-01
[585] 1.138848e-01 5.062798e-01 4.894682e-02 1.693321e-01 1.586120e-01 8.110164e-01 6.925352e-01 1.047875e+00
[593] 8.301112e-01 3.075395e-02 6.481902e-01 9.419900e-01 8.885760e-01 6.772329e-01 4.528381e-02 2.253105e-01
[601] 3.733250e-01 3.648051e-01 1.044083e-01 7.160041e-02 3.418685e-01

$PAR
  [1]  NA   1   1   1   1   1   2   2   7   7   7   7   7   9   9   9   9   9   9   9   4   4   4   4   4  10  10  10  10
 [30]  10  10  26  14  21  21  21  12  12  22  33  33  23  23  13  24  24  32  42  45  49  49  39  39  37  37  51  51  51
 [59]  51  51  51  51   6  48  48  48  48  48  46  46  38  38  38  38  38  38  38  29   8   8   8   8   8  30  30  30  34
 [88]  34  16  16  16  16  64  64  64  64  64  64  64  56  56  54  54  54  54  54  54  40 108 108 108  71  52  57  57  57
[117]  57  63  63  63  55  89  89  89  89  89  25  79  79  79  58  58  58  58  58  58  65  65 114 114 114 102 102 102 102
[146] 102 102 102 113 139  93  93  93  93  41  41  41  78  78  91 151 151 151 151 142 142 142 142 142 142 142 165 165 165
[175] 165 165 165 165 165  87 160 127 152  80  80 115 115 115 183 183 183 183 118 172 172 186 186 186 186 186 196 196 196
[204] 196 197 197 140 140 140 150 153 153 153 112 154 154 194 194 194 194 194 194 166 166 166 166 104 174 174 201 201  94
[233]  94 105 105 105  95  95  95 161 161 161 161 161 161 161 167 167 167 162 162 211 211 211 211 211 252 252  66  66  66
[262]  66  81 163 163 163 106 106 106 205 240 253 253 253 207 207 207  92  92 241 272 272 275 275 275 275 275 223 223 228
[291] 230 230 230 230 138 232 232  53  53  53 214 214 214 100  59  59  73  73  73 267 267 267 224 224 224 224 224 288 288
[320] 189 212 212 212 212 181 247 131 131 131 131 291 217 217 217 190 190 191  96  82  82 143 143 337 337 144 345 345 345
[349] 345 227  17 339 338 169 169 225 225 225 225 313 350 350 263 314 314 177 177 343 343  97  97  97  97 363 363 237 346
[378] 346 318 318 318 255 255 255 271 271 271 271 354 332 332 292 299 259 259 259 259 259 156 278 132 132 394 335 325 325
[407] 218 347 347  18  18  18  18 284 284  19  19 386 370 370 307 307 414 407 119 326 280 280 280 280 400 206 379 146 146
[436] 353 353 285 285 285 285 410 238 238 377 270 270 270 418 418 418 302  86 243 295 419 423 273 401 321 321 321 395 303
[465] 303 434 435 435 371 371 368 133 411 402 296 276 433 433 438 438 378 432 482 482 412 134 274 315 460 460 425 486 456
[494] 456 389 389 213 374 117 117 417 417 417 417 396 396 396 219 219 440 467 415 355 355 357 360 226 245 469 358 358 508
[523] 258 182  70 420 420 453 451 328 110 110 373 487 297 511 511 511 524 524 364 483 461 461 470 289 520 545  31 281 526
[552] 526  68  68 380 543 436 489 442 442 547 535 287 366 203 563 563 403 405 441 256 383 120 111 233 509 509 530 530 365
[581] 521 466 349 510 404 192 192 362 362 574 574 518 251 251 514 406 406 503 584 387 598 391 391 209 171

$EXTANT
  [1] FALSE FALSE FALSE FALSE FALSE FALSE FALSE  TRUE  TRUE  TRUE FALSE FALSE FALSE FALSE FALSE FALSE  TRUE  TRUE  TRUE
 [20]  TRUE  TRUE FALSE  TRUE FALSE FALSE FALSE FALSE  TRUE FALSE  TRUE  TRUE  TRUE FALSE  TRUE  TRUE  TRUE FALSE  TRUE
 [39]  TRUE FALSE  TRUE FALSE  TRUE FALSE FALSE  TRUE FALSE FALSE FALSE FALSE  TRUE  TRUE  TRUE FALSE FALSE  TRUE FALSE
 [58]  TRUE  TRUE  TRUE  TRUE  TRUE  TRUE  TRUE FALSE  TRUE FALSE  TRUE  TRUE  TRUE  TRUE FALSE  TRUE  TRUE FALSE  TRUE
 [77]  TRUE  TRUE  TRUE  TRUE  TRUE  TRUE  TRUE  TRUE  TRUE  TRUE FALSE FALSE  TRUE FALSE FALSE  TRUE FALSE  TRUE  TRUE
 [96]  TRUE  TRUE  TRUE  TRUE  TRUE  TRUE  TRUE FALSE FALSE  TRUE  TRUE  TRUE  TRUE  TRUE  TRUE  TRUE  TRUE  TRUE  TRUE
[115]  TRUE  TRUE  TRUE  TRUE FALSE  TRUE  TRUE FALSE FALSE  TRUE  TRUE  TRUE  TRUE  TRUE  TRUE  TRUE  TRUE  TRUE  TRUE
[134]  TRUE  TRUE  TRUE FALSE  TRUE FALSE  TRUE  TRUE  TRUE FALSE  TRUE  TRUE  TRUE  TRUE  TRUE FALSE FALSE  TRUE FALSE
[153]  TRUE  TRUE FALSE  TRUE FALSE  TRUE FALSE  TRUE  TRUE  TRUE  TRUE  TRUE  TRUE  TRUE  TRUE FALSE FALSE  TRUE  TRUE
[172] FALSE FALSE  TRUE  TRUE  TRUE  TRUE  TRUE  TRUE  TRUE  TRUE FALSE  TRUE  TRUE  TRUE  TRUE  TRUE  TRUE FALSE  TRUE
[191]  TRUE  TRUE  TRUE  TRUE FALSE  TRUE FALSE  TRUE  TRUE  TRUE  TRUE FALSE  TRUE  TRUE  TRUE  TRUE  TRUE  TRUE  TRUE
[210]  TRUE  TRUE  TRUE  TRUE FALSE  TRUE  TRUE  TRUE  TRUE  TRUE  TRUE  TRUE  TRUE  TRUE  TRUE  TRUE  TRUE FALSE  TRUE
[229]  TRUE  TRUE  TRUE FALSE FALSE  TRUE  TRUE  TRUE  TRUE  TRUE  TRUE  TRUE FALSE FALSE FALSE  TRUE  TRUE  TRUE  TRUE
[248]  TRUE  TRUE FALSE  TRUE FALSE  TRUE FALSE  TRUE  TRUE  TRUE  TRUE  TRUE  TRUE  TRUE  TRUE FALSE  TRUE  TRUE  TRUE
[267]  TRUE FALSE  TRUE  TRUE  TRUE  TRUE  TRUE  TRUE  TRUE  TRUE  TRUE  TRUE  TRUE  TRUE  TRUE  TRUE FALSE  TRUE FALSE
[286]  TRUE  TRUE FALSE  TRUE  TRUE  TRUE  TRUE FALSE  TRUE  TRUE  TRUE FALSE FALSE  TRUE  TRUE  TRUE  TRUE  TRUE  TRUE
[305]  TRUE  TRUE  TRUE  TRUE FALSE  TRUE  TRUE  TRUE  TRUE  TRUE  TRUE  TRUE  TRUE  TRUE  TRUE  TRUE  TRUE  TRUE  TRUE
[324]  TRUE  TRUE  TRUE  TRUE  TRUE  TRUE  TRUE  TRUE  TRUE  TRUE  TRUE  TRUE  TRUE  TRUE  TRUE  TRUE  TRUE  TRUE  TRUE
[343]  TRUE  TRUE  TRUE  TRUE FALSE FALSE  TRUE  TRUE  TRUE  TRUE  TRUE  TRUE  TRUE  TRUE  TRUE  TRUE  TRUE  TRUE  TRUE
[362]  TRUE  TRUE  TRUE  TRUE  TRUE  TRUE  TRUE  TRUE  TRUE  TRUE  TRUE  TRUE  TRUE  TRUE  TRUE  TRUE  TRUE FALSE  TRUE
[381]  TRUE  TRUE  TRUE  TRUE  TRUE FALSE  TRUE  TRUE  TRUE  TRUE  TRUE FALSE  TRUE  TRUE  TRUE  TRUE FALSE FALSE FALSE
[400]  TRUE  TRUE  TRUE  TRUE  TRUE  TRUE  TRUE  TRUE  TRUE  TRUE  TRUE  TRUE  TRUE  TRUE FALSE  TRUE  TRUE  TRUE  TRUE
[419]  TRUE  TRUE  TRUE  TRUE  TRUE  TRUE  TRUE  TRUE  TRUE  TRUE  TRUE  TRUE  TRUE  TRUE FALSE  TRUE  TRUE  TRUE  TRUE
[438]  TRUE  TRUE  TRUE  TRUE  TRUE  TRUE  TRUE  TRUE  TRUE FALSE  TRUE  TRUE  TRUE  TRUE  TRUE  TRUE  TRUE  TRUE  TRUE
[457]  TRUE  TRUE  TRUE  TRUE  TRUE  TRUE  TRUE  TRUE  TRUE  TRUE  TRUE  TRUE  TRUE  TRUE  TRUE  TRUE  TRUE  TRUE  TRUE
[476]  TRUE  TRUE FALSE  TRUE  TRUE  TRUE  TRUE  TRUE  TRUE  TRUE  TRUE FALSE  TRUE FALSE  TRUE  TRUE  TRUE  TRUE  TRUE
[495] FALSE  TRUE  TRUE FALSE  TRUE  TRUE FALSE  TRUE  TRUE  TRUE  TRUE  TRUE  TRUE FALSE  TRUE FALSE  TRUE  TRUE  TRUE
[514]  TRUE  TRUE  TRUE  TRUE  TRUE  TRUE  TRUE  TRUE  TRUE  TRUE  TRUE  TRUE  TRUE  TRUE  TRUE  TRUE  TRUE  TRUE  TRUE
[533]  TRUE  TRUE  TRUE  TRUE  TRUE  TRUE  TRUE  TRUE  TRUE  TRUE  TRUE  TRUE  TRUE FALSE  TRUE  TRUE  TRUE FALSE  TRUE
[552]  TRUE  TRUE  TRUE  TRUE  TRUE  TRUE  TRUE  TRUE  TRUE FALSE  TRUE  TRUE  TRUE  TRUE  TRUE  TRUE  TRUE  TRUE  TRUE
[571]  TRUE  TRUE  TRUE  TRUE  TRUE  TRUE  TRUE  TRUE  TRUE  TRUE  TRUE  TRUE  TRUE  TRUE  TRUE  TRUE  TRUE  TRUE  TRUE
[590]  TRUE  TRUE  TRUE  TRUE  TRUE  TRUE  TRUE  TRUE  TRUE  TRUE  TRUE  TRUE  TRUE  TRUE  TRUE  TRUE

