
Birth-death simulation object with 813 species and 500 extant species

Details for some species:

Extinction times (NA means extant)
[1] 35.16985       NA 33.53477 55.49311       NA 27.77794


Speciation times 
[1] 88.51832 76.33525 62.47959 55.68058 55.55170 43.26489


Species parents (NA for initial)
[1] NA  1  1  1  1  1


Species status (extinct or extant)
[1] "extinct" "extant"  "extinct" "extinct" "extant"  "extinct"


For more details on vector y, try sim$y, with y one of
TE TS PAR EXTANT



$TE
  [1] 35.16984980          NA 33.53476656 55.49311039          NA 27.77794338 22.08535457 20.24023811 30.84213624
 [10] 21.65627950 69.66453806 42.73892525 57.06915310 23.80674873 22.94204795          NA 12.06355731          NA
 [19]          NA  0.43914895          NA 45.51167123  0.80475346 23.07823321  0.17829079          NA 11.16709744
 [28]          NA 21.73056638 54.90106053 47.09858879 36.75831477 34.09110392          NA 39.50306995 21.00468416
 [37] 25.53990388 15.53850969 36.06062115          NA          NA          NA 13.70206923          NA          NA
 [46]          NA          NA          NA 25.21216772 24.33661765 27.93849860 46.60932496 27.27858447 25.66007031
 [55]          NA          NA          NA          NA 17.36466137 38.54103889          NA  5.18252568          NA
 [64]          NA 10.51346695  8.36865120  7.76296572 11.72475777          NA          NA          NA          NA
 [73] 22.59911092  1.69551825 28.10175720          NA          NA          NA          NA          NA 19.18672229
 [82]  5.86020823 39.19733880 15.12756396          NA  8.53783948  0.75457960 32.00284423 12.22588675          NA
 [91]          NA 22.58244588  6.04359894 11.73859966          NA 13.97202472          NA 36.22895443 30.22699584
[100]          NA  9.47611983 14.71455432  1.24756627 23.77829065 32.60764511 29.83564312  4.76143571          NA
[109] 19.90483675          NA 20.53189087          NA 32.51791271          NA 12.91851516 33.49761526 37.95961125
[118] 26.83273411 28.67762198 14.00540005  7.81786293 11.61091636  6.24855026  8.20468240          NA 10.43227181
[127]          NA 11.37073147  9.21606794  6.90493980 15.29430909 21.68433648          NA          NA          NA
[136]  5.16196597          NA 12.69782535  3.93338651  9.17726563 13.98084220 30.86358741 19.69995314 28.22053272
[145] 18.71038013  8.55692567          NA 14.81881778 12.06942303  6.42955656  5.50592656 23.56380646          NA
[154]          NA  4.90307235          NA          NA  0.21988023          NA 19.71578345          NA 18.25151435
[163]          NA 11.57441165          NA          NA          NA          NA 32.77778054          NA 35.75084700
[172] 13.60249845 18.59357968 18.48990749 12.48644709 33.37845523 24.83166866 23.50891446 15.94863394 23.10316979
[181]  6.19218212          NA          NA 32.50065307 24.64999408 17.34591888  8.99986443          NA          NA
[190] 19.16957499 17.80083372          NA          NA  3.37656496 21.02551178          NA  7.86622788          NA
[199]          NA  7.38001366          NA  2.26321595 28.74931761 23.68945618 21.39099989          NA 12.76168026
[208]          NA          NA          NA  6.34030392          NA 26.80726967 25.65268594  2.05091987 10.05508657
[217]          NA          NA 19.88847186 14.97349446          NA          NA  4.52912412          NA  0.03616324
[226] 15.19891793 23.09977803 13.59316687 13.61567276          NA          NA 24.98702178          NA          NA
[235]          NA  8.30383938          NA          NA 18.71237023          NA  2.81308806          NA          NA
[244] 15.34066908          NA          NA          NA 17.00619560 13.04774878 18.53419472  8.89967839          NA
[253]          NA  6.97905981          NA          NA 18.17952928          NA  6.80891669          NA 11.13418647
[262]  4.06050895  2.45103399 11.96074137          NA 21.07890589          NA          NA  4.73974011          NA
[271]  4.02417533          NA 21.77195777 10.87360526          NA          NA  5.82828570  0.04254500 16.74237819
[280] 14.53362793  3.68126669  5.99915380          NA          NA          NA          NA 20.89068021          NA
[289] 20.31007347          NA          NA          NA          NA          NA          NA          NA          NA
[298]          NA          NA          NA 21.84530021 14.43007849          NA          NA  8.46245149 15.21896820
[307]  5.94279855          NA          NA          NA  3.80113189          NA  0.36560521  4.50669299  1.03232246
[316] 10.02768527 16.76890962          NA          NA  0.12644957  9.14646138          NA  2.80332871          NA
[325]  8.15970792          NA  2.83104625          NA          NA          NA 12.00630434 18.84847956          NA
[334]          NA          NA  9.35278374 16.97345560          NA          NA          NA          NA  8.02959418
[343]  5.45508139          NA 14.38284574 12.37380108          NA          NA          NA 13.44958847          NA
[352] 21.79498138          NA          NA          NA          NA          NA          NA          NA 14.59668575
[361]          NA  1.16609858 20.51673132          NA  7.83868783 14.02364004 19.66172598          NA          NA
[370]          NA 17.18343003          NA  0.81646973  1.07105490          NA          NA          NA 13.02323271
[379]          NA          NA  6.32743298          NA          NA          NA          NA          NA  0.52329229
[388]  6.63674630          NA  9.12038866  2.69838668          NA          NA 14.54619232          NA          NA
[397]          NA          NA 10.95237046          NA  2.18020963 20.71805934          NA          NA 16.61792814
[406]          NA  1.94035570          NA  2.21058947  9.68916343          NA  6.80884172          NA          NA
[415] 17.09487490          NA          NA          NA  2.72033877  3.94728941          NA 11.27703106          NA
[424]          NA  5.02923591          NA          NA          NA          NA          NA          NA          NA
[433]          NA          NA          NA  1.90062752          NA  8.04864822          NA  2.49030485  5.04305591
[442]          NA 11.73281208          NA  9.43264152          NA 18.30423985          NA          NA          NA
[451]          NA          NA          NA  9.98109668  6.02989929  5.52569526  4.89502460          NA  2.79120062
[460]          NA          NA          NA  8.52104418          NA 16.01931143          NA          NA          NA
[469]          NA          NA          NA          NA 14.19464539  6.37066673  3.21190592          NA  0.66295460
[478]          NA          NA          NA          NA          NA 12.57496682          NA  6.66350741  3.39615250
[487]          NA          NA          NA          NA          NA          NA          NA  0.17651169          NA
[496]  0.24748024          NA 13.15412748  9.13875604          NA          NA          NA          NA          NA
[505] 12.65008221 13.58773167          NA          NA  4.43671853          NA          NA          NA  9.43634851
[514]          NA          NA          NA  6.24374753 12.47874564          NA  1.77282041  3.77306034          NA
[523]          NA          NA          NA          NA          NA          NA          NA          NA          NA
[532]          NA          NA          NA          NA          NA          NA          NA 11.90547517          NA
[541]          NA 12.49855383          NA  6.12949935 12.51009396          NA          NA          NA          NA
[550]  7.32710430  0.58492654          NA  4.32259199          NA          NA 13.13849125          NA          NA
[559]          NA          NA          NA 11.98075042          NA          NA          NA          NA          NA
[568]          NA          NA  2.33548375          NA          NA          NA 13.19402984 10.32109719          NA
[577]  2.75963354  1.30400651          NA          NA          NA  0.14266654          NA          NA  3.57306207
[586] 12.00473298          NA          NA          NA  2.48178259          NA          NA          NA          NA
[595]          NA  3.66482574  7.08202065          NA          NA  7.80531142          NA          NA          NA
[604]          NA          NA          NA  4.86926258          NA          NA          NA          NA          NA
[613]  4.40625962          NA          NA          NA          NA  4.88625474          NA  4.86438469          NA
[622]  6.27731117          NA          NA          NA          NA  1.23956325          NA          NA          NA
[631]  1.85006124          NA          NA  5.24413941          NA  0.01612348  3.48025707          NA          NA
[640]          NA          NA          NA          NA  2.41232731          NA          NA          NA          NA
[649]          NA          NA          NA          NA          NA          NA          NA          NA          NA
[658]          NA          NA          NA          NA          NA          NA          NA          NA  0.65024448
[667]  2.41757946          NA  3.57240283          NA  4.59548072          NA          NA          NA          NA
[676]          NA          NA          NA          NA  5.02150188          NA          NA          NA          NA
[685]          NA  3.47952977          NA          NA          NA          NA  3.38799744          NA          NA
[694]          NA  5.21835576          NA  2.35293212  3.48755762          NA          NA          NA          NA
[703]          NA          NA          NA          NA          NA          NA  0.56780275          NA          NA
[712]          NA          NA          NA          NA          NA          NA          NA          NA          NA
[721]          NA          NA          NA          NA  0.07297445          NA  0.94120917          NA          NA
[730]  2.34261384          NA          NA          NA          NA          NA          NA          NA  3.04737396
[739]          NA          NA          NA          NA          NA          NA  0.61039451          NA          NA
[748]          NA          NA          NA          NA          NA          NA          NA          NA          NA
[757]          NA          NA          NA          NA          NA          NA          NA          NA          NA
[766]          NA          NA          NA          NA          NA          NA          NA          NA          NA
[775]          NA          NA          NA  0.21040845          NA          NA          NA          NA          NA
[784]          NA          NA          NA          NA          NA          NA          NA          NA          NA
[793]          NA          NA          NA          NA          NA          NA          NA          NA          NA
[802]          NA          NA          NA          NA          NA          NA          NA          NA          NA
[811]          NA          NA          NA

$TS
  [1] 88.518319765 76.335254295 62.479592127 55.680581888 55.551703137 43.264891844 42.921957284 37.913453359
  [9] 36.444846665 75.215298303 74.105879315 64.867274021 60.260426603 58.441017792 50.585782985 30.730389833
 [17] 17.936890071 15.439618241 12.220759622  6.283558609  1.108303132 67.836715740 50.361039149 49.526951517
 [25] 40.114450706 37.967217652 33.460200875 29.803550490 27.771964538 64.352047898 49.835866176 54.483233498
 [33] 45.453783650 47.451279381 42.341610756 54.846448708 37.562699277 45.028080047 40.276370343 39.081588332
 [41] 38.485245719 37.402568290 32.463857404 31.904038900 20.276699264 13.059227276  2.643047102  0.232719619
 [49] 25.240131502 42.923470795 39.410853553 47.052432952 29.341216797 27.772324137  3.848758720  2.600940818
 [57] 47.841010269 48.778216740 38.049206589 47.003953665 23.647990917 18.604099235  3.340907555  0.277157265
 [65] 41.039696637 36.320995811 32.890488144 26.239865801 20.925473479  8.180043984  2.897601913  2.411000151
 [73] 42.086784860 41.646798124 35.417178130 34.626146892 27.888487029 21.908310374 12.424249744 46.573255227
 [81] 43.301032849 42.904635353 44.491133588 39.234229118 28.507873012 23.394693836 13.935320873 41.903813944
 [89] 35.935930883 20.292644329 15.578386218 44.242894354 43.369656433 33.271148666 28.888000012 27.644029832
 [97] 23.294885354 40.942696556 38.444874242 32.660391160 30.843853217 27.528628842 26.792416087 43.018024497
[105] 42.625507843 35.650869804 30.989726569 34.447015383 31.287349346 26.674890783 34.599364525 33.603033930
[113] 33.693581281 18.144146858 38.618896905 35.841665419 39.855973671 37.611291294 37.393721069 40.670589317
[121] 38.287327421 26.167747268 22.590792145 18.859981754  5.758979972 37.770485243 18.131016120 36.431808353
[129] 19.043725857 38.881885580 38.284586261 38.577974736 38.437811080 38.004316934 22.328421884 15.940977420
[137] 17.612695212 14.144177532  5.930526175 36.412922352 23.137005152 35.837403819 34.024891759 30.541527471
[145] 28.186980397 27.201369310 27.013344824 16.056631910 15.629075103 33.605432156 31.650730683 30.629414706
[153]  3.631057065 34.862963727 23.501235766 14.120550126  5.435517217 26.789258492 22.961661326 22.392724505
[161] 16.638238378 27.786103195 36.581569150 24.234499951  9.871544896  8.820750310  1.922553724  1.839872730
[169] 37.244968040 37.085168984 36.308761908 30.468370429 30.046658398 26.966703400 32.206292785 35.476169336
[177] 33.066403630 28.660306443 27.179518780 30.690645867 28.965040118 17.218821625 16.090521070 34.038003543
[185] 36.722135574 31.907242302 16.353369829 13.668832516 36.235868559 29.818074634 24.413914759  8.030680833
[193]  6.657695924 17.053812643 22.660002619 21.975755634  9.808994186 26.717674250 17.038572368 15.548118593
[201] 13.355040353 35.397837533 33.005511887 27.227702993 25.378798041 24.279424660 19.400671224  4.026172541
[209]  2.636032181 29.296729177 18.233362580 17.771470616 32.970693382 30.806829896 13.893779223 11.829751126
[217] 25.732453392 22.045140733 33.538467273 22.786396718 21.655565121 10.066227543  9.318486930  5.388390812
[225]  2.620890733 24.996754871 24.507522069 23.550751934 17.634089914 15.649661811 15.339954587 25.881370395
[233] 24.010101078 22.951447514 18.656187646 16.831970495 12.170549278  1.010321008 27.306658634 24.046263157
[241] 12.053863586 26.404024838 30.361004781 28.920364660 20.637559971  9.392709887 22.415471857 18.868957229
[249] 15.420843214 26.329975340 23.669827441  6.015462196  0.308072195 14.946108791 25.614951141 25.130654648
[257] 29.234440784 27.955949749 19.927351946 16.211994278 12.142976505 11.783750619  8.251269128 25.696139333
[265] 12.230320123 26.644234719  2.612008721  1.591669221 30.139744569 27.433824333 25.959209099  7.256575332
[273] 23.776528708 22.325168613 16.481416112 13.916434788 13.783120972 27.528737470 28.248522865 26.778278080
[281] 19.877325072 12.493651253  8.916871566  8.422210458  1.007036660 26.187517441 25.008257385  3.854442798
[289] 22.388607227 18.632053850 20.642689838 18.107735925 22.111355169  4.970488372  1.048062854 21.491843915
[297] 12.084458742  9.341655110  2.756241566  1.805355108 28.118689099 24.935401870 21.379709022 20.202645536
[305] 21.239962761 19.836134610 17.910956090  4.599953035  3.461046909 26.349341981 24.007747703 10.177521788
[313]  6.406470075 25.848948585 14.861514568 21.734690241 18.715695859  9.409326323  0.683691930  0.243906852
[321] 13.280448857 25.453552003 17.178946012 13.555213068 25.007628097 10.510577355  5.096045728 14.107603055
[329] 19.586310386 25.661511053 21.431708010 20.334826302 15.664349468  2.085349467 23.685718910 21.725633914
[337] 21.607325593  9.764420739  7.915586955  7.891609515 23.595715091 12.725103116 11.563244141  5.496657612
[345] 17.075769588 14.554515469 12.236171111 23.082229497 19.084311539 24.682139038  9.017803996 24.880660769
[353] 20.617715616 16.378545628 21.669046101  1.756725521  6.598801446  1.594510596  0.125474873 19.733195724
[361]  8.100126870  2.961499892 24.619890195 21.540278843 19.730264020 24.740947439 21.353300387 19.952816897
[369] 16.711187782 15.423580613 19.056709042 12.361457544 15.117789457 14.757863993  3.704890563 11.706555566
[377]  2.777589878 15.867214547 15.388235697 16.216594936  9.496426704  4.901453215 14.993355796 14.247997474
[385] 13.143927903  5.440988819 17.537264773 13.725225758  4.568184906 13.484160521 19.749758863  2.824343672
[393]  0.995716937 14.969996773  8.900753930  7.975754738  1.385493083  6.283549820 16.891785470 13.774909266
[401]  2.353680340 21.335323782 13.336428539  0.947623416 22.005132438 14.994723759  4.840542068  3.842243760
[409]  3.460056198 19.857452413 20.457629521 17.143182195 17.032332806 11.654472541 18.560755959 19.989333228
[417] 19.963716946 14.490592354 13.038943937 19.239879982 17.779860592 12.443568350 17.576130882 17.753260589
[425] 13.852735052  7.404481719  3.755483753  1.050023324  2.461841113 13.127531132 12.637876995 20.281673621
[433] 10.913014944 10.630264285  6.008378126 19.369600587 19.706556714 14.175159902  0.773449800 13.056196262
[441]  5.628576068 14.799069252 17.033296783 16.887814993 11.271887470  2.509287263 18.406781231 12.692467431
[449] 11.194435391  7.138095213  2.385426269 17.578412917  5.031544677 16.781987196 13.723456140 12.933430199
[457]  7.022640474 13.091143905 17.102261439 16.421089805 14.319878119 11.172501334 12.933723055  3.405299563
[465] 18.060223041  5.662835996  4.167247616 14.443710559 13.563503475  2.103563502 13.452841331  5.806764423
[473] 15.277165869 12.203627002 10.710701432 15.282328980  6.726944721  1.780752021  7.914721323  3.077125452
[481]  0.221414552  5.007902310 16.608351755  7.253679582  6.743796703  7.770897778 17.624713234  6.705379611
[489]  6.569240742  0.989582689  0.664166363 11.063280171  3.568646452 13.601860881  9.484186889  5.830877082
[497]  1.563575779 17.321361859 10.953097364  4.092870086 14.574051793  5.165978880  0.815903386 15.079595957
[505] 14.762293187 14.568202990  8.334123386  6.913178340 13.583817968  6.007619028 15.203419061  9.396819140
[513] 16.493922449 14.663832345  6.584579622  1.095217912  9.297897815 16.490930796  0.387963897  3.336111405
[521] 15.765568686  9.234304872 13.570848368 11.710806187  4.361588775  3.845099532 10.306823494  0.375762683
[529] 15.104498792  6.960380270 14.490065499 10.266912639  8.374959928 11.473194927  4.160709333  1.914211395
[537]  2.029147859  1.796219513 11.945736814 10.691217353  8.720798335 12.916229546  7.638855145 11.570113865
[545] 12.916738550  8.785933336 12.800527353 10.268257073  2.255441536 12.990687584  1.567263196 11.907003303
[553]  9.827099312  6.933033136  2.216423480 13.561892057 14.013618841  3.619700403 14.175812755  6.449831058
[561]  9.827264731 13.515979795  2.900021420 14.400606875 10.094951244  1.376459275  2.404280792  7.814567747
[569]  5.083653719  4.716845475  4.601470477 13.362420607  4.462538377 13.997245179 10.580396945  6.430634367
[577]  4.936754009 11.811142951 13.372322072 10.643121645  4.851577974  3.984056842  7.892777989  1.167431559
[585] 12.514653596 12.462420646  8.902585531  8.178876133  1.980614836  7.160837555  1.724677214  1.657623654
[593]  1.228467319  0.221283977  8.093183161 13.159192220  9.704812730  1.010148807  8.904385483  8.729241272
[601]  2.802394820  5.842422348  7.105916081  4.438317107 12.497816046 11.680378618 10.707396783  0.537737188
[609]  7.425738285 11.991278120  1.046304518  6.461584395  5.061388360  8.844224440 11.665857049  5.374850683
[617] 11.249269034 10.973344912  2.256515537 11.072827747 10.187894630  8.313438945  7.262788955  5.166021613
[625]  3.183205633  1.074965157  5.462077153  8.524248293  6.450242976  4.212751112  2.089828901  1.251908458
[633]  7.010885092  6.142266490  0.175892158 10.133693803  7.613461675  6.437919622  0.229790755  3.266391514
[641]  6.395639917  6.232592048  2.183936966  8.483730665  9.602166416  6.594357670  9.814213857  5.435840411
[649]  8.366224378  3.120261392  0.070393783  8.007561787  3.211799314  7.715903739  8.670461110  0.130260669
[657]  9.247741324  5.436663997  5.042345405  9.713346869  7.277565530  8.683035718  2.816311622  7.860378124
[665]  5.450917541  7.538925521  6.882267317  7.968835802  6.645173077  6.740900164  4.651518573  3.787249360
[673]  5.834256910  3.718853324  2.093448357  1.936180882  7.842137596  2.310689115  2.156724497  8.392349222
[681]  8.491115493  7.907480565  0.707439087  6.207598902  7.923918929  6.205717357  5.385506946  6.844368418
[689]  5.903866071  6.292872510  5.335146000  4.448040238  3.986640196  1.421846454  5.966293901  3.021475354
[697]  2.468569890  4.634391558  3.686896907  1.358981015  6.438122919  4.359861870  4.714524574  4.190815226
[705]  0.311223679  1.847231992  7.309271405  0.468150391  6.711876964  2.134418291  2.301325743  0.936607301
[713]  7.256903911  2.712205719  0.773923891  2.154958202  0.087324090  0.843899458  1.785890389  6.518615323
[721]  5.672468631  1.299802118  2.975757590  2.208047808  3.999513997  1.059633621  5.184785817  1.617853400
[729]  1.176601602  5.642513866  2.165503832  0.585987428  0.005535139  0.360828430  0.256275288  6.136945694
[737]  5.978545325  3.423605808  4.298445116  3.081223520  0.112485488  5.572108693  4.652877831  2.249953771
[745]  1.025813749  1.842109497  4.881383456  0.979663858  1.408586507  0.726052988  3.467608724  4.227756551
[753]  2.986085397  3.184302224  4.562948273  2.914540022  3.733729114  2.111347959  2.045615617  3.708743799
[761]  3.488256383  3.726609529  1.358119904  0.729393976  0.569857560  0.780254448  3.345576253  1.337510907
[769]  2.880002992  2.084213084  3.102436597  2.490988587  0.681091215  3.277413491  0.267337641  2.849065058
[777]  2.689759054  2.611924484  3.131624105  0.655300997  0.385352738  2.323104351  2.192622412  1.876956223
[785]  2.076123229  0.969268352  0.111813867  1.224257740  1.699613027  1.050041249  2.178211093  1.575249836
[793]  0.488264305  1.599038346  2.228477032  0.047430880  2.184362704  1.269204984  0.076000591  0.580900430
[801]  0.108565879  1.852812174  0.383776693  1.506166658  1.091288425  0.714903029  0.487165121  0.756543926
[809]  1.160912494  0.252506840  0.006778594  0.028644315  0.030153213

$PAR
  [1]  NA   1   1   1   1   1   1   1   1   2   2   2   2   2   2   2   2   2   2   2   2  10  10  10  10  10  10  10
 [29]  10  22  22  12  12   3   3  14  14   5   5   5   5   5   5   5   5   5   5   5  36  32  32  15  15  23  23  23
 [57]  31  24  24  58  58  58  58  58  57  57  57  57  57  57  57  57  34  34  34  34  34  34  34  60  60  60  80  80
 [85]  80  80  80  38  38  38  38  83  92  92  92  92  92  93  93  93  81  81  81   6   6   6   6 104  50  50   7   7
[113]  82  82 105 105  73  73  73  74  74  74  74  74  74  65  65  98 120  39  39  25  25  25  84  84  40  40  40 130
[141] 130 115 115 115 115 115 115 115 115 132 132  41  41  99 133 133 133 121 121 121 121 131 134 134 134  26  26  26
[169]   8   8 126 126 126 126 118  37  37  37  37  42  42  42  42 169 170 170 170 170 185 185 163 163 163 128 140 140
[197] 140  66  66  66  66 189 189 189 189 189 189 189 189  89  89  89 142 106 202  76 111 111 108 108 108 108 108 108
[225] 108 150 150 150 150 150 150 112 112 112 112 112 112 112 219  27  27  94 177 213  67  67 100 100 175 186  44  44
[253]  44 151 109 109 107 107 107 107 107 107 107 101 101  16  16  16 180 172 172 243 269 269 269 269 269 173 190  28
[281]  28  28  28  28  28 210 210 210 257 257 181 244  95  95  95  85  85  85  85  85 279 279 279 279 145 145  77  77
[309]  77  54  29 278 278 102 102 270 270 270 270 270 146 179 179 147 174 103 103 158 280 198 198 198 198 198 242 242
[337] 242 242 242 242 310 310 310 310 286 286 286 122 122 314 314 217 264 264 330 330 255 255 255 322 322 322 287 287
[365] 325 226 226 226 366 366 164 164 240 240 240 233 233 311 311 335 335 335 251 341 341 155  97  97  97 348 159 159
[393] 159 234 234 234 234 123 135 135 135 274 293 293 218 218 218 218 218 196  78  78  78  78 316 336 336 355 355 331
[421] 303 303 305  69  69  69  69  69 245 353 353 411 411 411 411 332  90  90  90 432  45 304 416 416 416 416 417 417
[449] 417 417 417 368 368 259 259 259 259 281 306 306 365 437 436 436 420 420 420 349 349 349 124 235 290  62  62 211
[477] 211 114 127 127 127 292 307 307 421 212 424 424 424 424 424 487 487 137 452 452 452 423 423 423 387 387 387 498
[505] 498 498 323 412 459 199 413 413 399 444 444 444 236 454 369 161 513 275 460 380 260 260 183 183 148 136 521 521
[533] 521 230 230 230  91  91 200 200 200  18  18 370 379 379 231 476 476 373 373 529 529 529 529 406 383 383 315 315
[561] 442 505 514 346 531 531 564 461 384 384 384 156 156 328 328 328 328 557  87  87  87 215 277 400 188 188 188 188
[589] 188 494 494 494 523 469 324 562 579 579 572 572 572 201 458 419 550 456 456 547 448 431 431 585 605  79 372 372
[617] 347 347 347 297 297 610 610 610 610 610 552 578 262 262 524 524 376 376 615 414 343 343 534 617 449 449 449 492
[645] 618 540 580 580 434 527 527 548 548 532 621 636 565 565 565 222 222 561 647 660 660 381 381 495 517 657 657 657
[673] 351 351 351 599 587 395 395 541 655 628 628 681 284 284 680 533 533 649 649  70 588 588 192 192 192 652 652 685
[701] 339 339 682 682 682 583 340 340 664 664 677 568 654 543 666 609 623 272 450 633 633 530 670 670 709 489 720 720
[729] 720 629 560 576 641 690 398 642 684 684 686 435 510 139 602 673 673 466 344 665 224 224 687 727 502 659 482 577
[757] 698 571 389 755 525 467 208  55 672 427 760 375 699 699 751 309 309 738 767  63  63 520 754 625 696 563 769 769
[785] 663 377 714 777  47 225 446 446 446 429 451 678 619 555 710 334 759 537 589 167 706 728 728 804 632 593 516 750
[813] 799

$EXTANT
  [1] FALSE  TRUE FALSE FALSE  TRUE FALSE FALSE FALSE FALSE FALSE FALSE FALSE FALSE FALSE FALSE  TRUE FALSE  TRUE  TRUE
 [20] FALSE  TRUE FALSE FALSE FALSE FALSE  TRUE FALSE  TRUE FALSE FALSE FALSE FALSE FALSE  TRUE FALSE FALSE FALSE FALSE
 [39] FALSE  TRUE  TRUE  TRUE FALSE  TRUE  TRUE  TRUE  TRUE  TRUE FALSE FALSE FALSE FALSE FALSE FALSE  TRUE  TRUE  TRUE
 [58]  TRUE FALSE FALSE  TRUE FALSE  TRUE  TRUE FALSE FALSE FALSE FALSE  TRUE  TRUE  TRUE  TRUE FALSE FALSE FALSE  TRUE
 [77]  TRUE  TRUE  TRUE  TRUE FALSE FALSE FALSE FALSE  TRUE FALSE FALSE FALSE FALSE  TRUE  TRUE FALSE FALSE FALSE  TRUE
 [96] FALSE  TRUE FALSE FALSE  TRUE FALSE FALSE FALSE FALSE FALSE FALSE FALSE  TRUE FALSE  TRUE FALSE  TRUE FALSE  TRUE
[115] FALSE FALSE FALSE FALSE FALSE FALSE FALSE FALSE FALSE FALSE  TRUE FALSE  TRUE FALSE FALSE FALSE FALSE FALSE  TRUE
[134]  TRUE  TRUE FALSE  TRUE FALSE FALSE FALSE FALSE FALSE FALSE FALSE FALSE FALSE  TRUE FALSE FALSE FALSE FALSE FALSE
[153]  TRUE  TRUE FALSE  TRUE  TRUE FALSE  TRUE FALSE  TRUE FALSE  TRUE FALSE  TRUE  TRUE  TRUE  TRUE FALSE  TRUE FALSE
[172] FALSE FALSE FALSE FALSE FALSE FALSE FALSE FALSE FALSE FALSE  TRUE  TRUE FALSE FALSE FALSE FALSE  TRUE  TRUE FALSE
[191] FALSE  TRUE  TRUE FALSE FALSE  TRUE FALSE  TRUE  TRUE FALSE  TRUE FALSE FALSE FALSE FALSE  TRUE FALSE  TRUE  TRUE
[210]  TRUE FALSE  TRUE FALSE FALSE FALSE FALSE  TRUE  TRUE FALSE FALSE  TRUE  TRUE FALSE  TRUE FALSE FALSE FALSE FALSE
[229] FALSE  TRUE  TRUE FALSE  TRUE  TRUE  TRUE FALSE  TRUE  TRUE FALSE  TRUE FALSE  TRUE  TRUE FALSE  TRUE  TRUE  TRUE
[248] FALSE FALSE FALSE FALSE  TRUE  TRUE FALSE  TRUE  TRUE FALSE  TRUE FALSE  TRUE FALSE FALSE FALSE FALSE  TRUE FALSE
[267]  TRUE  TRUE FALSE  TRUE FALSE  TRUE FALSE FALSE  TRUE  TRUE FALSE FALSE FALSE FALSE FALSE FALSE  TRUE  TRUE  TRUE
[286]  TRUE FALSE  TRUE FALSE  TRUE  TRUE  TRUE  TRUE  TRUE  TRUE  TRUE  TRUE  TRUE  TRUE  TRUE FALSE FALSE  TRUE  TRUE
[305] FALSE FALSE FALSE  TRUE  TRUE  TRUE FALSE  TRUE FALSE FALSE FALSE FALSE FALSE  TRUE  TRUE FALSE FALSE  TRUE FALSE
[324]  TRUE FALSE  TRUE FALSE  TRUE  TRUE  TRUE FALSE FALSE  TRUE  TRUE  TRUE FALSE FALSE  TRUE  TRUE  TRUE  TRUE FALSE
[343] FALSE  TRUE FALSE FALSE  TRUE  TRUE  TRUE FALSE  TRUE FALSE  TRUE  TRUE  TRUE  TRUE  TRUE  TRUE  TRUE FALSE  TRUE
[362] FALSE FALSE  TRUE FALSE FALSE FALSE  TRUE  TRUE  TRUE FALSE  TRUE FALSE FALSE  TRUE  TRUE  TRUE FALSE  TRUE  TRUE
[381] FALSE  TRUE  TRUE  TRUE  TRUE  TRUE FALSE FALSE  TRUE FALSE FALSE  TRUE  TRUE FALSE  TRUE  TRUE  TRUE  TRUE FALSE
[400]  TRUE FALSE FALSE  TRUE  TRUE FALSE  TRUE FALSE  TRUE FALSE FALSE  TRUE FALSE  TRUE  TRUE FALSE  TRUE  TRUE  TRUE
[419] FALSE FALSE  TRUE FALSE  TRUE  TRUE FALSE  TRUE  TRUE  TRUE  TRUE  TRUE  TRUE  TRUE  TRUE  TRUE  TRUE FALSE  TRUE
[438] FALSE  TRUE FALSE FALSE  TRUE FALSE  TRUE FALSE  TRUE FALSE  TRUE  TRUE  TRUE  TRUE  TRUE  TRUE FALSE FALSE FALSE
[457] FALSE  TRUE FALSE  TRUE  TRUE  TRUE FALSE  TRUE FALSE  TRUE  TRUE  TRUE  TRUE  TRUE  TRUE  TRUE FALSE FALSE FALSE
[476]  TRUE FALSE  TRUE  TRUE  TRUE  TRUE  TRUE FALSE  TRUE FALSE FALSE  TRUE  TRUE  TRUE  TRUE  TRUE  TRUE  TRUE FALSE
[495]  TRUE FALSE  TRUE FALSE FALSE  TRUE  TRUE  TRUE  TRUE  TRUE FALSE FALSE  TRUE  TRUE FALSE  TRUE  TRUE  TRUE FALSE
[514]  TRUE  TRUE  TRUE FALSE FALSE  TRUE FALSE FALSE  TRUE  TRUE  TRUE  TRUE  TRUE  TRUE  TRUE  TRUE  TRUE  TRUE  TRUE
[533]  TRUE  TRUE  TRUE  TRUE  TRUE  TRUE FALSE  TRUE  TRUE FALSE  TRUE FALSE FALSE  TRUE  TRUE  TRUE  TRUE FALSE FALSE
[552]  TRUE FALSE  TRUE  TRUE FALSE  TRUE  TRUE  TRUE  TRUE  TRUE FALSE  TRUE  TRUE  TRUE  TRUE  TRUE  TRUE  TRUE FALSE
[571]  TRUE  TRUE  TRUE FALSE FALSE  TRUE FALSE FALSE  TRUE  TRUE  TRUE FALSE  TRUE  TRUE FALSE FALSE  TRUE  TRUE  TRUE
[590] FALSE  TRUE  TRUE  TRUE  TRUE  TRUE FALSE FALSE  TRUE  TRUE FALSE  TRUE  TRUE  TRUE  TRUE  TRUE  TRUE FALSE  TRUE
[609]  TRUE  TRUE  TRUE  TRUE FALSE  TRUE  TRUE  TRUE  TRUE FALSE  TRUE FALSE  TRUE FALSE  TRUE  TRUE  TRUE  TRUE FALSE
[628]  TRUE  TRUE  TRUE FALSE  TRUE  TRUE FALSE  TRUE FALSE FALSE  TRUE  TRUE  TRUE  TRUE  TRUE  TRUE FALSE  TRUE  TRUE
[647]  TRUE  TRUE  TRUE  TRUE  TRUE  TRUE  TRUE  TRUE  TRUE  TRUE  TRUE  TRUE  TRUE  TRUE  TRUE  TRUE  TRUE  TRUE  TRUE
[666] FALSE FALSE  TRUE FALSE  TRUE FALSE  TRUE  TRUE  TRUE  TRUE  TRUE  TRUE  TRUE  TRUE FALSE  TRUE  TRUE  TRUE  TRUE
[685]  TRUE FALSE  TRUE  TRUE  TRUE  TRUE FALSE  TRUE  TRUE  TRUE FALSE  TRUE FALSE FALSE  TRUE  TRUE  TRUE  TRUE  TRUE
[704]  TRUE  TRUE  TRUE  TRUE  TRUE FALSE  TRUE  TRUE  TRUE  TRUE  TRUE  TRUE  TRUE  TRUE  TRUE  TRUE  TRUE  TRUE  TRUE
[723]  TRUE  TRUE FALSE  TRUE FALSE  TRUE  TRUE FALSE  TRUE  TRUE  TRUE  TRUE  TRUE  TRUE  TRUE FALSE  TRUE  TRUE  TRUE
[742]  TRUE  TRUE  TRUE FALSE  TRUE  TRUE  TRUE  TRUE  TRUE  TRUE  TRUE  TRUE  TRUE  TRUE  TRUE  TRUE  TRUE  TRUE  TRUE
[761]  TRUE  TRUE  TRUE  TRUE  TRUE  TRUE  TRUE  TRUE  TRUE  TRUE  TRUE  TRUE  TRUE  TRUE  TRUE  TRUE  TRUE FALSE  TRUE
[780]  TRUE  TRUE  TRUE  TRUE  TRUE  TRUE  TRUE  TRUE  TRUE  TRUE  TRUE  TRUE  TRUE  TRUE  TRUE  TRUE  TRUE  TRUE  TRUE
[799]  TRUE  TRUE  TRUE  TRUE  TRUE  TRUE  TRUE  TRUE  TRUE  TRUE  TRUE  TRUE  TRUE  TRUE  TRUE

