
Birth-death simulation object with 186 species and 100 extant species

Details for some species:

Extinction times (NA means extant)
[1] 86.53492 69.98065 37.46110 48.25324 51.68927 40.67646


Speciation times 
[1] 87.26032 86.59061 86.07925 63.63765 59.57297 47.61531


Species parents (NA for initial)
[1] NA  1  2  3  3  3


Species status (extinct or extant)
[1] "extinct" "extinct" "extinct" "extinct" "extinct" "extinct"


For more details on vector y, try sim$y, with y one of
TE TS PAR EXTANT



$TE
  [1] 86.5349171 69.9806503 37.4610979 48.2532374 51.6892729 40.6764572 22.9265992 38.2657855 37.3833564         NA
 [11] 21.6376475 24.0988783         NA         NA 28.6757294 26.1261800         NA  8.4595097         NA 33.0815017
 [21] 30.8105357  2.0670981         NA         NA  2.1764739         NA 18.4757864  7.6390679 25.5021929         NA
 [31] 28.7313923 12.1323293 29.8671638 30.1915093 22.5309098 20.0948591         NA 12.1616691  8.4338129 36.1312555
 [41]  4.0232150 16.7169160 33.0459676         NA 29.5142441         NA         NA  5.3465744 16.8994204         NA
 [51]         NA 15.8359800  4.1476575         NA         NA         NA 10.1213638         NA 18.6880853 23.1785227
 [61] 20.6665092  6.0128067  7.5857279  3.1001091  1.3325445 15.4498238         NA         NA 23.9591470  6.2004750
 [71] 18.6388353         NA  4.6153195 25.0550108  9.7649864         NA         NA  5.7491852         NA         NA
 [81]  2.9131825         NA         NA         NA         NA         NA 14.4191677  9.4142368  9.2190906         NA
 [91]         NA         NA  0.5071888  8.6711804         NA         NA         NA  7.1204796  6.2106134         NA
[101]         NA         NA  8.9948477         NA         NA         NA         NA         NA 10.4032988  7.5247016
[111]  4.6386542 12.6375000         NA         NA  9.8808338         NA         NA         NA         NA 10.5182460
[121]         NA         NA         NA  7.9687224  0.6888215 11.7098862  7.7616752         NA         NA  8.5290437
[131]         NA  2.3165834         NA         NA         NA         NA 13.1128375 12.2018639  9.0119069         NA
[141]  0.1741660         NA         NA 11.7074418         NA         NA  3.2180654         NA  8.3090100         NA
[151]         NA  5.2953624         NA         NA         NA  0.5599773         NA         NA         NA         NA
[161]         NA         NA         NA         NA         NA         NA         NA         NA  2.9716596         NA
[171]         NA         NA         NA         NA         NA  0.9169282         NA         NA         NA         NA
[181]         NA         NA         NA         NA         NA         NA

$TS
  [1] 87.26032344 86.59060740 86.07924623 63.63764729 59.57296819 47.61531305 38.24749839 53.51315098 52.49706489
 [10] 49.81654452 40.15338002 39.75893427 44.20803600 39.56616211 39.42810059 38.30091120  9.87204114  9.77648260
 [19] 40.88007648 36.96044022 33.04239960 26.27040799 24.61338520  8.99365418  7.27474557  2.08918180 29.45772155
 [28] 29.18702281 25.95335233  0.11315265 33.19030202 28.38594011 36.70609794 34.54387309 30.40156967 25.03274772
 [37] 34.80046566 19.99003594 17.84511870 38.95017735 33.59046292 31.86956774 38.94909493 33.21348467 31.84090272
 [46] 32.92926980 31.38184280 25.79842224 19.15825270 18.24447784 33.18631567 23.04993731 15.14874778  9.93320537
 [55]  8.23517974  7.13421320 25.81035532  6.75026014 20.66930090 31.29176873 30.31229972 30.16334017 27.88164829
 [64] 18.76937853 24.54609221 21.64650328 26.12008052 25.53107640 24.42568677  6.50217743 20.33511228 27.86765633
 [73] 16.16520863 27.30802567 13.12094952  7.67106478 26.38086926 20.95627584  4.45629386  2.00573874 20.30969228
 [82] 11.27549939  9.16551330  9.04938942  6.15587312  2.52449910 18.93748201 12.16990427 12.02561389  0.97853325
 [91] 22.07817156 21.80865634 21.25280345 18.12651487  0.52330326 14.17302437  4.30208392 20.25594551  7.71584108
[100]  3.80403890 19.71633380  3.10921228 17.92664438  6.69666996 20.74418294 18.57961972  1.06139780 19.98898488
[109] 19.98347510 16.87637918 12.38910169 15.47685142 12.69602668 16.32946600 10.09288117  9.86388712  6.72241637
[118]  4.60405967  3.71593452 16.97274340  8.81051506  1.86686891 15.12276652  9.53834659 16.42934449 16.19401578
[127] 15.43456303  8.29966272 16.98553954 15.68405098 13.39651845 14.77535802 13.34662137 12.02962905  0.05110637
[136] 14.87635538 13.14059522 13.48369836 10.63942877  9.15919357  2.72548156  9.94577041  9.52952764 12.60194096
[145]  5.35814592  9.70996657  7.53380247 10.98265399 10.36806056  1.37355981  0.76525487  5.40707649  7.44327998
[154]  4.92344217  8.77797600  7.58981206  4.64671830  0.96123655  2.71508501  5.92202038  4.30999204  0.66028184
[163]  6.84209039  3.26739537  2.76843051  2.63031127  1.77320917  5.59992829  3.96260457  4.02764921  0.83724353
[172]  1.16807819  0.48476483  2.25427134  0.66049121  1.64389320  2.79722474  3.00986027  1.16243371  1.56016228
[181]  0.78125824  0.80641961  0.55477652  0.74453828  0.70895294  0.29838262

$PAR
  [1]  NA   1   2   3   3   3   3   4   4   8   8   8   9   9   9  10  10  10  13  13  13  13  13  13  13  13  19  19
 [29]  19  19  11  11  12  12  12  12  14  14  14  15  15  15  40  16  16  33  37  37  37  37  41  41  44  44  44  44
 [57]  51  51  46  45  47  47  47  47  61  61  62  62  62  62  27  28  28  32  32  63  74  77  77  77  22  22  67  67
 [85]  67  67  57  57  68  68  23  23  23  23  23  65  65  91  91  91  92  92  93  93  78 105 105  71  81  81  81  98
[113]  98 108 108 108 108 108 108 101 101 101  64  64 106 106  50  50  94  94  39 110 110 110 114  73 130 127  53 136
[141] 136 132 132 131 133 111 111 134  89  82  82 148  54 116  18 143  24  24 121 155 155 128  99 156  56  58  58 117
[169] 104  85 154 118 118  79 161  97 100 119 177  86 172 158 181 151 151 185

$EXTANT
  [1] FALSE FALSE FALSE FALSE FALSE FALSE FALSE FALSE FALSE  TRUE FALSE FALSE  TRUE  TRUE FALSE FALSE  TRUE FALSE
 [19]  TRUE FALSE FALSE FALSE  TRUE  TRUE FALSE  TRUE FALSE FALSE FALSE  TRUE FALSE FALSE FALSE FALSE FALSE FALSE
 [37]  TRUE FALSE FALSE FALSE FALSE FALSE FALSE  TRUE FALSE  TRUE  TRUE FALSE FALSE  TRUE  TRUE FALSE FALSE  TRUE
 [55]  TRUE  TRUE FALSE  TRUE FALSE FALSE FALSE FALSE FALSE FALSE FALSE FALSE  TRUE  TRUE FALSE FALSE FALSE  TRUE
 [73] FALSE FALSE FALSE  TRUE  TRUE FALSE  TRUE  TRUE FALSE  TRUE  TRUE  TRUE  TRUE  TRUE FALSE FALSE FALSE  TRUE
 [91]  TRUE  TRUE FALSE FALSE  TRUE  TRUE  TRUE FALSE FALSE  TRUE  TRUE  TRUE FALSE  TRUE  TRUE  TRUE  TRUE  TRUE
[109] FALSE FALSE FALSE FALSE  TRUE  TRUE FALSE  TRUE  TRUE  TRUE  TRUE FALSE  TRUE  TRUE  TRUE FALSE FALSE FALSE
[127] FALSE  TRUE  TRUE FALSE  TRUE FALSE  TRUE  TRUE  TRUE  TRUE FALSE FALSE FALSE  TRUE FALSE  TRUE  TRUE FALSE
[145]  TRUE  TRUE FALSE  TRUE FALSE  TRUE  TRUE FALSE  TRUE  TRUE  TRUE FALSE  TRUE  TRUE  TRUE  TRUE  TRUE  TRUE
[163]  TRUE  TRUE  TRUE  TRUE  TRUE  TRUE FALSE  TRUE  TRUE  TRUE  TRUE  TRUE  TRUE FALSE  TRUE  TRUE  TRUE  TRUE
[181]  TRUE  TRUE  TRUE  TRUE  TRUE  TRUE

