
Birth-death simulation object with 944 species and 500 extant species

Details for some species:

Extinction times (NA means extant)
[1] 107.23084  98.27244 101.76001 101.01846  92.20720  90.08545


Speciation times 
[1] 113.1998 110.5497 106.8682 103.6425 106.8308 103.6904


Species parents (NA for initial)
[1] NA  1  2  2  3  5


Species status (extinct or extant)
[1] "extinct" "extinct" "extinct" "extinct" "extinct" "extinct"


For more details on vector y, try sim$y, with y one of
TE TS PAR EXTANT



$TE
  [1] 107.23083954  98.27243824 101.76001278 101.01845684  92.20719991  90.08544658  82.63129433  91.11513633
  [9]  50.20691495  72.58855046  82.11762334  57.88035071  76.15856655  70.95597825  58.68463214  72.86791776
 [17]  51.25181368  78.83557514  53.95853293  70.74006034  58.01515327  78.66599130  80.89987708  70.07831204
 [25]  56.67747326  54.75938870  59.08774791           NA  59.64213977  76.98368689  70.53218697  70.04518013
 [33]  64.35205469  62.84034894  37.95645552  42.81247390  53.94973404  39.57984805  60.81738482  54.38796948
 [41]  37.34511404  34.43409154  74.84524055  11.81355787  74.96928654  64.87080316  26.55491951  64.79876522
 [49]           NA  49.84076178  27.44333823  22.35115829  42.58506964  29.48637399  19.65208187  37.57146469
 [57]  64.75406836  39.87465685  46.40692316  37.17124171  21.07148720           NA           NA           NA
 [65]  62.24380559  54.92186959  22.93147983  25.91162220  60.19312158  52.97924955  28.30098623  29.57492958
 [73]  25.05104915  30.52055555           NA  20.67336525  16.41070733           NA           NA           NA
 [81]           NA  29.40879653  27.91598476  23.01599752  43.23785153  29.59959416  24.56538924   4.31888095
 [89]           NA  32.45632051  52.11642035  16.26912903  25.44965924  40.18894611  11.59756211  33.48310982
 [97]  39.42177109  36.23217852  32.32620511  44.01139912           NA  27.83134853  33.09643349   7.56047378
[105]  35.10215940  40.88729996           NA           NA  43.98408788  26.27115384  52.64333783  25.47897347
[113]  31.55267841  48.09581220           NA  10.52358841   4.64196000           NA  37.59885209  26.69591253
[121]  21.71202505  17.29534468  13.39469472  21.71668915  32.48954320  46.61469490  17.54677192           NA
[129]  27.56459824  34.92140203  32.43514793  32.49771104           NA  22.57221870           NA           NA
[137]           NA  27.49634938  42.29266992           NA   4.18781938  31.67179748  39.66952955  28.80562209
[145]   2.33237650   0.90695601  40.16742090  25.75840806           NA           NA  42.57500520  36.47886985
[153]   9.10454432           NA  12.71176997   7.49994864  29.07847142  37.41654515           NA  10.03988191
[161]           NA  24.50008504  21.35204868  20.79424975  16.01537405  41.76851689   8.80260076  31.11022173
[169]  15.12464694  25.80465940  17.51959778   1.18324979  29.91562230   7.61018254  20.86888589  25.12097079
[177]           NA           NA           NA  32.38336412  36.79245214           NA   2.27236218  23.53148763
[185]  28.40620213  12.34536631   3.78616219           NA           NA   9.29085366  24.89999254  30.26561873
[193]  35.69028818  40.14430146  24.51053594  28.68212954           NA  38.31233697  41.49273318           NA
[201]  17.01453647  25.46122052  38.34026262  28.36982508           NA           NA           NA   6.70593591
[209]  10.70977727           NA  11.99424228  12.72199785  23.56721861           NA  30.96459834  30.84421838
[217]           NA  13.10140059           NA           NA           NA           NA           NA           NA
[225]  31.35792196  27.74240794   5.32412017           NA           NA  39.84185171  25.41586896  18.10063436
[233]  39.24089917  30.19958825           NA  24.95672093   5.05077456  13.11132471           NA  33.51885468
[241]           NA           NA  11.34276511   9.97395737           NA           NA  27.72118913  21.64369896
[249]  20.13500593  13.94052825           NA  15.57748856           NA  18.99026333   5.32804919           NA
[257]  20.15473719  23.35385203  28.73349020  32.85967139  14.18494621  34.63321210  28.62667572           NA
[265]  18.80581785  26.96025718   5.99496232   4.66267199  10.00314976   4.26802276   5.93739745           NA
[273]           NA   9.05927072  25.44003222  34.74656608  25.39404957  24.78812227  21.80256946  22.74460303
[281]           NA   5.89290942           NA   4.63024993  25.40239329  14.15844596  22.96590182   5.31562287
[289]           NA  23.74786023           NA  17.51763095           NA  33.47885071  15.85089454           NA
[297]           NA           NA   4.71448955           NA           NA   0.71027128           NA           NA
[305]  15.61886618           NA  28.98928444  17.15429692   1.41538912  26.69600457           NA           NA
[313]   2.22995776  27.26782220   7.25233384  19.19950012  20.27092835           NA           NA           NA
[321]   5.43519762           NA  29.67419546           NA           NA  15.46055936           NA  20.16901755
[329]           NA           NA  22.66123784   7.18238571   5.34958691  20.32544499  21.08002687  23.95905338
[337]           NA           NA  25.13122387  17.24098454           NA           NA   0.75395117  27.87551069
[345]  13.46790636   8.74807834           NA   9.25274639   8.60767104  18.73351678           NA  17.42709960
[353]  11.30961289   8.62450254  29.36782410   4.84794777           NA           NA           NA   0.09133499
[361]  17.80868678  22.68796668           NA           NA           NA           NA  21.98330774  13.38542844
[369]           NA           NA  18.75631562  11.98713441           NA  17.64452111  27.00979206           NA
[377]           NA  14.05123940           NA  10.89399227  14.85292520   2.25109044           NA           NA
[385]   6.04485994   9.62548097           NA   8.13500178   1.02324041           NA   7.49739914           NA
[393]           NA           NA           NA           NA           NA           NA  14.32643896           NA
[401]           NA           NA           NA           NA           NA           NA  18.91483383           NA
[409]           NA  23.27608316           NA           NA   3.17053970           NA           NA  18.74017315
[417]   4.59257215           NA  26.58478983  19.14499683           NA  12.26880251  13.29932395   0.21129772
[425]           NA   1.87599692   7.30920582   3.49341133   2.34040860           NA  17.72689648   7.24740109
[433]   9.20200796  20.53048357  24.48913484           NA   6.02245304           NA           NA           NA
[441]           NA           NA           NA           NA           NA           NA           NA           NA
[449]   3.58432776           NA           NA   8.22907127           NA           NA           NA           NA
[457]           NA  12.33306289           NA           NA  15.99039825   3.19725597           NA           NA
[465]  17.24245574           NA  21.31127620           NA  17.38159330           NA  24.61452239   5.84113204
[473]           NA           NA           NA  17.78369660           NA  15.41969045           NA           NA
[481]           NA           NA  16.93587438           NA  18.89043199           NA           NA  20.88140051
[489]  19.97028560           NA           NA  17.13190067           NA  18.08336945   7.80835955           NA
[497]           NA           NA           NA           NA           NA   7.90861709           NA   1.90378421
[505]   7.78640374           NA   9.81071170   9.44440585   6.13372977   5.22587632           NA  14.21354329
[513]   4.93481692  22.10587370           NA   8.32822543           NA           NA   2.64025053           NA
[521]   3.32895252           NA           NA  11.72448196  14.64479862  17.70230580           NA           NA
[529]   8.35827647           NA   9.64163664  10.91127910           NA           NA   2.33752981  19.43093032
[537]   1.72793751   9.16421536           NA           NA           NA           NA           NA   5.40912697
[545]           NA  14.90316948   2.63565132   3.27991440           NA  18.49008506           NA           NA
[553]           NA           NA           NA           NA           NA  13.97769565           NA   2.46056467
[561]  13.43095574  16.81894928           NA           NA           NA           NA           NA           NA
[569]           NA           NA  17.31203070           NA           NA           NA           NA   3.80095159
[577]   4.69414128           NA           NA   6.43440786           NA   2.98714003           NA           NA
[585]           NA           NA  14.45095073           NA  13.39759968  14.28446267           NA           NA
[593]           NA           NA  10.98500904   6.79289930           NA   5.63115186           NA           NA
[601]   4.70712788           NA           NA           NA           NA           NA           NA   9.84049351
[609]   7.24268946   1.33342106           NA   5.50839378           NA   5.26317799           NA           NA
[617]           NA           NA           NA           NA           NA   8.53052161           NA           NA
[625]           NA           NA           NA           NA           NA           NA   7.13345649           NA
[633]           NA   5.03784447   2.92655937           NA           NA           NA           NA           NA
[641]           NA   0.07421781           NA           NA   1.24591415           NA           NA           NA
[649]           NA           NA  10.94484135           NA           NA           NA           NA   9.10656352
[657]   0.70630755  13.91153791           NA   0.63891698           NA           NA           NA           NA
[665]           NA           NA           NA   8.73750110           NA           NA   0.72976706   8.40066841
[673]           NA   1.22376672           NA           NA           NA   3.98565211   4.44997355           NA
[681]   2.16481244           NA           NA           NA           NA           NA  10.53056897   1.57622805
[689]           NA   2.89803436           NA  13.99064865           NA           NA           NA   3.46833060
[697]           NA           NA           NA           NA   5.37757490           NA           NA           NA
[705]           NA           NA           NA           NA   1.34866028   4.31056441           NA  10.76662665
[713]   7.43925027   4.23610437           NA   6.65192616           NA   5.17481696   7.23331230           NA
[721]           NA           NA           NA           NA           NA   2.11258104           NA           NA
[729]           NA           NA           NA           NA           NA           NA           NA           NA
[737]           NA           NA           NA           NA   2.87465785           NA           NA           NA
[745]           NA           NA           NA   1.24019429           NA           NA           NA   8.66190054
[753]           NA           NA           NA   1.39283841           NA           NA           NA   1.42125731
[761]           NA           NA           NA   3.15219188   2.50460240           NA           NA   0.65314031
[769]           NA           NA           NA           NA           NA           NA           NA           NA
[777]           NA   7.33072990           NA           NA           NA           NA           NA   1.10604361
[785]           NA   1.93757414           NA           NA           NA   2.85742179           NA           NA
[793]   5.23646684   2.95048843           NA           NA           NA           NA           NA           NA
[801]           NA           NA           NA           NA           NA           NA           NA           NA
[809]           NA           NA   0.51062405           NA           NA           NA           NA           NA
[817]   3.06176394           NA   2.35419972   6.03465242           NA   2.17531013           NA   2.25906440
[825]           NA           NA           NA           NA           NA           NA   5.92983896   6.25465534
[833]           NA           NA           NA   2.02764692           NA   0.76396010           NA           NA
[841]           NA           NA           NA           NA           NA   0.45930462           NA   3.56910942
[849]           NA           NA   3.03778801           NA           NA   0.43206328           NA           NA
[857]   5.50098720           NA           NA           NA           NA           NA           NA           NA
[865]           NA           NA           NA           NA   4.13461322           NA           NA           NA
[873]           NA           NA           NA           NA           NA           NA           NA   2.78385010
[881]   0.20652411           NA           NA           NA           NA   0.57821896           NA           NA
[889]           NA           NA           NA           NA           NA           NA           NA           NA
[897]   3.77148266           NA   0.81561981           NA           NA           NA           NA           NA
[905]           NA           NA           NA           NA           NA           NA           NA           NA
[913]           NA           NA   0.14441190           NA   0.41095460           NA           NA           NA
[921]           NA   0.59134932           NA           NA           NA           NA           NA           NA
[929]           NA           NA           NA   1.17232181           NA           NA           NA           NA
[937]           NA           NA           NA           NA           NA           NA           NA           NA

$TS
  [1] 113.19979766 110.54967275 106.86819504 103.64247747 106.83080909 103.69043855  98.69426283  94.78127369
  [9]  94.10706665  93.72793860  91.34618908  85.65409816  83.21108178  85.51957103  79.46856866  73.84441352
 [17]  56.80790873  82.64471445  79.65196476  78.19965300  89.63985212  84.37277757  82.50543755  81.57717632
 [25]  79.50111059  78.23308645  72.67238399  62.83707488  61.61907376  82.97714209  77.06188181  82.64314678
 [33]  64.48440659  75.30487602  58.66721424  70.10398726  65.78804754  72.47750262  70.05018065  62.83266029
 [41]  55.72997980  78.19670699  77.74528421  49.70080375  76.90100055  74.38005840  73.28919964  68.06891137
 [49]  70.55378785  66.39753411  41.59995001  26.82189308  55.39556752  51.21047412  44.02796269  68.37325206
 [57]  64.99865400  57.24797246  53.32230982  50.28692081  31.04094593  20.10115129  16.25151832  15.80389458
 [65]  69.53988734  61.70879528  49.31355797  62.26672537  67.11447295  61.21073608  56.46361226  54.40798484
 [73]  40.79796786  33.05187931  31.55212875  22.93491161  19.26648848   8.41175820   3.33036145   1.72581615
 [81]   0.64819856  55.19065679  61.89088203  31.88854180  48.35079025  42.96262613  37.37622048  33.82065843
 [89]  28.74422339  60.54651530  59.66637168  54.91832768  43.37886607  54.62003888  47.83497245  55.60999971
 [97]  41.34043453  54.94814186  54.93299808  49.65300390  52.16790931  49.23788457  45.37737088  44.05929198
[105]  47.78641782  41.97216032  33.61658731  43.32372855  52.10214115  44.37878824  53.22684286  40.30970043
[113]  36.26510984  50.14473015  47.48337707  26.95946510  24.51941600  48.26622183  44.45626804  41.34774907
[121]  54.04876736  35.01547060  30.91129615  42.55758256  34.95632447  52.49043179  52.06556860  51.46921544
[129]  50.76772618  46.99804434  38.51726773  35.02219094  32.21936829  28.79896797  27.54671810   9.39719084
[137]   8.09242001  46.95244951  46.73338734  39.73027085  38.35523538  37.75241321  49.22354437  32.69631133
[145]  26.10395516  12.15152912  41.58224128  38.25508501  37.18036991  49.21260908  44.44092388  39.84858969
[153]  26.06972899  16.47776848  36.79274382  24.68653354  48.95871482  42.59417126  27.79277138  25.07365464
[161]   8.04168676  48.29020763  47.53346968  29.93447694  37.58648745  46.32702390  44.33777628  40.24709804
[169]  35.27999934  33.21228779  20.33924073   7.39581735  36.92650164  35.62501048  29.18747972  25.51875703
[177]  22.75900931  15.09270105  14.50309413  46.46532021  45.81368553  31.00188605  24.60052416  43.31340913
[185]  31.97232922  28.56178907  28.09196649  26.60345308   9.33783483  43.25305300  39.64149773  31.89313622
[193]  45.42379855  43.68136192  35.44492100  45.23109369  36.66473376  44.91032099  44.49937024  28.72342569
[201]  39.40591209  43.79856487  41.21826620  42.66847026  33.68866711  20.83070007  20.56901075  16.28050206
[209]  15.92413937  14.85766292  14.42894969  12.88296016  31.51853474  41.56544960  40.25030015  40.64552376
[217]  29.18580243  43.12848447  40.98413823  21.26419459  17.77741787  12.72767138  11.77455655   4.96423392
[225]  39.65368810  31.78246758  16.82690055  35.83988593  40.72580141  41.98051233  36.61294413  23.92232410
[233]  41.91704554  35.45949809  28.47737902  40.20362910  39.36480394  18.31329138  10.77287537  41.03233332
[241]  40.44082010  37.28352547  36.10116958  31.72498370   9.83796448   2.39669577  36.94993422  34.62488196
[249]  39.78753370  33.75025559  36.96196255  27.76819673  26.59132235  22.30414589  20.23455356  18.77879377
[257]  27.95917832  27.00812206  37.38362795  33.11649357  36.79071025  35.14226437  34.08099161  31.65277363
[265]  37.52060290  38.46176001  34.08365128  25.86655435  34.74032595  23.27138783   9.12098545   5.83127765
[273]   0.71388698  37.37849854  35.64091989  38.63587217  29.30380909  26.54730777  23.60058154  33.56416758
[281]  32.00754302  18.53577305  11.76148989   9.26010600  35.58183362  28.15076844  24.13909544  20.81562606
[289]  19.27563516  31.88301193  10.39088367  36.50843205  24.79523650  34.15289204  16.43423227   6.68658541
[297]   3.42045571  34.98534983   4.80688585   4.15705938   3.46647428   3.01892237   0.14626596  32.32604713
[305]  34.82625688  31.65098233  29.63306574  29.59103650  29.07149686  29.04223941  22.09915218  18.54291264
[313]  14.63228890  35.77186215  34.33034731  31.74472423  29.54249731   4.63862468   0.93169376  29.89238616
[321]  20.96515524  19.55151052  36.02851299  34.39228745  13.79699352  28.63164508  29.18113822  20.98416048
[329]  19.24482732  33.25540565  32.77219283  29.44166536  26.66460062  23.25422212  33.93886228  28.18870491
[337]  28.12300946  26.96851218  32.40217095  28.53134187  19.28697916   3.50860898   3.48219661  29.29423683
[345]  26.78455072  25.38846443  21.62489490  17.46559008  14.81861138  19.40957715   8.02101239  20.26918194
[353]  19.52118516   9.18520835  29.87236679  25.38368826  29.24286185  18.66541024  17.68770652  12.73803630
[361]  18.90775697  24.16953053  11.39589589   4.79567661  12.52918503  11.88759632  32.76742283  31.84941778
[369]  17.30340593  16.35997702  31.95157592  28.70870661  26.39174253  30.72405336  28.10532554  10.59654494
[377]   6.25196641  26.92281762   9.99871960  18.66686864  14.90408189  31.66767085  30.54665318  26.81853977
[385]  22.32796180  14.08181135  12.55572561  26.02118216  20.66165778   7.83737586  19.34584926  15.25701549
[393]  10.89175261   6.55225310   6.11682736  16.09698044   7.86319604  28.27952791  27.21336256  22.09178710
[401]  13.64248347  11.29787558   4.19897332  12.48054035   7.28485415   5.09121009  22.03379537  24.32995661
[409]  28.37428495  25.34442025  24.32139574  20.80520758  11.21740462  10.77057415   5.00934322  29.18486190
[417]   6.23721303   3.93362726  28.63365272  23.24626715  22.99140778  15.59538173  13.82129850  11.52881048
[425]  19.59582567  15.50154401  22.26911540   8.68391282  27.10194238   2.78471752  18.72797604  11.32168636
[433]  11.17653500  27.83435979  27.47102396  19.69956542  17.49158716  26.76243648  14.23613446  20.14530833
[441]  17.94576309   3.10822607  23.67260642  12.09838001   8.31099416   8.09741923  26.37962894  26.23940531
[449]  19.54204872  14.00722679  12.10282753   9.01706195   0.14488156   7.85911540  13.52688703   9.38142792
[457]   6.65288304  23.72282012  15.67501303   3.90922413  23.52332778  19.73370007   8.02958113   2.51274597
[465]  24.00570890   8.31256528  24.24287402  17.37126911  24.74672188  16.51826761  25.04322093  14.42795043
[473]  10.59495443   1.58064303   0.22983008  19.46751672  21.00543839  19.55637277   5.58314321   1.65676704
[481]   0.71669582   0.64653624  18.02032178   7.65396508  20.74423658  17.58008803   9.36270054  22.65815483
[489]  20.65642922  13.03294655   9.30464470  17.19837699   6.16190506  23.86641680  19.06060645  12.89608593
[497]   2.81187843   7.29577458   3.31749138   2.40887307  24.61376911  10.93110604  11.17926211  21.36053213
[505]  19.04295266  10.48373339  23.65935839  11.82330364  20.23453510  20.01235060  15.21983435  24.10466132
[513]  16.90432984  22.62927623   4.77703476  16.30367551  13.07027447  15.92372019   8.20574492  24.07083728
[521]  19.23221387   2.47287908  19.96883670  22.08626401  19.78000358  20.40599202  17.36066714   6.50857949
[529]  20.82372833  11.22847105  13.86259521  13.15234841   5.43868721   5.26909783   5.23189998  22.78591691
[537]  22.13457530  18.58886257  18.23566615  11.40921548   8.55833835   6.11640284  16.37931821  13.03867057
[545]  10.34561778  18.15456538  17.12975150   8.30250993   7.32201057  20.91295969  12.18380323   9.50247713
[553]   2.19441151  13.72446738  12.24971342  20.71702985  15.32698732  21.44369376   6.31795070   3.53835250
[561]  19.33774062  17.38073266  14.63027443  16.76408037   6.35046710   5.01323654   2.30111988  16.76164185
[569]   8.01689570  19.50999551  18.07204814  14.49148868   5.77298784  17.72524779  17.34016446   8.26405845
[577]  10.48909965   5.59218894   2.12701304  13.24380532  18.40867152  16.21959784   8.67726923  19.79569140
[585]   7.14081348  15.36261884  15.59051907  13.35399369  17.64591959  17.21647561  11.00710337   2.19002036
[593]  16.56233935  15.76524585  15.61396100  10.31114083  14.29609323  12.78096639   6.17116312   5.70506988
[601]   4.89646073  18.03028491  10.08322285   4.37955705   3.97607346   8.94040645  14.48120300  18.99522521
[609]  11.83280293  16.07968234  15.48388687  13.89753279  13.57597469  11.37102495  14.37653437   4.76995545
[617]  18.38102670   1.39637808  11.21813663   9.54147820   3.80598638  11.08805827  18.04967713   3.59733651
[625]  18.08458440  18.17293628  15.49416415  14.83142158   8.67660407  11.85856795  17.67748678   8.75219514
[633]  15.55741919  18.20701711  15.44287703  17.84120113   2.47026864   0.37703464   7.75048761   5.80252049
[641]   1.68357031  11.38109838   5.98802393   8.50128883   9.25086559  12.23888285   9.44126214   4.14910102
[649]  12.62093600   0.74936696  14.35800894   7.62491552  14.47529192  17.20842661  15.76306441  12.23694503
[657]  15.48606179  14.22885250   8.53823665   7.35442639   3.37267222   1.85129026   0.71749515   0.59911513
[665]  14.12130629  14.10464581  13.18774112  10.17714634   8.56347649  10.50369512  15.54490078  14.32830733
[673]   5.44687418   4.13764074   1.90277066  14.44073417   4.47725919  13.00021472  12.40758964   6.92761021
[681]  13.65151180   7.87859977   4.67592088  15.83533245  14.40735347  10.94698627  11.45402595  10.84393018
[689]  11.36417308  10.09553330   0.74682752  15.00971502   9.70824617   5.39057477  11.72206595   3.50633369
[697]   3.82063567  10.16441016   6.00419718  14.82508397  11.49653322   9.42840959   8.77767188   4.75855429
[705]   2.95395478   6.78666186   4.82018575   8.51303237   7.32374735   5.56087784   6.02738613  14.54045241
[713]  11.35381245   6.57842851   4.37193419  10.92783187   2.14532895  11.36324649   7.77396613   1.81239600
[721]  13.82797756   5.89942613   3.12870521   3.03600229  12.22271004   3.72446861  13.32765138  11.45927542
[729]   5.98408200   5.35676693   8.40440553   6.36911929   5.62318349   2.20178994  11.23747249   9.34492225
[737]   8.00483933   7.66844374   3.57131764  12.39836127   8.76247045   8.76443501  10.20442391   8.51608823
[745]   4.30037436   5.65613970  11.97609728   9.69739484   7.11125883   2.24832977   6.94200928  11.28698686
[753]   7.25371050  10.61943620   8.72066495   6.87520127   6.32432940   5.58834740   1.94025267   9.64542880
[761]   7.13127876   8.69139395   5.78136102   3.93680305   6.23089884   1.21155547   0.51170281   6.99432090
[769]  10.38328789   9.70913302   5.70713666   3.99656891   1.17089536   8.54903970   5.93449932  10.61588649
[777]   5.36306018  10.45737484   2.97915365   7.29453828   1.71979029  10.08060153   6.68897368   8.02545144
[785]   2.99695398   4.02962328   8.74639925   7.02460608   0.28778935  10.03360859   2.92623095   1.11899748
[793]   9.81304989  10.37424749   9.81582296   7.61819947  10.25331377   4.02970035   4.97945987   6.87161579
[801]   1.38816871   3.51501546   4.25404836   1.68256789   3.83000510   6.92742652   6.10207717   5.86076586
[809]   7.11694447   0.58960853   8.32850633   6.67164715   5.77697727   3.34883955   0.94508038   5.92843056
[817]   4.72806185   0.30080938   7.64578124   7.76865879   8.06359555   6.61998498   6.54412640   7.67327418
[825]   4.01617482   0.35941987   8.63607358   8.14375816   8.27748907   7.27116590   5.94117195   7.34333046
[833]   6.69508504   4.23710610   5.38095090   4.46777077   3.09759794   4.47211250   7.91090158   4.49624200
[841]   1.37007852   4.39381704   7.50564555   2.36991110   7.16050669   4.11514252   3.07953654   6.17141432
[849]   0.91899200   6.51415921   5.60980063   1.93814079   1.36547479   7.95906854   5.13366685   0.68353851
[857]   5.90170652   7.55257835   6.38143156   1.87553819   0.98117016   0.10276237   5.63546996   1.42658135
[865]   1.75356916   6.04803421   5.28575208   7.50797315   6.42679080   1.97254460   5.77240806   6.10494004
[873]   7.16308462   2.92684414   5.86642961   2.86204287   0.15715485   5.43781484   5.86413306   5.24078608
[881]   4.27278973   3.81550708   5.65375343   5.23876147   1.92746339   0.84419059   3.61037350   1.44694223
[889]   5.52422198   3.18179746   5.30372536   2.70246581   5.24500864   3.34545711   2.84133574   5.55206439
[897]   4.23032028   0.24701232   3.61775136   4.27722979   2.26494179   4.31864042   5.03009001   4.85308937
[905]   4.29714504   0.60070794   4.58047487   2.94714894   0.68616924   0.18767032   4.73675188   0.55377426
[913]   3.56486252   0.96286629   4.55782287   4.15212990   1.89141973   0.15056737   1.26037185   2.60489476
[921]   0.98821222   2.86583623   1.62035047   0.19695206   0.07008570   1.54379627   0.14458725   0.40625243
[929]   2.46894056   1.15797500   2.22676840   1.57597643   0.21626250   1.35358385   0.16516240   1.20700354
[937]   1.57024984   1.13499682   1.22052403   0.37491807   0.96450502   0.15450414   0.59584145   0.01229884

$PAR
  [1]  NA   1   2   2   3   5   5   5   5   6   6   7   7   9   9   9   9  10  10  10  11  11  21  21  21  21  21  21
 [29]  21  12  14  13  19  25  25  15  15  26  26  26  26  20  42  42  31  31  31  46  47  47  47  47  38  38  38  49
 [57]  49  49  49  49  49  49  49  49  36  36  36  39  56  69  50  37  28  28  28  28  28  28  28  28  28  40  68  68
 [85]  83  83  83  83  83  70  70  90  90  91  35  58  58  17  71  71  41  41  41  41  96  96  96  53  82  82  98  98
[113]  98  92  92  92  92  94  94  94  72  72  72 121 121  59  59  59  59 126 101 101 101 101 101 101 101 109 127 127
[141] 127 127 128 128 128 128  54  54 129  60  44  44  44  44  67  67 102 102 150 150 150 157 157 157 162 118 118 118
[169] 118 118 118 118  95  95  95  95  95  95  95 105 105 163 163 115 115 115 115 115 115 138 138 138 180 180 180 193
[197] 193 196 196 196 198 199 119 167 167 167 167 167 167 167 167 167 104  55  55 194  93 108 108 108 108 108 108 108
[225] 184 184 190 218 204 124 124 124 106  51  51 147 214 214 214 120  97 240 219 219 219 219  73  73 216 216 241 241
[253] 241 241 241 241 112 112 215 215 168 168 168 168 152 249 249 249 140 140 140 140 140 225 225 201 201 201 237 131
[281] 266 141 141 141 142 165 165 165 265 259 274  87  87 149 149 149 149 251 251 251 251 251 251 247 155 155 155 155
[309] 155 155 261 261 261 197 197 197 197 197 197 292 292 292 113 113 228 275 174 174 174 285 234 195 195 169 132 122
[337] 122 122 298 298 298 298 298 269 269 269 269 269 269 324 324 315 315 315 267 267 335  88  88  88 250 205 205 205
[365] 107 107 330 330 330 330 170 170 170 304 304 304 304 133 133 281 281 185 244 244 244 244 244 382 382 382 264 264
[393] 264 264 264 306 306  75  75  75  75  75  75 182 182 182 123 374 383 383 383 383 383 383 383 164 320 320 308 308
[421] 317 332 332 332 357 357 217 217 327 327 309 309 309 310 310  89  89 200 200 235 235 235 409 409 409 409 336 286
[449] 337 337 337 337 337 187 159 159 159 252 135 135 399 399 429 429 338 338 116 116 378 378 384 384 384 384 384 345
[477] 438 438 438 438 438 438 333 333 188 188 188 253 253 253 253 373 373 447 447 447 447 448 448 448 145 145 153 268
[505] 268 268 346 346 356 160 293 156 156 501 501 183 117 408 408 411 411 411 512 465 458 443 443 443 270 270 421 421
[533] 421 421 421  76 488 385 385 385 385 385 427 427 427 537 537 537 537 311 311 311 311 400 400 524 524 407 347 347
[561] 558 504 504 477 477 477 477 321 321 550 206 288 288 412 412 412 556 556 556 389 207 207 207 352 255 440 510 510
[589] 523 523 523 523 584 584 584 584 462 436 436 425 425 322 322 322 322 449 353 570 391 561 341 341 341 341 289 289
[617]  77 329 521 521 521 495 505 256 380 358 358 358 358 538 581 581 617 539 634 626 623 623 602 602 602 441 441 636
[645] 221 574 574 574 359 359 589 486 437 468 468 468 527 369 369 369 369 369 369 369 547 564 564 568 568 470 543 543
[673] 543 543 543 370 370 208 208 208  63  63  63 610 610 209 684 594 655 655 459 422 633 633 671 627 657 611 611 635
[701] 586 586 392 392 392 178 178 700 700 700 313 563 563 563 563 607 676 685 439 439 665 665 666 666 450 450 612 612
[729] 554 681 455 455 588 588 667 667 667 667 667 517 544 678 496 496 496 598 222 222 222 222 649 387 387 365 365 365
[757] 365 365 404 679 679 740 551 551 747 747 747 366 223 223 695 695 424 728 728 363 363 642 642 432 402 735 735 530
[785] 619 686 716 239 239 376 376 376 473 577 778 778 769 769 794 545 545 698 603 603 782 790 790 790 379 379 245 770
[813] 693 760 620 552 552 552 456 736 271 271 271 606 606 703 742 742 632 632 632 755 755 428 583 583 583 629 827 827
[841] 827 669 541 659 744 744 744 644 644  78  78  78 811 445 445 445 548 576 576 446 446 446 137 821 161 784 854 397
[869] 484 868 172 660 709 709 498 498 498 405 830 753 761 809 768 800 706 783 850 732 565 757 765 395 542 542 807 729
[897] 816 875 272 746 578 710 896 896 533 777 730 730 730 730 891 891 884 224 704 683 683 840 842 905 881 648 605 621
[925] 621 661  79 499 847 791 522 901 553 592 885 662  80  80 781 936 938 906 664 767

$EXTANT
  [1] FALSE FALSE FALSE FALSE FALSE FALSE FALSE FALSE FALSE FALSE FALSE FALSE FALSE FALSE FALSE FALSE FALSE FALSE FALSE
 [20] FALSE FALSE FALSE FALSE FALSE FALSE FALSE FALSE  TRUE FALSE FALSE FALSE FALSE FALSE FALSE FALSE FALSE FALSE FALSE
 [39] FALSE FALSE FALSE FALSE FALSE FALSE FALSE FALSE FALSE FALSE  TRUE FALSE FALSE FALSE FALSE FALSE FALSE FALSE FALSE
 [58] FALSE FALSE FALSE FALSE  TRUE  TRUE  TRUE FALSE FALSE FALSE FALSE FALSE FALSE FALSE FALSE FALSE FALSE  TRUE FALSE
 [77] FALSE  TRUE  TRUE  TRUE  TRUE FALSE FALSE FALSE FALSE FALSE FALSE FALSE  TRUE FALSE FALSE FALSE FALSE FALSE FALSE
 [96] FALSE FALSE FALSE FALSE FALSE  TRUE FALSE FALSE FALSE FALSE FALSE  TRUE  TRUE FALSE FALSE FALSE FALSE FALSE FALSE
[115]  TRUE FALSE FALSE  TRUE FALSE FALSE FALSE FALSE FALSE FALSE FALSE FALSE FALSE  TRUE FALSE FALSE FALSE FALSE  TRUE
[134] FALSE  TRUE  TRUE  TRUE FALSE FALSE  TRUE FALSE FALSE FALSE FALSE FALSE FALSE FALSE FALSE  TRUE  TRUE FALSE FALSE
[153] FALSE  TRUE FALSE FALSE FALSE FALSE  TRUE FALSE  TRUE FALSE FALSE FALSE FALSE FALSE FALSE FALSE FALSE FALSE FALSE
[172] FALSE FALSE FALSE FALSE FALSE  TRUE  TRUE  TRUE FALSE FALSE  TRUE FALSE FALSE FALSE FALSE FALSE  TRUE  TRUE FALSE
[191] FALSE FALSE FALSE FALSE FALSE FALSE  TRUE FALSE FALSE  TRUE FALSE FALSE FALSE FALSE  TRUE  TRUE  TRUE FALSE FALSE
[210]  TRUE FALSE FALSE FALSE  TRUE FALSE FALSE  TRUE FALSE  TRUE  TRUE  TRUE  TRUE  TRUE  TRUE FALSE FALSE FALSE  TRUE
[229]  TRUE FALSE FALSE FALSE FALSE FALSE  TRUE FALSE FALSE FALSE  TRUE FALSE  TRUE  TRUE FALSE FALSE  TRUE  TRUE FALSE
[248] FALSE FALSE FALSE  TRUE FALSE  TRUE FALSE FALSE  TRUE FALSE FALSE FALSE FALSE FALSE FALSE FALSE  TRUE FALSE FALSE
[267] FALSE FALSE FALSE FALSE FALSE  TRUE  TRUE FALSE FALSE FALSE FALSE FALSE FALSE FALSE  TRUE FALSE  TRUE FALSE FALSE
[286] FALSE FALSE FALSE  TRUE FALSE  TRUE FALSE  TRUE FALSE FALSE  TRUE  TRUE  TRUE FALSE  TRUE  TRUE FALSE  TRUE  TRUE
[305] FALSE  TRUE FALSE FALSE FALSE FALSE  TRUE  TRUE FALSE FALSE FALSE FALSE FALSE  TRUE  TRUE  TRUE FALSE  TRUE FALSE
[324]  TRUE  TRUE FALSE  TRUE FALSE  TRUE  TRUE FALSE FALSE FALSE FALSE FALSE FALSE  TRUE  TRUE FALSE FALSE  TRUE  TRUE
[343] FALSE FALSE FALSE FALSE  TRUE FALSE FALSE FALSE  TRUE FALSE FALSE FALSE FALSE FALSE  TRUE  TRUE  TRUE FALSE FALSE
[362] FALSE  TRUE  TRUE  TRUE  TRUE FALSE FALSE  TRUE  TRUE FALSE FALSE  TRUE FALSE FALSE  TRUE  TRUE FALSE  TRUE FALSE
[381] FALSE FALSE  TRUE  TRUE FALSE FALSE  TRUE FALSE FALSE  TRUE FALSE  TRUE  TRUE  TRUE  TRUE  TRUE  TRUE  TRUE FALSE
[400]  TRUE  TRUE  TRUE  TRUE  TRUE  TRUE  TRUE FALSE  TRUE  TRUE FALSE  TRUE  TRUE FALSE  TRUE  TRUE FALSE FALSE  TRUE
[419] FALSE FALSE  TRUE FALSE FALSE FALSE  TRUE FALSE FALSE FALSE FALSE  TRUE FALSE FALSE FALSE FALSE FALSE  TRUE FALSE
[438]  TRUE  TRUE  TRUE  TRUE  TRUE  TRUE  TRUE  TRUE  TRUE  TRUE  TRUE FALSE  TRUE  TRUE FALSE  TRUE  TRUE  TRUE  TRUE
[457]  TRUE FALSE  TRUE  TRUE FALSE FALSE  TRUE  TRUE FALSE  TRUE FALSE  TRUE FALSE  TRUE FALSE FALSE  TRUE  TRUE  TRUE
[476] FALSE  TRUE FALSE  TRUE  TRUE  TRUE  TRUE FALSE  TRUE FALSE  TRUE  TRUE FALSE FALSE  TRUE  TRUE FALSE  TRUE FALSE
[495] FALSE  TRUE  TRUE  TRUE  TRUE  TRUE  TRUE FALSE  TRUE FALSE FALSE  TRUE FALSE FALSE FALSE FALSE  TRUE FALSE FALSE
[514] FALSE  TRUE FALSE  TRUE  TRUE FALSE  TRUE FALSE  TRUE  TRUE FALSE FALSE FALSE  TRUE  TRUE FALSE  TRUE FALSE FALSE
[533]  TRUE  TRUE FALSE FALSE FALSE FALSE  TRUE  TRUE  TRUE  TRUE  TRUE FALSE  TRUE FALSE FALSE FALSE  TRUE FALSE  TRUE
[552]  TRUE  TRUE  TRUE  TRUE  TRUE  TRUE FALSE  TRUE FALSE FALSE FALSE  TRUE  TRUE  TRUE  TRUE  TRUE  TRUE  TRUE  TRUE
[571] FALSE  TRUE  TRUE  TRUE  TRUE FALSE FALSE  TRUE  TRUE FALSE  TRUE FALSE  TRUE  TRUE  TRUE  TRUE FALSE  TRUE FALSE
[590] FALSE  TRUE  TRUE  TRUE  TRUE FALSE FALSE  TRUE FALSE  TRUE  TRUE FALSE  TRUE  TRUE  TRUE  TRUE  TRUE  TRUE FALSE
[609] FALSE FALSE  TRUE FALSE  TRUE FALSE  TRUE  TRUE  TRUE  TRUE  TRUE  TRUE  TRUE FALSE  TRUE  TRUE  TRUE  TRUE  TRUE
[628]  TRUE  TRUE  TRUE FALSE  TRUE  TRUE FALSE FALSE  TRUE  TRUE  TRUE  TRUE  TRUE  TRUE FALSE  TRUE  TRUE FALSE  TRUE
[647]  TRUE  TRUE  TRUE  TRUE FALSE  TRUE  TRUE  TRUE  TRUE FALSE FALSE FALSE  TRUE FALSE  TRUE  TRUE  TRUE  TRUE  TRUE
[666]  TRUE  TRUE FALSE  TRUE  TRUE FALSE FALSE  TRUE FALSE  TRUE  TRUE  TRUE FALSE FALSE  TRUE FALSE  TRUE  TRUE  TRUE
[685]  TRUE  TRUE FALSE FALSE  TRUE FALSE  TRUE FALSE  TRUE  TRUE  TRUE FALSE  TRUE  TRUE  TRUE  TRUE FALSE  TRUE  TRUE
[704]  TRUE  TRUE  TRUE  TRUE  TRUE FALSE FALSE  TRUE FALSE FALSE FALSE  TRUE FALSE  TRUE FALSE FALSE  TRUE  TRUE  TRUE
[723]  TRUE  TRUE  TRUE FALSE  TRUE  TRUE  TRUE  TRUE  TRUE  TRUE  TRUE  TRUE  TRUE  TRUE  TRUE  TRUE  TRUE  TRUE FALSE
[742]  TRUE  TRUE  TRUE  TRUE  TRUE  TRUE FALSE  TRUE  TRUE  TRUE FALSE  TRUE  TRUE  TRUE FALSE  TRUE  TRUE  TRUE FALSE
[761]  TRUE  TRUE  TRUE FALSE FALSE  TRUE  TRUE FALSE  TRUE  TRUE  TRUE  TRUE  TRUE  TRUE  TRUE  TRUE  TRUE FALSE  TRUE
[780]  TRUE  TRUE  TRUE  TRUE FALSE  TRUE FALSE  TRUE  TRUE  TRUE FALSE  TRUE  TRUE FALSE FALSE  TRUE  TRUE  TRUE  TRUE
[799]  TRUE  TRUE  TRUE  TRUE  TRUE  TRUE  TRUE  TRUE  TRUE  TRUE  TRUE  TRUE FALSE  TRUE  TRUE  TRUE  TRUE  TRUE FALSE
[818]  TRUE FALSE FALSE  TRUE FALSE  TRUE FALSE  TRUE  TRUE  TRUE  TRUE  TRUE  TRUE FALSE FALSE  TRUE  TRUE  TRUE FALSE
[837]  TRUE FALSE  TRUE  TRUE  TRUE  TRUE  TRUE  TRUE  TRUE FALSE  TRUE FALSE  TRUE  TRUE FALSE  TRUE  TRUE FALSE  TRUE
[856]  TRUE FALSE  TRUE  TRUE  TRUE  TRUE  TRUE  TRUE  TRUE  TRUE  TRUE  TRUE  TRUE FALSE  TRUE  TRUE  TRUE  TRUE  TRUE
[875]  TRUE  TRUE  TRUE  TRUE  TRUE FALSE FALSE  TRUE  TRUE  TRUE  TRUE FALSE  TRUE  TRUE  TRUE  TRUE  TRUE  TRUE  TRUE
[894]  TRUE  TRUE  TRUE FALSE  TRUE FALSE  TRUE  TRUE  TRUE  TRUE  TRUE  TRUE  TRUE  TRUE  TRUE  TRUE  TRUE  TRUE  TRUE
[913]  TRUE  TRUE FALSE  TRUE FALSE  TRUE  TRUE  TRUE  TRUE FALSE  TRUE  TRUE  TRUE  TRUE  TRUE  TRUE  TRUE  TRUE  TRUE
[932] FALSE  TRUE  TRUE  TRUE  TRUE  TRUE  TRUE  TRUE  TRUE  TRUE  TRUE  TRUE  TRUE

