
Birth-death simulation object with 799 species and 500 extant species

Details for some species:

Extinction times (NA means extant)
[1] 74.09319 69.98143 67.67983 29.73362 60.93902 50.93913


Speciation times 
[1] 99.72424 82.30702 78.12979 75.60059 81.14395 79.65052


Species parents (NA for initial)
[1] NA  1  1  1  2  5


Species status (extinct or extant)
[1] "extinct" "extinct" "extinct" "extinct" "extinct" "extinct"


For more details on vector y, try sim$y, with y one of
TE TS PAR EXTANT



$TE
  [1] 74.09319089 69.98142652 67.67982915 29.73362258 60.93901547 50.93913427 71.78573393 65.98896881 41.34017938
 [10] 41.81957912 51.90437790          NA 17.70910496          NA 15.96541481 16.19056105 58.74909953 43.09296043
 [19] 67.90850048  9.97211302 70.17993002 70.23154180 28.95233555 26.35865673 33.65197900 55.24005030 48.52330924
 [28] 43.73864595 33.79835295          NA 36.95079317 16.92159324 10.70019294 63.04356192 41.60108394 39.02020731
 [37] 17.38925773 58.31261384 60.04708963 27.35552307 19.80523538 65.33572069 31.02538106 35.77507371 37.50495882
 [46]  0.06520383 65.49675633 61.89509142 34.86633865          NA 36.52487667 22.27140961 43.38696215 38.60828526
 [55] 16.48574615 58.69569278 27.09050438 46.71854410          NA 31.31348656 26.83804758          NA 11.97685810
 [64]  3.50015927  3.59615922 10.81880765          NA 50.01137264 22.84237959 24.68752708 33.32545341 28.52930033
 [73] 16.39175346 19.77511732 16.60550402 16.98513541          NA          NA 47.69745194          NA 37.92184547
 [82] 46.55859310 44.84106067 42.81769161  6.00461319          NA 38.72609619 47.86299625          NA 23.37138703
 [91] 26.82204841          NA          NA          NA 18.45577458          NA          NA  3.56581072 34.71747328
[100] 15.85840507 13.00125320  2.02158393 28.54101841 31.47539422          NA          NA 12.82413298 31.51068609
[109] 31.97995598 35.13590626          NA          NA 27.01596885 28.70588213  7.05559225          NA          NA
[118]  1.87720798          NA  8.40923226  7.36490516          NA 15.81757105 14.63205253  6.30183545          NA
[127] 16.40459661  3.45554760 16.04568246 15.43207248          NA  2.55035986 15.99055423  6.39924771          NA
[136] 12.51613840          NA          NA          NA          NA  2.19567351          NA          NA 23.51455413
[145] 28.88717550 24.55926275 33.64155025          NA 35.30355894          NA 27.87072148          NA          NA
[154] 20.90019272 18.95729443          NA 12.47668237          NA 23.34503837          NA          NA          NA
[163]  6.78798600          NA  8.70556055          NA          NA          NA          NA  2.20034104 35.10121469
[172]          NA 13.67736470          NA 14.53573376          NA          NA 28.14135095          NA  3.94976957
[181]          NA          NA 33.66278032          NA 20.60694392 16.28177041 14.40741325  4.80575546  4.67615565
[190]          NA          NA 19.06291101          NA          NA          NA          NA  0.84209177          NA
[199] 14.56209228          NA          NA 35.71057647          NA 16.62643442          NA 21.08944895  8.41943541
[208] 17.05417169  0.13492549  7.55323787 31.74750955          NA  0.53802435          NA 10.27684280          NA
[217] 13.29733286 27.73253779          NA 22.15890253 13.67793307          NA  5.04571193          NA  0.72279753
[226]          NA          NA          NA 30.12138461          NA          NA          NA 33.02369114          NA
[235]          NA  5.90294038          NA 14.78115643          NA  9.95266152  5.49606765 12.15101859 10.49465628
[244] 12.43694594  9.53326917  5.99180979          NA 11.67662349          NA          NA 30.40960686          NA
[253]  1.96777223          NA          NA          NA          NA 13.08072961  6.26703316  5.02491823 11.94543905
[262]          NA  0.02471166 30.58463641          NA          NA          NA          NA 27.24224856 16.75976972
[271]          NA          NA          NA 24.68741098          NA          NA  6.84430696          NA          NA
[280]          NA 19.55729594          NA          NA  2.86020321  3.25602795          NA          NA          NA
[289]          NA          NA          NA  7.30237759          NA  5.81739481 20.48093164  1.09771305  5.83211714
[298]          NA  1.11531632 27.15638410 10.98464698 20.72838571 23.38091375          NA          NA          NA
[307]          NA  3.82975620 15.83388094          NA          NA          NA          NA 12.04789320          NA
[316]          NA          NA          NA          NA          NA  9.75975059          NA          NA          NA
[325]  5.82358077  7.33633979          NA          NA          NA          NA          NA 19.87784385          NA
[334]          NA          NA          NA  3.34958028          NA          NA          NA  4.22119611          NA
[343]  0.14332142          NA          NA          NA  1.29600787          NA          NA          NA 20.00538586
[352] 13.21492415 15.79809655          NA          NA  0.06474727          NA 19.72361972          NA          NA
[361]  6.61785214          NA  6.28021506          NA          NA          NA 18.91184785          NA 12.04408971
[370]          NA 13.18356489 22.64972409  7.58855219 15.75352220          NA 12.38195055 13.91785599  6.80357514
[379]          NA  3.27139332          NA          NA  1.58093481          NA  8.16920609  1.55669821          NA
[388]          NA 21.87403989          NA  2.60138485          NA          NA          NA          NA          NA
[397]          NA  1.33154775          NA          NA          NA          NA  5.16688019          NA          NA
[406] 15.52172947          NA  0.47428697          NA  0.22035702          NA          NA          NA          NA
[415]          NA  4.67412833  7.08543851          NA 14.53284887          NA          NA  0.29939640          NA
[424]  9.51829662          NA          NA  5.39801290          NA          NA          NA          NA          NA
[433]          NA  3.89715419 10.50978320 14.90034497          NA  4.44348055          NA 11.04325267          NA
[442]          NA          NA          NA  8.75150864          NA          NA  5.23087299          NA          NA
[451]  3.34868540          NA  4.48374654          NA  5.23984419          NA          NA          NA  6.13488239
[460]          NA  2.50507510  5.11591595          NA          NA          NA 11.65339959          NA  1.74447465
[469]          NA          NA          NA          NA          NA  4.46545359          NA          NA          NA
[478]          NA          NA  2.31500383          NA          NA          NA          NA          NA  0.83084309
[487] 11.36792177          NA          NA          NA          NA  7.08069840          NA          NA          NA
[496]          NA          NA          NA          NA          NA          NA          NA 10.07661828 11.48410606
[505]  2.49706527          NA          NA  4.24942270 10.05632803  0.96837504          NA          NA          NA
[514]          NA          NA          NA  8.20815261          NA 12.05982553  4.66765523          NA          NA
[523]          NA  5.94162111          NA 11.48915998 10.84201845  1.30041891          NA  1.18310795          NA
[532]          NA          NA          NA          NA          NA  5.75564770          NA  0.42294035          NA
[541]          NA          NA          NA          NA  0.10231015          NA          NA          NA  4.54984068
[550]          NA          NA          NA          NA          NA          NA          NA          NA          NA
[559]          NA          NA          NA          NA          NA          NA          NA 10.92169367          NA
[568]          NA          NA          NA 11.55113568          NA 12.97472730          NA          NA          NA
[577]          NA          NA          NA          NA          NA          NA  9.33563793          NA          NA
[586]          NA          NA          NA          NA          NA          NA  9.37870094          NA          NA
[595]          NA          NA          NA          NA          NA          NA          NA          NA  6.68547672
[604]  1.95994780  1.64817049          NA          NA  2.48559927          NA          NA  2.74754872          NA
[613]          NA          NA          NA          NA          NA          NA          NA          NA          NA
[622]          NA  6.07655102          NA          NA  8.85720125          NA  7.83076884          NA  2.60238691
[631]          NA          NA          NA          NA          NA          NA          NA          NA          NA
[640]          NA  2.25319833          NA          NA          NA          NA          NA          NA          NA
[649]          NA          NA          NA          NA          NA          NA          NA          NA  1.29328262
[658]  7.25118164          NA          NA          NA          NA  4.21714090          NA  3.07270450          NA
[667]          NA          NA          NA          NA          NA          NA          NA          NA          NA
[676]          NA          NA          NA          NA          NA          NA          NA          NA          NA
[685]          NA          NA          NA          NA          NA  5.49422142          NA          NA          NA
[694]          NA          NA          NA          NA          NA          NA          NA          NA          NA
[703]          NA          NA          NA          NA          NA          NA          NA          NA  0.17795424
[712]          NA          NA          NA          NA          NA          NA  2.61881949          NA          NA
[721]          NA          NA          NA          NA          NA          NA          NA          NA          NA
[730]          NA          NA          NA          NA          NA          NA          NA          NA          NA
[739]          NA          NA  1.06004221          NA          NA          NA          NA  1.79802349          NA
[748]          NA          NA          NA  1.43163385          NA          NA          NA          NA          NA
[757]          NA          NA          NA          NA          NA  0.57029572          NA          NA          NA
[766]          NA          NA          NA          NA          NA          NA          NA          NA          NA
[775]          NA          NA          NA          NA          NA          NA  0.53743572          NA          NA
[784]          NA          NA          NA          NA          NA  1.23089251          NA          NA          NA
[793]          NA          NA          NA          NA          NA          NA          NA

$TS
  [1] 9.972424e+01 8.230702e+01 7.812979e+01 7.560059e+01 8.114395e+01 7.965052e+01 7.882416e+01 7.752660e+01
  [9] 7.445093e+01 6.495661e+01 7.836219e+01 7.232855e+01 7.145178e+01 5.957307e+01 5.924768e+01 5.770335e+01
 [17] 6.288313e+01 7.685530e+01 7.427875e+01 7.485499e+01 7.431274e+01 7.060928e+01 4.815889e+01 4.335812e+01
 [25] 3.992107e+01 5.977093e+01 5.425750e+01 5.062424e+01 4.975842e+01 4.755677e+01 4.127953e+01 2.039384e+01
 [33] 1.506793e+01 7.197652e+01 4.226733e+01 4.203637e+01 4.167062e+01 6.637016e+01 6.155219e+01 3.374406e+01
 [41] 2.322336e+01 6.940451e+01 6.630713e+01 5.260132e+01 4.277262e+01 3.406279e+01 6.594191e+01 6.456691e+01
 [49] 6.342940e+01 5.214604e+01 4.872604e+01 3.603605e+01 5.782779e+01 5.329244e+01 4.510188e+01 5.979692e+01
 [57] 5.554666e+01 5.528064e+01 5.301575e+01 3.645909e+01 3.611523e+01 3.280087e+01 1.930756e+01 1.608271e+01
 [65] 3.268784e+01 2.951988e+01 2.656071e+01 5.580897e+01 4.564139e+01 4.520548e+01 5.704791e+01 4.422730e+01
 [73] 2.476980e+01 4.876769e+01 4.118516e+01 3.710504e+01 3.427404e+01 4.001093e+01 5.004101e+01 4.925545e+01
 [81] 4.402104e+01 5.294913e+01 5.249736e+01 4.414396e+01 3.866377e+01 1.098287e+00 5.249822e+01 4.989359e+01
 [89] 4.598951e+01 5.022370e+01 5.138074e+01 3.416943e+01 1.383630e+01 4.719871e+01 3.900334e+01 3.753010e+01
 [97] 3.014065e+01 2.857442e+01 3.772557e+01 3.687292e+01 2.502772e+01 4.585157e+01 4.165084e+01 4.007232e+01
[105] 1.056928e+01 3.391589e+01 2.471587e+01 4.652165e+01 4.649302e+01 4.169848e+01 3.371250e+01 2.972764e+01
[113] 4.302318e+01 3.571711e+01 3.307711e+01 2.159481e+01 9.773537e+00 8.372527e+00 2.266625e-02 3.227100e+01
[121] 4.436806e+01 4.321969e+01 2.359127e+01 1.933490e+01 3.678395e+01 2.828576e+01 2.544033e+01 2.943638e+01
[129] 2.421760e+01 2.189392e+01 4.318976e+01 3.549416e+01 2.993688e+01 2.193112e+01 1.390081e+01 4.014723e+01
[137] 3.764501e+01 3.968604e+01 3.724804e+01 8.238990e+00 2.851645e+00 3.048234e+01 2.093444e+01 3.569862e+01
[145] 3.552432e+01 3.866012e+01 3.927341e+01 1.794349e+01 3.903688e+01 3.857771e+01 3.220689e+01 4.055318e+01
[153] 4.116985e+01 3.158555e+01 2.449818e+01 1.026360e+01 2.987712e+01 2.616081e+01 2.351471e+01 2.309428e+01
[161] 1.111424e+01 8.715584e-01 3.912829e+01 3.396209e+01 3.340912e+01 2.746824e+01 1.451496e+01 3.951720e+01
[169] 3.148140e+01 1.862096e+01 3.781815e+01 3.213168e+01 2.685097e+01 1.062119e+01 3.392226e+01 3.519992e+00
[177] 1.696837e+00 3.589200e+01 3.004553e+01 2.589383e+01 2.262472e+01 9.447878e+00 3.806759e+01 2.292805e+01
[185] 3.500661e+01 3.177831e+01 2.795342e+01 2.766176e+01 1.539306e+01 4.282807e+00 3.474998e+01 2.228973e+01
[193] 1.642252e+01 8.828009e+00 6.108325e+00 3.020318e+01 1.222005e+01 5.971229e+00 3.006399e+01 2.612725e+01
[201] 1.814505e+00 3.655223e+01 3.621826e+01 2.232547e+01 3.674593e+01 3.062646e+01 2.754051e+01 2.683405e+01
[209] 2.252335e+01 1.503651e+01 3.196884e+01 2.357552e+01 2.236160e+00 5.436982e-01 1.038411e+01 3.354505e+01
[217] 3.520565e+01 3.139848e+01 2.431061e+01 3.492459e+01 3.059744e+01 1.799823e+01 1.017488e+01 9.657791e+00
[225] 6.513124e+00 5.706441e+00 2.690565e+01 2.102466e+01 3.270307e+01 1.609656e+01 1.561146e+01 8.659889e+00
[233] 3.427191e+01 1.745638e+01 1.019809e+01 9.587434e+00 4.273623e+00 1.763292e+01 2.487769e+00 2.896279e+01
[241] 2.459353e+01 1.381667e+01 2.586193e+01 1.631635e+01 1.454764e+01 1.201189e+01 1.042147e+01 3.356422e+01
[249] 2.889914e+01 1.922313e+01 3.245713e+01 1.657139e+01 1.786408e+01 6.782748e+00 2.130323e+01 1.561865e+01
[257] 1.460189e+01 1.377419e+01 2.844299e+01 2.749040e+01 2.245392e+01 7.137676e+00 6.469281e+00 3.169463e+01
[265] 2.632432e+01 1.708194e+01 1.280361e+01 1.292032e+01 3.184979e+01 2.868345e+01 1.703026e+01 1.378956e+01
[273] 6.130681e+00 3.076780e+01 2.900256e+01 2.182441e+01 1.444982e+01 1.179618e+00 4.155109e-01 2.538799e+01
[281] 2.245859e+01 1.581184e+01 2.440478e+01 2.097673e+01 1.003139e+01 4.291166e+00 2.204541e+00 1.827813e+00
[289] 2.869010e-01 2.114569e+01 1.527581e+01 2.499237e+01 1.860510e+01 2.579352e+01 2.393835e+01 1.024877e+01
[297] 1.444273e+01 2.511481e+01 1.267873e+01 2.898699e+01 1.769566e+01 2.382346e+01 2.360007e+01 1.736217e+01
[305] 1.094374e+01 4.172076e+00 2.764052e+01 2.083650e+01 2.010010e+01 7.181080e+00 9.749290e-01 1.899372e+01
[313] 1.726580e+01 1.828000e+01 6.536802e+00 5.584454e+00 3.938353e-02 9.050888e+00 8.446086e+00 1.909892e+01
[321] 1.745347e+01 2.137570e+01 1.039637e+01 3.689734e+00 1.695998e+01 1.629427e+01 1.525915e+01 9.387941e+00
[329] 1.671854e+01 2.663220e+00 9.912871e+00 2.416121e+01 2.249525e+01 1.596932e+01 1.103096e+01 2.285250e+01
[337] 1.633629e+01 8.230619e+00 2.320892e+01 2.044239e+01 1.796737e+01 1.631819e+01 1.363748e+01 9.645583e+00
[345] 8.444778e+00 1.191262e+01 4.890340e+00 2.380674e+00 1.883505e+01 1.804654e+00 2.505108e+01 2.183781e+01
[353] 2.003800e+01 1.469011e+01 8.691321e+00 7.341451e+00 7.093376e-01 2.503142e+01 1.672471e+01 1.234754e+01
[361] 1.214920e+01 6.811109e+00 2.416818e+01 2.158728e+01 6.459867e+00 3.096315e-01 1.918688e+01 2.072557e+00
[369] 2.381604e+01 1.411793e+01 1.941752e+01 2.470937e+01 1.719030e+01 2.437269e+01 2.338185e+01 2.254277e+01
[377] 2.038534e+01 7.265514e+00 2.342719e+01 1.787931e+01 1.581368e+01 4.429861e+00 1.202180e+01 1.364897e+01
[385] 1.588369e+01 1.172950e+01 6.931795e+00 2.209232e+00 2.265026e+01 1.698167e+01 6.753421e+00 2.377803e+00
[393] 1.998644e+01 6.888272e+00 1.455814e+00 1.667327e+01 1.500061e+01 1.405185e+01 1.012505e+01 1.963781e+01
[401] 1.142395e+01 5.058753e+00 2.169017e+01 1.404933e+01 6.906890e+00 2.140368e+01 1.574132e+01 1.587934e+01
[409] 1.542508e+01 8.958473e+00 1.693302e+01 1.637792e+01 1.280984e+01 2.109780e+01 1.595179e+01 2.136500e+01
[417] 2.051031e+01 1.236585e+01 1.785901e+01 1.421628e+01 9.833828e+00 6.571311e+00 1.840734e+01 1.765202e+01
[425] 1.058951e+01 7.613657e-01 1.142838e+01 1.096782e+01 5.080235e+00 8.895583e+00 8.835372e-01 1.846116e+01
[433] 1.259448e+01 1.624454e+01 1.784852e+01 1.673576e+01 1.968374e+00 1.399211e+01 6.946830e+00 1.628057e+01
[441] 7.150594e+00 3.181251e+00 1.601374e+00 8.247035e+00 1.618882e+01 1.477895e+01 6.840045e-01 1.753763e+01
[449] 1.387370e+01 1.236363e+01 5.835990e+00 3.619959e+00 8.034784e+00 1.732967e+01 5.569191e+00 1.771358e-01
[457] 1.057906e+01 1.210155e+00 9.341764e+00 4.525101e+00 1.490065e+01 6.641389e+00 1.653503e+01 1.525648e+01
[465] 4.263260e+00 1.275832e+01 3.094003e+00 1.574469e+01 1.217828e+01 3.465228e+00 1.238973e+01 1.464193e+01
[473] 9.069989e+00 1.322077e+01 1.090159e+01 1.058807e+01 7.835715e+00 6.155465e+00 1.022286e+01 9.784737e+00
[481] 6.935907e-01 1.493788e+01 1.078899e+01 8.480754e+00 1.503827e+01 9.094288e+00 1.566106e+01 4.317260e+00
[489] 8.614229e+00 5.730460e+00 1.085986e+00 1.244917e+01 1.593970e+01 1.144620e+01 6.549816e+00 5.814072e+00
[497] 1.394769e+00 2.283141e-02 8.057549e+00 1.415004e+01 1.388837e+01 3.959774e+00 1.331572e+01 1.230153e+01
[505] 8.554159e+00 3.358969e+00 1.492914e+01 1.143763e+01 1.449071e+01 5.891984e+00 6.789689e+00 6.170827e+00
[513] 1.212738e+01 9.888198e+00 1.276134e+01 1.131568e+01 8.531464e+00 4.079636e+00 1.521488e+01 9.303965e+00
[521] 9.284892e+00 1.960694e+00 1.067036e+01 8.875805e+00 2.419052e-01 1.428461e+01 1.449519e+01 1.159100e+01
[529] 1.460889e+01 1.473422e+01 1.085509e+01 7.303091e+00 1.170936e+01 8.579379e+00 2.389596e+00 7.949818e+00
[537] 9.601065e+00 1.076651e+01 4.343308e-01 4.316435e+00 7.482348e+00 1.400314e+01 5.547157e+00 2.570004e+00
[545] 4.996705e-01 1.399063e+01 1.174250e+01 1.389254e+01 1.323345e+01 1.313968e+01 5.827621e+00 1.334104e+00
[553] 2.828422e+00 2.784235e+00 2.951136e+00 6.850956e+00 8.205148e+00 7.255687e+00 4.747381e+00 3.689648e+00
[561] 4.989253e+00 3.124403e+00 1.903854e+00 9.916761e+00 3.622006e+00 1.107850e+01 1.056706e+01 8.898420e+00
[569] 8.210119e+00 4.888565e+00 1.209276e+01 3.422770e+00 1.302749e+01 6.918362e+00 3.515587e+00 1.685561e+00
[577] 3.894171e+00 7.439661e+00 6.462187e+00 4.730249e+00 1.254605e+01 4.006527e-01 1.085821e+01 4.068046e+00
[585] 3.421654e+00 6.864258e+00 1.061397e+01 4.515556e+00 1.542375e+00 4.791777e+00 2.489636e+00 9.802866e+00
[593] 2.351709e+00 2.188721e+00 1.160337e+01 1.080970e+01 2.954120e+00 8.626543e-02 7.483626e+00 2.911635e+00
[601] 4.047260e-04 7.435372e+00 7.266412e+00 3.370467e+00 3.249097e+00 2.755736e+00 2.411860e+00 1.022441e+01
[609] 6.759954e+00 7.044910e+00 7.007488e+00 7.422892e-01 7.391807e+00 5.713421e+00 2.842749e+00 2.647053e+00
[617] 7.949814e+00 3.409626e+00 1.463729e+00 7.477220e+00 5.311047e+00 9.109043e-02 1.076446e+01 7.998699e+00
[625] 9.489215e-01 9.683710e+00 7.296564e+00 9.537393e+00 1.953610e-01 3.967807e+00 3.067842e+00 6.295961e+00
[633] 4.125744e+00 8.380729e+00 3.037478e+00 4.565299e-01 7.801308e+00 7.214022e+00 1.612917e+00 5.662624e+00
[641] 8.933814e+00 6.839060e+00 5.705596e+00 9.637429e+00 1.170740e-01 7.320115e+00 3.490551e+00 6.616700e+00
[649] 2.269909e+00 1.084028e+00 5.855190e-01 2.828153e-01 5.949309e+00 1.669442e-01 8.276337e+00 6.167921e+00
[657] 7.273575e+00 9.157688e+00 2.057132e+00 8.502605e+00 5.966609e+00 5.104512e+00 5.770478e+00 5.126210e-01
[665] 7.447066e+00 4.855455e+00 6.421140e+00 7.828698e+00 1.219677e+00 1.207449e+00 1.021400e+00 6.056536e+00
[673] 2.919899e+00 1.790154e+00 5.669169e+00 8.139463e+00 6.699442e+00 7.358733e+00 4.045481e+00 5.697764e-01
[681] 7.026777e+00 1.557089e+00 4.174979e+00 4.915872e+00 5.437076e+00 1.605866e+00 6.833102e+00 6.015611e+00
[689] 2.078611e+00 5.729236e+00 2.943932e+00 2.478736e+00 4.888317e+00 3.528870e-01 3.913187e+00 5.768155e+00
[697] 4.512804e+00 5.517820e+00 9.664064e-01 2.539751e+00 1.328542e+00 5.786720e-01 2.381250e+00 4.668408e+00
[705] 3.533116e+00 6.401275e+00 4.631142e+00 6.886189e+00 6.147206e+00 2.001916e-01 4.968705e+00 4.191016e-01
[713] 1.180102e+00 1.412056e-01 9.678926e-01 4.825520e+00 1.450492e+00 3.876928e+00 5.694670e+00 4.668853e+00
[721] 3.218928e+00 1.212671e+00 2.367590e-01 5.955515e+00 3.768906e-01 7.972302e-02 1.312284e-02 4.393771e+00
[729] 5.560967e+00 9.141252e-01 4.831107e+00 3.256536e+00 3.865796e+00 5.779764e-01 5.795886e+00 4.909442e+00
[737] 5.896007e+00 3.002171e+00 7.680881e-01 4.220840e+00 5.813475e+00 4.282537e+00 4.273476e+00 8.566761e-01
[745] 4.494899e+00 5.305907e+00 4.080850e+00 5.554454e-02 2.727959e+00 2.520819e+00 1.595121e+00 1.792789e-01
[753] 4.267240e+00 2.921821e+00 4.297042e+00 3.928248e+00 2.959437e+00 1.878078e-01 2.722647e+00 1.905346e+00
[761] 2.996676e+00 2.570152e+00 1.526297e+00 7.429166e-01 3.513131e+00 5.878726e-01 5.489860e-01 7.067139e-01
[769] 9.746117e-01 6.102414e-02 2.118483e-01 2.479635e+00 2.208148e+00 1.216418e+00 3.202920e-02 8.613126e-01
[777] 6.241003e-01 2.701218e+00 3.063911e-01 1.389538e+00 1.102361e+00 5.405674e-01 1.666200e+00 2.143159e+00
[785] 6.691831e-01 1.299079e+00 1.685888e+00 1.362972e+00 1.838027e+00 5.510256e-01 9.484784e-01 7.696997e-01
[793] 9.739910e-01 5.137506e-01 6.385024e-01 1.506871e-02 5.011076e-01 2.218641e-01 8.177401e-05

$PAR
  [1]  NA   1   1   1   2   5   5   5   5   5   6   6   6   6   6   6  11   3   3   8   4   4   4   4   4  20  20  20
 [29]  20  20  20  20  20   9   9   9   9  12  12  12  12  34  34  13  13  13  43  43  43  43  43  43  49  49  49  17
 [57]  14  14  14  14  14  14  14  14  15  15  15  53  53  53  16  16  16  71  71  71  71  57  58  58  54  59  59  59
 [85]  59  59  44  44  44  87  83  50  50  91  91  91  91  91  90  90  90  29  29  80  80  74  74  51  23  23  23  23
[113]  30  30  30  30  30  30  30  94 109 109  89  89 102 102 102  55  55  55 121 121 121 121 121  72  72 122 122 122
[141] 122 131 131 113 113  45 110  37 103 103 103  31  75 153 153 153 152 152 152 152 152 152 136 136 136 136 136  78
[169]  78  78 138 138 138 138 168 168 168 147 163 163 163 163  95  95  85 146 150 150 150 150  99 137 137 137 137  96
[197]  96  96 139 139 139 100 100 100 125 125 125 125 125 125 205 205 205 205 203  52 178 114 144 132 132 132 132 132
[225] 132 132 185 185 220 191 191 191  77  77  77  77  77  92  92  46  46  46 164 164 164 164 164 175 175 175 106 106
[253] 111 111 216 216 216 165 115 115 115  62  62 229  65  65  65 120 172 172 172 172 172 186 169 169 169 169 169 274
[281] 206 221 142 142 142 142 142 142 196  97  97 199 199 179 179 179 157 112 112  66  66 128 128 128 128 128 275 275
[309] 275 275 275 240 240 249 249 249 249  98  98 259 259 126 126 126 187 188 188 188 307 307 207 260 260 260 260 166
[337] 166 166 173 173 173 173  67  67  67 265 265 265 158 158 200 200 200 200 200 200 200 180 180 180 180 180 294 294
[365] 280 280 298 298 358 101 292 107 107 241 241 241 241 241 283 283 283 283 363 369 212 212 212 212 379 379 379 379
[393] 375 375 375 339 339 339 339 160 160 184 336 336 336 181 376 209 209 209 333 333 333 281 261 204 192 134 130 276
[421] 276 276 364 406 322 322 416 255 255 290 290 414 414 228 284 143 143 308 308 417 417 340 340 393 400 400 400 371
[449] 371  63 312 312 170 293 293 293 432 222 341 341 253 253 448 234 234 304 304 454 454 313 373 266 325 411 411 359
[477] 329 329 396 396 396 193 412 412 337 337 434 434 230 230 230  64 334 334 334 415 415 415 493 408 408 408 282 282
[505] 282 282 468 407 487 256 231 231 409 189 291 291 291 291 327 327 327 327 464 464 464 519 485 485 210 397 397 397
[533] 482 482 482 507 461 446 446 530 354 472 529 257 167 509 297 420 420 420 420 420 500 500 370 398 542 546 546 546
[561] 135 135 135 501 449  93  93  93  93  93 272 272 343 343 343 343 413 267 267 267 515 515 299 299 433 581 418 418
[589] 418 450 197 383 383 383 246 246 346 533 595 595 595 528 528 528 528 528 528 494 494 516 161 161 335 428 305 305
[617] 475 475 475 531 596 596 483 174 425 476 476 457 323 156 156 296 608 479 479 479 235 235 235 223 285 285 564 331
[645] 514 421 480 117 117 117 117 117 344 344 644 644 236 182 182 328 520 521 486 318 410 410 568 430 430 430 430 524
[673] 194 194 355 232 232 660 484 319 345 345 118 338 569 569 557 557 557 499 536 477 668 668 541 620 620 356 356 532
[701] 532 532 627 657 657 638 638 310 681 439 387 574 642 687 362 511 511 609 648 648 495 495 315 225 579 579 579 667
[729] 706 656 478 478 195 195 688 661 724 724 737 510 551 614 643 640 316 729 729 621 711 711 711 711 570 693 731 590
[757] 720 720 704 707 742 743 683 306 679 565 470 585 442 562 761 597 597 597 597 754 754 141 553 554 606 606 749 778
[785] 616 700 392 594 689 368 563 783 686 763 426 768 766 797 726

$EXTANT
  [1] FALSE FALSE FALSE FALSE FALSE FALSE FALSE FALSE FALSE FALSE FALSE  TRUE FALSE  TRUE FALSE FALSE FALSE FALSE FALSE
 [20] FALSE FALSE FALSE FALSE FALSE FALSE FALSE FALSE FALSE FALSE  TRUE FALSE FALSE FALSE FALSE FALSE FALSE FALSE FALSE
 [39] FALSE FALSE FALSE FALSE FALSE FALSE FALSE FALSE FALSE FALSE FALSE  TRUE FALSE FALSE FALSE FALSE FALSE FALSE FALSE
 [58] FALSE  TRUE FALSE FALSE  TRUE FALSE FALSE FALSE FALSE  TRUE FALSE FALSE FALSE FALSE FALSE FALSE FALSE FALSE FALSE
 [77]  TRUE  TRUE FALSE  TRUE FALSE FALSE FALSE FALSE FALSE  TRUE FALSE FALSE  TRUE FALSE FALSE  TRUE  TRUE  TRUE FALSE
 [96]  TRUE  TRUE FALSE FALSE FALSE FALSE FALSE FALSE FALSE  TRUE  TRUE FALSE FALSE FALSE FALSE  TRUE  TRUE FALSE FALSE
[115] FALSE  TRUE  TRUE FALSE  TRUE FALSE FALSE  TRUE FALSE FALSE FALSE  TRUE FALSE FALSE FALSE FALSE  TRUE FALSE FALSE
[134] FALSE  TRUE FALSE  TRUE  TRUE  TRUE  TRUE FALSE  TRUE  TRUE FALSE FALSE FALSE FALSE  TRUE FALSE  TRUE FALSE  TRUE
[153]  TRUE FALSE FALSE  TRUE FALSE  TRUE FALSE  TRUE  TRUE  TRUE FALSE  TRUE FALSE  TRUE  TRUE  TRUE  TRUE FALSE FALSE
[172]  TRUE FALSE  TRUE FALSE  TRUE  TRUE FALSE  TRUE FALSE  TRUE  TRUE FALSE  TRUE FALSE FALSE FALSE FALSE FALSE  TRUE
[191]  TRUE FALSE  TRUE  TRUE  TRUE  TRUE FALSE  TRUE FALSE  TRUE  TRUE FALSE  TRUE FALSE  TRUE FALSE FALSE FALSE FALSE
[210] FALSE FALSE  TRUE FALSE  TRUE FALSE  TRUE FALSE FALSE  TRUE FALSE FALSE  TRUE FALSE  TRUE FALSE  TRUE  TRUE  TRUE
[229] FALSE  TRUE  TRUE  TRUE FALSE  TRUE  TRUE FALSE  TRUE FALSE  TRUE FALSE FALSE FALSE FALSE FALSE FALSE FALSE  TRUE
[248] FALSE  TRUE  TRUE FALSE  TRUE FALSE  TRUE  TRUE  TRUE  TRUE FALSE FALSE FALSE FALSE  TRUE FALSE FALSE  TRUE  TRUE
[267]  TRUE  TRUE FALSE FALSE  TRUE  TRUE  TRUE FALSE  TRUE  TRUE FALSE  TRUE  TRUE  TRUE FALSE  TRUE  TRUE FALSE FALSE
[286]  TRUE  TRUE  TRUE  TRUE  TRUE  TRUE FALSE  TRUE FALSE FALSE FALSE FALSE  TRUE FALSE FALSE FALSE FALSE FALSE  TRUE
[305]  TRUE  TRUE  TRUE FALSE FALSE  TRUE  TRUE  TRUE  TRUE FALSE  TRUE  TRUE  TRUE  TRUE  TRUE  TRUE FALSE  TRUE  TRUE
[324]  TRUE FALSE FALSE  TRUE  TRUE  TRUE  TRUE  TRUE FALSE  TRUE  TRUE  TRUE  TRUE FALSE  TRUE  TRUE  TRUE FALSE  TRUE
[343] FALSE  TRUE  TRUE  TRUE FALSE  TRUE  TRUE  TRUE FALSE FALSE FALSE  TRUE  TRUE FALSE  TRUE FALSE  TRUE  TRUE FALSE
[362]  TRUE FALSE  TRUE  TRUE  TRUE FALSE  TRUE FALSE  TRUE FALSE FALSE FALSE FALSE  TRUE FALSE FALSE FALSE  TRUE FALSE
[381]  TRUE  TRUE FALSE  TRUE FALSE FALSE  TRUE  TRUE FALSE  TRUE FALSE  TRUE  TRUE  TRUE  TRUE  TRUE  TRUE FALSE  TRUE
[400]  TRUE  TRUE  TRUE FALSE  TRUE  TRUE FALSE  TRUE FALSE  TRUE FALSE  TRUE  TRUE  TRUE  TRUE  TRUE FALSE FALSE  TRUE
[419] FALSE  TRUE  TRUE FALSE  TRUE FALSE  TRUE  TRUE FALSE  TRUE  TRUE  TRUE  TRUE  TRUE  TRUE FALSE FALSE FALSE  TRUE
[438] FALSE  TRUE FALSE  TRUE  TRUE  TRUE  TRUE FALSE  TRUE  TRUE FALSE  TRUE  TRUE FALSE  TRUE FALSE  TRUE FALSE  TRUE
[457]  TRUE  TRUE FALSE  TRUE FALSE FALSE  TRUE  TRUE  TRUE FALSE  TRUE FALSE  TRUE  TRUE  TRUE  TRUE  TRUE FALSE  TRUE
[476]  TRUE  TRUE  TRUE  TRUE FALSE  TRUE  TRUE  TRUE  TRUE  TRUE FALSE FALSE  TRUE  TRUE  TRUE  TRUE FALSE  TRUE  TRUE
[495]  TRUE  TRUE  TRUE  TRUE  TRUE  TRUE  TRUE  TRUE FALSE FALSE FALSE  TRUE  TRUE FALSE FALSE FALSE  TRUE  TRUE  TRUE
[514]  TRUE  TRUE  TRUE FALSE  TRUE FALSE FALSE  TRUE  TRUE  TRUE FALSE  TRUE FALSE FALSE FALSE  TRUE FALSE  TRUE  TRUE
[533]  TRUE  TRUE  TRUE  TRUE FALSE  TRUE FALSE  TRUE  TRUE  TRUE  TRUE  TRUE FALSE  TRUE  TRUE  TRUE FALSE  TRUE  TRUE
[552]  TRUE  TRUE  TRUE  TRUE  TRUE  TRUE  TRUE  TRUE  TRUE  TRUE  TRUE  TRUE  TRUE  TRUE FALSE  TRUE  TRUE  TRUE  TRUE
[571] FALSE  TRUE FALSE  TRUE  TRUE  TRUE  TRUE  TRUE  TRUE  TRUE  TRUE  TRUE FALSE  TRUE  TRUE  TRUE  TRUE  TRUE  TRUE
[590]  TRUE  TRUE FALSE  TRUE  TRUE  TRUE  TRUE  TRUE  TRUE  TRUE  TRUE  TRUE  TRUE FALSE FALSE FALSE  TRUE  TRUE FALSE
[609]  TRUE  TRUE FALSE  TRUE  TRUE  TRUE  TRUE  TRUE  TRUE  TRUE  TRUE  TRUE  TRUE  TRUE FALSE  TRUE  TRUE FALSE  TRUE
[628] FALSE  TRUE FALSE  TRUE  TRUE  TRUE  TRUE  TRUE  TRUE  TRUE  TRUE  TRUE  TRUE FALSE  TRUE  TRUE  TRUE  TRUE  TRUE
[647]  TRUE  TRUE  TRUE  TRUE  TRUE  TRUE  TRUE  TRUE  TRUE  TRUE FALSE FALSE  TRUE  TRUE  TRUE  TRUE FALSE  TRUE FALSE
[666]  TRUE  TRUE  TRUE  TRUE  TRUE  TRUE  TRUE  TRUE  TRUE  TRUE  TRUE  TRUE  TRUE  TRUE  TRUE  TRUE  TRUE  TRUE  TRUE
[685]  TRUE  TRUE  TRUE  TRUE  TRUE FALSE  TRUE  TRUE  TRUE  TRUE  TRUE  TRUE  TRUE  TRUE  TRUE  TRUE  TRUE  TRUE  TRUE
[704]  TRUE  TRUE  TRUE  TRUE  TRUE  TRUE  TRUE FALSE  TRUE  TRUE  TRUE  TRUE  TRUE  TRUE FALSE  TRUE  TRUE  TRUE  TRUE
[723]  TRUE  TRUE  TRUE  TRUE  TRUE  TRUE  TRUE  TRUE  TRUE  TRUE  TRUE  TRUE  TRUE  TRUE  TRUE  TRUE  TRUE  TRUE FALSE
[742]  TRUE  TRUE  TRUE  TRUE FALSE  TRUE  TRUE  TRUE  TRUE FALSE  TRUE  TRUE  TRUE  TRUE  TRUE  TRUE  TRUE  TRUE  TRUE
[761]  TRUE FALSE  TRUE  TRUE  TRUE  TRUE  TRUE  TRUE  TRUE  TRUE  TRUE  TRUE  TRUE  TRUE  TRUE  TRUE  TRUE  TRUE  TRUE
[780]  TRUE FALSE  TRUE  TRUE  TRUE  TRUE  TRUE  TRUE  TRUE FALSE  TRUE  TRUE  TRUE  TRUE  TRUE  TRUE  TRUE  TRUE  TRUE
[799]  TRUE

