
Birth-death simulation object with 787 species and 500 extant species

Details for some species:

Extinction times (NA means extant)
[1]  98.98783 114.60832  80.32771  75.06060  68.86874        NA


Speciation times 
[1] 123.48574 115.89980 102.93802  81.68383  76.23773  76.21176


Species parents (NA for initial)
[1] NA  1  1  3  4  5


Species status (extinct or extant)
[1] "extinct" "extinct" "extinct" "extinct" "extinct" "extant" 


For more details on vector y, try sim$y, with y one of
TE TS PAR EXTANT



$TE
  [1]  98.98782986 114.60831592  80.32770739  75.06059671  68.86874429           NA  41.83888368  36.65902438
  [9]  75.21995690  68.91305637           NA  27.71055783   8.64419741  37.23694396  39.78649277  12.50537589
 [17]   9.62087659           NA           NA           NA   0.24535630  50.92842559  67.99796610  49.65320890
 [25]  43.88239524           NA  55.05395967  20.20533119  17.06662788  48.31107860  10.08081964  24.40215485
 [33]           NA  26.51233783   9.00721690           NA  42.24229146           NA  43.63195680           NA
 [41]  34.71800875  32.60025553  14.71478260           NA           NA  19.45042477           NA           NA
 [49]   4.55274082           NA  30.05781671           NA           NA           NA  17.63572047           NA
 [57]  28.58547198  40.24745196  40.11572124  48.49155112  11.70658272   6.84541731  31.85557398  15.44653761
 [65]  26.69444409  35.07611958   8.77488335   4.79190088           NA           NA  22.40454693           NA
 [73]           NA  21.30186239  43.86507704           NA           NA   0.51551721  20.23861708  13.53322246
 [81]           NA           NA           NA   6.01913904  15.44203292   2.72147909  38.39617982  34.45825124
 [89]  19.11095416  28.85895593  34.11401401           NA           NA           NA           NA  18.97998790
 [97]  29.45989671           NA  31.17291402  32.81301578  26.52024099  22.20142399           NA  11.44673315
[105]           NA  39.87910697           NA  13.98319828  20.88587838           NA   0.64644738  11.67620078
[113]   7.91820097           NA           NA           NA  10.08555315           NA  14.64883322   7.28471810
[121]           NA   5.91903870   5.16572682   8.59517878   7.06566824  18.39193991           NA  29.01316251
[129]   6.00045728  21.32721643           NA           NA           NA           NA           NA           NA
[137]  23.61540199  35.02302518   5.15464047           NA  17.03911538           NA   2.49044329  34.37367131
[145]  13.34460889  20.66895374   7.39580180   1.11202737           NA  23.57117619   0.70186287           NA
[153]   1.69346136  13.76305363           NA   7.07463454  32.98727223  10.85306118           NA   0.14178429
[161]           NA           NA           NA           NA  10.31377922  25.97930467   3.39148165           NA
[169]           NA  11.95921069  16.40536814   6.14250229   9.33048552   6.48874807           NA           NA
[177]  28.31603279           NA           NA   8.03515382           NA  21.77768132  22.73641254           NA
[185]           NA   8.69488557           NA           NA  17.12109197   2.35833027           NA           NA
[193]   9.64377654   5.37728693   3.37989200   4.80375631           NA           NA           NA  24.01808445
[201]           NA   9.56992721           NA           NA           NA           NA  14.55962129           NA
[209]  10.74556885           NA           NA   0.86375597           NA           NA           NA           NA
[217]           NA           NA   9.09544180  12.13952284           NA           NA           NA  16.55335666
[225]  12.20727311  22.23061880           NA           NA           NA  20.91096433           NA           NA
[233]           NA           NA  19.97221929  14.31087264   3.34727504  12.20795208           NA           NA
[241]           NA  16.89968981  11.69629007  11.72187896           NA  11.75541432  19.29735286           NA
[249]           NA           NA           NA           NA           NA  21.06021075  17.86702889  10.46085952
[257]           NA  16.19899417           NA  14.05459520   0.44714186   0.96746528           NA           NA
[265]           NA  16.15621801           NA  10.50126633   9.45428581   1.34088834           NA  12.77556340
[273]   0.82335236   1.74231364           NA           NA  11.92075327   0.02566294   6.50076552   3.17246529
[281]           NA           NA  17.17681806           NA           NA   6.72336523  11.50542127   9.24429009
[289]           NA   3.27684695           NA           NA           NA   7.86542615           NA           NA
[297]           NA           NA   8.11212668   1.19564899           NA           NA   9.52637188  11.07358407
[305]           NA           NA           NA  11.84313409           NA           NA           NA  11.07282246
[313]           NA   5.52485815   5.80598081  23.64541519           NA           NA           NA  15.92342433
[321]  22.30276080  12.17064084           NA  21.19455723  10.83537883           NA           NA           NA
[329]  10.40988921   4.57354390           NA           NA           NA           NA   2.17778441  19.05755210
[337]   0.83006797   5.31690005           NA           NA   9.07196148           NA   6.49859857   1.45394305
[345]   4.86088914   7.89899589           NA           NA           NA   9.58233802           NA   9.15335647
[353]           NA           NA           NA   5.85875524           NA   2.44727832           NA           NA
[361]           NA  11.50626307           NA  20.41618201  18.00189920           NA   8.27195286   1.56941529
[369]           NA           NA           NA           NA   2.80516328   1.37317195           NA   0.65545455
[377]           NA           NA           NA   5.57311596           NA           NA  11.58046895   5.36520042
[385]  18.51496563           NA           NA           NA  12.90120440           NA           NA   6.27643308
[393]   5.91554354           NA           NA           NA           NA           NA           NA           NA
[401]           NA   0.91952946           NA           NA           NA           NA           NA           NA
[409]           NA           NA           NA           NA           NA           NA           NA           NA
[417]           NA   8.66013172  12.70855493           NA   2.15135816           NA           NA   1.70419842
[425]           NA           NA           NA           NA           NA           NA           NA           NA
[433]   8.35179249   5.88485211           NA           NA           NA           NA   0.38031621           NA
[441]           NA           NA   8.12370878   3.35795334           NA           NA  10.84219636           NA
[449]           NA           NA   6.96105271           NA  11.44366301           NA           NA           NA
[457]           NA           NA           NA   3.98061607   8.85578902   8.97198142           NA           NA
[465]           NA           NA           NA           NA   5.28673531           NA   8.60572097           NA
[473]  15.60922886           NA           NA           NA           NA           NA           NA   6.78466821
[481]           NA  11.85123944           NA           NA           NA   6.44298777           NA           NA
[489]   2.53869253           NA   6.58649881   2.42684792   5.09584721   8.73459716           NA   3.39526705
[497]           NA  10.74478232           NA   1.95489806           NA           NA   4.56173783           NA
[505]           NA           NA           NA           NA   1.90936605           NA           NA   5.83563021
[513]           NA           NA           NA   6.12213491   5.76644278           NA           NA           NA
[521]           NA   1.40786569           NA   7.55387066   4.24166753           NA           NA   5.96152126
[529]           NA           NA   9.76930592           NA           NA           NA           NA           NA
[537]   4.34807342           NA           NA           NA           NA           NA           NA   8.09758989
[545]   7.39676607           NA           NA           NA           NA           NA           NA           NA
[553]           NA           NA           NA           NA           NA   5.78088356           NA   4.39380770
[561]           NA           NA           NA           NA   3.68125081           NA           NA           NA
[569]   4.04280717           NA           NA           NA           NA           NA           NA  10.76172649
[577]   8.11684776           NA           NA           NA           NA           NA           NA           NA
[585]           NA           NA           NA           NA           NA           NA           NA           NA
[593]   2.97282327           NA           NA           NA           NA           NA           NA           NA
[601]   4.36148695   2.08043773   7.32117012           NA           NA           NA           NA   2.86748132
[609]           NA           NA           NA           NA           NA           NA   3.83172139           NA
[617]           NA   3.67786373           NA   7.80943535   9.65820625           NA           NA           NA
[625]           NA           NA           NA   1.07223938           NA           NA           NA           NA
[633]           NA   3.16252771           NA           NA           NA           NA           NA           NA
[641]           NA           NA           NA           NA   0.14626514           NA           NA           NA
[649]           NA           NA           NA   1.26635270           NA           NA           NA           NA
[657]           NA           NA           NA   5.68407221   3.66428015           NA   4.77741743           NA
[665]           NA           NA           NA           NA           NA           NA           NA           NA
[673]           NA           NA           NA           NA           NA   3.75558261           NA           NA
[681]           NA           NA   6.46639710           NA           NA           NA   1.53287442           NA
[689]           NA           NA           NA           NA           NA   4.81716516           NA           NA
[697]   0.87136316           NA           NA           NA           NA           NA           NA           NA
[705]           NA           NA           NA           NA           NA           NA           NA           NA
[713]           NA           NA           NA   2.68184606           NA           NA           NA           NA
[721]           NA           NA           NA           NA   1.32517676           NA           NA           NA
[729]           NA           NA           NA           NA           NA           NA   1.48408998           NA
[737]           NA           NA           NA           NA           NA           NA           NA           NA
[745]           NA           NA           NA           NA           NA   0.77964100           NA           NA
[753]           NA           NA           NA           NA           NA           NA           NA   0.63650986
[761]           NA           NA           NA           NA           NA           NA           NA           NA
[769]           NA           NA           NA           NA           NA           NA           NA           NA
[777]           NA           NA           NA           NA           NA           NA           NA           NA
[785]           NA           NA           NA

$TS
  [1] 1.234857e+02 1.158998e+02 1.029380e+02 8.168383e+01 7.623773e+01 7.621176e+01 7.227090e+01 7.162143e+01
  [9] 7.558080e+01 7.316966e+01 5.389984e+01 5.300600e+01 5.178028e+01 4.977329e+01 4.169377e+01 2.952834e+01
 [17] 1.062512e+01 9.425973e+00 7.598977e+00 4.189249e+00 3.236229e+00 7.139488e+01 7.076232e+01 6.482324e+01
 [25] 4.898230e+01 4.790755e+01 5.784436e+01 5.714525e+01 5.344608e+01 5.150063e+01 4.023964e+01 5.337582e+01
 [33] 1.452400e+01 4.460182e+01 2.137436e+01 5.323827e+01 5.190976e+01 5.024151e+01 4.776373e+01 3.902156e+01
 [41] 3.775204e+01 3.424707e+01 5.295683e+01 5.047683e+01 3.169077e+01 2.807983e+01 2.548124e+01 2.038421e+01
 [49] 6.979333e+00 6.021917e-01 5.260834e+01 4.124468e+01 2.973136e+01 3.197735e+01 3.042780e+01 2.233830e+01
 [57] 4.582106e+01 4.577228e+01 4.256479e+01 5.103136e+01 4.758753e+01 4.627797e+01 4.270176e+01 3.132357e+01
 [65] 4.990830e+01 4.628143e+01 1.956705e+01 9.715649e+00 6.775493e+00 5.446234e+00 3.497570e+01 3.053006e+01
 [73] 7.797706e+00 4.621742e+01 4.397428e+01 3.013353e+01 4.777583e+01 2.856412e+01 2.535500e+01 2.397210e+01
 [81] 1.340615e+01 1.084791e+01 3.871840e+00 3.704248e+01 3.421731e+01 1.710628e+01 4.350674e+01 4.201789e+01
 [89] 3.758405e+01 4.391340e+01 4.340675e+01 3.839807e+01 2.586411e+01 1.672148e+01 1.154693e+01 2.208784e+01
 [97] 4.357784e+01 4.226817e+01 3.998023e+01 3.891293e+01 3.425318e+01 4.049618e+01 3.312832e+01 3.124185e+01
[105] 2.983349e+01 4.198834e+01 3.889422e+01 3.463067e+01 3.831365e+01 3.962698e+01 2.832962e+01 1.478789e+01
[113] 1.308998e+01 3.158090e+00 3.885218e+01 3.148818e+01 2.475690e+01 2.462111e+01 2.773368e+01 2.593902e+01
[121] 2.076354e+01 1.729631e+01 1.594348e+01 1.369429e+01 3.376451e+01 2.918688e+01 6.749251e-01 3.895760e+01
[129] 3.395650e+01 2.660286e+01 1.616501e+01 1.387436e+01 4.789236e+00 3.264234e+00 3.638760e+01 3.135964e+01
[137] 3.059020e+01 3.650451e+01 2.935041e+01 1.116261e+01 2.109502e+01 1.937123e+01 1.626283e+01 3.720835e+01
[145] 3.412636e+01 2.397956e+01 2.070962e+01 1.850352e+01 3.446940e+01 3.182182e+01 2.584523e+01 3.467228e+01
[153] 2.530216e+01 2.199985e+01 2.084543e+01 8.399796e+00 3.309581e+01 2.216517e+01 1.899140e+01 1.418751e+01
[161] 1.122310e+01 6.982435e+00 4.939133e+00 2.947928e+01 2.371469e+01 2.895963e+01 1.480686e+01 2.819460e+01
[169] 1.758140e+01 1.729210e+01 2.536212e+01 3.295970e+01 2.923741e+01 1.841868e+01 1.823921e+01 2.878540e+01
[177] 3.050314e+01 2.461759e+01 2.304588e+01 1.407978e+01 8.776733e+00 3.018284e+01 2.957558e+01 2.398356e+01
[185] 2.073729e+01 1.245620e+01 1.144061e+01 2.348936e+00 2.750968e+01 1.773391e+01 2.384631e+01 4.114579e+00
[193] 2.720741e+01 2.623891e+01 1.144700e+01 6.334796e+00 1.035437e+01 8.397891e+00 3.912652e+00 2.406028e+01
[201] 1.816816e+01 1.555099e+01 2.041105e+01 1.421699e+01 2.786550e+01 2.657722e+01 2.106929e+01 1.520255e+00
[209] 2.438147e+01 2.035772e+01 1.150916e+01 7.734033e+00 2.080296e+01 1.329034e+01 1.165929e+01 9.149648e-03
[217] 1.191094e+01 2.810677e+01 2.246400e+01 1.561535e+01 2.509937e+01 2.076795e+01 2.088630e+00 1.978067e+01
[225] 1.971767e+01 2.882879e+01 2.253117e+01 1.829922e+01 2.745784e+01 2.499986e+01 1.729240e+01 1.716378e+01
[233] 5.263347e+00 4.034525e+00 2.511628e+01 2.444720e+01 2.259203e+01 2.248681e+01 1.976125e+01 1.778306e+01
[241] 3.711986e+00 2.250299e+01 1.365575e+01 1.357810e+01 6.503987e+00 2.670187e+01 2.212041e+01 1.276506e+00
[249] 2.547903e+01 2.567248e+01 2.047876e+01 1.879317e+01 3.938039e+00 2.530022e+01 2.019262e+01 1.790064e+01
[257] 2.354411e+01 2.230591e+01 2.322834e+01 1.457756e+01 1.306243e+01 1.112158e+01 6.530312e+00 5.306915e+00
[265] 8.938720e+00 2.448302e+01 2.034292e+01 1.268666e+01 2.544964e+01 2.372287e+01 1.660792e+01 1.644891e+01
[273] 2.332251e+01 1.137589e+01 2.413853e+01 1.647878e+01 1.567156e+01 7.844479e+00 1.362288e+01 1.319302e+01
[281] 2.283802e+01 1.539690e+01 2.382043e+01 2.131664e+01 2.028115e+01 1.972129e+01 1.722974e+01 1.711402e+01
[289] 2.449725e+01 2.526012e+01 2.083911e+01 2.038128e+01 1.779099e+01 1.734761e+01 1.677394e+01 1.380680e+01
[297] 9.912146e+00 9.591434e+00 2.081809e+01 1.963696e+01 1.636343e+01 1.147202e+01 1.248950e+01 1.152399e+01
[305] 2.325616e+01 1.053469e+01 4.571102e+00 2.271172e+01 2.072642e+01 1.667167e+01 1.903948e+01 1.580848e+01
[313] 2.349826e+01 1.532455e+01 1.182713e+01 2.390262e+01 1.418163e+01 9.765437e+00 8.044415e+00 1.600609e+01
[321] 2.359369e+01 1.801940e+01 1.764483e+01 2.222581e+01 2.116426e+01 1.379668e+01 1.012511e+01 7.111098e+00
[329] 1.733235e+01 2.332242e+01 1.642534e+01 1.469695e+01 9.968910e+00 7.077466e+00 6.061175e+00 2.314825e+01
[337] 2.142382e+01 1.517595e+01 1.204876e+01 1.838768e+01 1.215175e+01 1.097826e+00 1.125576e+01 3.134076e+00
[345] 2.167279e+01 1.291499e+01 6.371603e+00 1.653925e+01 2.070091e+01 1.037425e+01 5.424960e+00 2.173232e+01
[353] 9.744553e+00 4.533388e+00 1.709366e+01 1.955760e+01 1.941796e+01 2.049708e+01 2.001992e+01 1.954056e+01
[361] 1.853065e+01 1.179599e+01 1.071717e+01 2.124880e+01 1.801773e+01 1.175647e+01 1.144079e+01 1.049718e+01
[369] 2.008067e+01 1.714041e+01 6.035175e+00 1.429966e+01 8.777113e+00 4.998364e+00 1.446272e+00 8.136967e+00
[377] 1.527784e+01 1.809771e+01 8.388979e+00 1.019388e+01 7.871401e+00 1.849173e+00 1.762813e+01 1.305505e+01
[385] 2.033784e+01 1.823053e+01 1.917299e+01 1.210124e+00 1.927703e+01 1.504926e+01 7.934513e+00 1.762246e+01
[393] 1.353054e+01 1.790060e+01 4.351137e+00 8.436763e+00 6.203001e+00 4.729052e+00 2.488869e+00 4.700428e-01
[401] 1.905364e+01 1.890883e+01 7.808950e+00 2.479930e+00 2.027210e+00 1.160079e+01 5.953576e+00 1.407562e+01
[409] 2.616118e+00 1.815233e+01 1.770328e+01 1.636897e+01 1.490627e+01 9.210066e+00 8.106317e+00 1.919057e+01
[417] 1.544872e+01 1.392805e+01 1.315167e+01 1.083533e+01 1.001687e+01 5.376074e+00 3.097264e+00 1.724554e+00
[425] 1.472738e+01 7.181486e+00 1.438671e+01 3.473594e+00 1.665456e+00 4.591768e+00 1.964805e+00 1.033969e+01
[433] 1.887206e+01 1.022853e+01 9.686706e-01 1.425359e+01 1.069972e+01 8.761392e+00 1.851811e+01 1.266567e+01
[441] 1.525582e+01 1.191999e+01 8.758996e+00 7.460146e+00 1.731865e+00 2.055775e+00 1.605351e+01 1.045014e+01
[449] 9.253367e+00 3.270200e+00 1.268903e+01 4.850815e+00 1.275829e+01 8.846733e+00 3.400634e+00 1.581810e+01
[457] 1.334471e+01 1.628184e+01 9.534795e+00 4.253976e+00 1.468058e+01 1.226694e+01 9.622617e+00 8.288255e+00
[465] 8.257699e+00 4.537935e-01 2.464918e+00 3.592706e-01 1.239427e+01 1.668636e+01 1.246942e+01 2.016605e+00
[473] 1.743928e+01 1.246093e+01 8.269925e+00 2.203177e+00 2.527448e-01 1.078229e+01 2.170748e+00 1.654536e+01
[481] 1.599597e+01 1.421650e+01 7.541453e+00 6.616124e+00 3.788724e+00 1.399917e+01 8.758337e+00 7.485944e-01
[489] 1.459935e+01 1.486342e+00 1.484973e+01 8.260881e+00 6.709567e+00 1.023406e+01 1.288457e+01 1.019364e+01
[497] 2.448964e+00 1.438992e+01 8.402483e+00 7.201845e+00 6.884396e+00 5.186235e+00 5.089367e+00 3.809170e+00
[505] 7.338945e+00 6.215714e+00 1.544371e+01 1.183772e+01 7.129167e+00 1.886491e+00 5.033706e-01 9.410421e+00
[513] 3.133538e+00 7.738447e-01 9.753736e+00 7.131122e+00 9.260472e+00 1.271441e+00 1.365353e+01 5.554120e+00
[521] 5.200768e+00 1.942397e+00 1.517582e+01 1.137756e+01 6.403550e+00 1.458489e+00 1.271755e+00 1.118800e+01
[529] 1.906455e+00 5.644330e-01 1.013011e+01 2.086577e+00 1.020806e+01 9.382229e+00 1.328061e+01 1.165624e+01
[537] 1.068335e+01 5.140801e+00 1.003889e+01 1.404550e+01 1.226898e+01 5.307858e+00 1.184573e+01 1.054923e+01
[545] 9.255539e+00 5.419141e+00 2.294671e+00 1.283875e+01 1.364603e+01 9.845739e+00 9.069469e+00 6.059111e+00
[553] 6.271347e+00 1.044537e+00 1.044401e+01 1.322864e+01 1.219221e+01 1.191060e+01 5.556604e+00 4.679836e+00
[561] 1.342164e+01 5.849499e+00 3.916814e+00 9.116322e+00 1.138619e+01 8.481072e+00 7.462436e+00 1.201033e+01
[569] 9.662442e+00 8.409745e+00 4.341649e+00 6.809611e+00 6.727519e+00 9.317858e-01 1.524187e+00 1.288256e+01
[577] 1.188074e+01 4.666726e+00 7.959487e+00 1.528538e+00 4.248597e-02 8.803587e+00 1.192689e+01 1.035150e+01
[585] 6.861829e+00 1.197098e+01 1.093838e+01 9.712155e+00 1.731796e+00 8.886842e-03 9.333258e+00 8.719390e+00
[593] 7.642089e+00 2.136825e+00 1.145712e+01 9.637658e+00 1.151358e+01 1.167615e+01 1.023312e+01 8.535377e+00
[601] 1.017903e+01 1.076448e+01 1.074642e+01 1.045044e+01 9.863594e+00 9.738099e+00 3.410054e+00 8.081083e+00
[609] 7.790638e+00 9.100700e+00 9.651066e+00 6.029859e+00 1.116703e+01 9.989264e+00 1.008497e+01 5.488216e+00
[617] 9.707536e+00 3.775628e+00 2.509851e+00 1.082796e+01 1.044201e+01 5.687592e+00 2.517005e+00 1.037860e+01
[625] 2.431461e+00 4.529231e-01 7.881891e+00 1.137244e+00 4.567269e+00 3.498899e+00 2.025487e+00 5.496157e+00
[633] 9.995787e+00 3.381071e+00 5.951251e-01 7.079254e+00 9.240285e+00 4.901189e+00 9.672109e+00 6.638326e+00
[641] 8.224507e+00 6.790493e+00 7.680183e+00 3.589342e+00 5.926158e+00 4.550327e+00 7.500371e+00 1.667559e+00
[649] 2.361507e+00 4.926022e+00 1.061084e+00 2.586111e+00 4.999342e+00 9.148866e+00 7.244446e+00 4.560975e-02
[657] 8.617614e+00 1.267176e+00 4.089447e-01 6.370628e+00 4.566128e+00 4.009850e+00 7.828942e+00 3.427865e+00
[665] 8.736485e-01 2.118339e+00 8.993863e+00 5.089982e+00 4.197182e+00 2.519013e+00 8.273306e+00 6.024195e+00
[673] 4.921990e+00 1.989491e+00 1.875852e+00 7.127851e+00 3.529245e+00 6.489670e+00 3.118281e+00 2.461553e+00
[681] 7.362709e-01 1.504656e-01 7.498113e+00 1.453471e+00 7.014539e+00 4.881199e+00 2.194058e+00 5.026650e+00
[689] 3.124463e+00 5.926825e+00 3.688784e+00 3.277436e+00 1.412654e+00 7.457710e+00 5.571490e+00 7.345373e-03
[697] 2.831224e+00 2.026713e+00 3.543417e+00 4.283663e-01 7.691833e+00 4.487682e+00 5.853351e+00 5.625747e+00
[705] 3.216801e-01 5.175899e+00 6.873265e+00 6.655247e+00 4.068667e+00 6.779071e+00 2.107266e+00 3.783536e+00
[713] 3.805715e+00 5.164650e+00 3.352626e+00 5.476261e+00 6.573831e+00 5.090754e+00 5.837177e+00 6.779738e+00
[721] 2.920595e+00 2.703635e+00 5.476713e+00 1.834369e+00 2.022769e+00 5.404596e+00 4.300675e+00 3.945674e+00
[729] 1.226921e+00 3.635428e-01 4.697623e+00 4.483111e+00 2.699708e+00 3.457674e+00 2.451740e+00 4.647371e-01
[737] 1.440905e+00 5.423538e+00 5.013228e+00 9.296023e-02 3.499746e+00 6.518756e-01 1.357624e+00 6.365393e-01
[745] 4.978577e+00 1.931592e+00 1.335858e+00 4.249482e+00 4.468067e+00 4.282118e+00 2.152252e+00 2.941135e+00
[753] 5.988443e-02 4.429850e+00 3.131486e+00 2.415065e+00 2.875360e+00 1.340847e+00 3.265132e+00 1.590286e+00
[761] 3.166032e+00 1.097505e+00 2.988853e-01 1.499093e+00 1.454448e+00 2.718708e+00 2.817093e+00 2.364600e+00
[769] 1.959812e+00 2.378753e+00 1.393899e+00 9.947126e-01 2.312899e+00 2.104574e+00 7.726049e-01 1.656992e+00
[777] 1.087486e+00 1.303550e-01 1.500438e+00 1.988904e+00 1.082141e+00 1.064513e+00 9.486699e-01 1.449928e+00
[785] 7.044308e-02 3.344160e-01 3.744880e-01

$PAR
  [1]  NA   1   1   3   4   5   5   5   6   6   6   6   6   6   6   6   6   6   6   6   6  10  10   8   8   8  22  22
 [29]  22  22  28  11  11  29  29  32  32  32  32  32  32  32  36  36  36  36  36  36  36  36  12  12  12  43  43  43
 [57]  51  51  51  37  37  37  37  13  60  44  44  44  44  44  38  38  38  65  65  65  26  26  26  77  77  77  77  61
 [85]  61  61  66  66  66  62  62  62  62  62  62  74  57  58  90  90  90  97  97  97  97  87  91  91  88  52  52  52
[113]  52  52 102 102 102 102  31  31  31  31  31  31  99 110 110  40  40  40  40  40  40  40 128 128 128 107 107 107
[141] 115 115 115  92  92  92  92  92 109 109 109 144  84  84  84  84 135 135 135 135 135 135 135  71  71 152 152 108
[169] 108 108 149 101  85  85  85 145 129 129 129 129 129 125 125 125 103 103 103 103 172 172  54  54  45  45  45  45
[197] 116 116 116 136  64  64 104 104 137 137  72  72 182  76  76  76 105 105 105 105  53 183  16  16 164 164 164 139
[225] 139 173 173 173 226 226 176 176 176 176  78  78  78  78  78  78  78 111 111 168 168 218 218 218  46 205 205 205
[253] 205 189 189 229 246 130 206 206 206 206 206 206 194 120 120 120  93  93  93  93 151 151 250 250 250 250  47  47
[281] 249 249 269 269 269 269 269 269 171 153 153 153 153 153 290 221 221 221 117 117 117 117 118 118 178 178 178 289
[309] 266 266 236 236 209 209 209 275 275 275 275 184 146  80  80 191 191 191 191 191 165 321 257 330 330 330 330 305
[337] 305 305 305 259 259 259 179 179 281 281 281 308 237 237 237 242  56  56 258 158 158 247 154 352 337 337 337  35
[365]  35  35  35  35 284 284 284 325 155 155 155 291 222 121 121 185 309 309 147 349 358 358 251 251 203 203 203 292
[393] 292 210 210 267 267 267 267 267 385 285 285 285 285 369 369 359 359 224 286 286 286 286 286 225 225  67  67 356
[421] 356 357 357 357 142 142 387 387 387 401 401 311 402 402 402 433 433 433 252 252 361 361 361 174 340 175 386 201
[449] 201 201 410 410 378 378 378 256 256 394 394 394 293 293 293 293 293 293 240 240 411 323 323 323 383 383 169 169
[477] 169 329 231 170 170 232 232 232 370 355 355 355 295 295  94  94  94 470 310 310 310 271 480 480 348 348 348 276
[505] 331 331 412 301 301 301 301 458 458 481 123 123 456 456 282 282 282 282 314 314 314 377 377 523 523 523 413 413
[533] 491 167 112 425 425 332 461 489 489 489  33  33  33  33  33 498 427 204 204 204 160 160 317 180 408 408 408 408
[561] 418 132 132 296 326 326 549 244  81  81  81 457 457 457 214 113 576 440 474 474 474 186 462 557 557 341 341 339
[589] 339 568 586 583 583 583 442 558 577 543 543 508 315 598 598 598 598 598 598 215 215 406  95  95 595 595 367 187
[617] 565 274 274 528 613 613 140 587 587  82 420 420 478 478 363 437 537 604 604 448 555 197 584 584 599 496 615 539
[645] 421 421 333 605 353  68 588 639 611 463 463 463 459 459 459  18  18  18 512 534 534 591 545 637 637 414 610 610
[673] 610 551 551 265 454 582 582 181 181 438 487 487 657 600 600 396 499 198 671 475 465 641 641 641 376 415 319 319
[701] 579 627 663 663  73 212 593 593  19 483 567 444 655 500 426 636 334 685 707 585 710 708 484 263 245 525 347 347
[729] 347 397 371 612 690 645 645 645 704 695  70 351 546 726 264 233 502 163 163 638 686 686 686 578 732 749 395 395
[757] 669  20 563 677 715 692 692 450 755 679 423 423 423 766 670 623 619 497 625 649 547 547 446 725 648 429 776 208
[785] 729 762 435

$EXTANT
  [1] FALSE FALSE FALSE FALSE FALSE  TRUE FALSE FALSE FALSE FALSE  TRUE FALSE FALSE FALSE FALSE FALSE FALSE  TRUE  TRUE
 [20]  TRUE FALSE FALSE FALSE FALSE FALSE  TRUE FALSE FALSE FALSE FALSE FALSE FALSE  TRUE FALSE FALSE  TRUE FALSE  TRUE
 [39] FALSE  TRUE FALSE FALSE FALSE  TRUE  TRUE FALSE  TRUE  TRUE FALSE  TRUE FALSE  TRUE  TRUE  TRUE FALSE  TRUE FALSE
 [58] FALSE FALSE FALSE FALSE FALSE FALSE FALSE FALSE FALSE FALSE FALSE  TRUE  TRUE FALSE  TRUE  TRUE FALSE FALSE  TRUE
 [77]  TRUE FALSE FALSE FALSE  TRUE  TRUE  TRUE FALSE FALSE FALSE FALSE FALSE FALSE FALSE FALSE  TRUE  TRUE  TRUE  TRUE
 [96] FALSE FALSE  TRUE FALSE FALSE FALSE FALSE  TRUE FALSE  TRUE FALSE  TRUE FALSE FALSE  TRUE FALSE FALSE FALSE  TRUE
[115]  TRUE  TRUE FALSE  TRUE FALSE FALSE  TRUE FALSE FALSE FALSE FALSE FALSE  TRUE FALSE FALSE FALSE  TRUE  TRUE  TRUE
[134]  TRUE  TRUE  TRUE FALSE FALSE FALSE  TRUE FALSE  TRUE FALSE FALSE FALSE FALSE FALSE FALSE  TRUE FALSE FALSE  TRUE
[153] FALSE FALSE  TRUE FALSE FALSE FALSE  TRUE FALSE  TRUE  TRUE  TRUE  TRUE FALSE FALSE FALSE  TRUE  TRUE FALSE FALSE
[172] FALSE FALSE FALSE  TRUE  TRUE FALSE  TRUE  TRUE FALSE  TRUE FALSE FALSE  TRUE  TRUE FALSE  TRUE  TRUE FALSE FALSE
[191]  TRUE  TRUE FALSE FALSE FALSE FALSE  TRUE  TRUE  TRUE FALSE  TRUE FALSE  TRUE  TRUE  TRUE  TRUE FALSE  TRUE FALSE
[210]  TRUE  TRUE FALSE  TRUE  TRUE  TRUE  TRUE  TRUE  TRUE FALSE FALSE  TRUE  TRUE  TRUE FALSE FALSE FALSE  TRUE  TRUE
[229]  TRUE FALSE  TRUE  TRUE  TRUE  TRUE FALSE FALSE FALSE FALSE  TRUE  TRUE  TRUE FALSE FALSE FALSE  TRUE FALSE FALSE
[248]  TRUE  TRUE  TRUE  TRUE  TRUE  TRUE FALSE FALSE FALSE  TRUE FALSE  TRUE FALSE FALSE FALSE  TRUE  TRUE  TRUE FALSE
[267]  TRUE FALSE FALSE FALSE  TRUE FALSE FALSE FALSE  TRUE  TRUE FALSE FALSE FALSE FALSE  TRUE  TRUE FALSE  TRUE  TRUE
[286] FALSE FALSE FALSE  TRUE FALSE  TRUE  TRUE  TRUE FALSE  TRUE  TRUE  TRUE  TRUE FALSE FALSE  TRUE  TRUE FALSE FALSE
[305]  TRUE  TRUE  TRUE FALSE  TRUE  TRUE  TRUE FALSE  TRUE FALSE FALSE FALSE  TRUE  TRUE  TRUE FALSE FALSE FALSE  TRUE
[324] FALSE FALSE  TRUE  TRUE  TRUE FALSE FALSE  TRUE  TRUE  TRUE  TRUE FALSE FALSE FALSE FALSE  TRUE  TRUE FALSE  TRUE
[343] FALSE FALSE FALSE FALSE  TRUE  TRUE  TRUE FALSE  TRUE FALSE  TRUE  TRUE  TRUE FALSE  TRUE FALSE  TRUE  TRUE  TRUE
[362] FALSE  TRUE FALSE FALSE  TRUE FALSE FALSE  TRUE  TRUE  TRUE  TRUE FALSE FALSE  TRUE FALSE  TRUE  TRUE  TRUE FALSE
[381]  TRUE  TRUE FALSE FALSE FALSE  TRUE  TRUE  TRUE FALSE  TRUE  TRUE FALSE FALSE  TRUE  TRUE  TRUE  TRUE  TRUE  TRUE
[400]  TRUE  TRUE FALSE  TRUE  TRUE  TRUE  TRUE  TRUE  TRUE  TRUE  TRUE  TRUE  TRUE  TRUE  TRUE  TRUE  TRUE  TRUE FALSE
[419] FALSE  TRUE FALSE  TRUE  TRUE FALSE  TRUE  TRUE  TRUE  TRUE  TRUE  TRUE  TRUE  TRUE FALSE FALSE  TRUE  TRUE  TRUE
[438]  TRUE FALSE  TRUE  TRUE  TRUE FALSE FALSE  TRUE  TRUE FALSE  TRUE  TRUE  TRUE FALSE  TRUE FALSE  TRUE  TRUE  TRUE
[457]  TRUE  TRUE  TRUE FALSE FALSE FALSE  TRUE  TRUE  TRUE  TRUE  TRUE  TRUE FALSE  TRUE FALSE  TRUE FALSE  TRUE  TRUE
[476]  TRUE  TRUE  TRUE  TRUE FALSE  TRUE FALSE  TRUE  TRUE  TRUE FALSE  TRUE  TRUE FALSE  TRUE FALSE FALSE FALSE FALSE
[495]  TRUE FALSE  TRUE FALSE  TRUE FALSE  TRUE  TRUE FALSE  TRUE  TRUE  TRUE  TRUE  TRUE FALSE  TRUE  TRUE FALSE  TRUE
[514]  TRUE  TRUE FALSE FALSE  TRUE  TRUE  TRUE  TRUE FALSE  TRUE FALSE FALSE  TRUE  TRUE FALSE  TRUE  TRUE FALSE  TRUE
[533]  TRUE  TRUE  TRUE  TRUE FALSE  TRUE  TRUE  TRUE  TRUE  TRUE  TRUE FALSE FALSE  TRUE  TRUE  TRUE  TRUE  TRUE  TRUE
[552]  TRUE  TRUE  TRUE  TRUE  TRUE  TRUE FALSE  TRUE FALSE  TRUE  TRUE  TRUE  TRUE FALSE  TRUE  TRUE  TRUE FALSE  TRUE
[571]  TRUE  TRUE  TRUE  TRUE  TRUE FALSE FALSE  TRUE  TRUE  TRUE  TRUE  TRUE  TRUE  TRUE  TRUE  TRUE  TRUE  TRUE  TRUE
[590]  TRUE  TRUE  TRUE FALSE  TRUE  TRUE  TRUE  TRUE  TRUE  TRUE  TRUE FALSE FALSE FALSE  TRUE  TRUE  TRUE  TRUE FALSE
[609]  TRUE  TRUE  TRUE  TRUE  TRUE  TRUE FALSE  TRUE  TRUE FALSE  TRUE FALSE FALSE  TRUE  TRUE  TRUE  TRUE  TRUE  TRUE
[628] FALSE  TRUE  TRUE  TRUE  TRUE  TRUE FALSE  TRUE  TRUE  TRUE  TRUE  TRUE  TRUE  TRUE  TRUE  TRUE  TRUE FALSE  TRUE
[647]  TRUE  TRUE  TRUE  TRUE  TRUE FALSE  TRUE  TRUE  TRUE  TRUE  TRUE  TRUE  TRUE FALSE FALSE  TRUE FALSE  TRUE  TRUE
[666]  TRUE  TRUE  TRUE  TRUE  TRUE  TRUE  TRUE  TRUE  TRUE  TRUE  TRUE  TRUE FALSE  TRUE  TRUE  TRUE  TRUE FALSE  TRUE
[685]  TRUE  TRUE FALSE  TRUE  TRUE  TRUE  TRUE  TRUE  TRUE FALSE  TRUE  TRUE FALSE  TRUE  TRUE  TRUE  TRUE  TRUE  TRUE
[704]  TRUE  TRUE  TRUE  TRUE  TRUE  TRUE  TRUE  TRUE  TRUE  TRUE  TRUE  TRUE FALSE  TRUE  TRUE  TRUE  TRUE  TRUE  TRUE
[723]  TRUE  TRUE FALSE  TRUE  TRUE  TRUE  TRUE  TRUE  TRUE  TRUE  TRUE  TRUE FALSE  TRUE  TRUE  TRUE  TRUE  TRUE  TRUE
[742]  TRUE  TRUE  TRUE  TRUE  TRUE  TRUE  TRUE  TRUE FALSE  TRUE  TRUE  TRUE  TRUE  TRUE  TRUE  TRUE  TRUE  TRUE FALSE
[761]  TRUE  TRUE  TRUE  TRUE  TRUE  TRUE  TRUE  TRUE  TRUE  TRUE  TRUE  TRUE  TRUE  TRUE  TRUE  TRUE  TRUE  TRUE  TRUE
[780]  TRUE  TRUE  TRUE  TRUE  TRUE  TRUE  TRUE  TRUE

