
Birth-death simulation object with 792 species and 500 extant species

Details for some species:

Extinction times (NA means extant)
[1] 65.801916 56.704210  2.698567 52.945347 55.240904 48.807287


Speciation times 
[1] 94.55621 83.44630 74.63850 64.00202 59.67279 66.90567


Species parents (NA for initial)
[1] NA  1  1  2  2  3


Species status (extinct or extant)
[1] "extinct" "extinct" "extinct" "extinct" "extinct" "extinct"


For more details on vector y, try sim$y, with y one of
TE TS PAR EXTANT



$TE
  [1] 65.8019162 56.7042097  2.6985675 52.9453467 55.2409042 48.8072871         NA 43.5317580         NA 37.4458838
 [11] 22.9749614         NA  5.3954300  1.9996738 31.3188899         NA         NA 48.8331082 43.0860733 30.6583047
 [21] 15.4207936 21.7724611         NA         NA         NA         NA 24.4291221 29.2846252         NA 45.3437604
 [31]         NA 15.5694926         NA         NA 22.5115437 34.8763981 32.1175496 38.9380870 23.5839980 15.5487344
 [41]         NA 54.4661522 43.8185936 49.4507184 36.4843621 37.3369004         NA  5.3236686         NA 21.7030774
 [51]  7.6881474         NA         NA 19.5718128 10.9358897         NA 20.0592859         NA         NA 26.4193176
 [61] 34.9107910 36.6743725  6.3266329 35.5838763         NA         NA 21.3411696  6.8946636  7.4746896         NA
 [71] 30.4911341  9.7648585         NA         NA 25.6114241  4.3595394  9.4750397         NA  4.3709469         NA
 [81]  5.6029736         NA 50.6899303 33.8519422 23.3693332  9.3847572 32.5371845 22.0652572 15.6240506 38.2117649
 [91] 10.0268313         NA  5.3307941  7.9369276         NA 17.9487049         NA         NA 41.6311083         NA
[101] 23.5744445         NA 24.4466680         NA         NA 26.9840817         NA 15.7575647 20.2431908 25.4598683
[111] 13.1262597 27.9200066         NA         NA         NA 13.2379794 22.0539505 19.3007215         NA 12.4413766
[121]         NA 38.6807818         NA 20.6168763  3.5377693 14.1003163         NA         NA         NA 38.9225999
[131]  4.3702600         NA 30.1752470 11.3904426 30.7103567 24.6773106 10.8892517  7.8784388  9.7690618 15.3001751
[141]         NA         NA         NA 10.4682865  2.8009841         NA 34.3918525         NA 23.9472564         NA
[151] 33.4184916  4.2844798         NA  9.4686879         NA 20.0197698         NA         NA         NA  5.9173786
[161]         NA 18.7512568 22.5979767 23.7852491  9.1037280         NA         NA 29.5554965         NA         NA
[171] 22.2479455 30.4517517         NA 13.2692948 15.3180737 10.0496188         NA         NA         NA 19.8446572
[181] 20.1635144 28.3281965 19.2063245         NA 13.9848111         NA         NA  1.8514128         NA  4.5110246
[191]         NA 24.7486503         NA         NA         NA         NA         NA         NA 32.9428150         NA
[201]         NA  0.3024392  8.0253633 14.7487940 23.8482495 13.4638815 22.0263213 24.1403169  0.7733850 22.1106647
[211] 26.8166866 24.2188142         NA         NA 11.9443281 17.3223605 16.7037682         NA         NA         NA
[221]         NA 11.5181957         NA 11.8055077  1.2806033 13.5012561         NA         NA  3.9185245  5.2502502
[231] 26.7527359 11.3905397 14.5226979         NA 18.0592531         NA 17.2366317         NA         NA  2.8212744
[241] 22.3370310 17.5163125 16.1922652  7.8240224 14.5554970 13.3812584  8.7356371 10.9547076         NA 14.1229137
[251]         NA         NA 21.5534781         NA         NA 13.0584899         NA         NA  3.9475582 18.7089892
[261]         NA  3.2769506  7.6659769         NA         NA         NA         NA         NA         NA         NA
[271]  3.1713392         NA         NA         NA         NA         NA         NA         NA         NA         NA
[281] 15.7257650 24.1613165         NA         NA  8.4698297         NA         NA 23.0683574 18.7412395 16.6198957
[291] 11.3827127 12.4376874  5.5047082  8.3889643  5.9415366         NA         NA         NA         NA         NA
[301] 19.6387810         NA 12.4229957  2.6190515 14.5867675  3.4195430         NA         NA 21.6192213         NA
[311] 14.5555464         NA         NA         NA         NA 17.9921290 13.7938029  8.9439829         NA  5.5022452
[321]         NA  9.7490559 16.0150213  3.5848922 21.2281367         NA  5.8069383         NA  3.2651273  7.1120968
[331]         NA 18.1824292 11.0899784         NA         NA         NA         NA         NA 11.2632904  6.7209489
[341] 14.7890965         NA  7.3172228         NA 22.1612691         NA         NA         NA         NA         NA
[351]         NA         NA         NA         NA         NA 21.2418115         NA         NA 11.3376314 18.5270643
[361]         NA         NA         NA         NA         NA         NA  3.0285771 16.8219390         NA  3.8899665
[371]         NA         NA         NA         NA         NA         NA         NA         NA         NA         NA
[381]         NA         NA  1.1354109         NA         NA  5.1681716         NA         NA  4.1059897         NA
[391]         NA         NA         NA         NA         NA         NA         NA         NA         NA         NA
[401]  0.4645596         NA 11.9413882 16.2767386         NA  4.3652110         NA         NA  8.0523227         NA
[411] 10.1353908  8.6761962  5.2726523         NA  2.9389773         NA 12.5749228 11.9150009         NA         NA
[421] 13.9246722         NA         NA         NA  9.3242176         NA         NA  4.2964361 12.9013406         NA
[431] 11.7749875         NA         NA         NA         NA         NA  2.0567848 13.7724056         NA         NA
[441]         NA         NA         NA         NA  6.3953203         NA  2.6209801  5.7847552         NA         NA
[451]  5.9099984         NA  0.1017565         NA         NA         NA         NA         NA 11.9793206 12.0184047
[461]         NA 12.4017417         NA  7.6528313         NA         NA  7.8953898  4.4113350         NA  1.6688403
[471]         NA         NA  6.3353740         NA  1.2206001         NA         NA         NA         NA  3.0647595
[481]  4.4202023         NA 12.5228264 13.6460499         NA 14.3024764 14.2673291         NA         NA         NA
[491]         NA         NA         NA         NA         NA  5.0631428         NA  0.2269963  1.9014233  4.7173090
[501]         NA         NA  0.4653313         NA         NA         NA  5.5288561  0.5119926         NA         NA
[511]         NA  3.7513477         NA  4.3317985         NA         NA         NA         NA  1.2365084         NA
[521]         NA         NA         NA         NA  2.3299852  1.5895443  8.7267835         NA         NA 10.6421068
[531] 12.9163804         NA 10.6674251 11.1524151 11.3674775         NA         NA  4.7743429         NA         NA
[541]         NA  3.7232506  5.3133099  3.7800651         NA         NA         NA         NA         NA         NA
[551]         NA         NA         NA         NA         NA  6.5540502         NA         NA         NA         NA
[561]  4.0153400 10.4141809         NA         NA         NA  0.5636370         NA         NA         NA         NA
[571]         NA         NA         NA         NA         NA         NA         NA         NA         NA         NA
[581]         NA         NA  8.4182102         NA         NA         NA         NA  8.6646224         NA         NA
[591]         NA         NA         NA         NA         NA         NA         NA         NA         NA         NA
[601]         NA         NA  0.9782172         NA         NA  0.4735468         NA         NA         NA         NA
[611]         NA         NA  4.9541227         NA         NA         NA  4.4797462         NA         NA         NA
[621]         NA  0.6534120         NA         NA         NA         NA         NA         NA         NA         NA
[631]         NA         NA         NA         NA         NA  0.6564038         NA         NA         NA         NA
[641]         NA         NA         NA         NA         NA         NA         NA         NA         NA         NA
[651]         NA         NA         NA         NA         NA         NA         NA         NA         NA         NA
[661]         NA         NA         NA         NA         NA         NA         NA         NA         NA         NA
[671]         NA         NA         NA         NA         NA         NA         NA         NA  0.8622807  1.7797710
[681]  2.3135220         NA         NA         NA         NA         NA         NA         NA         NA  3.0395592
[691]         NA         NA         NA         NA         NA         NA         NA         NA  2.6220618         NA
[701]         NA  4.2778977         NA         NA         NA         NA         NA  1.5726099         NA         NA
[711]         NA         NA         NA         NA         NA         NA         NA         NA         NA  3.6075236
[721]         NA         NA         NA  3.4607686         NA  3.2408270  2.5249402         NA         NA         NA
[731]         NA         NA         NA         NA         NA         NA         NA         NA         NA         NA
[741]         NA         NA         NA         NA         NA         NA         NA         NA         NA         NA
[751]         NA         NA         NA         NA         NA         NA         NA         NA         NA         NA
[761]         NA         NA         NA         NA         NA  2.9334720         NA  0.2623225         NA         NA
[771]         NA         NA         NA         NA         NA         NA         NA         NA         NA         NA
[781]         NA         NA         NA         NA         NA         NA         NA         NA         NA         NA
[791]         NA         NA

$TS
  [1] 94.556211742 83.446298145 74.638496541 64.002024901 59.672790880 66.905666045 63.642982272 60.593888179
  [9] 57.553008265 50.746079561 48.658635792 17.156969805 61.846164581 52.953016566 52.604997029 62.140638663
 [17] 53.078389170 51.684957295 46.787400636 42.103747553 32.368929195 29.364297232 26.117649814 14.623655910
 [25]  3.653156814  2.920030829 59.600852749 57.328303422 57.240892199 46.785230523 22.198342029 16.660728044
 [33] 10.033603440  7.665985361 54.564231821 51.746805828 48.369103815 41.660341323 39.223583500 25.008217294
 [41] 15.747317767 56.533180720 46.317265465 57.942920907 55.021639110 44.847545231 42.959336278 43.522324387
 [49] 41.930834866 29.011461503 27.107109209 17.773515032 42.710043603 33.949824093 29.304993049 47.408677432
 [57] 27.394448102 18.420654771  8.239966085 43.401992682 42.583517141 38.626962568 53.688027725 41.872734284
 [65] 34.651670248 29.033530566 25.909203606  9.977812762  9.713324383 34.264911640 33.442420645 31.033389528
 [73] 30.890323229 26.791935196 25.851215079 21.287581936 17.120824248  6.733373863 25.605335436 25.445387806
 [81] 20.536153363 11.464140341 50.832545598 45.721240890 37.965099745 36.626719768 36.571681719 35.874167915
 [89] 43.259172830 40.814645246 33.564274572 23.850086742 39.728150467 34.925000540 44.725774130 38.015452865
 [97] 20.432227366  6.814025194 45.408273277 34.946167110 33.486494534 25.952554401 25.747731943  2.616475083
[105] 37.577793614 34.609547828 14.908733958 40.721915781 40.289598483 34.929545170 42.985677672 40.355943287
[113] 18.725277386 31.242970892 27.306798034 36.013111338 28.715865395 26.005563239 20.978450977 15.109606345
[121]  3.163970111 39.344748392 41.013485758 35.514863726 17.653252554 14.688697766  4.961052805 39.131533612
[129] 36.021198534 40.042223903 24.999068138 23.043747657 34.749432721 32.296475179 32.022270871 25.913361472
[137] 15.850670606 34.380890694 34.732091015 18.965265218 17.909882743 39.157015470 26.130202023 19.132487414
[145] 28.727810156  0.938130839 38.239782264 23.173881658 31.564318350 10.193269326 35.450661235 34.476836542
[153] 20.537982616 19.160854597 14.883607621 35.135650673 22.020754061 16.716393578 13.458221580 29.925245611
[161] 24.591037623 33.751873915 25.905095800 24.498592969 20.742366306  7.197798781  2.432097170 34.857581302
[169] 24.870312497 14.623966835 32.823476853 32.530478875 32.112339905 23.187198847 16.912287312 14.877958317
[177] 10.566355866 25.146659145  0.761452949 34.493014494 31.931181478 28.916959514 27.324108126 24.643750618
[185] 30.362165470 24.561022017 18.919462063  4.756145650  9.548287229 34.172153900  8.265175298 29.216675138
[193] 17.823351653 16.994363171 13.212017984 11.059468076  9.624202046  7.796545227 33.209527732 30.568706324
[201] 21.707421816 20.688805078 10.843538606 30.203427133 25.207992331 28.926278257 24.864476392 30.353616716
[209] 29.473103586 25.386703920 30.255205215 29.191124993 25.863038781 18.742410855 14.627178165 30.676511219
[217] 25.463249232  7.738145605 30.767237562 28.437779269 21.008972231 20.912535255  9.308871421 29.253844444
[225] 23.590067369 19.452789249  2.461515391  0.651938923 19.338633399 16.139516523 29.804014220 30.043858258
[233] 25.311378591 13.547495321 27.906040985 26.992234120 22.625189584 20.710435784 16.606418151 27.394109986
[241] 24.287190939 28.571329401 21.034790213 18.389606375 16.540064329 14.158757782 19.944571961 19.483312407
[249]  7.214255363 17.131048062  3.476449515 28.292851561 24.365089567 14.352457816 12.161423408 25.931917005
[257]  2.659579672 22.269187771 27.084125310 24.101577673 21.982766606 28.622337387 22.471893138 17.905979691
[265] 27.492484515 23.791315649 27.953409137 21.438468130 15.511049846  9.294590199  7.104178726  0.433543155
[273]  4.956842347 24.109841416 15.333348244  5.882202508  2.125741373 15.005919822 13.368019006 12.264368114
[281] 26.444324751 24.997446049 12.141004789 10.879941413 10.174237484  7.928361638  1.787563776 25.444476293
[289] 23.952956433 24.798266894 16.057002126 14.151314565 11.794897405  9.130658380  6.961036762 19.031755597
[297] 16.473081885 14.926978415  7.069286293  3.307501252 24.763882760 19.186372808 25.110433658 24.003136114
[305] 18.658642938 12.765707427  4.957304244 23.826470058 22.952898844 19.379111953 25.888336172 23.172674193
[313] 23.050949667 19.568001204 12.020092421 25.667485699 16.109876029 15.584472339  3.206502205 24.723001933
[321] 17.048649835 19.658683832 18.388763165 17.647532053 24.765649624 17.803749688 14.352473930 11.568479903
[329] 19.165872644 24.014325948 15.164076544 20.335806633 19.980699804 17.471936135 22.847536419 17.499358303
[337] 24.498379444 14.347100839 13.586239744 11.894255582 24.228112644 23.253029921 16.832416012  0.383813842
[345] 22.323550754 17.969127852  5.314292451  0.452689904  0.311291455 15.983270117  8.972922769  7.090604632
[353]  6.472914113  0.526726154 20.950239060 23.872058884 11.169145871 10.902274545 19.934290352 19.820421596
[361] 10.573985531  2.351544874 17.570505091  8.517229832  7.808347811  5.257260926  5.021352400 19.804558419
[369] 19.001887902 17.645549374 14.404196879  3.731898145 19.749936580 15.709602157  5.603847238 19.047806466
[377]  9.852273409  4.384942516 13.976606997 13.607003956  2.631466908  0.004191238 17.346961713  9.341325342
[385]  6.116312858 19.848722501 14.186098137 21.663691310 21.318687560 13.457360088  8.874538370 20.871632610
[393] 16.962395417  5.044862101  1.315232478  9.475286065  0.917784070 17.844483303  2.013587589  1.706378196
[401]  1.384769299 17.943568096 12.954355936 17.195512679 19.561196509 15.291312477  8.589787884  4.001944066
[409] 16.450319125  2.577308028 16.381447173 15.501063915  8.206833650  2.848896354 12.940537910  6.550121428
[417] 13.474106147 12.810230237  5.215441485 20.340563120 15.729735062 14.104583054 10.029998916  5.855914689
[425] 11.165098294  9.739672162 18.584022239 17.908110498 16.596635341  8.802315950 16.622316145 13.935643385
[433] 11.700035286 13.524660120 13.425013900 14.945067053 17.435899050 16.101977467  5.916736625 17.607218091
[441] 14.928796876 17.916017283 13.703043658 17.229775653 16.316787779  1.554434795  7.792386599  5.886486388
[449] 18.020667368 16.491596250 15.170111752  5.095586214  2.534867819 16.728947936  8.012880373  6.938661996
[457]  2.481494507  1.846630068 16.574486705 15.919168924 13.964572587 13.448204604 12.778991075 12.914000647
[465]  4.454181396 15.544126982 12.548590897 11.724682437 17.620815535  3.779148019 16.427570404  6.384845171
[473] 15.542289427 15.222699710 14.717895275  0.789397294 14.472994017  9.428108279  2.411965238 10.406635587
[481]  6.380785478  7.539558379 17.566677192 13.954252269  0.306967380 14.756635613 14.464534468  4.069190513
[489] 17.000586728 10.566200844  3.339833755  1.581978083  5.671347948  6.517530979  8.310204957 16.391297354
[497]  9.452095944  3.714190055  2.727375756 16.218474897 13.764534500 11.553462586  1.309005330 11.450684841
[505] 14.642101282  3.814614702  7.998022326  7.238542820  3.645671076  0.409288144 15.364154274 15.157278552
[513]  2.126691370 16.350025113 14.380968005  0.211835761 14.710839264 13.447133872 11.992710732  7.306914943
[521]  3.792895554 10.871641717  4.276015181  5.851939803 12.001525728  8.514583853  8.799176021  6.437015208
[529]  6.040790276 13.221460002 15.534301312 10.286821848 12.495182342 13.878016648 12.222982434 10.466358536
[537]  9.856967050  6.264989885  2.126215358 13.940534995 13.252226487 10.522194722 13.473796481 11.101449154
[545]  3.346579442  2.615438420 12.329293504 15.141388592 13.974078119 11.231306630  9.670262324  4.776824872
[553]  0.081793819 10.807725468 10.487399130  8.756719137 12.599728280 10.407646461  2.681344017  4.235643711
[561] 10.204972847 14.323221787 12.823088088  2.280350600  2.314480342 11.576218841  2.556751378  0.143916960
[569]  1.643612314 14.407209517  3.386187615  0.490505766  7.528582430  7.379599068  2.284194668 13.209682599
[577] 10.747682078 13.159713671  9.323242253 13.566980041 12.754288013  0.966979475 10.452717764  8.854227893
[585]  9.487084551  3.967198238 13.935474519 13.690400723  1.882571613  9.537302590  5.853348452  8.629313503
[593]  6.995426278  3.093693210 10.685653963  6.180592650  5.413283787  3.688973968  9.474089835  2.952726202
[601] 13.146494480  7.851173507  2.557282534 12.384703572 10.757861485  7.437605003  5.968601128 12.339350432
[609]  6.056559628  4.022486203  9.000994667  5.941771660  9.408999967  8.357571514  4.269064043  8.694928824
[617]  9.810890798 12.237878130 11.350040893  1.775337179  2.590270956  2.047682894  1.147825015  6.737406253
[625]  3.483102411  7.295934868  2.909012384  8.021824484  2.012155096  8.829399584  1.359219826  7.140311200
[633]  9.425742238  7.991186793  4.745845539 10.717535420  8.396660015  5.084798849  7.744612541  4.750846920
[641]  3.956979370  9.399776123  7.418048539  1.896576217  1.393383770 10.107395782  8.371357093  4.793403119
[649]  9.883140768  1.867886391  8.506791742  3.831357007  5.112606284 10.411031615  0.554938806  9.523131552
[657]  3.513937155  7.649852727  0.996850387  1.978991330  7.016851111  7.572300522  7.249583358  2.968280285
[665]  3.792220773  6.090952652  6.104565111  3.024507511  1.669052981  6.710058686  9.340533200  5.271908604
[673]  4.498053975  4.837626912  6.993437965  6.467198252  1.103874512  0.562631022  1.335354218  2.117275508
[681]  8.137518305  4.308565389  6.797406087  4.529744813  3.224114336  4.732910547  2.817022548  1.611919867
[689]  4.482684517  3.207595601  2.422366186  1.291650516  0.462550503  6.340287734  5.365958573  0.655655852
[697]  3.923929278  4.005599936  3.559871035  4.463901131  4.128547757  5.484087207  0.110685831  2.552556702
[705]  2.107301254  7.302216137  6.460113217  5.232601979  3.669091486  5.916144088  2.148095393  1.236632245
[713]  0.418332491  5.907144694  4.034886640  4.079084712  6.197083749  5.935409279  0.005692129  5.432732078
[721]  0.989606833  2.794444924  5.291871972  5.254677511  6.244585528  5.332225822  5.220627913  0.969469834
[729]  5.063871991  1.077764431  2.947836152  2.686219086  3.915587912  1.596796753  4.842633837  2.935229601
[737]  1.566852203  1.617384535  3.828534411  1.397166857  4.550499660  3.654684787  1.158344669  1.373059508
[745]  4.443407097  0.000386216  4.076337260  2.403826346  1.920440422  1.606231578  2.810400757  4.469917501
[753]  2.039114053  3.552384672  3.344634739  1.309550480  0.111172216  4.000430591  4.205732647  3.937864264
[761]  3.910243724  0.212265461  1.845468358  2.588032277  1.937494090  3.641407103  2.892865534  2.482791715
[769]  2.257007836  2.800913908  3.013784556  1.177219841  2.963562771  3.039729769  1.798807866  0.679749637
[777]  0.477677770  0.470527720  2.194713497  1.926037647  2.379048478  0.610586173  0.954234465  1.983433302
[785]  0.176517030  1.706659399  0.341535886  0.172948759  0.393530406  0.593976710  0.175103405  0.366780930

$PAR
  [1]  NA   1   1   2   2   3   3   3   3   3   3   3   6   6   6   4   4   7   7   7   7   7   7   7   7   7  16  16
 [29]  16  16  16  16  16  16  13  13  13  13  13  13  13   8   8   5  27  27  27   9   9   9   9   9  28  28  28  29
 [57]  29  29  29  45  45  45  35  35  35  35  63  63  63  17  17  17  17  17  17  17  17  17  14  14  14  14  15  15
 [85]  15  15  15  15  10  11  11  11  37  37  56  56  56  56  84  95  95  95  95  95  48  48  48  60  60  60  89  89
[113]  89  47  47  53  53  53  53  53  53  61  49  49  49  49  49  64  64  38 123 123 108 108 108 108 108 112 109  93
[141]  93 122  39 142 128 128  62  96  85 105  86 129 129 129 129 116 116 116 116  88  88 156 100 100 100 100 100 110
[169]  94  94 168 139 139 139 139 139 139  65  65 106 106 106 106 180 152 152 152 152 138  70  70 190 190 190 190 190
[197] 190 190  54 162 162  91  91 101 101 171 171  21  21  21 134 134 134 134 134 173 173 173 149 114 114 114 114  72
[225]  73  73  73  73 219 219 216 200 200 200 185 185 185 185 185 208 208 204 204 204 204 232 160 160 160 209 209  22
[253]  55  55 224 212  66  50 206 206 206 182 145 262 242 242 220 220 220 220 220 220 252 267 267 267 267 265 265 265
[281]  57  57 240 240 240 240 115  51  51 259 259 259 259 259 259 236 236 236 236 236  74  74 281 281 143 143 143  23
[309]  23  23 118 118 102 102 102 311 311 213 213 103  79 217 217 217  80  80  80  80 233 205 303  40  40  40 169 169
[337] 207 320 320 320 184 184 184 184 186 186 337 337 337 274 274 274 274 274 260 330 330 330 304 304  92  92 266 266
[365] 266 266 266 225 225 225 225 225 342 342 342 174 148 312 313 313 313 313 132 132 335 237 263 258 258 258 258  31
[393]  31  31  31 157 157 261 261 201 201 388 388 243 221 221 221 221 119 119 355 355 355 355 222 392 165 165 238 202
[421] 202 153  81  81  97  97 420 420 420 420 333 333 333 247 359 386 368 322 314 405 405 248 248 226 310 310 229 329
[449] 154 296 296 369 369 187 187 187 214 214 113 113 427 427 244 346 402 141 141 428 264 398 193 193 326 326 326 326
[477]  52  52  52 125 125 324 370 440 440 363 336 336 334 334 334 334 437 383 444 404  12  12  12 250 321 321 321 489
[505] 194 194 393 393 393 454 158 158 158  32 431 239 429 459 459 450 297 409 471 514 445 500 230 230 350 137 421 374
[533] 318 466 466 466 466 466 466 473 531 269 511 511 511 511 275 406 451 548 548 278 278 436 436 441 298 298 298 107
[561] 155 475 475 475 517 505 505 505 170  24  24  24 371 338 338 387 387 422 422 379 379 379 549 549 461 461 484 484
[589] 432 587 587 501 443 443 380 580 234 234 159 390 518 518 518 195 195 601 601 464 563 563 463 463 306 306 306 581
[617] 467 604 604 604 608 608 547 280 618 255 255 283 283 315 315 519 293 293 468 502 502 502  82 504 550 357 196 358
[645] 358 284 605 577 636 595 361 361 490 555 555 654 558 561 646  33 423 649 617 426 197 189 590 590 590 656 599 599
[673] 599 497 613 613 384 223 270 611 391 584 630 630 630 430 430 616 364 526 651 637 637 495 495 495 191 455 634 198
[701] 198 447 218  34 606 643 574 520 520 626 508 249 249 632 632 271 593 593 675  98 683 624  78 416 707 528 694 694
[729] 717 385 607 718 439 714 424 424 524 695 723 672 419 419 653 452 638 638 394 394 394 674 741 689 700 465 378 378
[757] 378 523 615 615 560 716 715 610 408 586 760 697 506 521 470 372 657 300 594 594 594 600  26 722 603 704 781 769
[785] 629 780 772 623 783 397 678 778

$EXTANT
  [1] FALSE FALSE FALSE FALSE FALSE FALSE  TRUE FALSE  TRUE FALSE FALSE  TRUE FALSE FALSE FALSE  TRUE  TRUE FALSE FALSE
 [20] FALSE FALSE FALSE  TRUE  TRUE  TRUE  TRUE FALSE FALSE  TRUE FALSE  TRUE FALSE  TRUE  TRUE FALSE FALSE FALSE FALSE
 [39] FALSE FALSE  TRUE FALSE FALSE FALSE FALSE FALSE  TRUE FALSE  TRUE FALSE FALSE  TRUE  TRUE FALSE FALSE  TRUE FALSE
 [58]  TRUE  TRUE FALSE FALSE FALSE FALSE FALSE  TRUE  TRUE FALSE FALSE FALSE  TRUE FALSE FALSE  TRUE  TRUE FALSE FALSE
 [77] FALSE  TRUE FALSE  TRUE FALSE  TRUE FALSE FALSE FALSE FALSE FALSE FALSE FALSE FALSE FALSE  TRUE FALSE FALSE  TRUE
 [96] FALSE  TRUE  TRUE FALSE  TRUE FALSE  TRUE FALSE  TRUE  TRUE FALSE  TRUE FALSE FALSE FALSE FALSE FALSE  TRUE  TRUE
[115]  TRUE FALSE FALSE FALSE  TRUE FALSE  TRUE FALSE  TRUE FALSE FALSE FALSE  TRUE  TRUE  TRUE FALSE FALSE  TRUE FALSE
[134] FALSE FALSE FALSE FALSE FALSE FALSE FALSE  TRUE  TRUE  TRUE FALSE FALSE  TRUE FALSE  TRUE FALSE  TRUE FALSE FALSE
[153]  TRUE FALSE  TRUE FALSE  TRUE  TRUE  TRUE FALSE  TRUE FALSE FALSE FALSE FALSE  TRUE  TRUE FALSE  TRUE  TRUE FALSE
[172] FALSE  TRUE FALSE FALSE FALSE  TRUE  TRUE  TRUE FALSE FALSE FALSE FALSE  TRUE FALSE  TRUE  TRUE FALSE  TRUE FALSE
[191]  TRUE FALSE  TRUE  TRUE  TRUE  TRUE  TRUE  TRUE FALSE  TRUE  TRUE FALSE FALSE FALSE FALSE FALSE FALSE FALSE FALSE
[210] FALSE FALSE FALSE  TRUE  TRUE FALSE FALSE FALSE  TRUE  TRUE  TRUE  TRUE FALSE  TRUE FALSE FALSE FALSE  TRUE  TRUE
[229] FALSE FALSE FALSE FALSE FALSE  TRUE FALSE  TRUE FALSE  TRUE  TRUE FALSE FALSE FALSE FALSE FALSE FALSE FALSE FALSE
[248] FALSE  TRUE FALSE  TRUE  TRUE FALSE  TRUE  TRUE FALSE  TRUE  TRUE FALSE FALSE  TRUE FALSE FALSE  TRUE  TRUE  TRUE
[267]  TRUE  TRUE  TRUE  TRUE FALSE  TRUE  TRUE  TRUE  TRUE  TRUE  TRUE  TRUE  TRUE  TRUE FALSE FALSE  TRUE  TRUE FALSE
[286]  TRUE  TRUE FALSE FALSE FALSE FALSE FALSE FALSE FALSE FALSE  TRUE  TRUE  TRUE  TRUE  TRUE FALSE  TRUE FALSE FALSE
[305] FALSE FALSE  TRUE  TRUE FALSE  TRUE FALSE  TRUE  TRUE  TRUE  TRUE FALSE FALSE FALSE  TRUE FALSE  TRUE FALSE FALSE
[324] FALSE FALSE  TRUE FALSE  TRUE FALSE FALSE  TRUE FALSE FALSE  TRUE  TRUE  TRUE  TRUE  TRUE FALSE FALSE FALSE  TRUE
[343] FALSE  TRUE FALSE  TRUE  TRUE  TRUE  TRUE  TRUE  TRUE  TRUE  TRUE  TRUE  TRUE FALSE  TRUE  TRUE FALSE FALSE  TRUE
[362]  TRUE  TRUE  TRUE  TRUE  TRUE FALSE FALSE  TRUE FALSE  TRUE  TRUE  TRUE  TRUE  TRUE  TRUE  TRUE  TRUE  TRUE  TRUE
[381]  TRUE  TRUE FALSE  TRUE  TRUE FALSE  TRUE  TRUE FALSE  TRUE  TRUE  TRUE  TRUE  TRUE  TRUE  TRUE  TRUE  TRUE  TRUE
[400]  TRUE FALSE  TRUE FALSE FALSE  TRUE FALSE  TRUE  TRUE FALSE  TRUE FALSE FALSE FALSE  TRUE FALSE  TRUE FALSE FALSE
[419]  TRUE  TRUE FALSE  TRUE  TRUE  TRUE FALSE  TRUE  TRUE FALSE FALSE  TRUE FALSE  TRUE  TRUE  TRUE  TRUE  TRUE FALSE
[438] FALSE  TRUE  TRUE  TRUE  TRUE  TRUE  TRUE FALSE  TRUE FALSE FALSE  TRUE  TRUE FALSE  TRUE FALSE  TRUE  TRUE  TRUE
[457]  TRUE  TRUE FALSE FALSE  TRUE FALSE  TRUE FALSE  TRUE  TRUE FALSE FALSE  TRUE FALSE  TRUE  TRUE FALSE  TRUE FALSE
[476]  TRUE  TRUE  TRUE  TRUE FALSE FALSE  TRUE FALSE FALSE  TRUE FALSE FALSE  TRUE  TRUE  TRUE  TRUE  TRUE  TRUE  TRUE
[495]  TRUE FALSE  TRUE FALSE FALSE FALSE  TRUE  TRUE FALSE  TRUE  TRUE  TRUE FALSE FALSE  TRUE  TRUE  TRUE FALSE  TRUE
[514] FALSE  TRUE  TRUE  TRUE  TRUE FALSE  TRUE  TRUE  TRUE  TRUE  TRUE FALSE FALSE FALSE  TRUE  TRUE FALSE FALSE  TRUE
[533] FALSE FALSE FALSE  TRUE  TRUE FALSE  TRUE  TRUE  TRUE FALSE FALSE FALSE  TRUE  TRUE  TRUE  TRUE  TRUE  TRUE  TRUE
[552]  TRUE  TRUE  TRUE  TRUE FALSE  TRUE  TRUE  TRUE  TRUE FALSE FALSE  TRUE  TRUE  TRUE FALSE  TRUE  TRUE  TRUE  TRUE
[571]  TRUE  TRUE  TRUE  TRUE  TRUE  TRUE  TRUE  TRUE  TRUE  TRUE  TRUE  TRUE FALSE  TRUE  TRUE  TRUE  TRUE FALSE  TRUE
[590]  TRUE  TRUE  TRUE  TRUE  TRUE  TRUE  TRUE  TRUE  TRUE  TRUE  TRUE  TRUE  TRUE FALSE  TRUE  TRUE FALSE  TRUE  TRUE
[609]  TRUE  TRUE  TRUE  TRUE FALSE  TRUE  TRUE  TRUE FALSE  TRUE  TRUE  TRUE  TRUE FALSE  TRUE  TRUE  TRUE  TRUE  TRUE
[628]  TRUE  TRUE  TRUE  TRUE  TRUE  TRUE  TRUE  TRUE FALSE  TRUE  TRUE  TRUE  TRUE  TRUE  TRUE  TRUE  TRUE  TRUE  TRUE
[647]  TRUE  TRUE  TRUE  TRUE  TRUE  TRUE  TRUE  TRUE  TRUE  TRUE  TRUE  TRUE  TRUE  TRUE  TRUE  TRUE  TRUE  TRUE  TRUE
[666]  TRUE  TRUE  TRUE  TRUE  TRUE  TRUE  TRUE  TRUE  TRUE  TRUE  TRUE  TRUE  TRUE FALSE FALSE FALSE  TRUE  TRUE  TRUE
[685]  TRUE  TRUE  TRUE  TRUE  TRUE FALSE  TRUE  TRUE  TRUE  TRUE  TRUE  TRUE  TRUE  TRUE FALSE  TRUE  TRUE FALSE  TRUE
[704]  TRUE  TRUE  TRUE  TRUE FALSE  TRUE  TRUE  TRUE  TRUE  TRUE  TRUE  TRUE  TRUE  TRUE  TRUE  TRUE FALSE  TRUE  TRUE
[723]  TRUE FALSE  TRUE FALSE FALSE  TRUE  TRUE  TRUE  TRUE  TRUE  TRUE  TRUE  TRUE  TRUE  TRUE  TRUE  TRUE  TRUE  TRUE
[742]  TRUE  TRUE  TRUE  TRUE  TRUE  TRUE  TRUE  TRUE  TRUE  TRUE  TRUE  TRUE  TRUE  TRUE  TRUE  TRUE  TRUE  TRUE  TRUE
[761]  TRUE  TRUE  TRUE  TRUE  TRUE FALSE  TRUE FALSE  TRUE  TRUE  TRUE  TRUE  TRUE  TRUE  TRUE  TRUE  TRUE  TRUE  TRUE
[780]  TRUE  TRUE  TRUE  TRUE  TRUE  TRUE  TRUE  TRUE  TRUE  TRUE  TRUE  TRUE  TRUE

