
Birth-death simulation object with 946 species and 500 extant species

Details for some species:

Extinction times (NA means extant)
[1] 54.41767 88.89033 50.24139       NA 45.45183 46.78388


Speciation times 
[1] 93.52783 92.20508 85.31030 73.26704 71.65464 83.40824


Species parents (NA for initial)
[1] NA  1  1  1  1  3


Species status (extinct or extant)
[1] "extinct" "extinct" "extinct" "extant"  "extinct" "extinct"


For more details on vector y, try sim$y, with y one of
TE TS PAR EXTANT



$TE
  [1] 5.441767e+01 8.889033e+01 5.024139e+01           NA 4.545183e+01 4.678388e+01 6.657691e+01 4.847154e+00
  [9] 4.681387e+01 3.736607e+01 6.731108e+01 6.373417e+01 6.320879e+01 5.612848e+01 4.055096e+01 4.065885e+01
 [17] 2.813589e+01 1.554834e+01           NA           NA           NA 3.344360e+01 5.942605e+01 4.941974e+01
 [25] 1.511134e+01           NA 5.463328e+01 4.637309e+00 4.155069e+01 4.847563e+01 4.947410e+01 6.499535e+01
 [33] 2.655439e+01 4.527702e+01 3.717657e+01 2.928795e+01 1.285065e+01 4.230816e+01 1.460766e+01 2.484370e+01
 [41] 2.144395e+01           NA           NA 3.935162e+01 5.316160e+01           NA 4.920150e+01 2.760186e+01
 [49] 4.702101e+01 3.968643e+01 6.051877e+01 4.491163e+01 3.338062e+01 5.870014e+01 5.796040e+01 4.192192e+01
 [57] 3.742954e+01 3.519979e+01 2.453172e+01 5.517575e+01 4.524841e+01 4.674840e+01 6.386409e+00 1.952118e+01
 [65]           NA           NA 2.627205e+01 5.014719e+01 2.756773e+01           NA 2.826007e+01 4.316169e+00
 [73] 4.728645e+01 1.613838e+00 2.884876e+01 1.364811e+01 4.112260e+00           NA           NA 1.850138e+01
 [81] 3.323328e+01 1.919385e+01 2.128624e+01           NA 3.018447e+01 1.545465e+01 1.179793e+01 3.888791e+01
 [89]           NA 2.762439e+01           NA 2.707100e+01 3.343059e+01 1.847435e+01           NA 4.268370e+01
 [97] 1.400729e+01           NA 4.589851e+01 3.928219e+01 4.052580e+01 1.958474e+01 2.132186e+01 1.016314e+01
[105] 4.801829e+01 4.193706e+01 7.227536e+00 3.005831e+01 2.733751e+00 3.249418e+01 2.368293e+01 1.864749e+01
[113]           NA           NA 3.413077e+00 4.634678e+00 3.190505e+01 3.544824e+01 3.721016e+01 7.589318e+00
[121] 3.736106e+01 4.655350e+01 3.909594e+01           NA 3.315319e+01 6.388592e+00 2.556296e+01 8.057674e+00
[129]           NA 2.651307e+01 1.565481e+01           NA 2.714467e+01 2.062166e+01 2.241559e+01           NA
[137]           NA 3.935925e+00 3.856827e+01 2.543164e+01 3.189792e+01 4.920711e+00 3.103323e+01 1.572912e+01
[145]           NA           NA 3.745309e+01 2.762979e+00           NA 1.204242e+01 1.093371e+01           NA
[153] 1.801929e+01 3.529943e+01 3.770366e+01           NA 2.504904e+00           NA           NA 5.963381e+00
[161] 3.284296e+01 3.808168e+00 2.450927e+01           NA 3.748031e+01 3.963925e+01 2.957356e+01           NA
[169] 2.945085e+01           NA           NA 2.368333e+01 1.329750e+01 2.991432e+01 4.232301e+00           NA
[177] 3.398805e+01 3.604032e+01 9.994470e+00 2.226193e+01           NA           NA 2.144721e-01           NA
[185] 1.902771e+00           NA 1.329118e+01 3.484201e+01 1.331560e+01           NA 6.051060e+00           NA
[193]           NA 2.767308e+01 2.999464e+01 3.446216e+01 1.861518e+01 2.795815e+01 1.942952e+01 2.654926e+01
[201] 2.076411e+00 2.257132e+01 2.683049e+01 3.401556e+01 2.863934e+01 4.514771e+00           NA           NA
[209]           NA 3.852405e+01 3.136423e+01           NA 2.713513e+01 2.134050e+01 3.587545e+01 2.552364e+01
[217] 1.227302e+01           NA 2.832385e+01 1.282884e+01           NA           NA           NA 2.944041e+01
[225] 5.113148e+00 3.304533e+01 3.302810e+00 6.191487e+00 1.508711e+01 5.716520e+00 1.429392e+01 1.388044e+01
[233]           NA 2.437594e+01 2.289208e+01 1.209601e+01           NA 8.727480e-01 2.062944e+01           NA
[241]           NA           NA 1.260744e+01 2.928297e+01 2.303982e+01           NA           NA           NA
[249]           NA 9.492123e+00           NA 3.487874e+01 2.147866e+01 2.052054e+01 2.844437e+01 1.840516e+01
[257] 7.943959e+00           NA 1.640470e+01           NA           NA           NA 1.676903e+01 7.204282e+00
[265]           NA 4.955250e+00 3.054610e+01 2.324844e+01 2.134749e+01 1.720049e+01           NA           NA
[273] 3.399236e+01 2.825512e+01 2.069243e+01 6.302407e+00           NA 1.603654e+01 9.025289e+00           NA
[281] 3.177480e+01 1.510453e+01 8.477542e-01 2.499373e+01 1.262859e+01 4.908505e+00 2.164759e+01 7.197198e+00
[289] 1.359275e+01 1.384612e+01 1.170370e+00 1.363293e+01           NA 6.293752e+00 2.049168e+01 1.327444e+01
[297]           NA           NA 8.425486e+00 1.047606e+01 9.950768e+00 7.307456e+00           NA           NA
[305] 2.167459e+01 1.830862e+01           NA 1.745446e+01 9.975709e+00           NA 2.259518e+01           NA
[313] 5.666672e+00 2.000788e+01 1.117526e+01 2.508609e+01           NA 1.187370e+01 2.543007e+01           NA
[321]           NA 7.719656e-01 5.251832e+00           NA 1.982642e+01           NA 7.606378e+00 9.098387e-01
[329]           NA 2.318336e+01           NA           NA           NA 5.480734e-01 5.888846e+00 5.473159e-01
[337] 1.803566e+01 8.067462e+00 1.123318e+01           NA           NA           NA           NA 9.817310e+00
[345]           NA 1.594043e+01 1.553495e+01           NA 1.465111e+01 1.298844e+01 1.519645e+01 1.083107e+01
[353] 1.022412e+01           NA 2.662462e+01           NA 1.000978e+01 1.622065e+00           NA           NA
[361]           NA 1.518502e+01 4.050568e+00 6.818243e+00 1.520679e+01 2.059220e+01 1.870493e+01 1.522530e+01
[369] 8.361492e+00 1.719985e+00 7.534125e+00           NA           NA           NA           NA           NA
[377] 1.644026e+01 9.407121e+00           NA 2.190783e+01           NA 1.156404e+01 2.171719e+01           NA
[385] 1.158639e+01           NA 1.878026e+01           NA           NA 1.199749e+01           NA 1.154440e+01
[393] 2.219161e+01 3.699838e+00           NA 9.982385e+00 5.102892e+00           NA           NA           NA
[401] 1.688643e+00 1.909479e+01 1.202662e+01 2.061590e-01           NA           NA 6.453103e+00 4.306052e+00
[409] 1.719676e+01 1.476245e+01           NA 4.702743e+00           NA           NA 7.945776e+00 1.673155e+00
[417] 2.149387e+00 1.505937e+01 2.588515e+00           NA           NA 1.763523e+01 5.164517e+00 9.850791e+00
[425] 1.075771e+01           NA           NA 1.886748e+00 1.057723e-01           NA 6.754279e+00 8.645567e+00
[433]           NA           NA           NA 9.752462e+00 2.152388e+01           NA           NA           NA
[441] 9.659829e+00           NA           NA 9.080210e+00           NA           NA 1.322409e+01 1.090210e+01
[449] 1.602279e+00           NA           NA 2.039877e+01 1.223348e+01           NA           NA           NA
[457] 8.628430e+00           NA 1.442569e+00           NA 5.291182e+00           NA           NA           NA
[465]           NA           NA           NA           NA           NA 6.050238e+00           NA 1.630512e+01
[473] 1.041965e+01           NA           NA           NA           NA 7.013855e+00 9.846793e+00           NA
[481] 2.929152e+00 1.823432e+01           NA 4.281408e+00 1.926010e+01           NA 9.938499e+00 1.535440e+01
[489]           NA           NA           NA           NA 6.063863e+00           NA           NA           NA
[497]           NA 8.462893e-01           NA           NA           NA           NA           NA 3.041791e+00
[505]           NA           NA 1.413545e+01 6.803100e+00           NA 7.443973e+00 1.685977e+01 4.196145e+00
[513]           NA 2.171692e+00           NA           NA 7.893266e-01 3.143667e+00 4.120964e+00 5.046864e+00
[521]           NA           NA 1.162774e+01           NA           NA           NA           NA           NA
[529]           NA           NA           NA           NA           NA           NA           NA           NA
[537]           NA           NA           NA 1.290137e+01 4.607737e+00           NA 5.060683e+00           NA
[545]           NA           NA           NA 7.690235e+00 1.148730e+01           NA 7.840169e+00           NA
[553]           NA           NA 1.350081e+01 1.462546e+00           NA           NA 2.285317e+00           NA
[561] 5.119052e+00           NA           NA           NA 1.551212e+01           NA           NA 3.983639e-01
[569] 1.740872e+00 3.055829e+00           NA 6.952790e+00           NA           NA           NA           NA
[577]           NA           NA           NA           NA 1.566435e+00 2.719980e+00           NA           NA
[585] 3.006392e+00 4.960869e+00           NA           NA           NA           NA           NA           NA
[593]           NA           NA           NA           NA           NA           NA 7.322038e-04 7.829402e+00
[601] 3.704035e+00           NA           NA           NA           NA           NA           NA 9.999837e+00
[609] 7.911581e+00           NA 8.581329e+00 7.339996e+00           NA           NA 7.277890e+00           NA
[617]           NA           NA           NA 1.487174e+01           NA 3.225981e-01           NA 9.725510e+00
[625]           NA           NA 9.964189e+00           NA           NA           NA 6.830689e+00           NA
[633] 1.197724e+01           NA 8.778139e+00           NA           NA           NA 3.602578e+00 4.512027e+00
[641] 1.216914e+01 1.868496e+00           NA           NA           NA 6.366879e+00           NA           NA
[649] 8.007538e+00 1.399477e+01           NA 1.423479e+01           NA           NA 7.938554e+00           NA
[657]           NA           NA           NA           NA 1.690057e+00           NA 5.239706e+00 1.111230e+00
[665]           NA           NA           NA           NA           NA           NA           NA           NA
[673]           NA 2.314048e-01 1.500421e+01 9.718995e+00 5.520068e+00 3.642914e+00           NA 6.692159e+00
[681] 5.242289e+00           NA           NA           NA           NA           NA           NA 1.141469e+01
[689] 1.247670e+01           NA           NA           NA           NA           NA           NA           NA
[697]           NA           NA           NA           NA           NA           NA           NA           NA
[705] 7.213946e-01           NA           NA           NA           NA 8.300101e+00           NA           NA
[713]           NA           NA           NA           NA 6.326500e+00 6.006800e+00           NA           NA
[721]           NA 5.891742e+00 3.954074e+00 1.758859e+00           NA           NA           NA 7.596550e+00
[729] 3.801433e+00           NA           NA 4.590421e+00           NA           NA           NA           NA
[737]           NA           NA 2.394154e+00           NA           NA           NA           NA           NA
[745] 1.189878e+01 4.855569e+00           NA           NA           NA 1.022439e+01           NA           NA
[753]           NA 6.205060e+00           NA           NA           NA           NA           NA           NA
[761]           NA           NA           NA           NA           NA           NA           NA           NA
[769] 7.462998e+00           NA           NA           NA 4.485264e+00           NA           NA 3.240515e+00
[777]           NA           NA           NA           NA 7.148848e-01           NA           NA           NA
[785]           NA           NA           NA           NA 1.199112e+00           NA           NA           NA
[793]           NA 5.514424e+00 3.511243e+00           NA           NA           NA 5.916943e+00           NA
[801] 2.280936e+00           NA           NA           NA           NA           NA           NA           NA
[809]           NA           NA           NA           NA           NA           NA 6.861986e+00           NA
[817]           NA 3.523005e+00 4.816800e+00           NA           NA           NA           NA           NA
[825]           NA           NA 3.503846e+00           NA           NA 3.326473e+00           NA           NA
[833]           NA           NA           NA           NA           NA           NA           NA           NA
[841]           NA           NA           NA           NA           NA           NA           NA           NA
[849]           NA           NA           NA 4.634976e-01           NA           NA           NA 3.222966e+00
[857]           NA           NA           NA           NA           NA           NA           NA 4.747693e+00
[865]           NA           NA           NA 2.744396e+00           NA           NA           NA           NA
[873]           NA           NA           NA 8.362110e-01 3.858556e+00 9.569364e-01           NA           NA
[881] 4.368110e-01           NA           NA           NA           NA           NA           NA           NA
[889]           NA 4.443953e+00           NA           NA           NA           NA           NA           NA
[897]           NA           NA           NA           NA           NA 2.271420e+00           NA           NA
[905]           NA           NA 1.622133e+00           NA 1.371230e+00           NA           NA           NA
[913] 1.631720e-01 9.883727e-01 1.989437e+00           NA           NA           NA           NA           NA
[921]           NA           NA           NA           NA           NA           NA           NA           NA
[929]           NA           NA           NA           NA           NA           NA           NA           NA
[937]           NA           NA 1.694836e+00           NA 2.307944e-01           NA           NA 3.940740e-01
[945]           NA           NA

$TS
  [1] 93.527827612 92.205078486 85.310295946 73.267039755 71.654643854 83.408237510 80.919540958 57.185156948
  [9] 54.467624707 51.337270086 72.771090433 71.034558942 65.714066217 65.493745314 63.032946218 52.186953504
 [17] 40.813669288 26.234512383 23.715356796 20.303478663  3.930799709 68.176026067 67.759035422 71.572854385
 [25] 68.955622177 59.321712235 56.248884779 47.150439305 46.614572219 70.573882067 59.537498468 67.674005733
 [33] 68.127002071 63.413881718 61.430818158 50.584597680 57.909649789 42.604046718 34.921597928 34.669363630
 [41] 26.070698752 19.033558990 18.506286268 50.523154461 57.240296933 30.244656965 64.044780519 59.997890090
 [49] 54.170401089 51.297666875 63.100891269 56.846546905 50.723005954 62.953656151 60.676698659 53.523386744
 [57] 45.234700767 40.982090833 32.910793138 58.560065298 51.903279655 51.013156030 30.828216415 28.114235587
 [65] 21.664881133 16.861746050 55.637589732 57.781928277 34.968280784 34.915507437 32.165558633 14.127900321
 [73] 50.168186451 45.909000228 38.415351353 33.060463100 26.427954646 25.780161383 18.907893129 56.086075783
 [81] 49.995469025 44.628926937 40.424195020 25.045127451 53.962344543 49.575789422 53.259351643 47.341526158
 [89] 39.458373950 42.363484613 13.969748504 50.458979206 50.289916196 44.060367532 49.903849055 48.243585810
 [97] 38.145196691 51.009423776 50.986263689 49.396382512 49.054255269 35.673498857 30.616615574 15.748275113
[105] 49.444628848 47.182266374 50.494307151 34.795166887 30.106416773 47.104271722 45.132244134 36.301068608
[113] 31.338471616 31.048111454 22.694076957 48.725682013 43.270795140 39.521266027 44.067748613 42.117448226
[121] 47.707326656 47.521098142 40.991924761 35.216580566 42.471852888 42.330591314 31.945659434 17.088448779
[129] 16.104055216 32.332979721 27.174091126 17.698480209 43.510529932 41.917367394 30.115127657 26.090973892
[137] 16.879878488  8.269727740 45.555971411 44.303406800 40.148588867 39.063652278 39.056702742 21.018505397
[145]  5.446741504  5.396736477 43.504199956 45.210329717 28.751109563 22.106926520 17.301997025  7.371006197
[153] 42.084474232 40.418532974 38.268814836 34.734510695 23.539988370 13.642519806  6.095320857  6.008050279
[161] 43.281263590 35.968276758 28.406708048 43.159333897 44.303048251 40.379277647 39.433337217 24.383516256
[169] 40.011511098 31.944700518 29.938650223 27.814115224 38.914930436 35.983317636 43.151412150 40.709321879
[177] 41.566085188 37.578340826 30.778069655 28.669217288 26.078076264 22.857318380 42.424607915 24.229186667
[185] 13.586683121 23.262673976 14.491149607 37.448897021 26.871070536 11.728601146 11.063891796  7.243524508
[193] 11.084108589 35.787970241 38.864099428 37.402786215 34.643015860 31.575452288 37.806049889 35.320290570
[201] 39.432813020 40.231329869 29.068612651 34.684045099 31.510991182 23.057571769 10.963032915  5.729995415
[209]  1.427776463 40.268035921 32.627453033 38.872589420 35.680174182 34.851362162 37.013903391 37.492770019
[217] 26.813081361 10.302347530 30.248207681 27.916123894 13.842461882 10.504830048 35.000462535 33.150225302
[225]  5.371921606 37.548140867 28.595611656 19.731774778 18.172394705 17.132853397 32.013766456 29.332328278
[233] 38.742161787 28.494938857 26.296387593 22.078595762  7.142417462  2.008668029 35.494008611 33.904156026
[241] 26.670179491 21.423661045 37.507976967 37.086871061 25.675184662 24.863068009 19.994332706 21.337593276
[249] 13.289172942 36.290267024 25.643405614 35.386231074 36.539185967 22.916723078 35.415266395 34.395059306
[257] 31.269616383 28.672124093 19.960756471 28.299114581 22.667552906 22.412112398 22.032622211 11.679417576
[265] 20.614522675 32.461050321 30.642471013 28.164527996 23.146180234 17.906344889 11.757472789  3.446116530
[273] 34.027593144 31.018700888 26.991209038 15.388505017 11.671683882 34.450848867  9.745739588  3.619062325
[281] 33.368334336 20.709467106 11.697386796 34.666953496 18.977136518 27.316201684 33.267789275 22.734433863
[289] 31.736840980 26.947359673 23.733887221 21.667507467 12.882423912 30.683355333 26.977033519 25.412700096
[297] 19.141796501 23.509369521 22.076411150 18.415243282 13.688081420 12.741895417  6.818826814 30.672428078
[305] 28.041593639 20.983033444 16.321893905 30.905034722 14.483252594  3.393703419 29.848491883 15.707248473
[313] 29.666166443 27.691406857 21.293754785 29.342218623 26.143085901 25.629009955 25.550400946 14.156508014
[321] 29.081886184 26.970609805 14.394910629  1.936477491 25.608256568 29.353792049 28.744850972 13.866348410
[329]  7.916057705 24.473695141 22.826922946 14.739222136 14.017855914  5.492807640 21.175306057  9.599808985
[337] 29.163544716 28.495932294 14.092819778  9.532854253 24.266860784 11.985751064  2.561339224 15.770441991
[345] 19.108957302 26.211584977 25.936838011 23.345315312 21.617866708 21.115333032 18.867829195 11.945812409
[353] 11.844979115 20.665695115 28.605275416 22.545763628 13.420275358  9.802891138  9.737501643 11.456926296
[361]  5.921624953 23.845257352 12.393272616  9.208535793 27.664912395 27.867257313 19.862277273 17.381396608
[369]  9.898701448  9.259384054  9.031708136  2.503222164  2.277379794  1.631156512 25.021314563 26.718251703
[377] 23.636092517 23.462925201 22.579245622 26.732237179 19.080520652 17.275831338 25.181973685 22.532506878
[385] 18.687336970 10.590605682 26.109847058 25.161124118 22.144848156 17.437594050 22.931064802 24.948247204
[393] 24.719706889 18.332221478 16.482525796 15.745496130  7.832209784  6.754199310  2.772547661  1.282760319
[401] 22.965390256 20.943177339 19.438252315 14.772060417  8.069786025 18.767017667 23.961303956  7.234318551
[409] 22.430590029 21.710166033 13.441490086  9.925236117 20.503341755 11.123274445  8.219978294  5.022897847
[417]  2.927738960 24.033035468 20.672640108 12.426947261  3.432895726 20.921029175 20.303541822 18.655139421
[425] 17.315707662 22.523304623  7.796994118 20.588674318 20.165098432  8.159010645  7.283864047 21.907556753
[433] 10.646723982  2.769753348 19.424711981 16.311382787 21.798587930 21.074869309  3.981412084  1.147825921
[441] 22.979199089 21.109452634 12.697626094 12.327887814 21.183842119 17.937101448 13.799060975 15.761356406
[449] 18.625217164 18.759386391  7.812963595 21.037223412 16.029177185 19.833048173 10.931847990  1.553143305
[457] 20.551827939 14.014591442  6.323295876  9.030695586  8.540018361 21.770490459 21.050505853 16.966457423
[465] 11.803950160 18.815292419  9.232681995  8.396626213  6.341065588 11.824701744  6.561074558 20.317230088
[473] 13.028826661 17.165219027 10.650681558 20.729508131  4.227786318 20.094598304 18.447302055  8.268519171
[481]  5.657863074 21.782515075 16.842956627  6.545552649 20.490425412 15.406201283 18.705523702 15.571578246
[489]  8.573813801  5.763361234  9.052077999 22.422537759 22.147893112 14.540600737  7.918392348  0.102800991
[497] 16.459409653 16.405234298 10.282881407  8.107159331  6.810883687  4.930920022  3.469027584 10.004084066
[505]  8.132528133  1.457624506 14.971541784 19.789748217 16.885251075  8.197775211 17.356125532 12.659299636
[513]  4.656691255 14.283629060 13.813552726 17.424026397 12.949879262 21.095288695 10.372686060  9.873041091
[521] 20.880137857 16.749949659 16.438179194 17.048175585 18.425607928  3.730797556  2.907798801  2.716022914
[529]  8.337936405  2.054570112  0.312110818  8.353879551  6.091395255  3.500711030 17.585453502 14.586169491
[537] 11.659971014  6.126479446 19.972574271 15.759618439  6.212520905  9.651367816  8.212233928  0.165796427
[545]  4.171472352  0.722963793  0.606730291 18.347103842 17.277391033 15.541031078 15.835827037  6.940020352
[553]  6.420991072  0.941071618 20.070180445 14.720914228  5.989540652  2.139395089 14.742103080 11.101596687
[561] 10.518364601 12.734974966  7.903432771  7.529330318 16.714478487 18.809370273 19.629122055 13.074472266
[569] 19.825956043 18.978861897 13.456457165 12.145939037 10.810357858  6.394959240  4.560647410 10.710942628
[577]  6.094203036  4.800885357 18.447212176  1.880383144 11.090402129  6.905668779  1.480336016 11.713333409
[585] 18.522826627 11.329511328 16.946987848 10.702230994  7.019468928  5.652520717 18.228415375 11.603518991
[593]  6.221468520 17.534188796 16.724041244  9.011287114  4.992119490  3.524024037  3.053615604 12.038194901
[601] 11.977055865  2.080054740 12.601507077 16.116555980 18.061201870 15.770007534 15.708442622 17.242810919
[609] 13.229835799  3.988715340 16.044596205 12.049395271 16.917177559  9.942176919 11.726706054 13.739665541
[617]  6.260869686  5.791045289  5.181228162 14.909793405 13.309437498  6.051592227  3.831745935 16.880138339
[625] 10.179361691 12.581987540 15.443406445  7.309627504  0.952323958 13.364073843 11.266369670 12.434211683
[633] 15.250517400 11.789776788 10.289479231  3.672121142 11.846858008 10.275918498  9.514825201  8.277020149
[641] 13.495735953 13.099191374  6.616386856  5.722349632  7.805918949  6.625069464  5.396180871  3.205133500
[649]  9.100031350 16.682184578  1.239238845 14.649229748 11.322209504 10.528989741 11.597181129  9.832249356
[657]  7.340604023  6.906495651  5.817519721  9.973339767  5.455092234  4.882772919  5.526927992  2.179914995
[665]  2.090221931 15.771558599 13.160688384  6.592761354  1.801255751  1.129586474  0.062032218 11.385014222
[673] 14.952723169 11.810602004 15.693308082 13.123187900 10.408210576  4.160373845  0.989641474 10.918639424
[681]  8.485226800  4.771832615 14.005357157  6.445695581 11.254958074  5.202556142  1.531700526 12.867569620
[689] 14.721690355 10.580317759  8.840567837  0.332587692  9.926892766 14.095151506  2.725562182 14.338727916
[697] 10.612540987 10.653298970  2.870752205 10.223601893  7.576834517 12.999705677  7.501413031  4.448301997
[705]  6.290659809  7.094214712  3.034978570  0.471757253 12.649746370 13.571410752 12.858845555  3.864792009
[713]  4.305466246  6.152181272  4.437936742  9.292162033 11.228217297  9.200913059 12.178957671 13.068622566
[721] 10.686253196  6.230264067  5.117719987  9.277110360 13.135293503 12.587067691  0.352808359  9.192980574
[729] 11.539050547 11.066553684 10.872644128  9.528339877  2.569749428 12.344109806  3.830586892  1.839200581
[737]  7.616272942  7.419342157  8.049056482  1.873598716  4.324014452  3.728250214  6.787003676  6.269629517
[745] 12.338494217  7.148599897  2.835441923  3.982111127 11.812028429 11.631471401  8.531577548  8.389309296
[753]  2.401111155 11.611461635  6.078965168  5.667883612  0.097219667  9.251743688  8.144490308  6.022760593
[761]  5.568473133  2.872907230  0.375216765  1.335128173  6.869288701 10.179084730  7.410073932  9.598757149
[769] 10.950809789 11.073126297  9.136062719  1.157588025  5.380088826  3.930114742  8.918366533  7.849619209
[777]  7.997786727  7.019281749  6.661617652  7.667650451  0.923551748  4.167989716  0.971526796  7.143754022
[785]  3.886155181  9.548368331  0.523941980  2.615230102  3.995797429  5.169338593  9.101446702 10.254939251
[793]  3.998369713  9.326468685  5.548926281  5.274360046  0.417338313  8.944408584  7.558140096  4.911627765
[801]  5.024488294  2.041836865  8.673275656  5.933920967  4.023367705  1.555032074  0.727510923  8.175287744
[809]  6.725357193  6.369116958  7.172971169  0.546624532  5.100686115  9.363619866  8.446482211  1.637130520
[817]  0.189839084  8.502030541  8.551327576  6.330636846  7.905577531  7.832328284  2.991120254  0.314257849
[825]  7.361698378  1.513433375  4.821554565  4.760143825  6.135345793  5.617408553  1.238583720  2.506481374
[833]  1.244972555  3.013876080  2.606239737  5.780243083  8.040395801  0.821835700  4.765869936  0.486438967
[841]  0.227386974  6.222856350  0.058871974  6.049705454  5.878717602  1.555861166  4.768656280  3.931265168
[849]  5.013875296  1.721418752  1.320544329  1.107110699  5.181515739  2.348155072  7.058963683  6.243343030
[857]  2.109582809  1.080519658  5.846222841  2.500340805  0.586912654  5.078063559  6.415220490  5.652137013
[865]  4.504809236  0.553397746  2.477283587  5.251605634  4.524921573  0.884673471  6.008816756  5.759076269
[873]  4.046289695  5.567278875  0.348720530  4.222937240  3.924703629  3.185174479  3.979346279  3.612274968
[881]  4.042237835  5.213116339  1.158488251  4.999489826  3.829140318  4.660844955  1.554974256  1.000447723
[889]  2.876290446  5.628393240  3.430569334  1.445412729  2.883758502  0.706680965  5.527048486  3.845785248
[897]  3.366416291  4.252595026  3.996274360  4.329986762  2.727764823  3.866003074  4.542817531  2.547453244
[905]  4.324603566  1.308958603  2.199410885  4.155797437  2.036619331  2.274109951  3.253541489  0.557359204
[913]  3.367747990  4.239941174  4.152644568  1.877150203  0.605351611  0.023795646  3.484094380  1.497869429
[921]  2.796159167  0.121610813  2.528301063  0.421620003  3.088816679  1.237874908  0.758400452  1.205370373
[929]  0.303562524  2.982222279  2.972442991  1.821343605  1.081145123  2.864883020  0.931695692  2.694777722
[937]  0.394682130  1.998529757  1.764431453  1.177222896  1.528829463  0.449214260  1.964606619  1.362174377
[945]  0.003589126  0.376749582

$PAR
  [1]  NA   1   1   1   1   3   3   3   3   3   7   4   4   4   4   4   4   4   4   4   4  11  11   5   5   5   5   5
 [29]   5  24  24  12  30  30  30  30  25  25  25  25  25  25  25  22  33  33  23  47  47  47  34  34  34  51  51  35
 [57]  35  48  48  31  26  26  26  26  26  26  60  37  37  37  37  37   8   8   8   8   8   8   8  52  80  80  80  80
 [85]   9   9  49  49  85  56  87  16  16  16  61  61  10  50  50  50  50  98  98  98  99  53  36  36  36 107 107 107
[113] 107 107 107  92  92  92  93  93  73  81  81  81  95  95  95  95  95  86  86  86 101 101 116 116 116 116 121 121
[141]  88  88  28  28  28  28 110  29  74  74  74  74  57  57 148 148 148 148 148 148 111 111 111  82 140 140 119  94
[169] 133 133 133 133 161 161 117 117 164 164 164 164 164 164 175 175 175 183 183  90 126 126 126 126 120 153 134 134
[197] 134 134 177 177 123  17  17 176 176 176 176 176 176  83 141 169 169 169 118  89  89  89 201 201 201 201 142 142
[225] 142 143 173 173 173 173 212 212 195 233 233 233 233 233  97  97  97  97 199 199 199 199 199 243 243 216 216 196
[253] 215 253 112 112 112 112 112 250 250 250 250 250 162 200 200 124 124 124 124 124 223 223 223 223 223  70  70  70
[281] 156 156 156  40 197 278 256 256 240 240 240 240 240 287  76  76  76 266 266 266 266 266 266 130 231 231 231 127
[309] 170 170 205 114 308 308 308  63  63 179 179 179 294 294 294 304 103  46  46  46  46 135 135 109 109 109 171 171
[337] 313 313 313 313 326 326 326 232 337 321 321 321 321 149 149 149 149 327 258 258 258 258 258 227 227 338 338 338
[365] 163 260 260 260 260 260 260 260 260 260 268 305 305 305 220 314 365 365 286 286 286 286 131 275 322 322 290 217
[393] 217 376 376 376 376 376 376 376 241  77  77  77  77 346 317 317 136 136 136 136 181 181 181 181 181 347  78 251
[421] 251 325 296 296 296 383 388  84  84  84  84 375 375 375 392 392 246 246 246 246 168 168 168 168 341 341 341 184
[449] 418 407 407 362 362 291 291 291  19  19  19 157 157 298 298 298 348 186 186 186 186 206 206 441 441 401 401 182
[477] 182 331 331 331 331 288 115 115 261 261 379 379 379 379 356 384 384 384 384 384 426 426 426 426 426 426 426 492
[505] 492 492 262 493 493 493 389 389 389 150 150 236 236 432 432 432 482 462 410 292  65  65 242 242 248 248 248 445
[533] 445 445 335 442 442 442 518 518 518 438 438 438 463 463 521 282 419 419 354 354 354 354 265 265 265 265 428 428
[561] 428 457 413 413 472  20 478 478 247 247 247 247 247 539 539 454 454 454 569 569 228 228 435 297 345 381 570 570
[589] 570 570 285  79  79 351 566 406 406 406 406 450 450 450 487 385 424 449  43 479 479 579 525 300 548 548 394 446
[617] 446 446 446 132 132 132 535 594 594 390 516 516 516 151 151 382 608 474 474 474 128 128 128 128 524 524 464 464
[645] 587 587 587 587 613 137 137 483 483 483 522 395 395 395 395 497 497 497 307 307 307 436 604 604 604 604 604 129
[673] 551 344 448 540 607 607 607 312 312 312 550 550 486 486 486 276 507 673 673 673 332 556 556 309 323 696 696 514
[701] 514 320  72  72 458 683 683 683  91 328 328 328 221 515 616 185 710 710 641 571 571 411 411 630 621 621 621 249
[729] 609 676 676 642 568 473 702 702 711 302 562 562 443 443 512 603 726 632 632 719 572 600 600 749 674 465 271 271
[757] 271 190 190 190 190 190 190 584 283 277 277 537 750 592 592 672 653 414 560 560 770 191 207 680 731 573 576 588
[785] 698 433 697 690 654 561 677 519 218 635 638 638 638 792 792 700 766 766 504 504 504 660 660 614 614 520 656 656
[813] 542 768 786 786 340 732 814 814 794 758 758 467 771 596 798 798 489 818 529 480 480 808 759 505 500 500 739 837
[841] 837 495 329 563 563 563 451 451 427 427 780 780 737 737 738 657 628 192 408 811 784 237 706 778 778 765 501 398
[869] 779 643 668 668 668 684 574 810 810 469 820 820 744 617 842 593 159 577 577 577 760 361 361 659 490 208 756 756
[897] 756 590 647 868 882 686 813 813 849 502 662 578 682 847 839 839 905 741 477 477 477 477 610 610  21 774 785 785
[925] 623 534 913 911 911 925 707 893 889 762 699 399 901 936 936 788 860 373 558 558 927 894

$EXTANT
  [1] FALSE FALSE FALSE  TRUE FALSE FALSE FALSE FALSE FALSE FALSE FALSE FALSE FALSE FALSE FALSE FALSE FALSE FALSE  TRUE
 [20]  TRUE  TRUE FALSE FALSE FALSE FALSE  TRUE FALSE FALSE FALSE FALSE FALSE FALSE FALSE FALSE FALSE FALSE FALSE FALSE
 [39] FALSE FALSE FALSE  TRUE  TRUE FALSE FALSE  TRUE FALSE FALSE FALSE FALSE FALSE FALSE FALSE FALSE FALSE FALSE FALSE
 [58] FALSE FALSE FALSE FALSE FALSE FALSE FALSE  TRUE  TRUE FALSE FALSE FALSE  TRUE FALSE FALSE FALSE FALSE FALSE FALSE
 [77] FALSE  TRUE  TRUE FALSE FALSE FALSE FALSE  TRUE FALSE FALSE FALSE FALSE  TRUE FALSE  TRUE FALSE FALSE FALSE  TRUE
 [96] FALSE FALSE  TRUE FALSE FALSE FALSE FALSE FALSE FALSE FALSE FALSE FALSE FALSE FALSE FALSE FALSE FALSE  TRUE  TRUE
[115] FALSE FALSE FALSE FALSE FALSE FALSE FALSE FALSE FALSE  TRUE FALSE FALSE FALSE FALSE  TRUE FALSE FALSE  TRUE FALSE
[134] FALSE FALSE  TRUE  TRUE FALSE FALSE FALSE FALSE FALSE FALSE FALSE  TRUE  TRUE FALSE FALSE  TRUE FALSE FALSE  TRUE
[153] FALSE FALSE FALSE  TRUE FALSE  TRUE  TRUE FALSE FALSE FALSE FALSE  TRUE FALSE FALSE FALSE  TRUE FALSE  TRUE  TRUE
[172] FALSE FALSE FALSE FALSE  TRUE FALSE FALSE FALSE FALSE  TRUE  TRUE FALSE  TRUE FALSE  TRUE FALSE FALSE FALSE  TRUE
[191] FALSE  TRUE  TRUE FALSE FALSE FALSE FALSE FALSE FALSE FALSE FALSE FALSE FALSE FALSE FALSE FALSE  TRUE  TRUE  TRUE
[210] FALSE FALSE  TRUE FALSE FALSE FALSE FALSE FALSE  TRUE FALSE FALSE  TRUE  TRUE  TRUE FALSE FALSE FALSE FALSE FALSE
[229] FALSE FALSE FALSE FALSE  TRUE FALSE FALSE FALSE  TRUE FALSE FALSE  TRUE  TRUE  TRUE FALSE FALSE FALSE  TRUE  TRUE
[248]  TRUE  TRUE FALSE  TRUE FALSE FALSE FALSE FALSE FALSE FALSE  TRUE FALSE  TRUE  TRUE  TRUE FALSE FALSE  TRUE FALSE
[267] FALSE FALSE FALSE FALSE  TRUE  TRUE FALSE FALSE FALSE FALSE  TRUE FALSE FALSE  TRUE FALSE FALSE FALSE FALSE FALSE
[286] FALSE FALSE FALSE FALSE FALSE FALSE FALSE  TRUE FALSE FALSE FALSE  TRUE  TRUE FALSE FALSE FALSE FALSE  TRUE  TRUE
[305] FALSE FALSE  TRUE FALSE FALSE  TRUE FALSE  TRUE FALSE FALSE FALSE FALSE  TRUE FALSE FALSE  TRUE  TRUE FALSE FALSE
[324]  TRUE FALSE  TRUE FALSE FALSE  TRUE FALSE  TRUE  TRUE  TRUE FALSE FALSE FALSE FALSE FALSE FALSE  TRUE  TRUE  TRUE
[343]  TRUE FALSE  TRUE FALSE FALSE  TRUE FALSE FALSE FALSE FALSE FALSE  TRUE FALSE  TRUE FALSE FALSE  TRUE  TRUE  TRUE
[362] FALSE FALSE FALSE FALSE FALSE FALSE FALSE FALSE FALSE FALSE  TRUE  TRUE  TRUE  TRUE  TRUE FALSE FALSE  TRUE FALSE
[381]  TRUE FALSE FALSE  TRUE FALSE  TRUE FALSE  TRUE  TRUE FALSE  TRUE FALSE FALSE FALSE  TRUE FALSE FALSE  TRUE  TRUE
[400]  TRUE FALSE FALSE FALSE FALSE  TRUE  TRUE FALSE FALSE FALSE FALSE  TRUE FALSE  TRUE  TRUE FALSE FALSE FALSE FALSE
[419] FALSE  TRUE  TRUE FALSE FALSE FALSE FALSE  TRUE  TRUE FALSE FALSE  TRUE FALSE FALSE  TRUE  TRUE  TRUE FALSE FALSE
[438]  TRUE  TRUE  TRUE FALSE  TRUE  TRUE FALSE  TRUE  TRUE FALSE FALSE FALSE  TRUE  TRUE FALSE FALSE  TRUE  TRUE  TRUE
[457] FALSE  TRUE FALSE  TRUE FALSE  TRUE  TRUE  TRUE  TRUE  TRUE  TRUE  TRUE  TRUE FALSE  TRUE FALSE FALSE  TRUE  TRUE
[476]  TRUE  TRUE FALSE FALSE  TRUE FALSE FALSE  TRUE FALSE FALSE  TRUE FALSE FALSE  TRUE  TRUE  TRUE  TRUE FALSE  TRUE
[495]  TRUE  TRUE  TRUE FALSE  TRUE  TRUE  TRUE  TRUE  TRUE FALSE  TRUE  TRUE FALSE FALSE  TRUE FALSE FALSE FALSE  TRUE
[514] FALSE  TRUE  TRUE FALSE FALSE FALSE FALSE  TRUE  TRUE FALSE  TRUE  TRUE  TRUE  TRUE  TRUE  TRUE  TRUE  TRUE  TRUE
[533]  TRUE  TRUE  TRUE  TRUE  TRUE  TRUE  TRUE FALSE FALSE  TRUE FALSE  TRUE  TRUE  TRUE  TRUE FALSE FALSE  TRUE FALSE
[552]  TRUE  TRUE  TRUE FALSE FALSE  TRUE  TRUE FALSE  TRUE FALSE  TRUE  TRUE  TRUE FALSE  TRUE  TRUE FALSE FALSE FALSE
[571]  TRUE FALSE  TRUE  TRUE  TRUE  TRUE  TRUE  TRUE  TRUE  TRUE FALSE FALSE  TRUE  TRUE FALSE FALSE  TRUE  TRUE  TRUE
[590]  TRUE  TRUE  TRUE  TRUE  TRUE  TRUE  TRUE  TRUE  TRUE FALSE FALSE FALSE  TRUE  TRUE  TRUE  TRUE  TRUE  TRUE FALSE
[609] FALSE  TRUE FALSE FALSE  TRUE  TRUE FALSE  TRUE  TRUE  TRUE  TRUE FALSE  TRUE FALSE  TRUE FALSE  TRUE  TRUE FALSE
[628]  TRUE  TRUE  TRUE FALSE  TRUE FALSE  TRUE FALSE  TRUE  TRUE  TRUE FALSE FALSE FALSE FALSE  TRUE  TRUE  TRUE FALSE
[647]  TRUE  TRUE FALSE FALSE  TRUE FALSE  TRUE  TRUE FALSE  TRUE  TRUE  TRUE  TRUE  TRUE FALSE  TRUE FALSE FALSE  TRUE
[666]  TRUE  TRUE  TRUE  TRUE  TRUE  TRUE  TRUE  TRUE FALSE FALSE FALSE FALSE FALSE  TRUE FALSE FALSE  TRUE  TRUE  TRUE
[685]  TRUE  TRUE  TRUE FALSE FALSE  TRUE  TRUE  TRUE  TRUE  TRUE  TRUE  TRUE  TRUE  TRUE  TRUE  TRUE  TRUE  TRUE  TRUE
[704]  TRUE FALSE  TRUE  TRUE  TRUE  TRUE FALSE  TRUE  TRUE  TRUE  TRUE  TRUE  TRUE FALSE FALSE  TRUE  TRUE  TRUE FALSE
[723] FALSE FALSE  TRUE  TRUE  TRUE FALSE FALSE  TRUE  TRUE FALSE  TRUE  TRUE  TRUE  TRUE  TRUE  TRUE FALSE  TRUE  TRUE
[742]  TRUE  TRUE  TRUE FALSE FALSE  TRUE  TRUE  TRUE FALSE  TRUE  TRUE  TRUE FALSE  TRUE  TRUE  TRUE  TRUE  TRUE  TRUE
[761]  TRUE  TRUE  TRUE  TRUE  TRUE  TRUE  TRUE  TRUE FALSE  TRUE  TRUE  TRUE FALSE  TRUE  TRUE FALSE  TRUE  TRUE  TRUE
[780]  TRUE FALSE  TRUE  TRUE  TRUE  TRUE  TRUE  TRUE  TRUE FALSE  TRUE  TRUE  TRUE  TRUE FALSE FALSE  TRUE  TRUE  TRUE
[799] FALSE  TRUE FALSE  TRUE  TRUE  TRUE  TRUE  TRUE  TRUE  TRUE  TRUE  TRUE  TRUE  TRUE  TRUE  TRUE FALSE  TRUE  TRUE
[818] FALSE FALSE  TRUE  TRUE  TRUE  TRUE  TRUE  TRUE  TRUE FALSE  TRUE  TRUE FALSE  TRUE  TRUE  TRUE  TRUE  TRUE  TRUE
[837]  TRUE  TRUE  TRUE  TRUE  TRUE  TRUE  TRUE  TRUE  TRUE  TRUE  TRUE  TRUE  TRUE  TRUE  TRUE FALSE  TRUE  TRUE  TRUE
[856] FALSE  TRUE  TRUE  TRUE  TRUE  TRUE  TRUE  TRUE FALSE  TRUE  TRUE  TRUE FALSE  TRUE  TRUE  TRUE  TRUE  TRUE  TRUE
[875]  TRUE FALSE FALSE FALSE  TRUE  TRUE FALSE  TRUE  TRUE  TRUE  TRUE  TRUE  TRUE  TRUE  TRUE FALSE  TRUE  TRUE  TRUE
[894]  TRUE  TRUE  TRUE  TRUE  TRUE  TRUE  TRUE  TRUE FALSE  TRUE  TRUE  TRUE  TRUE FALSE  TRUE FALSE  TRUE  TRUE  TRUE
[913] FALSE FALSE FALSE  TRUE  TRUE  TRUE  TRUE  TRUE  TRUE  TRUE  TRUE  TRUE  TRUE  TRUE  TRUE  TRUE  TRUE  TRUE  TRUE
[932]  TRUE  TRUE  TRUE  TRUE  TRUE  TRUE  TRUE FALSE  TRUE FALSE  TRUE  TRUE FALSE  TRUE  TRUE

