
Birth-death simulation object with 768 species and 500 extant species

Details for some species:

Extinction times (NA means extant)
[1] 70.77480 70.59297 70.03642 31.91476 66.47967       NA


Speciation times 
[1] 103.05817  82.64850  75.87149  78.56803  68.11217  61.14308


Species parents (NA for initial)
[1] NA  1  1  2  4  4


Species status (extinct or extant)
[1] "extinct" "extinct" "extinct" "extinct" "extinct" "extant" 


For more details on vector y, try sim$y, with y one of
TE TS PAR EXTANT



$TE
  [1] 70.77480015 70.59296884 70.03641707 31.91475546 66.47967360          NA 19.15048194 60.54694329 61.83262176
 [10] 63.81503946 26.22909563 47.74777150 29.94222633 56.47111144 20.75336735          NA  1.79341414          NA
 [19] 22.72161937 33.20255608          NA  7.15883338 51.71776380 39.24164834  8.11189420          NA          NA
 [28]          NA 47.61671870 20.33644120 30.74525901 21.32450295 23.63293490 36.01121559 14.39492785          NA
 [37]          NA          NA          NA          NA 24.46239787 23.43509007 41.31616681 19.57961696 37.19970316
 [46] 14.24332558 40.73369911 47.87793913 19.61532594          NA          NA          NA          NA 28.56712599
 [55] 20.42093643          NA 48.14377476 42.97090981 35.48662599 18.00796605  7.88983548 21.85697499 30.61609474
 [64]          NA 10.02175860          NA 27.38524332          NA  9.16740392 36.23517446 43.06003898 37.42699305
 [73]          NA          NA  3.97566659 17.56263417  6.55040827          NA 36.60386038  7.87551616  7.18788328
 [82] 30.53355358          NA          NA  7.50853411 14.29406680          NA          NA 27.23995104 17.72356511
 [91]  8.64480494 13.48739502          NA          NA  4.84238216 21.78947043          NA          NA 31.93875797
[100] 14.66842752          NA          NA 15.40691054  5.27246961          NA  7.81925251          NA          NA
[109] 32.01065771 18.09017419  2.49362026  2.90628803          NA 10.11681316          NA  9.29255302 16.52343567
[118] 15.84069738          NA          NA          NA 23.74437365 24.54789110          NA 32.18100361 18.19556329
[127]          NA  5.63890425          NA          NA  5.62226758          NA          NA 26.98281089 36.38345072
[136] 27.13455346 15.64411070 20.70687057 19.05201316          NA          NA          NA          NA          NA
[145]  8.05517708          NA          NA 11.72947942          NA          NA          NA          NA          NA
[154]  5.68182758 21.13023379  2.90025048          NA          NA          NA  9.50753051          NA          NA
[163]          NA  1.46448796 11.27005670          NA          NA 22.63920585          NA 13.67877085          NA
[172]          NA          NA          NA          NA  3.42319480 30.49690594          NA 28.47880039          NA
[181]  8.10330449          NA          NA          NA 19.91319671  8.48356633          NA  6.95170241  0.43574443
[190]          NA          NA          NA          NA  8.97883512  7.71048990  0.36363742          NA  3.63478831
[199] 10.98468753 11.13961306          NA 23.16749417          NA  9.42328947          NA          NA  6.34590812
[208]  7.94233575          NA          NA          NA          NA  0.71930237          NA  8.60698378          NA
[217]          NA          NA          NA  1.67812327 17.59932544  3.89108363          NA  2.72952495 11.57011078
[226]  5.92039023          NA 26.01661275          NA          NA 12.45206780          NA 16.75262526          NA
[235]          NA 23.12375633 21.60670497 17.78957418          NA          NA  0.98145177  3.75369067 12.10613035
[244]          NA          NA          NA          NA          NA  8.01372685  3.41027297          NA          NA
[253]  3.00448661          NA 15.05387599          NA          NA          NA  2.91700688          NA          NA
[262]          NA  8.09848378 17.40915095          NA          NA          NA          NA  6.43548389  3.03894073
[271]  4.54080691          NA          NA          NA  9.50987268          NA          NA          NA          NA
[280]  6.68749887 19.25279276  8.84058927          NA 13.71363837  3.37356626 18.06360386          NA          NA
[289]          NA  0.75219759          NA          NA          NA          NA          NA  4.02786610  0.22495665
[298]          NA          NA          NA          NA  7.57049187  3.10080921  6.77434302  3.03999443 11.84040006
[307]          NA  0.86038700          NA          NA          NA  0.40448602          NA          NA 13.48682389
[316]          NA          NA  7.89005518  9.49357832          NA          NA  1.88468317          NA          NA
[325]          NA          NA  3.99360347          NA          NA          NA          NA          NA  6.95026287
[334]          NA          NA          NA          NA          NA          NA          NA          NA          NA
[343] 10.84143374  2.80642561          NA  2.70249428          NA  2.46287963 11.58015691          NA          NA
[352]          NA  5.81254219          NA          NA          NA  1.45873618          NA          NA          NA
[361]          NA  1.58362894  4.82083453          NA          NA          NA          NA  6.33380261          NA
[370]          NA  7.47398418  0.49601292  7.29918614          NA  0.97597821          NA          NA          NA
[379]          NA          NA          NA          NA          NA          NA          NA  8.94754353          NA
[388]          NA          NA          NA          NA          NA  9.28652340          NA          NA          NA
[397]          NA          NA  9.96405213          NA  6.42948983 11.51617392          NA 10.57164032          NA
[406]          NA          NA  9.89331442  5.32292859  9.11162575          NA          NA          NA          NA
[415]          NA          NA          NA          NA 13.41792568          NA          NA          NA          NA
[424] 14.17529714          NA  2.71562268          NA          NA          NA          NA          NA          NA
[433]          NA          NA  6.87444811          NA  0.02542378          NA 10.75713767          NA          NA
[442]  4.20593349          NA  3.41052297          NA          NA  1.26962740          NA          NA          NA
[451]          NA          NA          NA  6.33262709          NA  1.16228962          NA          NA 11.93895447
[460]          NA          NA          NA          NA          NA  1.94362550  4.24265343          NA          NA
[469]          NA  4.65938174          NA          NA          NA          NA          NA          NA          NA
[478]  2.54599729          NA  0.51183214 10.34967645          NA          NA          NA  3.26049167          NA
[487]          NA  6.80383576          NA          NA          NA  2.88766997          NA          NA          NA
[496]          NA          NA          NA          NA          NA  0.45543594          NA          NA          NA
[505]  9.65845001          NA          NA          NA          NA          NA  3.27215692          NA          NA
[514]          NA          NA          NA  0.87960165          NA  0.20181289          NA          NA  0.79853360
[523]          NA          NA          NA          NA          NA          NA          NA          NA          NA
[532]  2.60077858  5.61876847          NA  2.00910822  4.60822696          NA  2.40834405          NA 10.28888272
[541]          NA          NA          NA  0.01174620  2.52512308          NA          NA          NA  8.61770731
[550]  0.48827836  0.93464152          NA          NA          NA          NA          NA          NA          NA
[559]  2.67049840  4.61956184          NA  0.04838493          NA  6.45134628          NA          NA          NA
[568]  2.91658173  0.38782391          NA          NA          NA          NA          NA          NA          NA
[577]          NA          NA  7.30006594  3.65054140          NA          NA          NA          NA          NA
[586]          NA          NA          NA          NA          NA          NA  1.43098613          NA          NA
[595]          NA          NA  2.05699906          NA  1.14434797          NA          NA  3.52256526          NA
[604]          NA  4.60423824          NA          NA          NA          NA          NA          NA          NA
[613]          NA          NA          NA  2.67700710  1.53350273          NA  4.93613844          NA          NA
[622]          NA          NA          NA          NA          NA          NA  7.10399906          NA          NA
[631]          NA          NA          NA  0.01071287          NA          NA          NA          NA  1.96448216
[640]          NA          NA          NA          NA          NA          NA          NA          NA  0.78534008
[649]  1.44767710          NA          NA          NA          NA  4.34389179  0.63594598          NA  5.60538820
[658]          NA  6.39248864          NA          NA          NA          NA          NA          NA          NA
[667]          NA          NA          NA          NA          NA  1.05735975          NA          NA          NA
[676]  0.53392527          NA          NA          NA          NA          NA          NA  0.75362594          NA
[685]  1.33239225          NA          NA          NA          NA          NA          NA          NA  1.08623300
[694]          NA          NA          NA          NA          NA  2.08175374          NA          NA          NA
[703]          NA          NA          NA          NA          NA          NA          NA          NA  2.18303841
[712]  0.36795227          NA          NA          NA          NA  1.69455442          NA          NA          NA
[721]          NA          NA          NA          NA          NA          NA          NA          NA  0.48721621
[730]          NA          NA          NA          NA          NA          NA          NA          NA          NA
[739]          NA          NA          NA          NA          NA          NA          NA          NA  1.13335299
[748]          NA          NA          NA  0.45269886          NA          NA          NA          NA          NA
[757]          NA          NA          NA          NA          NA          NA          NA          NA          NA
[766]          NA          NA          NA

$TS
  [1] 103.05816727  82.64849581  75.87149023  78.56802752  68.11217257  61.14307599  37.99563652  71.06494134
  [9]  70.54207649  66.76013920  70.08395778  68.31549863  66.36436015  64.54632889  58.32364681  46.07793293
 [17]  45.11863809  44.13592533  37.95464099  37.35566730  54.64417321  67.96440359  56.29286378  45.77024663
 [25]  38.51149465  26.11676863  11.07711948  10.41472972  59.96831652  41.80313443  39.91646445  39.35200571
 [33]  54.60328736  50.38605183  46.12634173  27.71974965  16.61829199  13.07175272   8.92770878   3.95649882
 [41]  56.51221775  50.49603117  51.20811651  47.76491736  46.52214765  38.60236544  55.83052664  52.60518491
 [49]  50.34303364  47.98770594  25.76164630  17.70813393   1.13706889  45.07833601  36.66221813  30.04767302
 [57]  49.70072546  48.90043464  46.32477493  26.34703028  45.12492904  42.24683994  37.93535544  21.65038423
 [65]  10.82489212  45.04128290  44.77023637  40.56547559  33.02281557  40.98434820  45.71713217  38.49051527
 [73]  21.69961461  19.77632836  42.98958501  37.81086001  28.07406345   3.63239392  43.97356783  41.52093058
 [81]  33.97989601  32.84064981  11.55489498  10.36322898   9.12203260  28.28281221  45.04652286  42.63734866
 [89]  36.58761591  28.67209254  27.11353537  23.06578995  21.72559321  11.97174823   9.78449452  36.82800572
 [97]  16.62105497  30.70191075  34.04143717  32.58772590  21.53507648  34.12740634  30.48134527  20.81515039
[105]  12.63554974  10.34635732  24.06728081  35.16473267  33.24087262  27.83447148  27.16663290  19.36570245
[113]  18.04419382  16.30742447  36.69423052  37.67950118  35.98293735  19.90019658  17.51562477  15.34311962
[121]   7.06949483  38.40145525  37.68255460  18.47376149  35.43859077  25.00375259  15.80630150  13.15583686
[129]  27.39185175  23.99707674  34.75468110  24.83535825  27.70464456  27.21738340  36.71098244  34.15580995
[137]  25.56024981  36.43146647  27.90045776  14.12674474   1.30499182   0.99771860  36.30992600  24.39370956
[145]  21.30355450  29.01261899  27.43890724  22.39568622  13.26396323   8.93763931   5.88017188   5.38999937
[153]  24.80414488  33.34551661  33.22523399  24.68088967  22.14503127  21.45994900  16.40458476  15.41317683
[161]  13.43545599  12.87597514   9.07681132   8.96950075  31.84108042  16.29340158  32.16974881  26.72480839
[169]  26.50868988  25.33529654  25.31588164  20.67574026   6.03199501  28.58131214  28.33812715  24.35065117
[177]  32.75830241  31.18082745  28.79113001  10.80514544  26.16654284  22.99481209  10.76250743   3.52143547
[185]  30.44796622  23.79384364  16.22856928  12.11157050   3.54878720   2.19076341  27.43980427  26.20661820
[193]  20.46275524  19.70574991   7.88155526  22.53657211  16.55010553  25.28202254  26.93790444  16.75321858
[201]  13.95414554  23.49134931  17.80953089  16.23639362   6.69028215  28.55755905  19.56794027  18.27830093
[209]   4.64752009  16.53945880  12.95193527  12.92852255   6.91733963  17.26253869  11.18238719   5.14829118
[217]   4.00365257  16.38396572  11.26917124  19.42722634  19.57095721  19.67356473  15.89589693  14.41954456
[225]  12.71128292  10.93678440   1.71685359  26.37568497  22.52277245  19.86388136  14.98124158   0.97184930
[233]  25.37184431   8.87486809   5.67841211  25.02036874  21.85616545  19.73948062  14.08942944   2.96476668
[241]  19.01155537  17.06028749  23.91114844  17.33552780  24.18773310  24.55615740  23.05462721  22.71185347
[249]  20.19034910   5.17958724   2.59546493   1.16718912   8.14069945   8.11431419  19.97540751   8.14866365
[257]   6.45873981   4.03014585  22.30319858   7.53720558   2.03908949  19.70229332  17.98607964  23.17607817
[265]  21.72396347  18.38243743  21.87634137  10.03045357   7.13612529   4.93222902  24.93605793  20.24686934
[273]  12.57401656   3.44064211  18.40305149   4.84995413  12.99987666  11.88190728   8.36339111  22.95312782
[281]  19.80754547  11.62677732  18.76377504  15.46373226   8.76041091  19.22853062  17.28682467  20.21976302
[289]   2.90061462  14.02641426  12.97822923  19.77496982  22.03373232  17.69016680  22.38344638  11.27128856
[297]   2.85255727   6.79857362  19.33095962  12.28918758   7.75253218  12.86399444  10.37884706  21.93149785
[305]  21.97891924  16.29205212   6.70493747   6.48053775   2.12236960  21.70918556  14.28266393   5.16846579
[313]   1.25835627  12.38172350  21.82598675  15.04141094   8.75184054  13.33287346  12.03291172   4.68026100
[321]  18.02930087  14.26500772  17.35987619  13.27322843   5.54719519  20.63435819   7.66469090  17.82297202
[329]  14.21376621   7.83978715  10.54418150   2.47774653  10.29599621   8.86223603   8.63126880   6.66728854
[337]   1.80991914   0.83903401  20.65972772   6.82007358   3.63021957   2.71051431  18.57892136  16.74552049
[345]  10.19464973  15.19772540  13.29228234   7.16647657  17.31136395   9.25661800   8.05539245   7.62329538
[353]   7.42731786  17.73395210  16.24533086  14.89357850   8.33508361   5.62565109   5.17927914   2.28581203
[361]   7.63121065  19.85370051  11.14152708   9.95908979  19.77117357  11.75413657  17.60275923  10.78332183
[369]   6.92578124   5.47560016  18.94608176  15.60855465  13.67064055  12.96798786   5.08826734  18.07053174
[377]   0.99282255   0.77287369  17.59531418  11.48711413   9.65260646  13.46069002  12.69024186  17.48544032
[385]   4.99920870  15.92933253   9.55739890   3.89467188  16.58762044   0.55893381  18.64825382   0.91747684
[393]  12.35516758  10.00512656   9.12668029   8.65772667   1.15418247  12.50622832  13.06416673   0.06462295
[401]  11.40873004  16.75679113  14.06553554  11.86722074   4.99553774   2.20549740  16.55985320  16.85105575
[409]  11.67060667  16.79981378  14.36680162  12.69551160  12.69469026   0.94591969   5.00718162   3.76315448
[417]   3.16698665   5.33950973  15.22756760   5.60495474   0.35758156   9.43384945   4.29038515  16.42389242
[425]   5.41865401   3.37908547   0.54106781   1.99632496  16.67070288  15.96209698  10.40956261   7.47695387
[433]   4.55636043  11.68129441   9.30291238   3.27184663  13.22695945  11.30387286  12.80118456   9.49511231
[441]  12.16108573   4.96837161   3.39222916   8.07645981  15.67268897  10.94866965   9.53537699   1.94346086
[449]   1.68910244   1.12867919  14.65376794  12.49173874  15.55196210  12.29091475  10.89643914  10.08294086
[457]   0.28677442  13.48718065  15.16519238  14.27305729   3.25944659  13.05706930  11.89057750  11.74614913
[465]  10.11891339  14.80450264  10.47551698  12.42662851   1.57817311   7.85190532   7.77904008   7.03778106
[473]   2.66071527  13.97704448  13.22307024   7.78888403   0.82799891  14.73665321  14.61856586  15.09384218
[481]  11.72644456   4.99851820   9.07363411   8.03080700   5.11285815  13.83924372  13.60038389  13.86112427
[489]  10.86539883   9.67249796   1.29945498  11.74210247   3.82556162   3.00695704  13.72378895  12.46138389
[497]  13.43994703   2.67757931   0.16142191  13.52457859   2.84550611  13.40618332   6.05458526   3.86946211
[505]  12.84233158   8.54559053   4.87966507   7.11811563   1.24688420   0.41694512   9.07393077  10.29950002
[513]   7.63624690   8.71998313   2.79308917   1.93434699  12.32087997   2.11165743   0.25469344   9.76332688
[521]   0.03049295   7.64264505   8.76016130   5.70680687   3.72963858   2.09307138  10.33806262  10.87302736
[529]  11.00933180   5.80750338  11.66092603   7.21485910   5.87598473  10.09088304   9.44919077   5.57179387
[537]   9.94842353   3.72107918   5.45416453  10.58715309   9.65235229   9.13277798   9.94163373   7.81132719
[545]   4.64476527   9.85019402   2.57404057   7.23364905   9.35427015  10.15331498   5.12623318   2.51903004
[553]   4.60038963   1.25636455  11.19796307   8.01655650   4.70294407   3.07422991   5.90619982  11.06355692
[561]   4.06774635  11.30170866  10.89528338   7.23545544   2.27317783   6.73243096   7.41204070   3.71201448
[569]   3.02299584   6.63560197   7.44280762   9.99843318   6.58257022   4.24000430   6.76940989   0.84311804
[577]   8.16912531   5.41936706  10.33066011   7.48801911   4.44704369   1.71229973   4.98459584   2.01492404
[585]   6.89367773   5.80874145   5.34341111   8.02200758   5.07561845   6.85761754   5.11004253   3.48053400
[593]   8.81259533   8.54521354   3.69205649   1.17746253   9.02870467   8.08952866   9.35513587   1.74752437
[601]   9.10046196   8.76227002   1.62344929   5.10427361   7.83080580   7.29225356   5.47597523   1.95531516
[609]   1.86419935   3.74490311   2.77701615   2.69755299   5.69920020   1.03422498   3.27144022   4.31971757
[617]   5.49484942   2.58493445   7.90978397   7.73821261   8.05183998   7.78499810   3.51397538   3.29126656
[625]   1.64874623   0.14568395   7.55678519   8.55541484   3.46503707   1.56800057   2.60116029   5.61788836
[633]   4.24371418   7.69359333   7.58037357   2.14496520   5.51028353   0.73892656   7.34977064   6.05125134
[641]   6.55172271   5.99692183   7.09476412   0.88376854   6.00693219   4.30301000   3.34108408   6.09267292
[649]   2.22492346   2.80924603   4.96731736   6.63636490   6.16189126   5.89514770   3.24028808   5.70212582
[657]   5.81890871   5.82767394   6.88949182   6.03943866   4.86214874   5.72223052   4.94325264   4.61157563
[665]   6.50056346   4.00315075   1.74042185   2.02252366   1.56473367   5.57128107   4.56901631   4.52914668
[673]   2.47640443   4.66041335   4.85776006   3.40295517   4.39368742   5.68986893   0.76843728   4.95994608
[681]   4.18068134   3.32685275   5.51481404   5.30557393   5.26256895   0.69140459   1.52422388   4.39981368
[689]   1.12648945   2.42446744   4.64351324   0.78758028   1.79519571   4.04573311   2.58370862   2.06177767
[697]   4.18287555   4.41059023   4.69211228   3.04103383   0.97342811   2.68421424   2.35486017   3.83223394
[705]   3.47016311   2.37349195   4.07127429   0.36725134   4.23646713   0.24473285   2.23070338   2.80208497
[713]   3.66021396   3.16722534   3.81239601   2.91191025   2.91754054   0.44722987   0.69283487   2.88436243
[721]   0.56605144   3.05967115   1.90201816   3.36873018   1.67615792   2.03298713   2.67603597   1.11723287
[729]   0.48858751   2.45574721   1.84294088   2.54912215   3.22202218   0.58216206   2.81873331   1.67078931
[737]   3.23463170   2.11788588   1.09564118   0.51865637   2.26149857   0.87725142   1.08599548   2.79833270
[745]   1.50468186   2.53278689   1.21969259   2.07687588   2.57023204   1.55141141   0.86572556   1.75281862
[753]   1.96891784   0.97679717   0.44071846   1.40046263   1.24872220   1.23322091   0.36899539   1.31674965
[761]   0.69949691   0.20084969   1.03311397   0.08719789   0.20682950   0.62376743   0.77832056   0.32542930

$PAR
  [1]  NA   1   1   2   4   4   4   3   3   8   9   9   9  11  11  11  11  11  11  11  12   5  22  22  22  22  22  22  13
 [30]  13  13  13   6   6   6   6   6   6   6   6  29  29  15  15  15  41  23  23  21  21  21  21  21  33  33  33  48  42
 [59]  42  49  58  50  50  50  50  44  44  44  44  45  35  35  35  35  16  16  16  16  61  61  61  61  61  61  61  17  54
 [88]  54  54  54  87  87  87  87  87  66  66  67  18  18  18  75  75  75  75  75  88  30  30  30  30  80  80  80  70  68
[117]  68  68  68  68  68  31  46  46  25  25  25  25  19  19  76  76 123 123 116  20  96 135 115 115 115 115  55  55  55
[146]  89 138 138 143 143 143 143 117 125 108 108 108 108 131 131 131 131 131 131 136 102  81  81 154 154 154 154 154 155
[175] 155 155  69  69  69  69 100 167 167 167 178 178 178 178 178 178  98  98  98  98  98 103 103 185  56  56  56 146 146
[204] 146 146  90  90  90 174 206 206 206 206 175 175 175 175  77  77 139 110 133 133 133 133 133 133 191 191 191 191 191
[233] 147 147 147 129 129 129 129 129 111 111  91  91 168 169 169 169 169 192 192 192 181 181  26  26  26  26  51  51  51
[262] 137 137 233 233 233 171 171 171 171 198 271 271 153 156 156 246 246 246 144 144 144 176 245 245 107 107 130 130 243
[291] 243 186 264 264 182 182 182 280 248 196 196 229 229 148 295 295 295 295 295 259 157 157 157 293 305 304 304 267 267
[320] 267 315 315  93  93  93 265 265 310  73  73  64  64 101 101 101 101 101 101 158 158 158 158 145 104 104 172 172 172
[349] 339 339 339 326 326 193 193 272 272 272 272 272 288 249 249 249 230 230 362 362 362 362  74  74  74  74  74 292 292
[378] 292 194 194 194 262 262 222 222 207 207 220 299 299 286 283 391 391 391 391 391 343 124 124 266 208 208 113 113 113
[407] 321 263 263 328 328 328 328 328 203 203 203 354  52  52  52 294 294 367 367 367 367 119 384 384 244 244 244 214 214
[436] 214 242 242 200 344 429 429 429  97  37 407 407 407 197 197 210 210 159 159 159 159 159 166 355 355 355 204 204 204
[465] 430 386 223 127 127 445 445 445 372 453 453 453 453 160 419 459 316 316 356 356 466 478 224 411 411 411 411 460 460
[494] 460 322 322 329 140 140 403 403 290 290 290 474 474 474 201 201 201 486 495 495 458 458 458 161 161 161 502 502 347
[523] 324 324 437 475  38 399 462 277 291 291 291 374 374 374 211 212 162 412 412 413 105 105 105 468 468 314 393 300 300
[552] 300 441 441 188 188 463 463 278 434 531 282 282  83 380 401 438 438 438 562 296 219 219 219 363  27 560 446 455 455
[581] 455 563 528 528 331 331 431 303 303  84  84  84 527 527 527 527 579 333 345 345 534 534 456 268 572 572 572 364 537
[610] 546 520 520 490 381 447 599 350 350 542  85 601 163 164 164 234 334 602 285 285 279 357 351 351 621 621 621 588 588
[639] 556 556 619 330 544 476 471 620 620 634 635 627 571 639 606 606 532 348 643 369 585 585 585 340 340 340 298 566 307
[668] 570 570 573 573 641 665 308 257 257 645 151 530 613 613 678 235 420 420 420 670 637 637 617 539 539 418 685 685 685
[697] 250 359 312 312 551 375 589 415 405 661 675 675 276 557 699 320 209 691 553 581 688 677 646 423 633 697 561 258 258
[726]  40 388 388 493 715 525 595 341 189 184 647 655 722 494 240 717 501 735 650 650 702 727 631 618 552 730 706 360 406
[755] 696 261 726 608 582 750 757 757  53 377 754 701 338 708

$EXTANT
  [1] FALSE FALSE FALSE FALSE FALSE  TRUE FALSE FALSE FALSE FALSE FALSE FALSE FALSE FALSE FALSE  TRUE FALSE  TRUE FALSE
 [20] FALSE  TRUE FALSE FALSE FALSE FALSE  TRUE  TRUE  TRUE FALSE FALSE FALSE FALSE FALSE FALSE FALSE  TRUE  TRUE  TRUE
 [39]  TRUE  TRUE FALSE FALSE FALSE FALSE FALSE FALSE FALSE FALSE FALSE  TRUE  TRUE  TRUE  TRUE FALSE FALSE  TRUE FALSE
 [58] FALSE FALSE FALSE FALSE FALSE FALSE  TRUE FALSE  TRUE FALSE  TRUE FALSE FALSE FALSE FALSE  TRUE  TRUE FALSE FALSE
 [77] FALSE  TRUE FALSE FALSE FALSE FALSE  TRUE  TRUE FALSE FALSE  TRUE  TRUE FALSE FALSE FALSE FALSE  TRUE  TRUE FALSE
 [96] FALSE  TRUE  TRUE FALSE FALSE  TRUE  TRUE FALSE FALSE  TRUE FALSE  TRUE  TRUE FALSE FALSE FALSE FALSE  TRUE FALSE
[115]  TRUE FALSE FALSE FALSE  TRUE  TRUE  TRUE FALSE FALSE  TRUE FALSE FALSE  TRUE FALSE  TRUE  TRUE FALSE  TRUE  TRUE
[134] FALSE FALSE FALSE FALSE FALSE FALSE  TRUE  TRUE  TRUE  TRUE  TRUE FALSE  TRUE  TRUE FALSE  TRUE  TRUE  TRUE  TRUE
[153]  TRUE FALSE FALSE FALSE  TRUE  TRUE  TRUE FALSE  TRUE  TRUE  TRUE FALSE FALSE  TRUE  TRUE FALSE  TRUE FALSE  TRUE
[172]  TRUE  TRUE  TRUE  TRUE FALSE FALSE  TRUE FALSE  TRUE FALSE  TRUE  TRUE  TRUE FALSE FALSE  TRUE FALSE FALSE  TRUE
[191]  TRUE  TRUE  TRUE FALSE FALSE FALSE  TRUE FALSE FALSE FALSE  TRUE FALSE  TRUE FALSE  TRUE  TRUE FALSE FALSE  TRUE
[210]  TRUE  TRUE  TRUE FALSE  TRUE FALSE  TRUE  TRUE  TRUE  TRUE FALSE FALSE FALSE  TRUE FALSE FALSE FALSE  TRUE FALSE
[229]  TRUE  TRUE FALSE  TRUE FALSE  TRUE  TRUE FALSE FALSE FALSE  TRUE  TRUE FALSE FALSE FALSE  TRUE  TRUE  TRUE  TRUE
[248]  TRUE FALSE FALSE  TRUE  TRUE FALSE  TRUE FALSE  TRUE  TRUE  TRUE FALSE  TRUE  TRUE  TRUE FALSE FALSE  TRUE  TRUE
[267]  TRUE  TRUE FALSE FALSE FALSE  TRUE  TRUE  TRUE FALSE  TRUE  TRUE  TRUE  TRUE FALSE FALSE FALSE  TRUE FALSE FALSE
[286] FALSE  TRUE  TRUE  TRUE FALSE  TRUE  TRUE  TRUE  TRUE  TRUE FALSE FALSE  TRUE  TRUE  TRUE  TRUE FALSE FALSE FALSE
[305] FALSE FALSE  TRUE FALSE  TRUE  TRUE  TRUE FALSE  TRUE  TRUE FALSE  TRUE  TRUE FALSE FALSE  TRUE  TRUE FALSE  TRUE
[324]  TRUE  TRUE  TRUE FALSE  TRUE  TRUE  TRUE  TRUE  TRUE FALSE  TRUE  TRUE  TRUE  TRUE  TRUE  TRUE  TRUE  TRUE  TRUE
[343] FALSE FALSE  TRUE FALSE  TRUE FALSE FALSE  TRUE  TRUE  TRUE FALSE  TRUE  TRUE  TRUE FALSE  TRUE  TRUE  TRUE  TRUE
[362] FALSE FALSE  TRUE  TRUE  TRUE  TRUE FALSE  TRUE  TRUE FALSE FALSE FALSE  TRUE FALSE  TRUE  TRUE  TRUE  TRUE  TRUE
[381]  TRUE  TRUE  TRUE  TRUE  TRUE FALSE  TRUE  TRUE  TRUE  TRUE  TRUE  TRUE FALSE  TRUE  TRUE  TRUE  TRUE  TRUE FALSE
[400]  TRUE FALSE FALSE  TRUE FALSE  TRUE  TRUE  TRUE FALSE FALSE FALSE  TRUE  TRUE  TRUE  TRUE  TRUE  TRUE  TRUE  TRUE
[419] FALSE  TRUE  TRUE  TRUE  TRUE FALSE  TRUE FALSE  TRUE  TRUE  TRUE  TRUE  TRUE  TRUE  TRUE  TRUE FALSE  TRUE FALSE
[438]  TRUE FALSE  TRUE  TRUE FALSE  TRUE FALSE  TRUE  TRUE FALSE  TRUE  TRUE  TRUE  TRUE  TRUE  TRUE FALSE  TRUE FALSE
[457]  TRUE  TRUE FALSE  TRUE  TRUE  TRUE  TRUE  TRUE FALSE FALSE  TRUE  TRUE  TRUE FALSE  TRUE  TRUE  TRUE  TRUE  TRUE
[476]  TRUE  TRUE FALSE  TRUE FALSE FALSE  TRUE  TRUE  TRUE FALSE  TRUE  TRUE FALSE  TRUE  TRUE  TRUE FALSE  TRUE  TRUE
[495]  TRUE  TRUE  TRUE  TRUE  TRUE  TRUE FALSE  TRUE  TRUE  TRUE FALSE  TRUE  TRUE  TRUE  TRUE  TRUE FALSE  TRUE  TRUE
[514]  TRUE  TRUE  TRUE FALSE  TRUE FALSE  TRUE  TRUE FALSE  TRUE  TRUE  TRUE  TRUE  TRUE  TRUE  TRUE  TRUE  TRUE FALSE
[533] FALSE  TRUE FALSE FALSE  TRUE FALSE  TRUE FALSE  TRUE  TRUE  TRUE FALSE FALSE  TRUE  TRUE  TRUE FALSE FALSE FALSE
[552]  TRUE  TRUE  TRUE  TRUE  TRUE  TRUE  TRUE FALSE FALSE  TRUE FALSE  TRUE FALSE  TRUE  TRUE  TRUE FALSE FALSE  TRUE
[571]  TRUE  TRUE  TRUE  TRUE  TRUE  TRUE  TRUE  TRUE FALSE FALSE  TRUE  TRUE  TRUE  TRUE  TRUE  TRUE  TRUE  TRUE  TRUE
[590]  TRUE  TRUE FALSE  TRUE  TRUE  TRUE  TRUE FALSE  TRUE FALSE  TRUE  TRUE FALSE  TRUE  TRUE FALSE  TRUE  TRUE  TRUE
[609]  TRUE  TRUE  TRUE  TRUE  TRUE  TRUE  TRUE FALSE FALSE  TRUE FALSE  TRUE  TRUE  TRUE  TRUE  TRUE  TRUE  TRUE  TRUE
[628] FALSE  TRUE  TRUE  TRUE  TRUE  TRUE FALSE  TRUE  TRUE  TRUE  TRUE FALSE  TRUE  TRUE  TRUE  TRUE  TRUE  TRUE  TRUE
[647]  TRUE FALSE FALSE  TRUE  TRUE  TRUE  TRUE FALSE FALSE  TRUE FALSE  TRUE FALSE  TRUE  TRUE  TRUE  TRUE  TRUE  TRUE
[666]  TRUE  TRUE  TRUE  TRUE  TRUE  TRUE FALSE  TRUE  TRUE  TRUE FALSE  TRUE  TRUE  TRUE  TRUE  TRUE  TRUE FALSE  TRUE
[685] FALSE  TRUE  TRUE  TRUE  TRUE  TRUE  TRUE  TRUE FALSE  TRUE  TRUE  TRUE  TRUE  TRUE FALSE  TRUE  TRUE  TRUE  TRUE
[704]  TRUE  TRUE  TRUE  TRUE  TRUE  TRUE  TRUE FALSE FALSE  TRUE  TRUE  TRUE  TRUE FALSE  TRUE  TRUE  TRUE  TRUE  TRUE
[723]  TRUE  TRUE  TRUE  TRUE  TRUE  TRUE FALSE  TRUE  TRUE  TRUE  TRUE  TRUE  TRUE  TRUE  TRUE  TRUE  TRUE  TRUE  TRUE
[742]  TRUE  TRUE  TRUE  TRUE  TRUE FALSE  TRUE  TRUE  TRUE FALSE  TRUE  TRUE  TRUE  TRUE  TRUE  TRUE  TRUE  TRUE  TRUE
[761]  TRUE  TRUE  TRUE  TRUE  TRUE  TRUE  TRUE  TRUE

