
Birth-death simulation object with 227 species and 100 extant species

Details for some species:

Extinction times (NA means extant)
[1] 91.70064 14.21585 76.33992 26.38128 35.32200 62.27160


Speciation times 
[1] 124.75719 115.28149  76.64567  74.88075  69.29413  66.56207


Species parents (NA for initial)
[1] NA  1  2  2  2  4


Species status (extinct or extant)
[1] "extinct" "extinct" "extinct" "extinct" "extinct" "extinct"


For more details on vector y, try sim$y, with y one of
TE TS PAR EXTANT



$TE
  [1] 91.7006367 14.2158472 76.3399199 26.3812804 35.3220031 62.2715982 32.1815041 49.0304508  4.0280628 66.9645923
 [11] 50.0486908 44.7373068 44.4414334         NA 36.3147936 37.6761146 36.2067847         NA 15.5665671 18.8143395
 [21] 19.2987333         NA         NA 16.3011948 29.2089755 36.9625616  2.9435158 34.8896979  9.5457527         NA
 [31] 44.0680023  7.6399729 42.1293503 24.1745073 42.4870002 14.0050282 27.8655906 29.5247389 46.4301664         NA
 [41] 13.0820617         NA         NA 21.3227436 13.9525030         NA         NA 16.6455092 20.8877094 27.6456441
 [51]         NA 30.1432970 10.3871675 27.0226871  9.7913033 14.9282063 35.0638428 29.1918588 22.2590331 11.8559925
 [61] 19.7370972  4.4819206 24.6071404  1.6950411 15.1213945 30.6965283 23.4463191 13.3394855  9.9276817 24.1807402
 [71]         NA 28.2117751  2.8605485  4.9183595 12.5919891 14.4256624 16.3332679         NA         NA 24.4883119
 [81] 17.9334253 24.2119518         NA         NA  1.7727899         NA         NA 12.4591845         NA 25.1397433
 [91] 23.8259387 14.2656579  7.5822055 12.3226483 19.7969390         NA         NA         NA 23.2881587  4.2955938
[101]  2.4005780 17.4948574 18.2936737         NA 23.3277171 19.9049629         NA         NA         NA 10.6655193
[111]         NA 10.4373646 16.3967994         NA 11.9800249 18.1900463         NA 18.7268398  8.8902602  7.1491922
[121]  6.1475238  2.3666548         NA         NA  5.3322855  7.4017779         NA  8.5929725 13.7610974         NA
[131]         NA  3.9353111         NA         NA         NA  1.6992490         NA         NA  7.2452551  6.5162421
[141]         NA         NA  9.0032384         NA         NA         NA  8.1196717         NA         NA 15.2443366
[151]         NA 14.9256692  1.1706628 11.4025645  4.3605829 11.7286011         NA         NA  1.1981496         NA
[161]         NA         NA 11.6468948  2.3296873  7.7284197  0.7647162         NA  3.4467692         NA  7.9352367
[171]         NA         NA  4.6185559         NA         NA         NA         NA         NA  4.9235947         NA
[181]         NA         NA         NA         NA         NA  6.4015820  5.7391018         NA         NA         NA
[191]         NA         NA  7.4665815  6.0024334         NA         NA  7.5735434  2.5362009         NA         NA
[201]         NA         NA         NA         NA         NA         NA         NA         NA         NA         NA
[211]         NA         NA  0.5535417  0.2675858         NA         NA  5.9153546         NA         NA         NA
[221]         NA         NA         NA         NA         NA         NA         NA

$TS
  [1] 1.247572e+02 1.152815e+02 7.664567e+01 7.488075e+01 6.929413e+01 6.656207e+01 5.187484e+01 5.123909e+01
  [9] 4.860406e+01 6.822889e+01 5.760367e+01 5.636357e+01 5.634237e+01 4.937695e+01 4.120878e+01 4.027171e+01
 [17] 6.333112e+01 6.287309e+01 5.644989e+01 5.509177e+01 3.871466e+01 4.478041e+00 1.186981e+00 5.107190e+01
 [25] 4.215480e+01 4.083096e+01 3.938739e+01 3.642900e+01 2.648551e+01 2.462525e+01 4.526903e+01 3.298419e+01
 [33] 5.075933e+01 3.577445e+01 4.498486e+01 3.861739e+01 3.590459e+01 3.226613e+01 4.910515e+01 2.088331e+01
 [41] 1.935608e+01 1.248182e+01 6.193945e-01 3.706988e+01 1.811194e+01 1.554584e+01 1.276986e+01 3.998958e+01
 [49] 3.930462e+01 3.854538e+01 2.990878e+01 3.688462e+01 3.687339e+01 3.027501e+01 2.551052e+01 3.620403e+01
 [57] 3.765666e+01 3.592327e+01 3.262802e+01 3.061072e+01 3.356932e+01 3.682671e+01 3.486052e+01 2.148008e+01
 [65] 2.809043e+01 3.345223e+01 3.060410e+01 1.971490e+01 3.180358e+01 3.172344e+01 2.758729e+01 3.243142e+01
 [73] 2.925481e+01 1.398539e+01 2.879629e+01 3.117476e+01 2.373388e+01 1.305084e+01 3.076757e+01 2.734453e+01
 [81] 2.205183e+01 2.459934e+01 2.090583e+01 1.920652e+01 1.667326e+01 1.226253e+01 5.359921e+00 2.598264e+01
 [89] 1.612938e+01 2.995308e+01 2.992559e+01 2.825715e+01 2.750823e+01 2.547402e+01 2.817620e+01 1.425337e+01
 [97] 1.360305e+00 2.299875e-01 2.501711e+01 1.734318e+01 1.593699e+01 2.004297e+01 2.512136e+01 2.416602e+01
[105] 2.408739e+01 2.164170e+01 1.453639e+01 6.163505e+00 5.204132e-01 2.356935e+01 1.690158e+01 2.703582e+01
[113] 1.829576e+01 1.534124e+01 1.311167e+01 2.115907e+01 2.233321e+01 1.968732e+01 1.256693e+01 1.238436e+01
[121] 2.150950e+01 2.398263e+01 5.723929e+00 4.071086e+00 1.075807e+01 9.077343e+00 5.428111e+00 2.225402e+01
[129] 2.030465e+01 3.284659e+00 9.887623e+00 1.656771e+01 1.913753e+01 3.461977e+00 1.722887e+00 1.555233e+01
[137] 1.440055e+01 1.998732e+01 1.898867e+01 1.833856e+01 1.704603e+01 1.389706e+01 1.814422e+01 9.522212e-01
[145] 1.272267e+01 1.183801e+01 1.168253e+01 5.206926e+00 2.345180e+00 1.653599e+01 7.805332e+00 1.799949e+01
[153] 1.596465e+01 1.569573e+01 6.335640e+00 1.650500e+01 4.624147e+00 9.743671e+00 1.050574e+01 9.352776e+00
[161] 4.932565e+00 2.975443e+00 1.272846e+01 4.698514e+00 1.186415e+01 1.300430e+01 1.117191e+01 1.301878e+01
[169] 8.972221e+00 8.791421e+00 4.786426e+00 3.634971e+00 1.135929e+01 8.283044e-03 5.634078e+00 5.063869e+00
[177] 2.520742e+00 4.950111e+00 8.203031e+00 6.015386e+00 6.715672e+00 9.024635e+00 7.037931e+00 1.237374e+01
[185] 1.018048e+01 1.162798e+01 9.635655e+00 1.145841e+01 1.054084e+01 1.224068e+00 1.087069e+01 8.592211e+00
[193] 9.833157e+00 9.607852e+00 7.616142e+00 1.123012e+01 9.335642e+00 4.270755e+00 9.404059e+00 7.702093e+00
[201] 5.006266e+00 3.209256e+00 2.362066e+00 3.446779e+00 8.994481e+00 9.065877e+00 8.683388e+00 8.574139e+00
[209] 3.527525e+00 1.753430e+00 1.125226e+00 1.087759e+00 4.003190e+00 5.149278e+00 3.945375e+00 1.224963e+00
[217] 6.250706e+00 3.449776e-01 2.321199e+00 4.662744e+00 4.642895e-01 4.098475e+00 1.425410e+00 1.152325e+00
[225] 1.397543e+00 1.642497e+00 7.183635e-01

$PAR
  [1]  NA   1   2   2   2   4   4   4   4   5   5   5   5   5   5   5   6  17  17  18  18  18  18  11  19  19  19  19
 [29]  19  19  20  20   7   7  24  24  24  24  33  14  14  14  14   9   9   9   9  25  25  48  48  27  27  27  27  21
 [57]  36  36  36  36  50  44  44  44  53  56  56  56  37  37  34  61  32  32  59  38  69  69  70  76  76  79  79  79
 [85]  79  79  79  60  60  67  54  90  90  91  51  51  51  51  73  73  73  75  65  65  71  71  71  71  71  93  93  80
[113] 112  29  29  88  55  55  55  55 103  30  30  30 104 104 122 110 117 117 128  64 116  83  83 129 129 102 102 102
[141]  68  68  41  84 133 133 133 133 133 139 139 113 143  45 100 141 141 111 132 132 132 153 101 101 154 136 136  46
[169]  46  46  46 114 107 107 137  96  96 142 168 168 166 145 145 119 119  42  42 120 120 184  86  86 165 146 146 147
[197] 188 188 173 191 191 191 191 159 194 199 160 160 160 182 205 205 151 200 200 195 155 108 176 178 178 164  22 222
[225] 209 134 225

$EXTANT
  [1] FALSE FALSE FALSE FALSE FALSE FALSE FALSE FALSE FALSE FALSE FALSE FALSE FALSE  TRUE FALSE FALSE FALSE  TRUE
 [19] FALSE FALSE FALSE  TRUE  TRUE FALSE FALSE FALSE FALSE FALSE FALSE  TRUE FALSE FALSE FALSE FALSE FALSE FALSE
 [37] FALSE FALSE FALSE  TRUE FALSE  TRUE  TRUE FALSE FALSE  TRUE  TRUE FALSE FALSE FALSE  TRUE FALSE FALSE FALSE
 [55] FALSE FALSE FALSE FALSE FALSE FALSE FALSE FALSE FALSE FALSE FALSE FALSE FALSE FALSE FALSE FALSE  TRUE FALSE
 [73] FALSE FALSE FALSE FALSE FALSE  TRUE  TRUE FALSE FALSE FALSE  TRUE  TRUE FALSE  TRUE  TRUE FALSE  TRUE FALSE
 [91] FALSE FALSE FALSE FALSE FALSE  TRUE  TRUE  TRUE FALSE FALSE FALSE FALSE FALSE  TRUE FALSE FALSE  TRUE  TRUE
[109]  TRUE FALSE  TRUE FALSE FALSE  TRUE FALSE FALSE  TRUE FALSE FALSE FALSE FALSE FALSE  TRUE  TRUE FALSE FALSE
[127]  TRUE FALSE FALSE  TRUE  TRUE FALSE  TRUE  TRUE  TRUE FALSE  TRUE  TRUE FALSE FALSE  TRUE  TRUE FALSE  TRUE
[145]  TRUE  TRUE FALSE  TRUE  TRUE FALSE  TRUE FALSE FALSE FALSE FALSE FALSE  TRUE  TRUE FALSE  TRUE  TRUE  TRUE
[163] FALSE FALSE FALSE FALSE  TRUE FALSE  TRUE FALSE  TRUE  TRUE FALSE  TRUE  TRUE  TRUE  TRUE  TRUE FALSE  TRUE
[181]  TRUE  TRUE  TRUE  TRUE  TRUE FALSE FALSE  TRUE  TRUE  TRUE  TRUE  TRUE FALSE FALSE  TRUE  TRUE FALSE FALSE
[199]  TRUE  TRUE  TRUE  TRUE  TRUE  TRUE  TRUE  TRUE  TRUE  TRUE  TRUE  TRUE  TRUE  TRUE FALSE FALSE  TRUE  TRUE
[217] FALSE  TRUE  TRUE  TRUE  TRUE  TRUE  TRUE  TRUE  TRUE  TRUE  TRUE

