
Birth-death simulation object with 705 species and 500 extant species

Details for some species:

Extinction times (NA means extant)
[1] 53.171952 81.523421 76.786069  1.139826 36.900642 67.493259


Speciation times 
[1] 93.35137 91.44773 78.82951 77.50256 64.22008 78.09044


Species parents (NA for initial)
[1] NA  1  1  1  1  3


Species status (extinct or extant)
[1] "extinct" "extinct" "extinct" "extinct" "extinct" "extinct"


For more details on vector y, try sim$y, with y one of
TE TS PAR EXTANT



$TE
  [1] 53.1719518 81.5234210 76.7860692  1.1398260 36.9006424 67.4932595 30.6458138 35.7779053         NA  5.2932907         NA 14.9326934
 [13] 27.8029594  3.4793925 18.2823666 22.4772294         NA         NA         NA 53.9323816  1.9182417 49.5334231         NA 24.0842550
 [25]  1.5874006 20.0627824 25.2885782         NA         NA         NA         NA         NA 18.8748511         NA         NA 48.4539248
 [37] 60.9652312  9.6121918         NA  5.1349822         NA 30.7798638 10.1000531         NA         NA         NA 56.8292569 13.0773932
 [49] 57.6403028 31.6397359 50.0250309 49.7077688 32.0976652 51.9869419         NA 35.7483786 33.8308302         NA         NA         NA
 [61] 46.5335370 36.1287377 36.8518868         NA  3.3034479  9.9641494  4.6911030  3.3744723  0.4741741 29.4301089         NA         NA
 [73] 35.5782298 25.6193525 25.5200635 11.3798339         NA  2.3732815 36.6309525 47.9342078         NA  1.2015413         NA         NA
 [85]         NA         NA 17.6423715  3.6873176 31.3415493         NA 30.9202342         NA         NA         NA         NA         NA
 [97]         NA  8.8555772 18.5026383 25.3606792         NA 24.7856391         NA 21.9028613         NA         NA         NA         NA
[109] 27.8898317 20.2266221  1.8330153         NA         NA         NA 15.2506013 21.0917184 35.3687139 20.6337631         NA         NA
[121]         NA 23.0260513         NA         NA 14.7766220 28.1801341 29.4036385         NA  3.2388952         NA         NA 30.7217987
[133]         NA         NA 12.4360583         NA         NA         NA 17.0063945  3.3259191         NA         NA 20.5756360         NA
[145]         NA         NA  4.6673081  0.3112730         NA 10.2809178         NA         NA         NA         NA         NA  9.2712660
[157]  1.0867331         NA         NA  0.8453788         NA         NA 11.7703742 25.9864892  2.7493105         NA  2.9595339         NA
[169] 31.5295640 25.4493421 10.0312821         NA         NA         NA         NA         NA         NA         NA         NA         NA
[181]         NA         NA         NA         NA  3.1223616         NA  1.4946198         NA 24.2295875 23.8575259  0.3313060  8.2175094
[193]  6.0334890 18.3424376         NA  0.7020253  3.5575102         NA         NA         NA         NA         NA  8.3617148         NA
[205]  2.9477417 11.3574247  5.3314706         NA         NA         NA         NA 16.3741200         NA         NA  3.5268409         NA
[217]         NA         NA         NA 13.1931186         NA         NA         NA 26.2438216         NA         NA         NA         NA
[229]         NA 12.5183053 23.7857719 22.1529855         NA         NA         NA         NA  2.6058010  6.5503293 26.1392149 12.0815835
[241]         NA         NA         NA  7.8338175 18.3822403         NA  1.8154873         NA         NA  5.7091161         NA         NA
[253] 19.8215980         NA         NA         NA  5.9027574         NA  1.5660144         NA         NA         NA         NA  6.2149891
[265]         NA 15.2742943         NA 17.2217670         NA         NA         NA         NA         NA         NA         NA 19.2164521
[277]         NA         NA         NA  6.1436630         NA         NA  1.0875259         NA         NA         NA 10.7808680 16.5135133
[289]  4.0485467         NA         NA         NA         NA         NA  5.3145769         NA  5.5603360         NA         NA         NA
[301]         NA         NA         NA         NA  7.7805520         NA         NA         NA         NA         NA         NA         NA
[313]         NA  5.3727458  8.0389827         NA         NA         NA 10.7925014 14.0878540  5.8953820 13.9970533         NA 10.9794750
[325]         NA         NA         NA         NA         NA         NA         NA         NA         NA         NA         NA         NA
[337]         NA         NA         NA  6.7057687         NA  7.9678242         NA         NA         NA  3.7992721         NA         NA
[349] 12.5919408  8.6213941         NA  3.8689716         NA         NA         NA         NA  4.5605872 10.0357797         NA         NA
[361]         NA         NA         NA         NA         NA         NA         NA         NA         NA         NA         NA         NA
[373]         NA         NA  4.6454077  6.2426803         NA         NA         NA         NA         NA         NA         NA         NA
[385]  4.8608937  3.7368736         NA         NA         NA         NA         NA  4.6647862         NA         NA         NA         NA
[397]         NA 12.4561758         NA         NA         NA         NA 12.5413492         NA         NA  8.9812690         NA         NA
[409]         NA         NA         NA  9.0692527  0.4411855  2.3447606         NA         NA         NA  9.7416044  4.2997513         NA
[421]         NA         NA         NA  7.0593672         NA         NA         NA         NA         NA         NA         NA         NA
[433]         NA         NA  7.3453501         NA 14.2030794         NA         NA         NA         NA         NA         NA         NA
[445]         NA 11.5264693  7.7234150         NA         NA         NA  6.5978974  6.8200822         NA         NA         NA  8.7021573
[457]  3.0738913         NA  5.0249771         NA  9.1876558         NA         NA         NA         NA         NA         NA         NA
[469]         NA         NA         NA         NA         NA         NA         NA         NA  6.6822663         NA         NA         NA
[481]         NA         NA         NA         NA         NA         NA         NA         NA  3.0919705         NA         NA         NA
[493]         NA         NA         NA  2.7645472  7.0871919         NA         NA         NA         NA         NA         NA         NA
[505]         NA  2.9060272         NA         NA         NA         NA         NA         NA         NA         NA         NA         NA
[517]         NA  5.2525914         NA         NA  2.3692969         NA         NA         NA  1.1653231         NA         NA         NA
[529]         NA  8.5865260  2.4477464         NA         NA         NA  3.4294235         NA         NA         NA         NA         NA
[541]         NA         NA         NA         NA  5.8267572         NA         NA         NA         NA  1.3596038         NA         NA
[553]         NA         NA         NA         NA         NA         NA         NA  0.9069062         NA         NA         NA         NA
[565]         NA         NA         NA         NA         NA         NA         NA         NA         NA         NA         NA         NA
[577]         NA         NA         NA         NA         NA         NA         NA         NA  3.2232847         NA         NA         NA
[589]         NA         NA         NA         NA         NA  0.3620459         NA         NA         NA         NA         NA         NA
[601]         NA         NA         NA         NA         NA         NA         NA         NA         NA         NA         NA  0.6853141
[613]         NA         NA         NA         NA         NA  0.7463827         NA         NA         NA         NA  5.3679726  3.2595551
[625]  1.0844140  5.4920170         NA         NA         NA         NA  0.6797304         NA         NA         NA         NA         NA
[637]         NA         NA  0.2660822  1.6547268         NA         NA         NA         NA         NA         NA         NA         NA
[649]         NA         NA  5.1335510         NA         NA         NA         NA  1.8033366         NA         NA         NA         NA
[661]         NA         NA  3.5732527         NA         NA         NA         NA         NA         NA         NA         NA         NA
[673]         NA         NA         NA         NA         NA         NA         NA         NA         NA         NA         NA         NA
[685]         NA         NA         NA         NA         NA         NA         NA         NA         NA         NA         NA         NA
[697]         NA         NA         NA         NA         NA         NA         NA         NA         NA

$TS
  [1] 9.335137e+01 9.144773e+01 7.882951e+01 7.750256e+01 6.422008e+01 7.809044e+01 7.704196e+01 6.891332e+01 6.703004e+01 6.531339e+01
 [11] 5.768290e+01 4.407161e+01 4.175490e+01 2.738878e+01 2.556928e+01 2.520007e+01 6.793890e+00 2.568127e+00 7.202623e+01 6.288252e+01
 [21] 5.535524e+01 6.796339e+01 5.427958e+01 4.058290e+01 3.693195e+01 2.765169e+01 2.752826e+01 2.627515e+01 1.657116e+01 1.267253e+01
 [31] 9.668846e+00 5.340694e+00 4.706155e+01 4.238455e+01 3.956619e+01 6.248031e+01 6.122520e+01 3.989711e+01 3.697626e+01 3.567706e+01
 [41] 8.002115e-01 3.821350e+01 3.218168e+01 2.011845e+01 1.437491e+01 7.237012e+00 5.728754e+01 3.833798e+01 6.254788e+01 5.556488e+01
 [51] 5.867652e+01 5.971647e+01 5.169220e+01 5.313551e+01 5.274480e+01 4.891644e+01 3.969279e+01 1.367000e+01 9.800645e+00 8.041611e-01
 [61] 5.363016e+01 4.219672e+01 4.218043e+01 3.085353e+01 2.098024e+01 1.957018e+01 1.761998e+01 4.929771e+01 3.862040e+01 2.985543e+01
 [71] 2.229655e+01 1.053867e+01 4.887281e+01 3.670534e+01 2.595488e+01 1.657708e+01 1.091517e+01 9.726359e+00 4.900435e+01 4.855889e+01
 [81] 4.839790e+01 3.962310e+01 3.527072e+01 1.999117e+01 7.624921e+00 5.263115e+00 4.302251e+01 3.671546e+01 4.535581e+01 4.821374e+01
 [91] 3.569174e+01 2.317348e+01 9.638210e+00 6.341173e+00 3.377089e+00 1.413687e+00 2.431287e+01 1.260297e+01 4.450588e+01 3.062803e+01
[101] 2.686938e+01 2.671314e+01 2.137796e+01 4.200856e+01 3.298278e+01 4.325109e+01 2.791595e+01 1.861224e+01 4.114743e+01 2.053899e+01
[111] 1.695199e+01 1.628166e+01 9.710513e+00 7.749518e+00 2.722973e+01 2.309837e+01 4.111602e+01 3.110039e+01 2.262836e+01 1.072125e+01
[121] 1.056565e+01 3.143644e+01 3.099673e+01 3.065652e+01 3.637222e+01 2.840750e+01 3.537470e+01 2.617651e+01 2.042796e+01 1.282989e+01
[131] 3.921736e+01 3.676300e+01 3.470911e+01 1.613074e+01 1.404871e+01 1.068456e+01 9.887909e+00 2.894189e+01 2.349975e+01 2.006115e+01
[141] 7.394826e+00 6.636600e+00 3.447668e+01 2.020907e+01 1.327760e+01 3.667030e+01 3.121980e+01 3.008807e+01 2.961900e+01 2.341150e+01
[151] 2.596996e+01 1.477434e+01 1.191545e+01 2.684822e+01 2.318633e+01 3.018185e+01 2.386722e+01 8.766424e+00 8.097984e+00 6.912519e+00
[161] 2.896707e+01 2.271750e+01 1.716154e+01 3.068467e+01 2.563195e+01 1.620588e+01 2.935353e+01 2.195368e+01 3.238387e+01 3.167990e+01
[171] 3.066302e+01 2.183456e+01 1.591359e+01 1.274900e+01 4.105458e+00 3.934905e+00 1.694398e+00 1.378481e+01 4.495489e+00 1.761876e+00
[181] 1.581064e+00 2.881824e+01 2.442733e+01 1.813151e+01 1.409872e+01 1.370116e+01 2.665354e+01 2.579846e+01 2.783696e+01 2.863716e+01
[191] 2.557651e+01 1.166528e+01 2.915846e+01 3.044373e+01 2.734386e+01 1.510415e+01 1.009847e+01 2.904472e+01 9.372204e+00 2.610741e+01
[201] 1.714246e+01 1.694925e+01 1.518930e+01 1.425348e+01 2.370395e+01 2.193228e+01 8.662481e+00 5.943053e+00 3.881412e+00 2.341927e+01
[211] 2.409968e+01 2.226322e+01 3.618986e+00 2.468836e+01 2.048013e+01 2.540853e+01 1.603575e+01 1.320838e+00 2.410113e+01 1.554900e+01
[221] 8.405488e+00 4.520496e+00 4.142934e+00 2.798826e+01 2.396477e+01 1.071168e+01 1.603482e+01 7.455517e+00 5.305363e+00 2.300547e+01
[231] 2.674602e+01 2.575698e+01 1.872923e+01 1.623220e+01 1.080256e+01 7.507978e+00 6.354315e+00 2.693166e+01 2.635996e+01 2.511317e+01
[241] 1.016834e+01 4.120977e+00 2.698972e+01 1.743466e+01 2.125529e+01 1.558615e+01 1.356359e+01 5.081828e-01 2.538471e+01 7.864267e+00
[251] 6.688581e+00 1.335119e+01 2.587932e+01 2.016979e+01 1.950501e+01 1.160751e+01 2.513065e+01 1.076024e+01 2.573868e+00 1.048028e+01
[261] 3.914104e+00 1.120020e+01 1.556768e+01 8.845239e+00 2.577289e+01 2.586579e+01 1.859719e+01 1.798516e+01 1.415815e+01 5.144462e+00
[271] 4.004900e-01 1.723879e+01 3.731204e+00 7.894488e+00 3.366342e+00 2.113278e+01 3.118769e+00 6.674198e-01 4.949126e-01 2.100491e+01
[281] 1.737094e+00 7.276778e+00 2.665131e+00 1.692167e+01 1.127063e+01 2.988623e+00 2.233911e+01 2.008885e+01 1.878861e+01 6.138683e+00
[291] 2.420564e+00 1.581896e+01 1.180118e+01 1.064631e+01 5.701604e+00 8.144879e+00 2.063378e+01 1.954800e+01 3.190141e+00 2.213357e+01
[301] 6.225380e+00 4.430155e+00 2.100368e+01 2.087781e+01 1.985117e+01 1.814499e+01 1.809657e+01 1.231233e+01 1.359422e+01 3.099429e+00
[311] 1.148463e+01 2.115851e+01 1.615354e+01 2.035708e+01 1.475646e+01 1.628796e+01 1.179785e+01 1.166476e+01 1.554896e+01 1.439732e+01
[321] 7.915143e+00 2.166649e+01 2.013872e+01 1.721939e+01 1.167644e+01 1.119536e+00 8.335670e-01 2.080757e+00 1.807646e+01 3.966908e+00
[331] 1.951287e+01 1.281917e+01 1.626919e+01 5.049209e+00 1.817755e+01 1.733063e+01 1.523134e+01 1.748690e+01 1.394508e+01 1.557074e+01
[341] 1.293209e+01 1.151590e+01 1.122087e+01 7.724594e+00 1.238931e+01 1.189599e+01 1.117323e+00 8.776942e+00 1.744294e+01 1.878880e+01
[351] 1.502248e+01 1.277274e+01 1.483283e+01 7.916271e+00 4.422185e+00 1.803242e+01 1.649535e+01 1.864889e+01 1.548574e+01 1.159308e+01
[361] 8.175732e+00 4.572194e+00 1.174640e+01 6.394668e+00 5.220525e+00 1.934456e+01 1.775359e+01 7.391343e-01 1.716379e+01 1.701146e+01
[371] 2.103038e+00 1.828413e+00 1.576354e+00 1.300048e+00 1.820097e+01 1.443807e+01 8.967661e+00 4.299798e+00 1.189434e+01 1.660336e+01
[381] 1.345562e+01 1.539823e+01 1.037020e+01 9.103285e+00 6.524426e+00 1.595401e+01 1.328872e+01 2.516417e+00 9.206286e+00 1.783717e+01
[391] 2.283981e+00 1.506100e+01 2.480245e+00 1.271787e+01 1.247479e+01 2.552997e+00 1.297658e+01 1.572149e+01 1.413887e+01 1.340735e+01
[401] 1.706558e+01 1.698880e+01 1.537658e+01 7.204945e+00 2.304843e+00 1.400597e+01 3.840689e+00 1.515749e+01 1.187391e+01 6.438498e+00
[411] 1.610359e+01 1.130866e+01 1.551479e+01 1.149032e+01 9.865164e-01 8.292661e+00 1.299593e+01 1.029724e+01 7.842118e+00 6.605859e+00
[421] 6.085956e+00 1.847059e+00 8.585946e+00 9.634029e+00 1.290341e+01 9.712590e+00 1.049402e+01 5.095203e+00 3.381893e+00 4.222091e-01
[431] 1.224431e+01 9.559200e+00 8.557918e+00 6.155505e+00 8.100788e+00 6.774777e+00 1.472938e+01 1.390577e-01 3.492169e+00 1.411093e+01
[441] 6.594716e+00 1.491742e+01 6.381015e+00 4.786852e+00 1.071302e+00 1.509540e+01 1.306750e+01 6.662954e+00 1.456566e+01 1.490853e+00
[451] 1.469535e+01 1.183867e+01 6.460939e+00 1.122691e+01 1.344345e+01 1.322550e+01 8.370977e+00 7.774013e+00 1.477769e+01 1.467033e+01
[461] 1.092193e+01 6.391871e+00 1.271249e+01 2.219819e+00 8.924120e+00 7.649488e+00 1.456798e+01 1.821863e+00 3.751929e+00 3.458128e+00
[471] 7.595809e+00 4.565796e+00 6.416431e+00 6.090971e+00 3.468082e+00 3.382992e+00 1.366861e+01 7.874499e+00 1.075030e+01 8.538090e+00
[481] 4.967060e+00 8.379113e+00 1.162684e+01 5.027716e+00 1.035535e+01 5.544043e+00 4.109308e+00 1.159772e+01 5.165046e+00 3.280289e+00
[491] 9.004197e+00 7.503003e+00 1.107567e+01 9.217786e+00 7.807324e+00 1.288021e+01 8.761011e+00 6.972388e+00 1.204861e+01 4.252193e+00
[501] 2.506070e+00 1.081549e+01 6.899051e+00 5.666438e-01 3.504345e+00 5.167691e+00 7.757460e+00 1.185773e+01 2.878363e+00 8.664515e+00
[511] 1.161809e+01 9.949661e+00 5.783376e-01 9.069719e+00 3.818179e+00 3.018625e+00 1.148284e+01 1.100100e+01 5.321659e+00 4.330933e+00
[521] 7.355780e+00 6.154092e+00 7.574996e+00 7.088989e+00 3.858114e+00 1.135667e+01 2.603644e+00 1.445849e+00 1.056795e+01 1.044162e+01
[531] 6.431482e+00 6.114390e+00 1.141121e+01 6.760978e+00 6.720278e+00 1.406247e+00 9.646401e+00 1.286434e+00 1.083213e+00 9.995442e+00
[541] 4.922006e+00 5.652250e+00 7.393860e+00 1.829646e+00 7.357138e+00 1.795356e+00 9.248653e+00 9.917289e+00 6.922740e+00 4.614457e+00
[551] 1.594229e+00 1.027013e+01 1.025396e+01 6.916611e+00 9.882114e-01 1.040898e+01 9.643400e+00 9.703034e+00 9.327078e+00 3.817490e+00
[561] 9.385440e+00 2.951521e+00 1.685973e+00 1.287121e-01 9.695675e+00 5.333104e+00 9.619417e+00 6.268230e+00 2.304225e+00 2.406081e+00
[571] 9.302142e+00 4.679917e+00 8.347868e+00 4.435973e+00 3.217172e+00 8.191059e+00 3.912554e+00 3.235020e+00 1.019556e+00 4.101743e+00
[581] 6.780411e-01 5.637504e+00 8.560769e+00 4.945684e+00 7.371292e+00 4.275894e+00 8.026124e+00 8.278926e+00 1.603820e+00 1.980802e+00
[591] 6.263395e+00 1.705836e+00 2.636556e+00 6.305009e+00 1.158902e+00 6.679635e-02 6.849085e+00 6.319591e+00 6.210502e+00 6.307211e+00
[601] 4.213278e+00 5.132916e+00 7.285169e+00 4.735762e+00 4.356868e+00 1.814456e+00 4.775202e+00 6.113886e+00 3.059598e+00 1.663102e-01
[611] 4.079880e+00 2.631561e+00 3.103227e+00 2.164023e+00 2.105742e+00 6.393415e-01 2.969815e+00 5.267044e+00 5.265012e+00 3.961651e+00
[621] 2.362161e+00 5.206257e-01 5.634323e+00 6.292948e+00 5.740960e+00 5.705613e+00 6.571613e+00 3.149870e+00 8.754510e-01 7.645530e-01
[631] 1.268028e+00 8.083371e-01 2.256706e+00 2.349398e+00 6.370331e+00 2.147671e+00 7.593262e-01 3.517087e+00 4.274850e+00 5.828279e+00
[641] 5.749286e+00 5.310786e+00 4.924042e+00 5.625605e+00 1.725990e+00 4.525025e+00 3.084722e+00 2.097241e+00 1.115623e+00 1.915951e+00
[651] 5.145520e+00 4.879799e+00 2.111843e+00 4.116894e+00 2.148316e-01 4.311834e+00 3.582188e+00 6.160362e-01 5.067736e-01 2.203110e+00
[661] 3.686048e+00 3.718756e+00 4.085649e+00 3.299934e+00 1.847743e+00 9.444558e-01 3.816936e+00 4.773522e-03 3.129973e+00 3.610684e+00
[671] 4.528320e-01 3.683159e+00 2.693901e+00 2.687436e-01 3.456080e+00 3.127716e+00 1.899162e+00 2.307168e+00 1.376929e+00 2.167223e+00
[681] 4.666904e-01 1.276682e+00 4.056471e-01 1.932794e+00 1.156072e+00 1.868728e+00 1.259836e+00 1.096558e+00 2.207798e+00 1.135742e+00
[691] 1.329667e+00 1.351923e+00 9.896450e-01 8.718825e-01 1.056742e+00 3.578620e-01 2.935946e-01 7.871550e-01 7.030370e-01 5.776167e-01
[701] 8.627757e-01 5.845698e-01 5.252480e-01 2.920592e-04 1.208111e-01

$PAR
  [1]  NA   1   1   1   1   3   6   6   4   4   4   4   4   4   4   4   4   4   7   7   7  19  19  19  19  19  19  19  19  19  19  19   8
 [34]   8   8  22  22   9   9   9   9  10  10  10  10  10   5   5  20  20  49  36  36  52  52  11  11  11  11  11  50  21  21  21  21  21
 [67]  21  23  23  23  23  23  61  55  55  55  55  55  53  53  53  68  68  68  68  68  79  79  56  81  81  81  81  81  81  81  90  90  33
[100]  33  33  33  33  89  89  12  12  12 106 106 106 106 106 106  87  87  34  34  34  34  34 104 104 104  13  13 117  24  38  38  57  57
[133]  82  82  82  82  82  35  35  35  35  35 131 131 131  69  48  48  48  48  39  39  39  25  25  88  88  88  88  88  74 146 146 125 125
[166] 125  40  40  83  83  83  83  83  83  83  83  83 133 133 133 133 143 143 105 105 105  43  43 170 122 147 147 118 123 123 123  64 164
[199] 124 156 156 156 156 156 148 148 148 148 148 149 167 167 167 198 198 161 161 161 138 138 138 138 138 182 182 182 107 107 107  26  27
[232]  27  14  14  14  14  14 195 195 195 195 195 115 115 243 243 243 243 238 238 238 101 231 187 187 187  28  28  28 128 128 200 151 151
[265]  75 253 266 266 188 188 265 165 165 191 191  15 216 216 216 249 249 214 214 183 183 183  97  97  97  97  97 219 219 219 219 225 157
[298] 157 157 205 205 205 210 150 150 150 150 150 155 155  92 116 230 119 119 287 287  71 168 168 168 206 206 206 206 172 172 103 312 312
[331] 280 280 303 304 215 215 215 129 129 314 144 254 254 254 323 323 323  44 288 140 140 140  84  84  84 305 305  66  66  66 298 298 331
[364] 331 331 255 255 255 366 366 366 366 366 366 350 350 289 289 233 358 358 108 108 375 375 335 335 335 306 184 184 307 307 329 329 329
[397] 356 390 367  67 349 244 244 336 336 272 272 324 324 369 201 201 401 401 401 370 111 202 202 202 202 202 284 380  29  29 112 112 112
[430] 112 333 333 333 234 166 166 313 313 134 227 227 173 292 292 292 398 398 246 340 263 220 319 359 382 403 337 337 337 196 196 196 196
[463] 446 442 152 152 315 460 467 467 449 449 376  45 399 399 440 440 185 185 185 178 186 186  58 309 309 247 247 247 455 455 400 447 447
[496] 417 417 397 341 341 341 425 425 425 496 130 352 394 394 463  30  30  30  98 395 345 308 308 308 308 346 346 508 452 293 317 363 318
[529] 483 511 511 256 488 488 488 488 360 360 360 414 311 517 526 526 285 454  77 479 479 479 120 226 226 294  72 427 427 530 556 556 553
[562] 540 540 540 512 512 548 137 137  78 565  31 537 557 432 199 547 547 547 389 514 491 377 377 348 348 510 207 423 482 573 573 576 361
[595] 159 587 274 274 274 478 478 495 458 458 507 507 114 471 236 236 492 492 141 141 543 603 282 554 554 554 160 436 534 535 535 535 420
[628] 420 420 420 453 453 410 364 443 443 635  94 598 594 568 301 599 522 522 532 474 474 208 644  32 602 334 584 541 572 550 362 362 222
[661] 302 520 378 378 601 601 611 176 261 209 209 667 667 273 661 661 661 505 505 275 299 628 628 647 647 516 291 621 678 422 372 606 546
[694] 563 589 536 347 539 539 693 629 699 278 279 438

$EXTANT
  [1] FALSE FALSE FALSE FALSE FALSE FALSE FALSE FALSE  TRUE FALSE  TRUE FALSE FALSE FALSE FALSE FALSE  TRUE  TRUE  TRUE FALSE FALSE FALSE
 [23]  TRUE FALSE FALSE FALSE FALSE  TRUE  TRUE  TRUE  TRUE  TRUE FALSE  TRUE  TRUE FALSE FALSE FALSE  TRUE FALSE  TRUE FALSE FALSE  TRUE
 [45]  TRUE  TRUE FALSE FALSE FALSE FALSE FALSE FALSE FALSE FALSE  TRUE FALSE FALSE  TRUE  TRUE  TRUE FALSE FALSE FALSE  TRUE FALSE FALSE
 [67] FALSE FALSE FALSE FALSE  TRUE  TRUE FALSE FALSE FALSE FALSE  TRUE FALSE FALSE FALSE  TRUE FALSE  TRUE  TRUE  TRUE  TRUE FALSE FALSE
 [89] FALSE  TRUE FALSE  TRUE  TRUE  TRUE  TRUE  TRUE  TRUE FALSE FALSE FALSE  TRUE FALSE  TRUE FALSE  TRUE  TRUE  TRUE  TRUE FALSE FALSE
[111] FALSE  TRUE  TRUE  TRUE FALSE FALSE FALSE FALSE  TRUE  TRUE  TRUE FALSE  TRUE  TRUE FALSE FALSE FALSE  TRUE FALSE  TRUE  TRUE FALSE
[133]  TRUE  TRUE FALSE  TRUE  TRUE  TRUE FALSE FALSE  TRUE  TRUE FALSE  TRUE  TRUE  TRUE FALSE FALSE  TRUE FALSE  TRUE  TRUE  TRUE  TRUE
[155]  TRUE FALSE FALSE  TRUE  TRUE FALSE  TRUE  TRUE FALSE FALSE FALSE  TRUE FALSE  TRUE FALSE FALSE FALSE  TRUE  TRUE  TRUE  TRUE  TRUE
[177]  TRUE  TRUE  TRUE  TRUE  TRUE  TRUE  TRUE  TRUE FALSE  TRUE FALSE  TRUE FALSE FALSE FALSE FALSE FALSE FALSE  TRUE FALSE FALSE  TRUE
[199]  TRUE  TRUE  TRUE  TRUE FALSE  TRUE FALSE FALSE FALSE  TRUE  TRUE  TRUE  TRUE FALSE  TRUE  TRUE FALSE  TRUE  TRUE  TRUE  TRUE FALSE
[221]  TRUE  TRUE  TRUE FALSE  TRUE  TRUE  TRUE  TRUE  TRUE FALSE FALSE FALSE  TRUE  TRUE  TRUE  TRUE FALSE FALSE FALSE FALSE  TRUE  TRUE
[243]  TRUE FALSE FALSE  TRUE FALSE  TRUE  TRUE FALSE  TRUE  TRUE FALSE  TRUE  TRUE  TRUE FALSE  TRUE FALSE  TRUE  TRUE  TRUE  TRUE FALSE
[265]  TRUE FALSE  TRUE FALSE  TRUE  TRUE  TRUE  TRUE  TRUE  TRUE  TRUE FALSE  TRUE  TRUE  TRUE FALSE  TRUE  TRUE FALSE  TRUE  TRUE  TRUE
[287] FALSE FALSE FALSE  TRUE  TRUE  TRUE  TRUE  TRUE FALSE  TRUE FALSE  TRUE  TRUE  TRUE  TRUE  TRUE  TRUE  TRUE FALSE  TRUE  TRUE  TRUE
[309]  TRUE  TRUE  TRUE  TRUE  TRUE FALSE FALSE  TRUE  TRUE  TRUE FALSE FALSE FALSE FALSE  TRUE FALSE  TRUE  TRUE  TRUE  TRUE  TRUE  TRUE
[331]  TRUE  TRUE  TRUE  TRUE  TRUE  TRUE  TRUE  TRUE  TRUE FALSE  TRUE FALSE  TRUE  TRUE  TRUE FALSE  TRUE  TRUE FALSE FALSE  TRUE FALSE
[353]  TRUE  TRUE  TRUE  TRUE FALSE FALSE  TRUE  TRUE  TRUE  TRUE  TRUE  TRUE  TRUE  TRUE  TRUE  TRUE  TRUE  TRUE  TRUE  TRUE  TRUE  TRUE
[375] FALSE FALSE  TRUE  TRUE  TRUE  TRUE  TRUE  TRUE  TRUE  TRUE FALSE FALSE  TRUE  TRUE  TRUE  TRUE  TRUE FALSE  TRUE  TRUE  TRUE  TRUE
[397]  TRUE FALSE  TRUE  TRUE  TRUE  TRUE FALSE  TRUE  TRUE FALSE  TRUE  TRUE  TRUE  TRUE  TRUE FALSE FALSE FALSE  TRUE  TRUE  TRUE FALSE
[419] FALSE  TRUE  TRUE  TRUE  TRUE FALSE  TRUE  TRUE  TRUE  TRUE  TRUE  TRUE  TRUE  TRUE  TRUE  TRUE FALSE  TRUE FALSE  TRUE  TRUE  TRUE
[441]  TRUE  TRUE  TRUE  TRUE  TRUE FALSE FALSE  TRUE  TRUE  TRUE FALSE FALSE  TRUE  TRUE  TRUE FALSE FALSE  TRUE FALSE  TRUE FALSE  TRUE
[463]  TRUE  TRUE  TRUE  TRUE  TRUE  TRUE  TRUE  TRUE  TRUE  TRUE  TRUE  TRUE  TRUE  TRUE FALSE  TRUE  TRUE  TRUE  TRUE  TRUE  TRUE  TRUE
[485]  TRUE  TRUE  TRUE  TRUE FALSE  TRUE  TRUE  TRUE  TRUE  TRUE  TRUE FALSE FALSE  TRUE  TRUE  TRUE  TRUE  TRUE  TRUE  TRUE  TRUE FALSE
[507]  TRUE  TRUE  TRUE  TRUE  TRUE  TRUE  TRUE  TRUE  TRUE  TRUE  TRUE FALSE  TRUE  TRUE FALSE  TRUE  TRUE  TRUE FALSE  TRUE  TRUE  TRUE
[529]  TRUE FALSE FALSE  TRUE  TRUE  TRUE FALSE  TRUE  TRUE  TRUE  TRUE  TRUE  TRUE  TRUE  TRUE  TRUE FALSE  TRUE  TRUE  TRUE  TRUE FALSE
[551]  TRUE  TRUE  TRUE  TRUE  TRUE  TRUE  TRUE  TRUE  TRUE FALSE  TRUE  TRUE  TRUE  TRUE  TRUE  TRUE  TRUE  TRUE  TRUE  TRUE  TRUE  TRUE
[573]  TRUE  TRUE  TRUE  TRUE  TRUE  TRUE  TRUE  TRUE  TRUE  TRUE  TRUE  TRUE FALSE  TRUE  TRUE  TRUE  TRUE  TRUE  TRUE  TRUE  TRUE FALSE
[595]  TRUE  TRUE  TRUE  TRUE  TRUE  TRUE  TRUE  TRUE  TRUE  TRUE  TRUE  TRUE  TRUE  TRUE  TRUE  TRUE  TRUE FALSE  TRUE  TRUE  TRUE  TRUE
[617]  TRUE FALSE  TRUE  TRUE  TRUE  TRUE FALSE FALSE FALSE FALSE  TRUE  TRUE  TRUE  TRUE FALSE  TRUE  TRUE  TRUE  TRUE  TRUE  TRUE  TRUE
[639] FALSE FALSE  TRUE  TRUE  TRUE  TRUE  TRUE  TRUE  TRUE  TRUE  TRUE  TRUE FALSE  TRUE  TRUE  TRUE  TRUE FALSE  TRUE  TRUE  TRUE  TRUE
[661]  TRUE  TRUE FALSE  TRUE  TRUE  TRUE  TRUE  TRUE  TRUE  TRUE  TRUE  TRUE  TRUE  TRUE  TRUE  TRUE  TRUE  TRUE  TRUE  TRUE  TRUE  TRUE
[683]  TRUE  TRUE  TRUE  TRUE  TRUE  TRUE  TRUE  TRUE  TRUE  TRUE  TRUE  TRUE  TRUE  TRUE  TRUE  TRUE  TRUE  TRUE  TRUE  TRUE  TRUE  TRUE
[705]  TRUE

