
Birth-death simulation object with 727 species and 500 extant species

Details for some species:

Extinction times (NA means extant)
[1] 90.31176 91.28050 82.04939 86.44850 57.06981       NA


Speciation times 
[1] 101.97219 101.60630  96.02178  93.60362  90.01022  84.09461


Species parents (NA for initial)
[1] NA  1  2  3  3  3


Species status (extinct or extant)
[1] "extinct" "extinct" "extinct" "extinct" "extinct" "extant" 


For more details on vector y, try sim$y, with y one of
TE TS PAR EXTANT



$TE
  [1] 90.3117587 91.2805029 82.0493927 86.4484973 57.0698088         NA 17.5297843 62.4720916         NA 55.8971922
 [11]         NA 17.8760064 31.7475358 37.2580622         NA 18.6585292 11.9785472         NA 67.7583510 18.8886364
 [21] 17.4678340 46.1231294 37.5432545         NA         NA 11.0705249         NA  9.8587898         NA 60.3050329
 [31] 13.8336222 17.1385177 65.2029323 55.5883402         NA 45.7905261 36.1529539 17.9373904 26.9546311 19.0279859
 [41]         NA         NA         NA 51.0604323 35.4561653  0.9110298 45.5683781 54.0474646 23.4590325 35.4799559
 [51] 15.6949458 41.0744918         NA         NA  8.3401929         NA         NA  7.1457903  3.8238350 41.6883139
 [61] 40.7805192 50.1547133 37.1595420 35.6238786         NA  4.5682358 30.9210834  1.6708586 40.8959218         NA
 [71] 45.2028331 34.0423460  7.5905540 48.7130549         NA 44.2187382 28.0798599 11.3286435         NA 24.2687656
 [81] 18.0135437 17.2728156         NA         NA  8.3138035  2.1472209         NA  7.8686624  8.4209692 10.8616511
 [91]         NA         NA  8.7554734 28.7761515  9.8838674         NA         NA         NA 28.2480619         NA
[101]         NA 35.1374722         NA  3.7453983 17.9737613  4.3163259 27.1667979 12.5984431         NA         NA
[111] 25.3189846 15.5987526         NA         NA  4.4990225  4.2662486         NA         NA         NA 22.7596507
[121]  8.3387541 18.8775877  9.7328187 22.2493197 21.4202546         NA         NA         NA         NA  2.6899971
[131]         NA         NA 15.1990770 24.5326169         NA 13.1269504         NA 10.1067036 19.2520559 25.2983595
[141]         NA         NA  4.7605527  8.9392517         NA         NA         NA         NA         NA         NA
[151]         NA         NA         NA 16.9225859         NA         NA         NA         NA 27.3531734 16.3092646
[161] 14.6100390         NA 19.3539955 24.6835632         NA  4.4029644         NA         NA 16.7644261         NA
[171] 12.6896377         NA         NA 10.7807470         NA         NA         NA         NA  0.4035405 17.5116393
[181] 10.3014916 10.5797781         NA 17.8051618         NA 12.8246587 17.8300556  3.0013344  9.4775752         NA
[191]         NA 29.1905565         NA 21.8620031  2.5472741         NA         NA         NA 10.1279031 27.4405929
[201]         NA  8.7343077         NA         NA         NA  4.7102116  2.3744135         NA         NA         NA
[211] 28.9312211         NA         NA  3.4647853         NA         NA         NA 16.8380379 12.3987541  6.0136394
[221]  8.2978374         NA         NA  0.5982616 17.1844997  1.7639095  0.8827966         NA         NA         NA
[231] 15.2422707 23.5291161         NA  0.4000737         NA         NA         NA  7.1328806         NA  6.8177436
[241]         NA         NA         NA  4.2157372         NA         NA         NA         NA         NA 24.7775810
[251]         NA         NA 11.2940376         NA  7.2769294         NA         NA         NA         NA         NA
[261]         NA         NA         NA         NA         NA 18.2856141 14.6941049 16.5333098 11.6017472         NA
[271]         NA  9.2659456         NA         NA         NA         NA         NA 13.1462541         NA         NA
[281]         NA  1.9009822         NA         NA         NA 15.2482573  4.4450057  6.6849657  6.7892168         NA
[291]         NA         NA         NA         NA 16.3216361         NA         NA         NA         NA         NA
[301]         NA         NA  7.4371882  3.3455648         NA 19.5624588         NA         NA         NA  5.3419957
[311]         NA         NA         NA  8.3366154         NA 10.7380775         NA         NA         NA         NA
[321]         NA         NA         NA  5.5949929         NA 19.9566916 12.5217190         NA 15.3149174         NA
[331]         NA         NA         NA         NA         NA         NA         NA         NA         NA         NA
[341]  9.2139575 12.1266065         NA         NA  6.8733828         NA         NA         NA         NA         NA
[351]  5.7713913  9.5767942         NA         NA 16.3797122 15.4778596         NA         NA  3.8079589         NA
[361]         NA  9.2106370 13.1151584         NA  0.7671292         NA 10.0545306         NA         NA  2.2021119
[371]         NA         NA         NA         NA         NA         NA 11.2777653         NA         NA         NA
[381]         NA         NA         NA         NA         NA         NA         NA         NA  0.5462807         NA
[391]  4.0096110  1.6498867 10.4883265         NA         NA         NA         NA         NA         NA         NA
[401]         NA         NA         NA         NA         NA         NA         NA 12.0560119         NA         NA
[411] 12.0478189  5.7649044         NA         NA         NA         NA         NA         NA         NA  0.4016207
[421]  0.5102561         NA  3.1806581 12.6732923         NA 10.8973390         NA         NA         NA         NA
[431]         NA         NA         NA         NA         NA         NA         NA         NA         NA         NA
[441]         NA         NA         NA         NA 11.1822978         NA  1.2048832         NA         NA 11.9195175
[451] 12.0537156         NA  1.0132219         NA         NA         NA         NA         NA         NA         NA
[461]         NA  2.6786978         NA         NA         NA         NA  2.2385153  6.6795230         NA         NA
[471]         NA         NA         NA         NA         NA         NA  7.7430787         NA         NA         NA
[481]         NA 12.3204668         NA         NA  8.3137540         NA         NA         NA  3.7866162  6.0778255
[491]         NA         NA         NA         NA         NA         NA         NA         NA         NA  2.3992773
[501]         NA         NA         NA         NA         NA         NA  2.5126932         NA         NA  6.8157409
[511]  2.5505618         NA  6.6908071         NA         NA         NA         NA         NA         NA         NA
[521]         NA         NA         NA         NA         NA         NA         NA  8.6136112         NA         NA
[531]  0.7131904         NA         NA         NA         NA         NA         NA         NA  4.1784964         NA
[541]         NA         NA         NA         NA         NA         NA         NA         NA  2.8103806         NA
[551]         NA         NA  1.2130117         NA         NA  0.5514909         NA         NA  4.0836290         NA
[561]         NA         NA  2.4295461         NA  7.7205173         NA         NA         NA         NA         NA
[571]         NA         NA         NA         NA         NA         NA         NA         NA         NA         NA
[581]         NA         NA         NA         NA         NA  3.3041091         NA         NA         NA         NA
[591]         NA  2.7541192         NA         NA         NA  3.8262065         NA         NA         NA         NA
[601]  0.5515493         NA         NA         NA         NA         NA         NA         NA         NA         NA
[611]         NA         NA         NA         NA         NA         NA         NA         NA         NA         NA
[621]         NA         NA         NA         NA         NA         NA         NA         NA         NA         NA
[631]         NA         NA         NA         NA  3.5296779         NA         NA         NA         NA         NA
[641]         NA         NA         NA         NA         NA         NA         NA         NA         NA         NA
[651]  0.2316527         NA         NA         NA  3.1591321         NA         NA         NA         NA         NA
[661]         NA         NA         NA         NA         NA         NA         NA         NA         NA         NA
[671]         NA         NA         NA         NA         NA         NA         NA  2.7480971         NA         NA
[681]         NA         NA         NA         NA         NA         NA         NA         NA         NA         NA
[691]         NA         NA         NA         NA         NA         NA         NA         NA         NA         NA
[701]         NA         NA  0.1139794         NA         NA         NA         NA         NA  0.7793746         NA
[711]         NA         NA         NA         NA         NA         NA  0.1725812         NA         NA         NA
[721]         NA         NA         NA         NA         NA         NA         NA

$TS
  [1] 1.019722e+02 1.016063e+02 9.602178e+01 9.360362e+01 9.001022e+01 8.409461e+01 8.357988e+01 7.173053e+01
  [9] 6.636374e+01 7.703409e+01 7.691897e+01 4.218412e+01 3.970562e+01 3.725969e+01 3.543233e+01 2.823421e+01
 [17] 2.078844e+01 1.615868e+01 6.915473e+01 3.656046e+01 2.500022e+01 7.269540e+01 6.061473e+01 5.512358e+01
 [25] 2.910691e+01 2.126022e+01 1.741159e+01 1.662891e+01 5.126982e+00 6.203448e+01 6.125767e+01 4.925006e+01
 [33] 6.569348e+01 6.321224e+01 6.016538e+01 4.875791e+01 3.768832e+01 3.664065e+01 3.629376e+01 3.607957e+01
 [41] 2.913920e+00 2.777432e+00 5.834357e+01 5.721079e+01 4.312293e+01 2.137586e+01 5.663575e+01 5.605406e+01
 [49] 5.371738e+01 5.228064e+01 4.073718e+01 5.381446e+01 4.178057e+01 2.990424e+01 2.881038e+01 2.100613e+01
 [57] 1.421375e+01 1.171204e+01 8.945402e+00 5.446125e+01 5.097346e+01 5.082686e+01 3.893734e+01 3.664620e+01
 [65] 7.873781e+00 5.317100e+00 5.098761e+01 5.044148e+01 4.298018e+01 1.096928e+01 5.231613e+01 4.859929e+01
 [73] 4.369468e+01 4.985822e+01 4.463243e+01 5.296515e+01 4.127482e+01 2.780595e+01 4.884669e+01 4.546953e+01
 [81] 4.513686e+01 3.024971e+01 2.395330e+01 2.118825e+00 3.946068e+01 3.867397e+01 2.495420e+01 1.899797e+01
 [89] 2.720140e+01 1.225688e+01 4.832863e+01 4.185063e+01 4.055138e+01 4.414959e+01 2.949164e+01 2.550360e+01
 [97] 1.341194e+01 1.325433e+01 3.607419e+01 2.839406e+01 2.475721e+01 4.143917e+01 3.864905e+01 1.929746e+01
[105] 3.652973e+01 3.047327e+01 2.768738e+01 2.537995e+01 8.376439e+00 3.188449e+00 3.546199e+01 3.038579e+01
[113] 4.263654e+01 1.176705e+01 8.242867e+00 5.757718e+00 4.886368e+00 4.113693e+00 3.499457e+01 3.189697e+01
[121] 3.153329e+01 3.071435e+01 2.555221e+01 2.363965e+01 2.287330e+01 2.050579e+01 1.492219e+01 2.429484e+00
[129] 3.860783e+01 2.803689e+01 1.763914e+00 3.518094e+01 3.541573e+01 3.338146e+01 2.419040e+01 2.064648e+01
[137] 2.505883e+01 1.260522e+01 3.279874e+01 3.052664e+01 1.529105e+01 1.245368e+01 9.271990e+00 1.568252e+01
[145] 3.261125e+00 2.958527e+01 8.745379e+00 3.739164e+01 3.047807e+01 1.528819e+01 1.196257e+00 3.223508e+01
[153] 3.125530e+01 2.907910e+01 2.784567e+01 1.152928e+01 1.073343e+01 1.021214e+01 2.744723e+01 2.677161e+01
[161] 2.200925e+01 2.230125e+01 1.995363e+01 2.837544e+01 3.145175e+01 3.068033e+01 2.158284e+01 1.302282e+01
[169] 3.033815e+01 2.892893e+01 3.249899e+01 3.133035e+01 2.908267e+01 1.672651e+01 1.438203e+01 2.108800e+01
[177] 7.924947e+00 5.509769e-01 2.955277e+01 2.504718e+01 3.145815e+01 2.661662e+01 1.980009e+01 2.030634e+01
[185] 1.608764e+01 1.549995e+01 2.490787e+01 2.347979e+01 2.558511e+01 7.826674e+00 3.036090e+00 3.013595e+01
[193] 2.967032e+01 2.273983e+01 2.224493e+01 7.971976e+00 2.232535e+01 2.083797e+01 2.939288e+01 2.814420e+01
[201] 2.252732e+01 1.482464e+01 9.434324e+00 8.503009e+00 5.329830e+00 5.157826e+00 1.922449e+01 5.361968e+00
[209] 3.355758e+00 1.486524e+00 2.930129e+01 1.455215e+01 2.923393e+01 1.920511e+01 1.849892e+01 1.767110e+01
[217] 2.463156e+01 2.082652e+01 1.924289e+01 2.118687e+01 1.383022e+01 2.783068e+01 8.412220e+00 2.463496e+01
[225] 2.311597e+01 7.339318e+00 6.957784e+00 1.870960e+01 3.505783e+00 2.753166e+01 2.730869e+01 2.584781e+01
[233] 1.074804e+01 1.055391e+01 2.424244e+01 1.832386e+01 8.850857e+00 7.817443e+00 1.115449e+01 1.108597e+01
[241] 7.110246e+00 4.478243e+00 1.603919e+00 1.732244e+01 1.596975e+00 2.444464e+01 1.970695e+01 1.940160e+01
[249] 1.287746e+01 2.723501e+01 1.303388e+01 2.933026e+00 1.826370e+01 2.527800e+01 2.223457e+01 1.969915e+01
[257] 1.063072e+01 6.325353e+00 6.148415e+00 1.592937e+01 2.276812e+01 1.534178e+01 1.506919e+01 2.796730e+00
[265] 2.650986e+01 2.046784e+01 1.929075e+01 1.993130e+01 2.024475e+01 5.820350e+00 2.466910e+01 1.572142e+01
[273] 1.012277e+01 1.059463e+01 2.236944e+01 1.158643e+01 6.710718e+00 1.989520e+01 1.716554e+01 1.187064e+01
[281] 1.060662e+01 1.724924e+01 6.314062e+00 1.201891e+00 2.468079e+01 2.061089e+01 2.419798e+01 1.096330e+01
[289] 1.010305e+01 6.318731e+00 1.989124e+01 1.312016e+01 2.389174e+01 6.228591e-01 2.061622e+01 1.791072e+01
[297] 7.581266e+00 6.547369e+00 1.437647e+00 2.192875e+00 4.051568e+00 1.514418e+01 1.210919e+01 9.777615e+00
[305] 1.100781e+01 1.969750e+01 8.909374e+00 4.038159e+00 2.334739e+01 1.204051e+01 1.089444e+01 1.084753e+01
[313] 2.198995e+01 1.716924e+01 1.541604e+01 1.448486e+01 9.636300e+00 1.188312e+01 1.135403e+01 2.079958e+01
[321] 1.432908e+01 9.420006e+00 1.516364e+01 2.102166e+01 1.287987e+01 2.033085e+01 1.731855e+01 1.495565e+01
[329] 2.000400e+01 1.787366e+01 1.599276e+01 1.317698e+01 3.597505e+00 1.564967e+01 1.317144e+01 1.273293e+01
[337] 9.738846e+00 1.426145e+00 1.798672e+01 1.267262e+01 1.791400e+01 1.557186e+01 9.982634e+00 9.620290e+00
[345] 9.732185e+00 1.726893e+01 1.359496e+01 8.885783e+00 3.193249e+00 1.499337e+01 1.490425e+01 1.318760e+01
[353] 9.532124e+00 1.567370e+01 2.030467e+01 1.743834e+01 1.030968e+01 9.807410e+00 1.860160e+01 1.527798e+01
[361] 1.512470e+01 1.666811e+01 1.968153e+01 1.464624e+01 5.111882e+00 2.497138e+00 1.705764e+01 8.769518e+00
[369] 5.336096e+00 1.381801e+01 4.211104e-01 1.668920e+01 1.418986e+01 1.049008e+01 8.066513e+00 1.668256e+01
[377] 1.768007e+01 1.917126e+01 7.720980e+00 4.045192e+00 3.644253e+00 3.568491e+00 4.558840e+00 2.064851e+00
[385] 1.387696e+01 1.385084e+01 1.451030e+00 7.872491e+00 1.507783e+01 3.387961e+00 1.419905e+01 1.229466e+01
[393] 1.406476e+01 1.215403e+01 1.244130e+01 2.540482e+00 1.533088e+01 1.411542e+01 7.093123e+00 1.533937e+01
[401] 4.596846e+00 2.110799e-01 1.441623e+01 1.439044e+01 1.096156e+01 1.597990e+01 1.653306e+01 1.302975e+01
[409] 3.540618e+00 1.262191e+00 1.329784e+01 1.097573e+01 3.664066e+00 9.407752e+00 4.793986e+00 4.195954e+00
[417] 1.945942e+00 1.616974e+01 1.353572e+01 1.108971e+01 7.508281e+00 4.731706e+00 1.493858e+01 1.314130e+01
[425] 1.257536e+01 1.153189e+01 5.255568e+00 3.452546e+00 2.325165e+00 1.441383e+01 2.477315e+00 1.561759e+01
[433] 1.208153e+01 6.476358e+00 6.102940e+00 4.334821e+00 5.138714e+00 1.132457e+00 2.790628e+00 1.456181e+01
[441] 3.529312e+00 1.524190e+01 1.512216e+01 1.478457e+01 1.398883e+01 6.395737e+00 5.980076e+00 1.414665e+01
[449] 2.161438e+00 1.247309e+01 1.432075e+01 7.022141e+00 9.107050e+00 1.125456e+01 9.922269e+00 1.490510e+01
[457] 4.202380e-01 1.394340e+01 1.114019e+01 1.420521e+01 9.210758e+00 7.512022e+00 1.190787e+01 4.119993e+00
[465] 3.281679e+00 1.170888e+00 1.328360e+01 1.001684e+01 3.328028e+00 2.773266e+00 1.323381e+01 1.025680e+01
[473] 5.847996e+00 2.361173e+00 8.736379e+00 4.904101e-01 1.336243e+01 1.137950e+01 1.419773e+01 1.387370e+01
[481] 2.526106e+00 1.426518e+01 1.380091e+01 2.807971e+00 9.380284e+00 5.472627e+00 1.137583e+01 1.250094e+00
[489] 1.034450e+01 1.077600e+01 8.278663e+00 6.013186e-01 1.257351e+01 1.173419e+01 7.478106e+00 3.234769e+00
[497] 8.112422e+00 2.415110e-01 2.442785e+00 1.408745e+01 5.782529e+00 1.346829e+01 1.344007e+01 5.647261e+00
[505] 8.790915e+00 1.051015e+01 6.939476e+00 1.006969e+01 8.132262e+00 6.906520e+00 6.444368e+00 1.011973e+01
[513] 9.993593e+00 8.695162e+00 8.417382e+00 7.188263e+00 6.398364e+00 4.785514e+00 3.684671e+00 5.410584e+00
[521] 1.258837e+01 1.239732e+01 9.870014e+00 8.794413e+00 6.168139e+00 5.060295e+00 3.636329e+00 1.145140e+01
[529] 7.221812e+00 3.528415e+00 2.063953e+00 3.201338e-02 8.227224e+00 5.102754e+00 4.562329e+00 8.594890e+00
[537] 5.945873e+00 5.310392e+00 1.041045e+01 5.418573e+00 7.581868e+00 5.812991e+00 6.280345e+00 8.408191e+00
[545] 7.905679e+00 6.203764e-01 4.538774e+00 1.032159e+01 8.484996e+00 3.225795e+00 8.389575e+00 4.798689e+00
[553] 4.060734e+00 2.972389e+00 6.740850e+00 4.190357e+00 1.937287e+00 2.264802e+00 1.106189e+01 1.024439e+00
[561] 9.404261e+00 7.867286e+00 3.993221e+00 9.138392e-01 1.050377e+01 1.018783e+01 7.299543e-01 4.530020e+00
[569] 5.720684e+00 9.787430e+00 9.533939e+00 7.800188e+00 5.809802e+00 5.363502e+00 9.976574e+00 7.886491e+00
[577] 5.887910e+00 2.397053e+00 9.546786e+00 4.282230e+00 8.892951e-01 7.537020e-01 5.136003e+00 3.955681e+00
[585] 9.527378e+00 7.879386e+00 4.407242e+00 2.942811e+00 4.492265e+00 4.428811e+00 7.264598e+00 4.914477e+00
[593] 4.380441e+00 1.851787e+00 6.957833e+00 4.966888e+00 8.361464e+00 4.014943e+00 1.803404e+00 5.911819e+00
[601] 2.410975e+00 3.387587e+00 8.767004e+00 5.158536e+00 2.611275e+00 1.533215e+00 8.106886e+00 8.557319e+00
[609] 2.701023e+00 7.015382e+00 3.780804e+00 8.478115e+00 1.845725e+00 5.112749e+00 3.060671e+00 3.976241e-01
[617] 7.791717e+00 8.085209e+00 7.613966e+00 4.311335e+00 3.236934e+00 1.949827e+00 7.053036e+00 5.583357e+00
[625] 6.914773e+00 4.321015e+00 2.873583e+00 6.967608e+00 1.702999e+00 5.174549e+00 3.743345e+00 1.657617e+00
[633] 5.212485e+00 3.011113e+00 5.029707e+00 3.525312e+00 2.942083e+00 4.747999e+00 5.498589e+00 1.829783e+00
[641] 4.004613e+00 4.671958e+00 7.528931e-01 5.722420e+00 3.988645e+00 1.010683e+00 4.245382e-01 3.800183e+00
[649] 3.930458e+00 4.645950e+00 1.119590e+00 4.008056e+00 1.260771e+00 2.516091e+00 4.000746e+00 3.454027e+00
[657] 5.418661e+00 3.437829e+00 8.986762e-01 2.476591e+00 1.118265e+00 1.935456e-01 3.762311e+00 4.394564e+00
[665] 1.007634e+00 1.567033e+00 4.419966e+00 4.639234e+00 2.972649e+00 1.302756e+00 4.498543e+00 4.226628e+00
[673] 1.226108e+00 8.329290e-01 2.087029e-01 2.457735e+00 2.229663e+00 3.003043e+00 2.423917e+00 3.123771e+00
[681] 1.806567e+00 2.310510e+00 2.909753e+00 2.518517e-01 6.994775e-01 2.587125e+00 1.579722e+00 3.258435e+00
[689] 2.438141e+00 1.240349e+00 3.545422e-02 1.299092e+00 2.755491e+00 3.528211e+00 2.609707e+00 1.877606e+00
[697] 1.126974e+00 2.902386e+00 3.230051e+00 2.035715e-01 1.908377e-01 3.721437e-01 5.310930e-01 2.628430e+00
[705] 2.709685e+00 2.317002e+00 2.649275e+00 1.879632e+00 1.959928e+00 1.154698e+00 2.302610e+00 1.673973e+00
[713] 2.322511e+00 3.131397e-01 1.544762e-01 2.013557e+00 3.002283e-01 2.580471e-03 1.284884e+00 1.418833e+00
[721] 4.380010e-01 1.771257e+00 1.713946e+00 1.657972e+00 8.093123e-02 4.620095e-01 1.100577e-01

$PAR
  [1]  NA   1   2   3   3   3   5   5   5   6   6   6   6   6   6   6   6   6   7   7   7  10  10  11  11  11  11  11  11
 [30]  22  22  22   8   8   9   9   9   9   9   9   9   9  31  31  31  31  23  23  23  23  23  35  35  35  35  35  35  35
 [59]  35  43  43  43  43  43  43  43  47  47  24  24  60  60  60  52  52  49  49  49  76  76  67  68  68  68  32  32  32
 [88]  32  79  79  72  72  72  91  91  91  91  91  80  80  80  81  81  81  75  75  75  75  75  75  94  94  45 113 113 113
[117] 113 113  12  12  92  92  92  92  92  92  92  92  53  53  53 102  77  77  51  51  93  93  85  85  85  85  85  86  86
[146] 103 103 129 129 129 129 148 148 148 148 148 148 148  38  38  20 105 105  40  99  15  15  15 133 133 132 132 132 132
[175] 132 119 119 119 134 134 139 139 171 152 152 152 120 120 181 165 172 153 153 153 153 153 122 122 166 166 166 166 166
[204] 166 166 166 149 149 149 149 106 106 112 112 112 112 169 169  82  54  54 193 193 146 146 146 146 179 179 199 199 199
[233] 199 199 213 213 213 213  25  25  25  25  25 154 170 100 100 100 100 130 130 130 155 222 222 222 222 222 222  78 230
[262] 230 230 230 231 231  89 160 265 265 232 189 189 123  96  96  96 254 254 254 254 137 137 137 180  21  87  87  87  87
[291] 101 285 271 271 224 224 224 224 224 246 235 287 287 287 135  83  83 293 124 188 188 309 225 261 261 261 261 201 201
[320] 275 275 197 162 195 195 255 255 161 313 313 313 313 313 167 167  46  46  46  26  26 220 220 220 176  56 198 198 198
[349] 198 320 320 320 320  17 136 136 126 126 269 269 269 329 291 291 291 291 183 183 183 247 248 104 104 104 104 267 219
[378] 207 207 214 214 214 378 378  88 228 228 359 236 236 253 253 339 339 341 296 330 330 330 216 216 216  27  27  27 244
[407] 327 346 346 346 282 282 282 279 279 279 279 367 372 372 376 376 407 407 407 407 407 407 418  18 185 331 331 331 406
[436] 406 260 260 354 334 334 432 432 432 186 315 315 262 262 400 397 397 141 150 150 360 360 442 442 323 323 323 443 443
[465] 389 389 350 350 127 127 456 456 456 456 202 444 364 364 440 440 440 212 212 403 430 430 175 175 321  57  57  57 460
[494] 391 391 479 373 373 448 398 458 385 386 386 221 370 370 483 483 483 347 502 502 503 503  97  98  98  98 471 352 352
[523] 335 335 335 251 251 168 168 168 249 249 521 425 425 142 142 142 395 395 392 392 394 433 310 318 280 114 114 114 494
[552] 494 494 494 276 276 276 156 528 478 487 487 487 487 319 319 239 459 305 288 405 312 233 233 274 274 234 234 539 548
[581] 472 158 566 273 512 512 512 512 508 508 468 575 455 523 304 337 579 579 571 585 203 414 561  59 307 307 348 524 524
[610] 505 505 603 147 514 515 223 551 109 597 597 597 491 115 115 607 607 618  65 562 190 190 190 379 619 297 462 462 495
[639] 529 529 399 610 625 555 555 434 434 511 517 446 543 259 473 542 504 504 639 540 520 574 538 427 633 604 437 583 365
[668] 526 117 422 642 401 589 242 664 593 593 626 580 416 416 556 380 380 308 598 652 655 645 584 663 519 413 381 381 333
[697] 441 636 656 469 145 699 550 110 191 634 588 637 484 707 704 704 689 128 679 706 300  84 531 417 417 696 722 629 299
[726] 653 710

$EXTANT
  [1] FALSE FALSE FALSE FALSE FALSE  TRUE FALSE FALSE  TRUE FALSE  TRUE FALSE FALSE FALSE  TRUE FALSE FALSE  TRUE FALSE
 [20] FALSE FALSE FALSE FALSE  TRUE  TRUE FALSE  TRUE FALSE  TRUE FALSE FALSE FALSE FALSE FALSE  TRUE FALSE FALSE FALSE
 [39] FALSE FALSE  TRUE  TRUE  TRUE FALSE FALSE FALSE FALSE FALSE FALSE FALSE FALSE FALSE  TRUE  TRUE FALSE  TRUE  TRUE
 [58] FALSE FALSE FALSE FALSE FALSE FALSE FALSE  TRUE FALSE FALSE FALSE FALSE  TRUE FALSE FALSE FALSE FALSE  TRUE FALSE
 [77] FALSE FALSE  TRUE FALSE FALSE FALSE  TRUE  TRUE FALSE FALSE  TRUE FALSE FALSE FALSE  TRUE  TRUE FALSE FALSE FALSE
 [96]  TRUE  TRUE  TRUE FALSE  TRUE  TRUE FALSE  TRUE FALSE FALSE FALSE FALSE FALSE  TRUE  TRUE FALSE FALSE  TRUE  TRUE
[115] FALSE FALSE  TRUE  TRUE  TRUE FALSE FALSE FALSE FALSE FALSE FALSE  TRUE  TRUE  TRUE  TRUE FALSE  TRUE  TRUE FALSE
[134] FALSE  TRUE FALSE  TRUE FALSE FALSE FALSE  TRUE  TRUE FALSE FALSE  TRUE  TRUE  TRUE  TRUE  TRUE  TRUE  TRUE  TRUE
[153]  TRUE FALSE  TRUE  TRUE  TRUE  TRUE FALSE FALSE FALSE  TRUE FALSE FALSE  TRUE FALSE  TRUE  TRUE FALSE  TRUE FALSE
[172]  TRUE  TRUE FALSE  TRUE  TRUE  TRUE  TRUE FALSE FALSE FALSE FALSE  TRUE FALSE  TRUE FALSE FALSE FALSE FALSE  TRUE
[191]  TRUE FALSE  TRUE FALSE FALSE  TRUE  TRUE  TRUE FALSE FALSE  TRUE FALSE  TRUE  TRUE  TRUE FALSE FALSE  TRUE  TRUE
[210]  TRUE FALSE  TRUE  TRUE FALSE  TRUE  TRUE  TRUE FALSE FALSE FALSE FALSE  TRUE  TRUE FALSE FALSE FALSE FALSE  TRUE
[229]  TRUE  TRUE FALSE FALSE  TRUE FALSE  TRUE  TRUE  TRUE FALSE  TRUE FALSE  TRUE  TRUE  TRUE FALSE  TRUE  TRUE  TRUE
[248]  TRUE  TRUE FALSE  TRUE  TRUE FALSE  TRUE FALSE  TRUE  TRUE  TRUE  TRUE  TRUE  TRUE  TRUE  TRUE  TRUE  TRUE FALSE
[267] FALSE FALSE FALSE  TRUE  TRUE FALSE  TRUE  TRUE  TRUE  TRUE  TRUE FALSE  TRUE  TRUE  TRUE FALSE  TRUE  TRUE  TRUE
[286] FALSE FALSE FALSE FALSE  TRUE  TRUE  TRUE  TRUE  TRUE FALSE  TRUE  TRUE  TRUE  TRUE  TRUE  TRUE  TRUE FALSE FALSE
[305]  TRUE FALSE  TRUE  TRUE  TRUE FALSE  TRUE  TRUE  TRUE FALSE  TRUE FALSE  TRUE  TRUE  TRUE  TRUE  TRUE  TRUE  TRUE
[324] FALSE  TRUE FALSE FALSE  TRUE FALSE  TRUE  TRUE  TRUE  TRUE  TRUE  TRUE  TRUE  TRUE  TRUE  TRUE  TRUE FALSE FALSE
[343]  TRUE  TRUE FALSE  TRUE  TRUE  TRUE  TRUE  TRUE FALSE FALSE  TRUE  TRUE FALSE FALSE  TRUE  TRUE FALSE  TRUE  TRUE
[362] FALSE FALSE  TRUE FALSE  TRUE FALSE  TRUE  TRUE FALSE  TRUE  TRUE  TRUE  TRUE  TRUE  TRUE FALSE  TRUE  TRUE  TRUE
[381]  TRUE  TRUE  TRUE  TRUE  TRUE  TRUE  TRUE  TRUE FALSE  TRUE FALSE FALSE FALSE  TRUE  TRUE  TRUE  TRUE  TRUE  TRUE
[400]  TRUE  TRUE  TRUE  TRUE  TRUE  TRUE  TRUE  TRUE FALSE  TRUE  TRUE FALSE FALSE  TRUE  TRUE  TRUE  TRUE  TRUE  TRUE
[419]  TRUE FALSE FALSE  TRUE FALSE FALSE  TRUE FALSE  TRUE  TRUE  TRUE  TRUE  TRUE  TRUE  TRUE  TRUE  TRUE  TRUE  TRUE
[438]  TRUE  TRUE  TRUE  TRUE  TRUE  TRUE  TRUE FALSE  TRUE FALSE  TRUE  TRUE FALSE FALSE  TRUE FALSE  TRUE  TRUE  TRUE
[457]  TRUE  TRUE  TRUE  TRUE  TRUE FALSE  TRUE  TRUE  TRUE  TRUE FALSE FALSE  TRUE  TRUE  TRUE  TRUE  TRUE  TRUE  TRUE
[476]  TRUE FALSE  TRUE  TRUE  TRUE  TRUE FALSE  TRUE  TRUE FALSE  TRUE  TRUE  TRUE FALSE FALSE  TRUE  TRUE  TRUE  TRUE
[495]  TRUE  TRUE  TRUE  TRUE  TRUE FALSE  TRUE  TRUE  TRUE  TRUE  TRUE  TRUE FALSE  TRUE  TRUE FALSE FALSE  TRUE FALSE
[514]  TRUE  TRUE  TRUE  TRUE  TRUE  TRUE  TRUE  TRUE  TRUE  TRUE  TRUE  TRUE  TRUE  TRUE FALSE  TRUE  TRUE FALSE  TRUE
[533]  TRUE  TRUE  TRUE  TRUE  TRUE  TRUE FALSE  TRUE  TRUE  TRUE  TRUE  TRUE  TRUE  TRUE  TRUE  TRUE FALSE  TRUE  TRUE
[552]  TRUE FALSE  TRUE  TRUE FALSE  TRUE  TRUE FALSE  TRUE  TRUE  TRUE FALSE  TRUE FALSE  TRUE  TRUE  TRUE  TRUE  TRUE
[571]  TRUE  TRUE  TRUE  TRUE  TRUE  TRUE  TRUE  TRUE  TRUE  TRUE  TRUE  TRUE  TRUE  TRUE  TRUE FALSE  TRUE  TRUE  TRUE
[590]  TRUE  TRUE FALSE  TRUE  TRUE  TRUE FALSE  TRUE  TRUE  TRUE  TRUE FALSE  TRUE  TRUE  TRUE  TRUE  TRUE  TRUE  TRUE
[609]  TRUE  TRUE  TRUE  TRUE  TRUE  TRUE  TRUE  TRUE  TRUE  TRUE  TRUE  TRUE  TRUE  TRUE  TRUE  TRUE  TRUE  TRUE  TRUE
[628]  TRUE  TRUE  TRUE  TRUE  TRUE  TRUE  TRUE FALSE  TRUE  TRUE  TRUE  TRUE  TRUE  TRUE  TRUE  TRUE  TRUE  TRUE  TRUE
[647]  TRUE  TRUE  TRUE  TRUE FALSE  TRUE  TRUE  TRUE FALSE  TRUE  TRUE  TRUE  TRUE  TRUE  TRUE  TRUE  TRUE  TRUE  TRUE
[666]  TRUE  TRUE  TRUE  TRUE  TRUE  TRUE  TRUE  TRUE  TRUE  TRUE  TRUE  TRUE FALSE  TRUE  TRUE  TRUE  TRUE  TRUE  TRUE
[685]  TRUE  TRUE  TRUE  TRUE  TRUE  TRUE  TRUE  TRUE  TRUE  TRUE  TRUE  TRUE  TRUE  TRUE  TRUE  TRUE  TRUE  TRUE FALSE
[704]  TRUE  TRUE  TRUE  TRUE  TRUE FALSE  TRUE  TRUE  TRUE  TRUE  TRUE  TRUE  TRUE FALSE  TRUE  TRUE  TRUE  TRUE  TRUE
[723]  TRUE  TRUE  TRUE  TRUE  TRUE

