
Birth-death simulation object with 708 species and 500 extant species

Details for some species:

Extinction times (NA means extant)
[1] 13.889612 26.628999 60.299174 71.557394 36.909757  8.718736


Speciation times 
[1] 81.53171 77.00775 74.54777 72.09545 62.14300 53.93061


Species parents (NA for initial)
[1] NA  1  1  1  1  1


Species status (extinct or extant)
[1] "extinct" "extinct" "extinct" "extinct" "extinct" "extinct"


For more details on vector y, try sim$y, with y one of
TE TS PAR EXTANT



$TE
  [1] 13.88961222 26.62899904 60.29917395 71.55739395 36.90975713  8.71873602  5.17397347 40.49080126 31.98155032
 [10] 36.01567812          NA 58.24229006 48.94663433          NA          NA 18.44005136 28.12143648          NA
 [19] 22.84359224 26.73996284          NA 16.29760811          NA          NA          NA 41.98051064 43.81250528
 [28]          NA 30.84670552 51.74346239 46.72639425 35.73402545          NA 53.16631500 50.06759130  9.45052786
 [37] 20.99291627 25.22565800 15.64058326 52.75279296 23.01662671 20.02587310          NA  0.14606978          NA
 [46] 15.27665384 26.94286357 26.00562199          NA          NA 33.13099050 26.80962158          NA          NA
 [55] 13.17433088 21.92994268          NA          NA          NA  6.26720875 36.14541146 33.62097035          NA
 [64] 32.47683519 35.93268698  1.85347764          NA          NA          NA 17.63356813          NA 16.50209760
 [73]          NA 22.36425210  5.28719599 22.92964217          NA 26.60639257          NA          NA          NA
 [82] 17.78320886 20.19374057          NA 13.12082787 14.27874180          NA          NA 35.16166724          NA
 [91]          NA          NA          NA          NA 33.07078827          NA          NA  5.84145333          NA
[100] 40.17521771  8.01590295 26.91643166 24.91605898 17.84438290 19.27216551  0.74354069          NA  3.37625065
[109] 32.40708145 21.78719703          NA          NA 11.51983012          NA          NA 12.44687446          NA
[118]  4.72733690 10.18674602          NA          NA  8.19325874          NA          NA          NA 17.91592215
[127] 11.21244372 12.39151087 10.21073889 29.75432253  3.79288931          NA          NA 10.33353056          NA
[136]          NA  7.29871534          NA          NA 28.72929623 10.96610761  6.90850109          NA 13.38511405
[145] 10.50361130          NA          NA          NA          NA          NA          NA          NA 19.10096403
[154]          NA  7.94608929 23.30857170          NA          NA  8.28909314          NA          NA          NA
[163] 11.67082262 22.51945739          NA          NA 18.59034876 26.08672505          NA          NA  5.01866658
[172]          NA          NA          NA          NA 16.09268915          NA  9.38230690  1.86467098          NA
[181]          NA  7.98521567          NA  7.95080871          NA          NA          NA          NA          NA
[190]          NA 15.06138689          NA 10.29985813          NA          NA          NA          NA  3.10776389
[199]          NA  8.69455916 25.24024206 18.67967514 19.16307124  2.97491845          NA  7.48862666          NA
[208] 16.92374242 27.48605040 21.13907070  5.91241308  0.73758771          NA 17.15353956 17.92350793          NA
[217]  3.74186151          NA          NA  5.69647304          NA  5.03244878          NA          NA          NA
[226]          NA          NA          NA          NA  5.11778530 20.28294024 14.07998817          NA          NA
[235]  3.34964556          NA          NA  8.17803972          NA          NA  0.05050778  0.73440991          NA
[244]          NA  4.57974937  6.50771962          NA          NA  6.70280782 16.02742406          NA          NA
[253]          NA  1.04409715          NA          NA          NA          NA  4.02441659 15.36166971  5.99230052
[262]          NA          NA          NA          NA          NA          NA 19.60978708  9.94389658  2.18532427
[271]          NA          NA  3.28193652  3.85016154 12.42520074          NA          NA          NA          NA
[280]          NA 17.23193851          NA          NA 15.11196303          NA          NA          NA          NA
[289]          NA  3.02234330          NA          NA          NA 19.09009536          NA  3.21645627          NA
[298]          NA          NA          NA          NA          NA          NA          NA          NA          NA
[307]          NA          NA          NA  7.37285817          NA  2.44182037  2.44013235          NA          NA
[316]          NA          NA  9.69887132          NA          NA          NA          NA  3.37381097          NA
[325]          NA          NA          NA          NA          NA          NA          NA 17.36185051          NA
[334]          NA          NA          NA 11.45276570          NA  5.96548331 10.40822387          NA          NA
[343]          NA          NA          NA          NA  7.76147206          NA          NA          NA          NA
[352]          NA  4.22973517          NA          NA          NA          NA          NA          NA          NA
[361]          NA 14.46636181          NA          NA          NA 10.11273593          NA  7.58375820          NA
[370]  5.78501287          NA          NA          NA          NA  7.92045724          NA          NA          NA
[379]          NA          NA          NA  1.66970149          NA  1.56350658          NA          NA 11.31285413
[388]          NA          NA          NA  1.61836570          NA          NA          NA 13.07194584  8.50986464
[397]          NA          NA          NA          NA          NA  7.22052030          NA          NA          NA
[406]          NA  1.00009099          NA          NA          NA          NA          NA          NA          NA
[415]  5.45943205          NA          NA          NA          NA          NA          NA          NA          NA
[424]          NA 11.74820941 10.05490795          NA  7.91257652  0.05542872          NA          NA          NA
[433]          NA          NA          NA  4.46886086          NA          NA          NA          NA          NA
[442]  8.87246746          NA          NA  0.92807196  2.81490973          NA          NA          NA          NA
[451]          NA          NA          NA  0.34425257  3.95853675  3.84458832          NA          NA          NA
[460]          NA          NA          NA  3.44082425          NA          NA          NA          NA          NA
[469]  7.74730630          NA          NA          NA          NA          NA          NA          NA          NA
[478]          NA          NA          NA          NA          NA  8.21795755  1.39573292          NA          NA
[487]          NA          NA          NA          NA  4.25411415  4.21672983  8.34657088  9.29595314  8.70056261
[496]          NA          NA  9.65155956          NA  4.75908274          NA          NA  5.31824359          NA
[505]          NA          NA          NA  5.54844907  3.04111567          NA          NA          NA  6.42184239
[514]          NA          NA          NA          NA          NA  6.67863768          NA          NA          NA
[523]          NA          NA          NA  5.21734215          NA          NA          NA  6.00338221          NA
[532]          NA          NA          NA          NA          NA          NA          NA          NA          NA
[541]          NA          NA          NA          NA          NA          NA          NA          NA          NA
[550]          NA          NA          NA  1.90361695          NA          NA          NA          NA          NA
[559]          NA          NA          NA          NA          NA          NA          NA          NA  7.36318241
[568]          NA          NA          NA          NA          NA          NA          NA          NA  4.05975287
[577]          NA          NA          NA          NA          NA          NA          NA          NA          NA
[586]          NA          NA          NA          NA          NA  5.28139352          NA          NA          NA
[595]          NA          NA          NA          NA          NA          NA          NA          NA          NA
[604]          NA  5.20434089          NA          NA          NA          NA          NA          NA          NA
[613]          NA          NA          NA          NA          NA          NA          NA          NA          NA
[622]          NA          NA          NA          NA          NA          NA          NA          NA          NA
[631]          NA          NA          NA          NA  0.76947120          NA          NA          NA          NA
[640]          NA          NA          NA  1.44660621          NA          NA          NA          NA          NA
[649]          NA  2.45980946          NA          NA          NA          NA          NA          NA          NA
[658]          NA          NA          NA          NA          NA          NA          NA          NA          NA
[667]          NA          NA          NA          NA          NA          NA          NA          NA          NA
[676]          NA          NA          NA          NA          NA          NA          NA          NA          NA
[685]          NA          NA          NA          NA          NA          NA          NA          NA          NA
[694]          NA          NA          NA          NA          NA          NA          NA          NA          NA
[703]          NA          NA          NA          NA          NA          NA

$TS
  [1] 81.53170902 77.00774992 74.54777010 72.09544885 62.14300187 53.93060926 45.79554878 44.57635224 37.96464466
 [10] 36.97401690 18.71371160 59.12496417 56.25147573 53.05836853 38.52974553 27.39741532 70.42669952 68.69173012
 [19] 32.83304206 65.90338941 35.56637715 32.81258997 16.13140228 14.00022616  9.12369813 61.79675932 44.76687660
 [28] 38.25956440 33.42462365 61.45797050 55.40042130 48.48068108 46.44430325 54.99874034 53.90826759 49.20549716
 [37] 49.97977208 51.91567661 52.93814788 52.75300273 45.88471890 44.70227259 10.24285341  6.15265766  0.87004945
 [46] 49.46973606 37.94431075 33.03971469 23.36956789 49.29070480 48.08626546 47.74616588 39.20941365 34.35601628
 [55] 41.72636587 29.76319737  3.37590126 16.79918710 16.08981671 11.22364735 37.22781724 47.41506657 45.76222896
 [64] 34.94472068 36.53134068 36.53126427 42.73268713 41.58319365 38.38414208 37.03052823 34.32904622 23.34077759
 [73] 31.41940247 29.93661696 15.23247853 41.89420284 31.03499774 27.46277998 24.86423337 43.93687494 29.59652051
 [82] 24.36324446 41.07223489 43.57357763 42.94769225 20.03702629 13.80891193  9.05702085 36.10107639 35.83378056
 [91] 22.46540472 19.97626033  1.32364096 18.04492838 36.31814821 22.32100403 18.86863097 16.97311707  5.84244488
[100] 41.85145269 36.13643540 36.82509884 32.01278032 21.35993117 31.38860815  7.11078584  4.33137622 38.81250359
[109] 33.69781937 27.08076672 23.86744969 31.73645047 24.77488876 22.09776687 14.62207708 37.90034942 22.66443890
[118] 18.82806870 16.76220374  3.80784239 14.55640296 14.31516562 35.47345435 32.78696414 17.16277650 20.38816641
[127] 19.63384112 17.35039948 31.99671517 35.99150311 30.67808757 13.77659606  9.79898786 22.46257459 15.32247353
[136] 35.34890735 10.79945121  4.49657664 33.69536972 31.69628025 30.73003110 20.92352010  6.59342810 35.06654098
[145] 29.17245403 28.82448165 21.14995869 15.16347901 10.97661992  3.84356647 21.98287301  6.86303515 30.54107100
[154] 25.31648885 22.58097824 30.99499745 22.33383893 19.86967393 18.43697769 10.40103703  9.41405494 31.43006156
[163] 30.98541305 29.60553140  2.86095331  5.03181990 30.64261324 30.11236095 29.44921339 28.25598027 21.55260477
[172] 18.94977999  6.58963295  5.70972272  2.48642240 19.66846410 18.97437543 17.09891527  8.31920549  7.63402642
[181] 23.75920657 18.97361363 14.17296528 10.96940489  2.90549999  1.78562171 18.46401426 17.18967510  9.11533987
[190] 26.30443157 22.11748998 21.41850603 19.95440362 28.66372986 17.92278978 12.40715647 28.96678780 26.10951102
[199] 13.99395219 29.65884812 28.29179302 28.01386773 27.99616584 23.10140535 19.65649788  8.60279809  4.05383001
[208] 21.84820632 29.35462152 25.04843846 26.20914989 29.47002837 10.79295199 28.55855272 26.13160916 21.82621343
[217]  8.55387292  5.94633003  1.85388581 29.39777504 26.12271447 19.21741373 18.77615843 12.45081551  7.24314631
[226] 26.25711435  1.80290493 15.12971363 10.11312419  6.28229635 25.77729181 22.84948423 20.31483479 15.59845206
[235] 14.74170910 14.28179520 12.53411567 10.97679837 22.43214829 22.16656523 13.53400891  4.43368425 25.12605356
[244] 23.95202637 13.92946026 16.68859803 11.81563166  9.31962621 25.50049685 24.19779489  4.65973319 20.74327338
[253] 14.89120261 10.89408486  4.49358142  1.36887250 24.93307685 23.82129582 13.76310666 25.64458933 21.88674449
[262] 21.02549676 20.36259877 16.47156961 21.60343448 16.85425641 13.42927131 23.76578840 21.26404282 23.40953214
[271]  2.82727603 21.35911369 14.77781920 22.03804867 21.94068789  7.25985439  5.95162711  5.33204207  1.27628918
[280] 12.51585356 22.82838820 15.87091226 17.63493297 16.96211340  8.00144438  1.05916599  0.37672817 14.06059552
[289] 10.62095144  8.04997281  5.19806866  3.91207594  1.73863258 20.85336887 20.58184519 17.25815826  8.33127406
[298] 18.77298897 19.25184496  4.08820638 22.49349860  7.67359305  0.21695459  4.57139689  1.01654194 12.10364977
[307]  0.69422840 17.02275189 12.00830021 16.79719975 19.33092718 15.41311031 21.50012507 16.53465539 10.22392753
[316] 11.84645106  1.45373110 18.42864289 15.44166889 21.48725152 10.01452343 21.07479432 16.85500576  5.29726985
[325] 10.13256369 20.56849147 17.36379610 17.10907486 12.32382306 11.53243751 18.72801670 18.52608476 15.40024923
[334]  9.02965107  5.80588016 13.36241826 14.68264550  7.07249729 19.21024209 19.12042475 16.73231896 10.04215235
[343] 18.63903420 18.43227187  5.49602128 18.21399815 16.64983022 18.28312896 10.12742104 12.56244479 17.49989212
[352] 15.16408493 14.35231747  5.33313913  9.27628092  4.41671807  0.08711200 16.17658474  9.25820609 14.51017263
[361]  6.08038606 15.20800023  2.79221883 15.11615180 15.84886404 17.38234223  0.04512754 16.33952178  2.39499364
[370] 13.00266199  5.22227914  3.81172548  1.86892379  5.01197924  9.35168369  9.32576419 11.34870971  6.78663471
[379] 15.77560867 15.49938232  2.80104928 15.07965766  6.06663457 10.37456503 13.11699458  5.89672079 12.50542061
[388]  3.49446631  0.04850582 13.97667390 12.90170011  3.53725897 16.50256747  6.29383750 15.79242837 15.07610612
[397] 13.96745246 12.95545360  3.86511088 14.98885858 16.85657724 16.11805706  5.56461488  3.78516172  8.59919567
[406]  7.36866842 15.09548068 11.89842399  0.97300613  8.31075757 16.72268730 12.96201826  2.32825819  0.44492623
[415] 15.97869147 12.94341745 12.75003150 10.04274405  8.95792676  5.26807298  1.11770974  0.49454227  9.03694797
[424]  5.16527972 13.64566468 11.15158953 12.43302917 14.98123803 11.44782319  7.62436539  4.11810324  0.77363035
[433]  7.48357822  4.99033114  2.60794093 11.14784231  9.85255649  9.58429863 11.96682864  7.89301171  6.43153460
[442] 13.52458587 13.08912277  4.15938366 10.39559227  2.98256846  0.41415954  0.32965511 10.75232597  4.79748389
[451]  9.87111720  7.10979886 13.77936742 11.35967690  9.59644707  9.49799261 10.35977881  5.48920687 10.39307610
[460]  8.64765314  4.04878984  4.85099156  4.15580481  1.34258598  0.15592582  8.91945376  6.55273589  4.93528443
[469] 13.68022342  8.53476124  7.81211490  2.77750661  2.72093643  0.96849520 11.57552449  7.34004905  6.51819840
[478]  1.84855711  9.91442864  4.53820112  3.75662392  3.45653691 13.72947620  2.71601001 13.37774365  9.81194750
[487]  2.09102985 11.93638375  1.00758170  0.31139726  8.88388027  5.75663380 12.45509812 12.23781201 10.49903528
[496] 11.92406702 10.15410610 13.29750664 10.43903596  8.70488777 13.25062948 10.45776463 10.06562984  7.33530151
[505]  3.70954482  0.37413006  7.64298124  8.84285904  6.82926696  9.66627875  3.19409218  1.99823775 11.06012828
[514]  7.41627330  7.07611233  6.53926665  9.61608701  0.33478056  9.64452704  5.02177400  8.27145858 11.45060813
[523]  0.99077765  0.78895106  6.35275063 11.10659666  7.60551360  4.77496973  3.00387959 10.05834787  3.00207022
[532]  2.98876922  0.65202220  5.10144125 10.42994630  2.14430621 10.33631841  6.67734669 10.76861342  5.62721612
[541]  1.59425351  0.96733521  1.95860451  8.55009561  6.19682803  5.81797663  9.71140220  7.11879032  6.08972360
[550]  9.41360441  1.63359333  9.13321201  6.13821537  2.81544644  1.94336700  5.18562745  8.26174437  8.54121765
[559]  6.31538090  2.79596190  9.33358267  6.16844886  1.64887301  2.51687695  7.39120654  2.76175345  9.45830538
[568]  7.89276055  5.89592769  0.11420426  6.68232289  7.61412285  7.47150259  4.56856879  4.20272866  8.66555885
[577]  7.98309292  0.24331065  5.41963797  7.33982715  6.84830152  1.24607572  7.27189561  6.28083547  1.20198500
[586]  0.18776271  4.88889907  4.44537929  5.59027938  1.42770735  7.81040977  5.38643281  3.91825663  7.93209970
[595]  4.32512398  2.33822605  5.67264382  3.48187642  0.12113518  3.22971702  3.97441291  3.79749646  2.60333473
[604]  2.31650122  7.11011982  4.55502948  3.35504971  3.46579206  6.19253103  3.97452271  6.19547923  2.77623073
[613]  4.77807815  5.95079389  3.87543339  5.50197947  2.84565051  3.83647493  5.95746300  5.79567278  5.57631639
[622]  2.77236567  4.17313888  5.70985798  3.44706262  4.26274926  5.26441398  4.55932467  4.01692019  0.89725307
[631]  0.58928546  2.84045743  5.06479779  4.73096264  0.81581414  3.78362685  2.44046664  4.66243218  0.44988719
[640]  5.17611120  3.60898704  0.22942537  3.23734760  1.88934895  2.91774828  3.65868798  0.31054881  3.06878543
[649]  4.01278975  3.38033050  0.09765518  2.58150658  0.54799657  2.57663599  0.07837520  3.99915592  3.89745275
[658]  2.54612557  3.97020756  1.47191354  2.55943596  2.41097192  2.26643785  1.01551616  0.93980402  1.19373668
[667]  0.52850222  2.48188697  1.67892567  3.66102619  3.27682430  3.06307917  0.18640750  3.20363771  2.52250425
[676]  0.59618160  2.17510242  0.47563066  0.23508324  2.82663332  0.43850648  0.36539230  2.14898029  2.62135643
[685]  2.12082041  2.52431667  0.67321482  0.62779970  0.71103356  1.45110561  1.31576333  2.05658202  2.07392136
[694]  0.92147110  0.05531297  1.11875972  0.23146927  0.13570549  0.06462689  1.13423197  0.61965635  0.57674249
[703]  0.01969405  0.59116667  0.32776147  0.30179191  0.20355586  0.03088571

$PAR
  [1]  NA   1   1   1   1   1   1   1   1   1   1   2   2   2   2   2   3  17  17  18  18  18  18  18  18  20  20  20
 [29]  20   5   5   5   5  30  13  13   6  35  14  14  14  14  14  14  14  39  39  39  39  38  37  37  37  37  50  50
 [57]  50  36  36  36  51  52  52  52  62  62  33  33  33  33  33  33  41  41   7  63  63  63  63  27  42  42   8  80
 [85]  80  80  80  80  84  84  84  84  84  85  67  67  67  67  67  76  76  55  55  55  68  68  68  83  83  83  83  53
[113]  53  53  53 108 108 108 108  15  69  69  28  28  28 116 116 116 102  66  66  66  66 101 101 130  90  90  21  21
[141]  21  21  21 123 123 123 123 123 123 123 136 136 144 144 144  54  54  54  54  54  54  71  71  71  71 139  48  19
[169]  22  22  22  22 124 124 124 129 129 112 112 112 162 162 162 162 162 162  73  73  73 105 105 105 105  77  77  77
[197] 156 163 163 141 131 131 131 131 131 131 131 167 153 153 168  56 200 164  81  81  81  81  81 212 212 212 212 212
[225] 212 169 169 220 220 220 145 145 145 145 145 145 145 145 197 197 197 197 146 146 146 194 170 170 202  16 190 226
[253] 226 226 226 226 211 211 211 215 221 221 221 221 198 198 198 249 249 154 154 243 243 210 257 257 257 257 257  79
[281] 113 113 244 244 244 244 244  49  49  49  49  49  49  72 204 204 204 232 281 117 155 301 301  91  91 239 239 157
[309] 157  96 240 240 114 274 274 151 151 275 275 261 216 265 265 265 171 313 313 320 320 320 192 272 272 147 262 295
[337] 263 263  86  92  92  92 193 193 158 176 176 205 205 127 311 311 311 311 299 299 299 222 222 339 339 340 172  97
[365] 118 223 223 298 298 331 331 331 331  11 343 343 344 344 348 348 348 346  94 195 283 283 351 351 351 366 327 327
[393] 128 296 188 328 328 328 328 178 308 308 308 308 401 323 266 266  58 310 341 341 411 411 347 314 314 314 314 314
[421] 314 314 393 264 368  23  59 415 282 282 282 379 234 234 319 333 333 135  75  75  75 352 352 352 148 228 364 364
[449] 407 407 382 382 396 396 396 396 428 273 235 235 235 115 115 115 121 360 360 360 353 122 236 236 236 183 288 288
[477] 288 288 390 390 390 390 397 397  87  87 453 132 132 132 259 259 483 469 469 241 241 442 267 267 485 336 336 385
[505] 385 443 412 417 417 350 237 224 427 427 427 329 494 439 488 488 496 408 316 316 247 475 475 330 330 522 429 429
[533] 429 454 377 377  60  60 426 539 539 289 535 160 445 445 457 537  43 315 315 325 229 229 418 342 321 479 479 479
[561] 451 451 451 437 486 486 547 547 510 510 517 438 456 161 161 355 552  25 189  88  88  88 423 423 334 334 466 558
[589] 470 470 410 521 521 557 290 285 440 440 302 180 430 430 580 276 548 548 548 106 515 338 581 581 509 378 378 143
[617] 525 559 394 230 584 584 545 562 549 383 619 569 569 569 335 620 492 589 589 403 345 458 579 278 291 534 633 374
[645] 468 462 462 613 638 304 574 606 138 588 107 595 595 623 444 461 629 629 601 657 657 615 602 404 404 636 641 608
[673] 625 650 671 600 531 532 645 185 165 271 612 473 473 684 603 661 675 175 175 536 685 644 373 293 293 551 660 256
[701] 691 421 687 533 681 506 490 699

$EXTANT
  [1] FALSE FALSE FALSE FALSE FALSE FALSE FALSE FALSE FALSE FALSE  TRUE FALSE FALSE  TRUE  TRUE FALSE FALSE  TRUE FALSE
 [20] FALSE  TRUE FALSE  TRUE  TRUE  TRUE FALSE FALSE  TRUE FALSE FALSE FALSE FALSE  TRUE FALSE FALSE FALSE FALSE FALSE
 [39] FALSE FALSE FALSE FALSE  TRUE FALSE  TRUE FALSE FALSE FALSE  TRUE  TRUE FALSE FALSE  TRUE  TRUE FALSE FALSE  TRUE
 [58]  TRUE  TRUE FALSE FALSE FALSE  TRUE FALSE FALSE FALSE  TRUE  TRUE  TRUE FALSE  TRUE FALSE  TRUE FALSE FALSE FALSE
 [77]  TRUE FALSE  TRUE  TRUE  TRUE FALSE FALSE  TRUE FALSE FALSE  TRUE  TRUE FALSE  TRUE  TRUE  TRUE  TRUE  TRUE FALSE
 [96]  TRUE  TRUE FALSE  TRUE FALSE FALSE FALSE FALSE FALSE FALSE FALSE  TRUE FALSE FALSE FALSE  TRUE  TRUE FALSE  TRUE
[115]  TRUE FALSE  TRUE FALSE FALSE  TRUE  TRUE FALSE  TRUE  TRUE  TRUE FALSE FALSE FALSE FALSE FALSE FALSE  TRUE  TRUE
[134] FALSE  TRUE  TRUE FALSE  TRUE  TRUE FALSE FALSE FALSE  TRUE FALSE FALSE  TRUE  TRUE  TRUE  TRUE  TRUE  TRUE  TRUE
[153] FALSE  TRUE FALSE FALSE  TRUE  TRUE FALSE  TRUE  TRUE  TRUE FALSE FALSE  TRUE  TRUE FALSE FALSE  TRUE  TRUE FALSE
[172]  TRUE  TRUE  TRUE  TRUE FALSE  TRUE FALSE FALSE  TRUE  TRUE FALSE  TRUE FALSE  TRUE  TRUE  TRUE  TRUE  TRUE  TRUE
[191] FALSE  TRUE FALSE  TRUE  TRUE  TRUE  TRUE FALSE  TRUE FALSE FALSE FALSE FALSE FALSE  TRUE FALSE  TRUE FALSE FALSE
[210] FALSE FALSE FALSE  TRUE FALSE FALSE  TRUE FALSE  TRUE  TRUE FALSE  TRUE FALSE  TRUE  TRUE  TRUE  TRUE  TRUE  TRUE
[229]  TRUE FALSE FALSE FALSE  TRUE  TRUE FALSE  TRUE  TRUE FALSE  TRUE  TRUE FALSE FALSE  TRUE  TRUE FALSE FALSE  TRUE
[248]  TRUE FALSE FALSE  TRUE  TRUE  TRUE FALSE  TRUE  TRUE  TRUE  TRUE FALSE FALSE FALSE  TRUE  TRUE  TRUE  TRUE  TRUE
[267]  TRUE FALSE FALSE FALSE  TRUE  TRUE FALSE FALSE FALSE  TRUE  TRUE  TRUE  TRUE  TRUE FALSE  TRUE  TRUE FALSE  TRUE
[286]  TRUE  TRUE  TRUE  TRUE FALSE  TRUE  TRUE  TRUE FALSE  TRUE FALSE  TRUE  TRUE  TRUE  TRUE  TRUE  TRUE  TRUE  TRUE
[305]  TRUE  TRUE  TRUE  TRUE  TRUE FALSE  TRUE FALSE FALSE  TRUE  TRUE  TRUE  TRUE FALSE  TRUE  TRUE  TRUE  TRUE FALSE
[324]  TRUE  TRUE  TRUE  TRUE  TRUE  TRUE  TRUE  TRUE FALSE  TRUE  TRUE  TRUE  TRUE FALSE  TRUE FALSE FALSE  TRUE  TRUE
[343]  TRUE  TRUE  TRUE  TRUE FALSE  TRUE  TRUE  TRUE  TRUE  TRUE FALSE  TRUE  TRUE  TRUE  TRUE  TRUE  TRUE  TRUE  TRUE
[362] FALSE  TRUE  TRUE  TRUE FALSE  TRUE FALSE  TRUE FALSE  TRUE  TRUE  TRUE  TRUE FALSE  TRUE  TRUE  TRUE  TRUE  TRUE
[381]  TRUE FALSE  TRUE FALSE  TRUE  TRUE FALSE  TRUE  TRUE  TRUE FALSE  TRUE  TRUE  TRUE FALSE FALSE  TRUE  TRUE  TRUE
[400]  TRUE  TRUE FALSE  TRUE  TRUE  TRUE  TRUE FALSE  TRUE  TRUE  TRUE  TRUE  TRUE  TRUE  TRUE FALSE  TRUE  TRUE  TRUE
[419]  TRUE  TRUE  TRUE  TRUE  TRUE  TRUE FALSE FALSE  TRUE FALSE FALSE  TRUE  TRUE  TRUE  TRUE  TRUE  TRUE FALSE  TRUE
[438]  TRUE  TRUE  TRUE  TRUE FALSE  TRUE  TRUE FALSE FALSE  TRUE  TRUE  TRUE  TRUE  TRUE  TRUE  TRUE FALSE FALSE FALSE
[457]  TRUE  TRUE  TRUE  TRUE  TRUE  TRUE FALSE  TRUE  TRUE  TRUE  TRUE  TRUE FALSE  TRUE  TRUE  TRUE  TRUE  TRUE  TRUE
[476]  TRUE  TRUE  TRUE  TRUE  TRUE  TRUE  TRUE FALSE FALSE  TRUE  TRUE  TRUE  TRUE  TRUE  TRUE FALSE FALSE FALSE FALSE
[495] FALSE  TRUE  TRUE FALSE  TRUE FALSE  TRUE  TRUE FALSE  TRUE  TRUE  TRUE  TRUE FALSE FALSE  TRUE  TRUE  TRUE FALSE
[514]  TRUE  TRUE  TRUE  TRUE  TRUE FALSE  TRUE  TRUE  TRUE  TRUE  TRUE  TRUE FALSE  TRUE  TRUE  TRUE FALSE  TRUE  TRUE
[533]  TRUE  TRUE  TRUE  TRUE  TRUE  TRUE  TRUE  TRUE  TRUE  TRUE  TRUE  TRUE  TRUE  TRUE  TRUE  TRUE  TRUE  TRUE  TRUE
[552]  TRUE FALSE  TRUE  TRUE  TRUE  TRUE  TRUE  TRUE  TRUE  TRUE  TRUE  TRUE  TRUE  TRUE  TRUE FALSE  TRUE  TRUE  TRUE
[571]  TRUE  TRUE  TRUE  TRUE  TRUE FALSE  TRUE  TRUE  TRUE  TRUE  TRUE  TRUE  TRUE  TRUE  TRUE  TRUE  TRUE  TRUE  TRUE
[590]  TRUE FALSE  TRUE  TRUE  TRUE  TRUE  TRUE  TRUE  TRUE  TRUE  TRUE  TRUE  TRUE  TRUE  TRUE FALSE  TRUE  TRUE  TRUE
[609]  TRUE  TRUE  TRUE  TRUE  TRUE  TRUE  TRUE  TRUE  TRUE  TRUE  TRUE  TRUE  TRUE  TRUE  TRUE  TRUE  TRUE  TRUE  TRUE
[628]  TRUE  TRUE  TRUE  TRUE  TRUE  TRUE  TRUE FALSE  TRUE  TRUE  TRUE  TRUE  TRUE  TRUE  TRUE FALSE  TRUE  TRUE  TRUE
[647]  TRUE  TRUE  TRUE FALSE  TRUE  TRUE  TRUE  TRUE  TRUE  TRUE  TRUE  TRUE  TRUE  TRUE  TRUE  TRUE  TRUE  TRUE  TRUE
[666]  TRUE  TRUE  TRUE  TRUE  TRUE  TRUE  TRUE  TRUE  TRUE  TRUE  TRUE  TRUE  TRUE  TRUE  TRUE  TRUE  TRUE  TRUE  TRUE
[685]  TRUE  TRUE  TRUE  TRUE  TRUE  TRUE  TRUE  TRUE  TRUE  TRUE  TRUE  TRUE  TRUE  TRUE  TRUE  TRUE  TRUE  TRUE  TRUE
[704]  TRUE  TRUE  TRUE  TRUE  TRUE

