
Birth-death simulation object with 690 species and 500 extant species

Details for some species:

Extinction times (NA means extant)
[1] 65.03313 92.16484 61.03336 72.55042       NA 66.82917


Speciation times 
[1] 95.58169 94.05799 88.87045 82.52647 75.10712 78.42143


Species parents (NA for initial)
[1] NA  1  1  1  3  4


Species status (extinct or extant)
[1] "extinct" "extinct" "extinct" "extinct" "extant"  "extinct"


For more details on vector y, try sim$y, with y one of
TE TS PAR EXTANT



$TE
  [1] 65.03312831 92.16483545 61.03336122 72.55041870          NA 66.82917024 38.71118338 55.62045529 61.49867505
 [10] 40.02138507  2.14037962 34.60371822          NA 10.40670439          NA          NA 16.38939055          NA
 [19] 23.07876893 53.21363937 51.87809426 47.90374648 33.81326258 26.67785529 27.40454950 30.53511680 43.05209830
 [28]          NA 54.24618659 43.91692411 26.87098780  2.99572692          NA  5.54449849 21.91444399 42.76310930
 [37] 44.23700528 43.84748229          NA          NA          NA          NA          NA  3.71839451 17.53824782
 [46]  3.70199888          NA          NA  3.51197087 32.61000952 29.63074819 21.01429680  0.65117676          NA
 [55]          NA          NA          NA          NA  8.20367473  9.10204273          NA          NA  9.37287532
 [64] 34.21395878 13.55175240 10.22657743          NA 19.08534785          NA          NA 35.12321573          NA
 [73]          NA          NA  8.75913172  9.74640799          NA          NA          NA 10.51537711          NA
 [82]          NA 36.17635538 32.96696052          NA 13.65035980  8.74253646 19.05054916  9.29081135  0.65266713
 [91]          NA 16.90705040  1.11641545 15.60078276          NA          NA          NA          NA          NA
[100]          NA          NA  7.30457911  7.80513683          NA          NA          NA          NA          NA
[109]          NA          NA 15.05708861          NA          NA  9.01249620 37.79789231          NA 29.31620362
[118]          NA          NA 12.10859227 24.94218565 10.91773681 17.66985622          NA 10.24088564 16.76966569
[127]  8.26364148          NA 31.35834498 26.07494414          NA          NA 18.30631599          NA  2.71297564
[136]          NA 28.11368411  9.85544362          NA          NA          NA          NA 21.96184557 15.49923166
[145] 32.64314492          NA          NA          NA 10.09001573          NA          NA          NA 11.75274383
[154]  0.95440622 19.27672800          NA  1.64360967          NA          NA          NA          NA 14.88884183
[163]          NA          NA          NA          NA          NA          NA          NA          NA 14.07273833
[172] 14.79638961          NA          NA          NA          NA          NA 13.27140302  3.45082993  4.71801907
[181]          NA  7.50155437  1.40061003 24.01771754 10.07947797          NA 19.43619613  1.67061680          NA
[190]  7.15909319          NA          NA          NA          NA 13.83929810          NA 23.98784478          NA
[199]          NA  5.05559438  2.78433064          NA          NA          NA  0.66935087  7.84389702          NA
[208]          NA          NA 21.43636482          NA          NA          NA          NA 17.20333805          NA
[217]          NA          NA          NA          NA          NA          NA  1.05618632 15.99878951          NA
[226]          NA          NA  2.95492696 20.61439971          NA          NA          NA          NA 12.46703435
[235]          NA          NA          NA 24.08212098 19.98180008          NA 19.95384837 11.01781420  5.39144391
[244]          NA 20.76818342          NA  8.29574433          NA 10.54376863          NA 16.19636482          NA
[253]          NA          NA          NA          NA  0.44249895          NA          NA          NA  7.44823620
[262]  9.25384141          NA  1.11496430          NA          NA          NA  3.91635768          NA  6.10795081
[271]          NA          NA          NA          NA          NA          NA          NA          NA          NA
[280]          NA          NA  0.28829877          NA  8.05404365          NA 14.87144689          NA          NA
[289]          NA  2.28768432          NA  2.67981996  2.79799644          NA  8.14922631          NA  5.12826991
[298]          NA          NA 14.52524056          NA          NA          NA          NA          NA          NA
[307]  5.48603761          NA          NA          NA          NA 10.67738247          NA  5.20307101          NA
[316]          NA          NA          NA  6.38933504 11.00517714          NA          NA  3.64344180  8.50773120
[325]          NA          NA          NA          NA          NA  1.15329238          NA          NA          NA
[334]          NA 12.31752613  8.67331281          NA          NA          NA          NA  3.02526426          NA
[343]          NA  0.66007915  4.41240676          NA          NA          NA  6.66910520  5.47846652          NA
[352]          NA          NA          NA 14.73692971  6.00519007 14.74829853          NA          NA          NA
[361]          NA          NA          NA          NA          NA          NA  1.88430716  0.60658540          NA
[370]          NA          NA          NA          NA          NA          NA          NA  4.89043218          NA
[379]          NA          NA 13.39880766          NA          NA  4.05786206          NA          NA          NA
[388]          NA          NA          NA          NA  4.93353296  8.52886548          NA          NA          NA
[397]          NA          NA          NA          NA          NA          NA          NA          NA  4.54680613
[406]          NA          NA  4.60720274          NA          NA          NA          NA          NA          NA
[415]          NA  9.76461540          NA          NA  0.65893783          NA          NA          NA  6.98367482
[424]          NA  0.40167565          NA          NA          NA  4.97026080          NA          NA          NA
[433] 12.36057592          NA          NA  1.64828035          NA          NA          NA          NA          NA
[442]          NA          NA  7.27842196          NA          NA          NA          NA          NA          NA
[451]          NA          NA          NA          NA          NA          NA          NA          NA          NA
[460]          NA          NA          NA          NA 11.36826427  7.29717900          NA          NA          NA
[469]          NA          NA          NA          NA  2.41803847          NA          NA          NA  0.01867449
[478] 12.61204459          NA          NA          NA          NA          NA          NA          NA          NA
[487]          NA          NA          NA          NA          NA  0.91358399          NA          NA          NA
[496]          NA          NA          NA          NA          NA          NA          NA  5.20546881          NA
[505]          NA          NA          NA          NA          NA          NA          NA          NA          NA
[514]          NA          NA          NA          NA          NA          NA          NA          NA          NA
[523]          NA  4.12675587  3.36250193          NA          NA  0.98385168          NA          NA          NA
[532]  3.90681163  5.54038761  2.59929982          NA          NA          NA          NA          NA          NA
[541]          NA          NA          NA          NA          NA          NA          NA          NA          NA
[550]          NA  1.22904592          NA          NA          NA          NA          NA          NA          NA
[559]          NA          NA          NA  2.09459446          NA          NA          NA          NA          NA
[568]          NA          NA  5.22610589          NA          NA          NA          NA          NA          NA
[577]          NA          NA          NA          NA          NA  1.32334965          NA          NA          NA
[586]          NA          NA          NA          NA          NA          NA          NA          NA          NA
[595]          NA          NA          NA          NA          NA          NA          NA          NA          NA
[604]          NA          NA          NA          NA          NA          NA          NA          NA          NA
[613]          NA          NA          NA          NA          NA          NA          NA          NA          NA
[622]          NA          NA          NA          NA          NA          NA          NA          NA          NA
[631]          NA          NA          NA          NA  1.52150056          NA          NA          NA          NA
[640]          NA          NA          NA          NA          NA          NA          NA          NA          NA
[649]          NA          NA          NA          NA          NA          NA          NA          NA          NA
[658]          NA          NA          NA          NA          NA          NA          NA          NA          NA
[667]          NA          NA          NA          NA          NA          NA          NA          NA          NA
[676]          NA          NA          NA          NA          NA          NA          NA          NA          NA
[685]          NA          NA          NA          NA          NA          NA

$TS
  [1] 95.581690498 94.057986384 88.870448318 82.526466969 75.107124445 78.421425556 73.672047892 71.386770934
  [9] 69.381955502 52.860923266 40.846049086 36.522370781 35.870289750 12.321259460  7.102329393 48.951139100
 [17] 44.995930203 40.335283594 62.786827555 60.890085853 59.451575458 59.162344971 44.165946202 39.864887501
 [25] 28.370160404 58.849049366 55.422595196 48.208264049 57.896900258 52.462055869 37.284246028 32.324882783
 [33] 52.319663364 50.319192858 44.743232314 43.355998119 49.550031815 48.667078532 46.224484826 45.575614502
 [41] 30.420675470 23.557301663 23.261893407 21.677461920 21.298764414 15.931384098 12.650062282  4.860437632
 [49]  3.896847659 42.959528996 37.893416022 37.706258190 30.742800855 30.686646933 21.185892259 18.680124383
 [57]  6.318279801 42.796568546 22.737927789 13.705683103 12.946377444  5.548940597 42.047462973 37.491309665
 [65] 27.823109562 27.125199154 22.640609798 20.097633543 18.422801209  2.581874598 42.142365737 13.320040781
 [73]  7.560023795 29.870494073 25.211340762 19.158717361 40.575107193 29.612814753 26.092665253 36.855364157
 [81] 41.733122616 38.055139067 36.815796441 34.009222819 33.986095906 42.317216338 27.544005083 25.870945526
 [89] 19.871894524 16.799414105 36.247600878 23.918475809 30.649546059 19.070290141 12.854356165  8.521506498
 [97]  8.496859604  6.966108162  5.237507829  0.085670466 37.815415015 23.565561540 18.731337405  2.646193842
[105] 27.414212550 20.489763862 18.115798721 17.137556851  8.145085166  1.498419906 27.042881155 22.791847771
[113] 18.924359114 10.757591960 38.286317074 28.439657194 32.187362271 23.279667157 16.570049361 15.809078995
[121] 36.174436376 35.178771957 35.401748611 32.268494096 17.836391018 27.321202732 22.017920395 37.087802407
[129] 34.937141467 28.768165158  0.728883568 30.945009486 23.810070678 21.261832840 15.844775284 15.705676509
[137] 29.473037233 20.030539816 19.288706219  2.551894929 34.949000993 27.041378630 22.943185285 20.757623195
[145] 34.437426961 27.049994999 19.866453697 13.705053855 20.582784726 11.461179531 10.238601649  3.382251300
[153] 29.186384076 23.945580570 19.758482183 29.272653191 12.435610079  3.971003387  0.743788555 31.856887318
[161] 26.182618454 25.488537612  5.138677663  3.865515974 20.998672228  8.183148494 29.708742111 27.683809709
[169] 26.347947461 25.577397281 20.872153444 17.331365656 30.211195326 10.793869845 18.216412785 15.139937650
[177] 11.652131895 21.563233566 11.048090852 28.167318336 29.377431913 14.884996314 12.316899605 26.198072957
[185] 20.197893460 12.590902946 25.522552506 25.498565683  0.109177648 20.798962451 12.742365273 10.544123859
[193]  0.698333313 24.235178723 21.964878307  7.466412656 25.213656195 24.728693972 16.298789635 14.977400108
[201] 14.368845607  6.596337174  1.218374096 24.743315156 22.765256061 13.741829553  7.657333458  7.232729074
[209] 20.238327537 22.240125707 19.806018432 23.034226018  7.278567200  1.127608373 23.934571383 26.011980247
[217]  9.871924334  9.555408173 20.608987144 19.215378945 18.873805290 11.476247189 24.967967976 18.869570081
[225] 13.890847910  6.857860090  2.326014156 25.636917283 24.888986007 17.224319394 14.123304861  5.564844195
[233] 17.772173084 12.846831921  9.445335509  2.489605051  1.879208468 25.291938577 24.472114983 23.401921831
[241] 20.120463094 20.357308891 21.717555730 17.649298392 21.588759329 15.024370323 13.186854105 15.805693670
[249] 12.909251592 10.949602645 20.997536576 21.807019806 14.868229724  5.009606959 21.141836425 14.429084622
[257]  1.427046290 19.886955356 12.275147062  1.891436987 20.267891915 23.449840075 12.593444453 18.214693010
[265] 16.777918851  9.333233587 12.421887380 11.473028285 12.999672494  9.884648081  5.217759835  1.316401211
[273] 15.084300054  1.723781465 11.757644898 16.453880162 15.513341224 13.951954867  3.994951388 21.940488611
[281] 16.293028096 15.460658470 21.792516947 19.591871320 19.340128150 18.489308666  5.379010059 15.314056208
[289] 14.283550639  2.291188503 17.807819903  8.761834385 14.067852699 19.384137502 14.691358015  8.074733934
[297]  8.065572048 21.422217210  8.895091984 18.530796786  7.235493207 20.350650410 15.705234897  9.185659167
[305] 13.532866079 12.796985198  7.921663153  2.809916994  1.442138889 20.187444178 18.658404113 12.129835114
[313]  8.716205352 16.750971807 15.376874709  6.525086972  5.685986388  1.895612585 19.074775875 16.786183068
[321] 10.562580987  7.495400513 11.019788627 19.889611671  2.058676440 18.817207979 18.884268825 16.894626959
[329]  2.666057473  1.509942209 14.331862702 11.307548419  6.105719413  5.809068809 17.267016217  9.959192081
[337]  6.705112452  4.760561035  0.210571860 16.253131770  5.010719172  5.820165535 15.006513524  6.747893699
[345] 16.823109564 10.137080590 16.584722869 10.302024068 10.208033696 10.192220849  9.590271143  8.820103633
[353] 10.687029910 18.267058242 16.010286213 10.477056891 17.152764135 18.618245809  8.256218625  7.716161584
[361]  0.219089038 17.042776781 16.847493437  7.556164811  9.224517361  4.497615370  4.186428144  3.328661124
[369] 12.354101265  5.525443886  4.985965424 16.766126251 13.442350573  7.840621041  0.721424826 15.239137109
[377]  8.415905373  0.947184410  1.085948967  9.988995016 16.561727674 13.021530032  8.305065025  4.209963119
[385]  3.198151737  4.306810374  2.212074056  1.194839746 10.026128607  5.535330541  2.711263482 15.813098743
[393] 10.226175602 11.075860355  6.961095733  1.118972548 16.121358907 11.697948302  0.643848895 16.428809427
[401] 10.475957734  7.076312869 14.727975861  7.534305703  6.984053643  4.972113129  7.260639711  7.190872643
[409]  6.993254943  1.951596856 14.341946466  6.260133598  5.037223551 13.552341294  6.574678431 15.706311270
[417]  6.258757191  6.074542460  1.387919002 14.081269509 15.528399131 14.472841366 13.439076754  9.745391199
[425]  8.839725705  8.084834493 14.212092437  5.347935973  5.187103671  5.146818087  3.718136412  2.090357955
[433] 14.779291261 14.776090047 13.228355580  3.347684688 14.861315713  5.920244512  5.203738301  4.115512030
[441]  5.290589970 10.060611955  9.318337074  9.041153142 11.673101010  4.895748617  2.916731923  1.717557445
[449]  6.011159131  1.616189153 12.309204436  6.071073308  9.629613255  3.671846097 12.642798369  3.332321652
[457] 10.995351375  3.671784140 13.400000564  8.266720411  3.259240503  9.461670781 10.730997386 13.204071672
[465] 11.291956719  3.690291387 11.835242347 10.391631815  4.607756425  4.812219257  4.018012744  1.868489061
[473]  5.286469839 13.085908939  0.700555280 12.130173892  8.601005860 12.922834845  5.091455568 10.323348576
[481]  1.862532267  3.702246881  3.994201786  7.189813944  2.062231040  8.497435545  0.356952764  5.292092709
[489]  4.661476308  3.720589455  1.365778955 11.723986719  6.683180480  5.795307107  4.817649987  3.526271409
[497]  5.580006620  9.265404700  8.547185555  0.990131198 10.983716304  7.406150788 10.833731688  8.251061156
[505]  1.547549433  3.555920981 10.744293185  9.891869800  9.728949578  0.570988996  5.177509160  6.316782378
[513]  9.933581632  7.887386472  9.730879483  2.216835046  9.380194096  6.927980670  1.402672127  3.551538993
[521]  2.462279477  8.210579503  1.138988745  4.670424586  3.443964993 10.259476532  7.245538444  1.934125293
[529]  3.749585352  2.096073052  6.669462360  5.198560790  8.135154237  3.745290139  6.632732016  0.884525895
[537]  8.030086973  2.690559607  0.902483800  6.362843491  5.632870377  3.110800178  8.874358698  2.212842745
[545]  6.757612540  5.754093197  3.469925002  2.580944947  7.467885911  9.016909479  6.078395888  5.046509414
[553]  3.021798547  0.936339203  0.003594438  0.176669730  6.471782416  5.910697897  7.713118125  3.640650323
[561]  4.650361054  6.424804499  8.816423443  8.769004279  2.707558869  2.813064437  5.008044155  8.112899640
[569]  8.223483936  6.748488858  3.879626403  4.167071647  8.064091852  8.203442798  5.346997368  5.042007040
[577]  7.106102017  5.328138417  2.132470488  2.829589605  0.427902707  3.430435786  0.467022674  6.811388434
[585]  5.812189223  7.069561865  7.826371727  7.307532847  0.099334433  1.563183427  7.362333987  3.098467378
[593]  2.461743658  0.063678022  0.900342775  0.088993173  3.944466491  1.143551743  5.742346423  5.693864658
[601]  6.167779370  2.468594719  0.637527221  4.670656866  4.979232500  3.460996553  0.212588867  1.778728938
[609]  3.972987468  5.316188589  6.295298305  2.213658265  3.935614056  4.141843608  3.591558120  5.148493217
[617]  6.217297507  2.938653833  0.691323919  1.168224839  0.530830503  5.021059737  5.689004682  3.108426332
[625]  1.283794789  4.800719331  0.193906432  3.944077803  1.876158721  3.472323817  3.867482687  0.675502301
[633]  3.253855773  2.521188310  2.300818835  0.098942726  2.091158988  4.077016003  0.392018915  4.562304254
[641]  3.486327442  0.080330617  2.313666037  0.651605247  2.725057543  0.247294008  1.721367962  0.480790800
[649]  2.415693607  1.908771648  0.584200193  3.043825744  3.208301025  1.542491573  3.087223284  1.037474999
[657]  0.142491861  1.420811211  2.956338521  2.562349401  0.998801269  3.004136295  2.700339694  1.938212290
[665]  1.829263088  1.068692677  2.525375549  0.042533293  2.514342462  1.705908442  0.910859218  1.014763309
[673]  1.404701971  1.910814936  1.631954900  0.375619835  0.675554304  1.147155378  1.001213416  1.538955382
[681]  0.350872065  1.366380487  1.104592542  0.795124236  0.868226329  0.530079818  0.591773173  0.958746003
[689]  0.087493649  0.018631462

$PAR
  [1]  NA   1   1   1   3   4   6   6   6   5   5   5   5   5   5   7   7   7   8   8  19  19  19  19  19  20  21  22
 [29]  26  26  26  26  27  10  10  10  30  33  33  33  33  33  33  33  33  33  33  33  33  34  34  34  16  16  16  16
 [57]  16  28  28  28  28  28  39  39  39  39  39  39  39  39  40  40  40  17  17  17  35  35  35  23  50  50  50  50
 [85]  50  58  58  86  86  86  63  63  81  81  81  81  81  81  81  81  11  11  11  11  77  77  77  77  77  77  18  18
[113]  18  18  24  24  82  82  82  82  51  51 101 101 101  52  52  64  64 128 128  80  80  80  80  80  91  91  91  91
[141]  13  13 123 123 122 122 122 122 141 141 141 141  85  85  85  32 124 124 124 117 160 160 160 160 132 132  53  53
[169]  53  53  53  53  54  54  93  41  41 173 173  74 167 167 167 181 181 181 156 156 156 116 116 116 116 180 180 180
[197] 168 168 168 168 168 168 168 105 105 105 105 105 146 111 111 142 142 142 169 184 161 161  79  79  79  79 216 216
[225] 216 216 216  88 228 228 228 228 170 170 170 170 170 187 187 187 187 188 162 162  75  75  75 223 223 223 229 204
[253] 204 204 198 198 198 194 194 194 215 133 102  42  42 262 240 240 118 118 118  43 212 212 112 205 205 205 205  59
[281]  59  59  67  67  67  67  67 127 127 280 252 252 283 243 243 243 243  44  44 298 298  45 134  55 255 255 255 255
[309] 165 251 190 190 190 144 219 219 219 219 106 106 106 106 242 209 209 310 138 138 258 258 147 147 147 147 211 211
[337] 211 211 211 294 294 285 139 220 113 113 221 221 221 221 221 221 326 103 103 103  56 311 311 358 358 300  69  69
[365] 354 354 175 175 264 264 264 107 107 107 107 125 291 291 233 244 335 230 230 230 108 362 362 328 363 363 363  90
[393]  90 320 265 265 372 372 372 347 347 347 119 119 276 400 199 199 199 199 397 397 397  46  46 135 135 248 248 416
[421] 136 136 136 136 136 303 421 421 421 421 277 277 282 315 315 315 288 288 288 176 273 343 200 200 437 437 437 437
[449] 434 434 295 422 256 256 201 411 427 231 420 420 420 293 278 225 206 148 414 414 305 373 373 373 459 435 435 247
[477] 247 382 382  95  95 306 191  47  47 455 455 263 263 263 186 157 157 157 157 157 369 451 451 451 476 467 275 275
[505] 275 492 398 398 445 445 222 268 150 150 394 394 179 323 501 250 507 463 463 353 353 321 321 321 192 401 480 480
[533] 348 526 346 346 380 513 508 217 424 424 515 515 453 453 453 453 351 218 462 462 462 462 462 235 266 266 365 304
[561] 550 299 543 352 352 292 477 499  96  96  96 486  97 383 383 359 569 522 522 574 574 109 296 297 537 514 374 587
[589] 559 207  73 364 364 364 322 322 549 549 196 591 213 407 407 408  15  15  15 395 518 226 570 344 337 415 415 316
[617] 557 540 617 333 452 438 558 494 623 317 497 232 428 578 441 441 271 511 511 479 567 605 446 626 626 489 561 366
[645] 367 638 471 471 279 609 609 631 529 529 534 431 506 641 606 456 368 385 652 566 566 308 663  70 140 140 634 387
[673] 579 664 650 650 260 481 450 590 309 658 658 519 272 214 656 679 487 589

$EXTANT
  [1] FALSE FALSE FALSE FALSE  TRUE FALSE FALSE FALSE FALSE FALSE FALSE FALSE  TRUE FALSE  TRUE  TRUE FALSE  TRUE FALSE
 [20] FALSE FALSE FALSE FALSE FALSE FALSE FALSE FALSE  TRUE FALSE FALSE FALSE FALSE  TRUE FALSE FALSE FALSE FALSE FALSE
 [39]  TRUE  TRUE  TRUE  TRUE  TRUE FALSE FALSE FALSE  TRUE  TRUE FALSE FALSE FALSE FALSE FALSE  TRUE  TRUE  TRUE  TRUE
 [58]  TRUE FALSE FALSE  TRUE  TRUE FALSE FALSE FALSE FALSE  TRUE FALSE  TRUE  TRUE FALSE  TRUE  TRUE  TRUE FALSE FALSE
 [77]  TRUE  TRUE  TRUE FALSE  TRUE  TRUE FALSE FALSE  TRUE FALSE FALSE FALSE FALSE FALSE  TRUE FALSE FALSE FALSE  TRUE
 [96]  TRUE  TRUE  TRUE  TRUE  TRUE  TRUE FALSE FALSE  TRUE  TRUE  TRUE  TRUE  TRUE  TRUE  TRUE FALSE  TRUE  TRUE FALSE
[115] FALSE  TRUE FALSE  TRUE  TRUE FALSE FALSE FALSE FALSE  TRUE FALSE FALSE FALSE  TRUE FALSE FALSE  TRUE  TRUE FALSE
[134]  TRUE FALSE  TRUE FALSE FALSE  TRUE  TRUE  TRUE  TRUE FALSE FALSE FALSE  TRUE  TRUE  TRUE FALSE  TRUE  TRUE  TRUE
[153] FALSE FALSE FALSE  TRUE FALSE  TRUE  TRUE  TRUE  TRUE FALSE  TRUE  TRUE  TRUE  TRUE  TRUE  TRUE  TRUE  TRUE FALSE
[172] FALSE  TRUE  TRUE  TRUE  TRUE  TRUE FALSE FALSE FALSE  TRUE FALSE FALSE FALSE FALSE  TRUE FALSE FALSE  TRUE FALSE
[191]  TRUE  TRUE  TRUE  TRUE FALSE  TRUE FALSE  TRUE  TRUE FALSE FALSE  TRUE  TRUE  TRUE FALSE FALSE  TRUE  TRUE  TRUE
[210] FALSE  TRUE  TRUE  TRUE  TRUE FALSE  TRUE  TRUE  TRUE  TRUE  TRUE  TRUE  TRUE FALSE FALSE  TRUE  TRUE  TRUE FALSE
[229] FALSE  TRUE  TRUE  TRUE  TRUE FALSE  TRUE  TRUE  TRUE FALSE FALSE  TRUE FALSE FALSE FALSE  TRUE FALSE  TRUE FALSE
[248]  TRUE FALSE  TRUE FALSE  TRUE  TRUE  TRUE  TRUE  TRUE FALSE  TRUE  TRUE  TRUE FALSE FALSE  TRUE FALSE  TRUE  TRUE
[267]  TRUE FALSE  TRUE FALSE  TRUE  TRUE  TRUE  TRUE  TRUE  TRUE  TRUE  TRUE  TRUE  TRUE  TRUE FALSE  TRUE FALSE  TRUE
[286] FALSE  TRUE  TRUE  TRUE FALSE  TRUE FALSE FALSE  TRUE FALSE  TRUE FALSE  TRUE  TRUE FALSE  TRUE  TRUE  TRUE  TRUE
[305]  TRUE  TRUE FALSE  TRUE  TRUE  TRUE  TRUE FALSE  TRUE FALSE  TRUE  TRUE  TRUE  TRUE FALSE FALSE  TRUE  TRUE FALSE
[324] FALSE  TRUE  TRUE  TRUE  TRUE  TRUE FALSE  TRUE  TRUE  TRUE  TRUE FALSE FALSE  TRUE  TRUE  TRUE  TRUE FALSE  TRUE
[343]  TRUE FALSE FALSE  TRUE  TRUE  TRUE FALSE FALSE  TRUE  TRUE  TRUE  TRUE FALSE FALSE FALSE  TRUE  TRUE  TRUE  TRUE
[362]  TRUE  TRUE  TRUE  TRUE  TRUE FALSE FALSE  TRUE  TRUE  TRUE  TRUE  TRUE  TRUE  TRUE  TRUE FALSE  TRUE  TRUE  TRUE
[381] FALSE  TRUE  TRUE FALSE  TRUE  TRUE  TRUE  TRUE  TRUE  TRUE  TRUE FALSE FALSE  TRUE  TRUE  TRUE  TRUE  TRUE  TRUE
[400]  TRUE  TRUE  TRUE  TRUE  TRUE FALSE  TRUE  TRUE FALSE  TRUE  TRUE  TRUE  TRUE  TRUE  TRUE  TRUE FALSE  TRUE  TRUE
[419] FALSE  TRUE  TRUE  TRUE FALSE  TRUE FALSE  TRUE  TRUE  TRUE FALSE  TRUE  TRUE  TRUE FALSE  TRUE  TRUE FALSE  TRUE
[438]  TRUE  TRUE  TRUE  TRUE  TRUE  TRUE FALSE  TRUE  TRUE  TRUE  TRUE  TRUE  TRUE  TRUE  TRUE  TRUE  TRUE  TRUE  TRUE
[457]  TRUE  TRUE  TRUE  TRUE  TRUE  TRUE  TRUE FALSE FALSE  TRUE  TRUE  TRUE  TRUE  TRUE  TRUE  TRUE FALSE  TRUE  TRUE
[476]  TRUE FALSE FALSE  TRUE  TRUE  TRUE  TRUE  TRUE  TRUE  TRUE  TRUE  TRUE  TRUE  TRUE  TRUE  TRUE FALSE  TRUE  TRUE
[495]  TRUE  TRUE  TRUE  TRUE  TRUE  TRUE  TRUE  TRUE FALSE  TRUE  TRUE  TRUE  TRUE  TRUE  TRUE  TRUE  TRUE  TRUE  TRUE
[514]  TRUE  TRUE  TRUE  TRUE  TRUE  TRUE  TRUE  TRUE  TRUE  TRUE FALSE FALSE  TRUE  TRUE FALSE  TRUE  TRUE  TRUE FALSE
[533] FALSE FALSE  TRUE  TRUE  TRUE  TRUE  TRUE  TRUE  TRUE  TRUE  TRUE  TRUE  TRUE  TRUE  TRUE  TRUE  TRUE  TRUE FALSE
[552]  TRUE  TRUE  TRUE  TRUE  TRUE  TRUE  TRUE  TRUE  TRUE  TRUE FALSE  TRUE  TRUE  TRUE  TRUE  TRUE  TRUE  TRUE FALSE
[571]  TRUE  TRUE  TRUE  TRUE  TRUE  TRUE  TRUE  TRUE  TRUE  TRUE  TRUE FALSE  TRUE  TRUE  TRUE  TRUE  TRUE  TRUE  TRUE
[590]  TRUE  TRUE  TRUE  TRUE  TRUE  TRUE  TRUE  TRUE  TRUE  TRUE  TRUE  TRUE  TRUE  TRUE  TRUE  TRUE  TRUE  TRUE  TRUE
[609]  TRUE  TRUE  TRUE  TRUE  TRUE  TRUE  TRUE  TRUE  TRUE  TRUE  TRUE  TRUE  TRUE  TRUE  TRUE  TRUE  TRUE  TRUE  TRUE
[628]  TRUE  TRUE  TRUE  TRUE  TRUE  TRUE  TRUE FALSE  TRUE  TRUE  TRUE  TRUE  TRUE  TRUE  TRUE  TRUE  TRUE  TRUE  TRUE
[647]  TRUE  TRUE  TRUE  TRUE  TRUE  TRUE  TRUE  TRUE  TRUE  TRUE  TRUE  TRUE  TRUE  TRUE  TRUE  TRUE  TRUE  TRUE  TRUE
[666]  TRUE  TRUE  TRUE  TRUE  TRUE  TRUE  TRUE  TRUE  TRUE  TRUE  TRUE  TRUE  TRUE  TRUE  TRUE  TRUE  TRUE  TRUE  TRUE
[685]  TRUE  TRUE  TRUE  TRUE  TRUE  TRUE

