
Birth-death simulation object with 724 species and 500 extant species

Details for some species:

Extinction times (NA means extant)
[1] 88.99040 61.47830 88.79982 47.65507 46.49930 39.43177


Speciation times 
[1] 97.61957 92.99491 89.84495 80.28336 73.40804 70.33640


Species parents (NA for initial)
[1] NA  1  1  2  2  2


Species status (extinct or extant)
[1] "extinct" "extinct" "extinct" "extinct" "extinct" "extinct"


For more details on vector y, try sim$y, with y one of
TE TS PAR EXTANT



$TE
  [1] 88.99040090 61.47829528 88.79981927 47.65507324 46.49929903 39.43176721 66.93183948 53.86326081 31.37240379
 [10] 47.83195639          NA          NA 64.24430346 19.16253270          NA 15.07420320 56.72436663 60.79578094
 [19] 12.74787444 48.77146569 21.99687890 14.23497209 33.14017905  4.95412135          NA 19.15659365          NA
 [28] 26.16797214  6.62077496 36.05935687  9.80998713          NA          NA          NA          NA          NA
 [37]  0.23572821  9.09958736          NA 15.48398491 28.16744665          NA          NA  4.12196087          NA
 [46]          NA 17.44147503          NA 34.08421484  2.72294316 13.73321962 18.53754977          NA 19.74266451
 [55]          NA 15.89065213          NA 34.84382543 13.54134496 38.83081663          NA          NA          NA
 [64] 38.52866986 12.83890994          NA          NA          NA          NA 38.66384860 19.63424465          NA
 [73] 25.83990534 35.55659037          NA          NA          NA          NA          NA 20.23747883 30.56298906
 [82] 30.70147543          NA          NA  0.04103562          NA          NA          NA 14.58975901 27.19902527
 [91] 32.27326546 32.28141979          NA          NA          NA 39.95396949 18.46359816          NA 18.19969684
[100]          NA 21.03855371 18.26988113          NA 33.56017820          NA  1.10022600          NA          NA
[109] 10.70260663          NA          NA 18.72760481          NA 13.59645772 21.41848057 18.27564295          NA
[118] 23.02174039  3.23248646          NA 22.36027726  9.69497000          NA 16.43933384          NA 23.88215012
[127] 13.84791570 17.51884559 10.96631433          NA          NA          NA  2.25805784          NA 30.53486432
[136]          NA  8.40247135          NA 26.77339392 10.26418308          NA          NA          NA          NA
[145]          NA          NA 30.00766266          NA          NA          NA 12.51289855  2.24542822 12.57764209
[154]          NA          NA          NA 18.66055746          NA 23.83274765 16.54823632  2.44282023          NA
[163]          NA 28.04599475 26.23493218  4.26688045          NA  7.63925308 24.41066076  6.18150612          NA
[172] 23.17355164 19.65087511          NA  1.72775762          NA  6.84578799 15.05709929 25.61973271          NA
[181]          NA 23.57349829          NA          NA          NA          NA          NA  1.07278844          NA
[190]          NA          NA          NA          NA 11.99147460          NA          NA 25.24110666          NA
[199]          NA          NA 22.44313430  1.20067215          NA 12.06272729 10.45510967  5.69078512          NA
[208] 16.53451883 21.84678408          NA          NA          NA 20.47666731          NA 23.78599660  7.93963561
[217] 13.42936252          NA          NA          NA 15.09883129          NA          NA  7.63259269          NA
[226]          NA          NA          NA          NA          NA          NA          NA  6.79749144  5.68407147
[235]          NA          NA          NA  4.00966475          NA 23.85695070  0.92970770          NA          NA
[244]          NA          NA          NA          NA          NA          NA 13.56704575  6.55978360          NA
[253]          NA          NA          NA          NA          NA          NA          NA          NA  6.75408544
[262]          NA          NA          NA          NA          NA          NA          NA 20.37582430 22.34601444
[271] 20.38883679  7.88897412 19.01635966  1.97660688          NA          NA          NA  4.57487637  6.85339722
[280] 12.51266994  4.54245168          NA          NA          NA          NA          NA          NA          NA
[289]          NA  7.01004165          NA          NA          NA 16.23355259          NA          NA  0.17264615
[298]          NA          NA 21.71319976 15.65394034          NA          NA          NA  8.91969647  8.80282113
[307]          NA          NA          NA          NA          NA          NA          NA          NA          NA
[316]          NA          NA          NA          NA          NA  4.90725056  3.10656415          NA 18.06303594
[325]          NA          NA          NA  7.21471196          NA          NA          NA          NA          NA
[334]  7.09139295          NA 21.16928894          NA          NA          NA          NA          NA          NA
[343]          NA  6.05660420          NA          NA          NA 12.26781878          NA          NA  0.56263822
[352]          NA  3.16543384          NA          NA          NA  4.75183181          NA  4.94417447          NA
[361]          NA          NA          NA  8.69047584 10.55018111          NA          NA  2.89920161  1.42894360
[370]          NA          NA          NA          NA          NA          NA          NA          NA          NA
[379]          NA  3.85647132          NA          NA  2.14749867          NA          NA          NA          NA
[388]          NA  6.67189663          NA          NA  1.84248050          NA          NA 13.97387124          NA
[397]          NA          NA  4.76818904          NA          NA          NA          NA          NA          NA
[406]  7.88947574          NA          NA          NA 11.14041866          NA          NA          NA  4.45799057
[415]          NA          NA          NA          NA          NA  7.41333279  3.69684974 10.86323596          NA
[424]  7.36457463          NA          NA          NA          NA          NA          NA          NA          NA
[433]          NA          NA  5.67233128          NA          NA          NA  6.92394773  1.04958497          NA
[442]          NA          NA 14.78602457          NA          NA          NA          NA          NA          NA
[451]  8.69105377 12.97839537          NA          NA          NA 13.48620452          NA  5.55760469          NA
[460]          NA          NA          NA          NA  4.83672919  3.35928801          NA          NA          NA
[469]          NA          NA          NA          NA          NA          NA          NA  8.99729948          NA
[478]          NA  1.55777667          NA 12.96240530  2.32874219          NA          NA          NA          NA
[487]          NA          NA          NA  7.00769727          NA  2.30167390          NA          NA          NA
[496]  7.77998543          NA          NA          NA          NA          NA          NA          NA          NA
[505]          NA          NA          NA  2.09513778          NA          NA          NA          NA  1.25458158
[514]          NA          NA          NA  3.38461053          NA          NA          NA          NA          NA
[523]          NA          NA  1.58968234          NA          NA          NA  9.14965809          NA          NA
[532]          NA          NA          NA          NA  8.35866129  0.61028305          NA          NA          NA
[541]  2.22373879  6.93169287          NA          NA  4.55717849          NA          NA          NA          NA
[550]  8.94410899          NA          NA  9.19437861          NA          NA          NA          NA 10.56479438
[559]          NA 10.50287692          NA          NA          NA          NA          NA  8.76844466          NA
[568]  0.25444856          NA          NA          NA          NA          NA  3.49240735          NA  5.63401823
[577]          NA          NA          NA          NA          NA          NA          NA          NA          NA
[586]          NA          NA          NA          NA  0.63747284          NA          NA          NA          NA
[595]          NA  4.34534135  5.18569175          NA          NA          NA  2.34191687          NA          NA
[604]          NA          NA  5.96960437          NA  0.84333552          NA  4.66723462          NA          NA
[613]          NA          NA          NA          NA          NA          NA          NA  3.36027450          NA
[622]  5.82931298          NA          NA          NA  0.58417761          NA          NA          NA  0.76776376
[631]          NA          NA          NA          NA          NA          NA          NA          NA          NA
[640]          NA          NA          NA          NA          NA          NA          NA          NA          NA
[649]          NA          NA  2.67290808          NA          NA          NA          NA          NA          NA
[658]          NA          NA          NA  0.94044234          NA          NA          NA          NA          NA
[667]          NA          NA  0.59041470          NA          NA          NA          NA  2.61035185          NA
[676]          NA          NA          NA          NA          NA          NA          NA  2.45814086          NA
[685]          NA          NA          NA          NA          NA          NA          NA          NA  2.88332351
[694]          NA          NA          NA          NA          NA          NA          NA          NA          NA
[703]          NA          NA          NA          NA          NA          NA          NA          NA          NA
[712]          NA          NA          NA          NA          NA          NA          NA          NA          NA
[721]          NA          NA          NA          NA

$TS
  [1] 9.761957e+01 9.299491e+01 8.984495e+01 8.028336e+01 7.340804e+01 7.033640e+01 6.824227e+01 6.870386e+01
  [9] 4.778332e+01 4.954394e+01 5.851559e+01 5.606406e+01 6.716202e+01 6.616152e+01 6.603524e+01 6.020321e+01
 [17] 5.854042e+01 6.471084e+01 5.221406e+01 4.934830e+01 4.598144e+01 2.245308e+01 3.640445e+01 1.711513e+01
 [25] 1.012923e+01 5.210035e+01 4.751053e+01 3.126054e+01 1.913588e+01 5.470587e+01 4.936968e+01 3.582953e+01
 [33] 2.643810e+01 2.506427e+01 7.101113e+00 1.491667e+00 5.124667e+01 5.077924e+01 4.338258e+01 3.904153e+01
 [41] 3.507573e+01 1.885838e+01 6.443305e+00 5.446647e+00 2.300688e+00 4.592871e+01 4.547331e+01 2.906818e+01
 [49] 4.170231e+01 3.216604e+01 2.773373e+01 4.347940e+01 2.888394e+01 2.717715e+01 1.915739e+01 1.785600e+01
 [57] 1.678872e+01 3.726932e+01 1.867132e+01 4.807104e+01 4.598618e+01 4.534884e+01 4.098315e+01 3.983406e+01
 [65] 3.395077e+01 3.254253e+01 2.124085e+01 1.417818e+01 9.930984e+00 3.958704e+01 4.612960e+01 4.505305e+01
 [73] 3.187960e+01 4.600851e+01 3.140811e+01 3.066865e+01 1.276947e+01 6.146742e-01 3.416166e+01 3.411154e+01
 [81] 3.373197e+01 3.848820e+01 2.438386e+01 8.784605e+00 3.881783e+00 2.034403e+00 1.134033e+00 2.846890e+01
 [89] 2.662658e+01 4.190167e+01 3.940148e+01 3.843396e+01 3.058805e+01 1.304129e+01 2.692358e+01 4.521456e+01
 [97] 4.302198e+01 3.613843e+01 3.312117e+01 3.193121e+01 2.526569e+01 2.141259e+01 1.203733e+01 3.475313e+01
[105] 2.884575e+01 2.346220e+01 3.041225e+00 2.539625e+01 2.166511e+01 3.481032e+01 2.491050e+01 4.032017e+01
[113] 3.884720e+01 3.120142e+01 2.311468e+01 2.134397e+01 3.837138e+01 3.320941e+01 2.872094e+01 2.806078e+01
[121] 2.857294e+01 2.569607e+01 2.233473e+01 1.778100e+01 1.115100e+01 2.834282e+01 3.111539e+01 2.702218e+01
[129] 2.052822e+01 3.744499e+01 1.606059e+01 7.540512e+00 6.017336e+00 5.401914e+00 3.474831e+01 1.638852e+01
[137] 3.341147e+01 1.022873e+01 3.003815e+01 1.687014e+01 9.435153e+00 2.785786e+00 5.978313e-01 3.240869e+01
[145] 3.215938e+01 2.377724e+01 3.386681e+01 4.057365e+00 8.104398e-01 6.164653e-01 3.387516e+01 2.311346e+01
[153] 2.101461e+01 1.689295e+01 7.645734e+00 4.790691e+00 2.668885e+01 2.804108e+01 2.770921e+01 2.098430e+01
[161] 3.033470e+01 2.552703e+01 1.881523e+01 3.315721e+01 3.140261e+01 1.462969e+01 9.958608e+00 3.175482e+01
[169] 3.142284e+01 2.996762e+01 2.851397e+01 3.287148e+01 3.102374e+01 2.795926e+01 2.135566e+01 5.524222e+00
[177] 3.169306e+01 3.046433e+01 2.756087e+01 7.196760e+00 2.321284e+00 3.079536e+01 2.941044e+01 2.625724e+01
[185] 2.606576e+01 2.353716e+01 1.182545e+01 4.590584e+00 2.821281e+01 1.547407e+01 3.178224e+00 1.662221e+01
[193] 1.374275e+01 2.829050e+01 1.742479e+01 1.389725e+01 3.066146e+01 5.839985e+00 2.887065e+01 2.709043e+01
[201] 2.553092e+01 2.063882e+01 2.817767e+01 2.526321e+01 2.889005e+01 1.941692e+01 1.148961e+01 2.895843e+01
[209] 3.040181e+01 2.304802e+01 2.926400e+01 2.225125e+01 2.196437e+01 1.396924e+01 2.734107e+01 2.308556e+01
[217] 2.199795e+01 1.715862e+01 1.552887e+01 9.322639e+00 2.394888e+01 2.277895e+01 2.220600e+01 2.121960e+01
[225] 2.443241e+01 1.444064e+01 3.537528e+00 2.427536e+01 2.394673e+01 2.123064e+01 2.212495e+01 1.489038e+00
[233] 2.442580e+01 1.034039e+01 1.119102e+00 1.925439e+01 3.962860e+00 2.871622e+01 2.051111e+01 2.589726e+01
[241] 2.378226e+01 1.850257e+01 1.387939e+01 8.638021e+00 5.990818e-01 1.747227e+01 9.281594e+00 2.118207e+00
[249] 2.033875e+00 2.008481e+01 1.676275e+01 1.280761e+01 9.658875e+00 2.004549e+00 7.224951e-02 1.636921e-02
[257] 2.459505e+01 2.027396e+01 4.741591e+00 3.338381e+00 1.212653e+01 4.525415e+00 3.136409e-01 5.257009e+00
[265] 4.142095e+00 2.239521e+00 1.166942e+00 1.562767e+01 2.628523e+01 2.693726e+01 2.136290e+01 9.377087e+00
[273] 2.082438e+01 2.030943e+01 2.485365e+00 4.849473e-01 2.213972e+00 1.587251e+01 2.421544e+01 2.123612e+01
[281] 1.204906e+01 4.942052e+00 1.963187e+01 1.136431e+01 2.064112e+01 2.055023e+00 2.366909e+01 2.343919e+01
[289] 1.487487e+01 1.016040e+01 1.903135e+00 1.830859e+01 1.652974e+01 1.762774e+01 1.187860e+01 1.593520e-02
[297] 8.518936e+00 7.620336e+00 4.345785e+00 2.175026e+01 2.172036e+01 1.065936e+01 8.657786e+00 1.334429e+00
[305] 2.150281e+01 2.047808e+01 1.253207e+01 8.316843e+00 2.165206e+01 1.847041e+01 1.365765e+01 1.272805e+01
[313] 8.194357e+00 2.037813e+01 1.003741e+01 1.090160e+00 1.706766e+01 5.084099e+00 1.188277e+00 2.219574e+01
[321] 2.154666e+01 2.335717e+01 1.660045e+01 2.297923e+01 2.200589e+01 1.698013e+01 4.354151e+00 1.543967e+01
[329] 1.059784e+01 2.501528e+00 1.215587e+01 9.691907e+00 2.025847e+01 1.223031e+01 1.165503e+01 2.201475e+01
[337] 2.070344e+01 1.924231e+01 6.609643e+00 1.921648e-01 7.224520e+00 7.669004e-01 1.451854e+01 2.201854e+01
[345] 1.867065e+01 8.266658e+00 2.117127e+00 1.712310e+01 1.648171e+01 4.962442e+00 1.409822e+00 5.986458e-01
[353] 3.960701e+00 5.641345e+00 4.738998e+00 1.732393e+00 2.099501e+01 1.046911e+01 9.833645e+00 5.039857e+00
[361] 1.949621e+00 2.124580e+01 1.618511e+01 1.039781e+01 2.082141e+01 1.244439e+01 1.381207e+01 5.808951e+00
[369] 7.054292e+00 6.976058e+00 3.019382e+00 1.292324e+01 8.911695e+00 7.654475e+00 4.061799e+00 2.860773e+00
[377] 9.110346e-01 1.902609e+01 1.648720e+01 1.532218e+01 7.641924e+00 1.706642e+01 1.537878e+01 1.675083e+01
[385] 1.910307e+01 1.905279e+01 2.041699e+01 1.387923e+01 1.175913e+01 2.027109e+01 1.853331e+01 1.380999e+01
[393] 1.355776e+01 9.244845e+00 2.021294e+01 1.424437e+01 1.376700e+01 1.060608e+01 7.838299e+00 1.103072e+01
[401] 1.061934e+01 1.531158e+01 1.284798e+00 1.061443e+00 1.883967e+01 1.071098e+01 1.014319e+01 8.180007e+00
[409] 3.625712e+00 1.362306e+01 1.128603e+01 5.104436e+00 1.522999e+01 1.026044e+01 7.331354e+00 4.978843e+00
[417] 2.024563e+01 8.925360e+00 5.344386e-01 1.592453e+01 1.943786e+01 1.795567e+01 1.698257e+01 8.894308e+00
[425] 1.110985e+01 7.490496e+00 1.420923e+01 1.264284e+01 1.183040e+01 4.377614e-01 6.046922e-02 5.244204e+00
[433] 1.803267e+01 9.293040e+00 5.988271e+00 1.385045e+00 6.582942e-01 1.626900e+01 1.704473e+01 9.590181e+00
[441] 2.476496e+00 1.752742e+01 7.268945e+00 1.775804e+01 1.259162e+01 9.415157e+00 1.625951e+01 1.402447e+01
[449] 1.080698e+01 1.671123e+00 1.631507e+01 1.315251e+01 5.260172e+00 3.967764e+00 9.652395e-01 1.606475e+01
[457] 1.859128e+00 1.362324e+01 9.351869e+00 1.462821e+01 6.889506e+00 3.744412e-01 6.750271e+00 1.200297e+01
[465] 5.957164e+00 3.634701e-01 1.262136e+01 5.283224e+00 4.486682e+00 1.152054e+01 1.090043e+01 1.488988e+01
[473] 1.077310e+01 1.582547e+00 6.764462e+00 1.044122e+01 1.028347e+01 5.832204e+00 5.605574e+00 4.884710e+00
[481] 1.322843e+01 7.647930e+00 1.287659e+01 1.592068e-01 7.414467e+00 4.618013e+00 6.245286e+00 1.067254e+01
[489] 7.786842e+00 7.678097e+00 2.419392e+00 6.481123e+00 9.210145e+00 1.386143e+01 9.860209e+00 8.137020e+00
[497] 4.849665e+00 1.463726e+01 1.425668e+01 6.624581e+00 7.538414e+00 5.990020e+00 1.551545e+00 1.287736e+01
[505] 7.168026e+00 1.441499e+01 5.550619e+00 4.455291e+00 1.476043e+00 2.517130e-01 1.219549e+01 5.950488e+00
[513] 4.985927e+00 3.917468e+00 2.382365e+00 2.017738e+00 1.184207e+01 8.827714e+00 5.345371e+00 2.447985e+00
[521] 9.822298e-01 9.739947e+00 4.771590e+00 3.596484e+00 1.923511e+00 3.488308e+00 5.404308e+00 3.370033e+00
[529] 1.350796e+01 9.076156e+00 2.960066e+00 1.695330e+00 6.465200e+00 1.255414e+01 3.773984e+00 1.007690e+01
[537] 1.045057e+01 1.251381e+01 1.197180e+01 8.155657e+00 2.654382e+00 1.297606e+01 1.939281e+00 1.318865e-01
[545] 1.104793e+01 6.179592e+00 3.091811e+00 3.082898e+00 2.452118e+00 1.111491e+01 7.548093e+00 6.854155e+00
[553] 1.144810e+01 7.502687e+00 3.623093e+00 2.226390e+00 5.060427e-01 1.244779e+01 5.359246e+00 1.130025e+01
[561] 3.435598e+00 1.244587e+01 3.561893e+00 1.599767e+00 1.058807e+01 1.081066e+01 9.089838e+00 4.806402e+00
[569] 8.478043e+00 4.401912e+00 1.115079e+01 9.638223e+00 1.134619e+01 1.127189e+01 5.674109e+00 1.173053e+01
[577] 3.755183e+00 8.949227e+00 8.929186e+00 7.347908e+00 3.567421e+00 6.612221e+00 3.138824e+00 1.005463e+01
[585] 4.083053e+00 9.463334e+00 4.439937e+00 3.980230e-01 6.653833e+00 7.794807e+00 6.076787e+00 3.577008e+00
[593] 5.225232e+00 8.343009e+00 6.994634e+00 9.466869e+00 9.265562e+00 1.854492e+00 1.237318e+00 8.379093e+00
[601] 6.957431e+00 7.901933e+00 4.284258e+00 9.377256e+00 9.049519e+00 8.125575e+00 1.198509e+00 2.517687e+00
[609] 1.017203e+00 7.943865e+00 5.938757e+00 1.188276e+00 6.232278e+00 2.517696e+00 3.155211e+00 7.583839e+00
[617] 4.643793e+00 4.451664e+00 3.797957e+00 5.097892e+00 3.363465e+00 7.084329e+00 7.884008e+00 5.878270e+00
[625] 7.327378e+00 6.853981e-01 7.424107e+00 2.892480e+00 7.299896e+00 4.993485e+00 5.378711e-01 7.692097e+00
[633] 5.173741e+00 5.958201e+00 2.981523e+00 2.230436e+00 5.951879e+00 8.262658e+00 6.549145e+00 2.754164e+00
[641] 1.291092e+00 2.454222e+00 7.114742e+00 2.094330e+00 4.301818e+00 6.086392e+00 6.911770e+00 1.693511e+00
[649] 7.153405e+00 2.659553e+00 2.878996e+00 4.806968e+00 4.053972e+00 4.233462e+00 1.737083e+00 1.068578e+00
[657] 2.533591e+00 3.857213e+00 3.515591e+00 5.377809e+00 3.834860e+00 5.817154e+00 5.127804e-01 2.876272e+00
[665] 2.933292e+00 5.267167e+00 2.772696e+00 5.550211e+00 1.556827e+00 3.381345e+00 1.260498e+00 2.265474e+00
[673] 4.019207e+00 4.927062e+00 1.613483e+00 1.145827e+00 2.744624e+00 8.444549e-01 1.533564e-01 4.128714e+00
[681] 2.011994e+00 3.503239e-01 3.816398e+00 3.884996e+00 1.409650e+00 3.426054e-01 3.611157e+00 2.384998e-01
[689] 1.254141e+00 3.281544e+00 6.429092e-01 6.029160e-01 3.784777e+00 3.619321e+00 2.340459e+00 3.376621e+00
[697] 1.662105e+00 3.038972e+00 1.952532e+00 1.618480e+00 2.553663e+00 1.115051e-02 2.372482e+00 2.155106e+00
[705] 1.214073e+00 8.468832e-01 1.341663e+00 2.684505e-01 6.324710e-01 6.208714e-02 6.388647e-01 2.105161e+00
[713] 2.010188e+00 1.526422e+00 9.917692e-04 1.035871e+00 8.321532e-01 4.285936e-01 1.211531e+00 4.440044e-01
[721] 4.112794e-02 7.266686e-01 5.149809e-01 2.216034e-01

$PAR
  [1]  NA   1   1   2   2   2   2   4   4   5   6   6   8   8   8   8   8  13  14  14  14  14  15  15  15  16  16  16
 [29]  16  11  11  11  11  11  11  11  12  12  12  12  12  12  12  12  12  19  19  19  26  26  26  37  37  37  37  37
 [57]  37  38  38  10  31  31  31  31  31  31  31  31  31  60   9   9   9  27  27  27  27  27  71  71  71  74  61  61
 [85]  61  61  61  21  21  46  46  46  46  46  47  62  62  62  62  62  62  62  62  72  72  72  72  52  52  39  39  97
[113]  97  97  97  97  90  90  90  90  63  63  63  63  63 112  40  40  40 113 113 113 113 113  82 117 130 130  98  98
[141]  98  98  98  32  32  32 110 110 110 110 104  79  79  79  79  79  80  65  65  65 151 151 151  81 137 137 137 118
[169] 118 118 118 164 172  66  66  66 144 144 144 144 144  50  50  50  50 145 145 145 100 100 100 168 168 177 177 177
[197] 169  75 165 165 127 127 182 182  76  76  76 197  93  93 209 209 161 161 170 170 170 170 170 170 183 183 183 183
[225] 211 211 211  48 208 208 205  53 199 199 199 105 105 119 238 171 171 171 171 171 171  88  88  88  88 194 194 194
[253] 189 189 189 189 203 203 203 120 158 158 158 174 174 174 174  51 179  54 200 200 128  95  95  95  33 184 185 185
[281] 185 185 122 122 162 162 108 108 108 108 108 204 204 111 111 111 257 225 225 233 233 233 233  83 228 228 228 279
[309] 221 229 229 229 229 241 241 241 146 146 146 287 287 186 186 106 106 106 106 288 288 288 322 322 152 152 152 216
[337] 216 210 210 210 222 222  22 212 212 212 212 223 223 223 223 223 320 231 231 231 344 344 344 325 325 109 309 309
[365] 305 305 175 175 362 362 362  67  67  67  67  67  67 280 230 230 224 153 153 160 273 273 365 337 337 285 285 285
[393] 285 285 129 129 239 239 239 306 306 387 387 387 314 314 314 314 314 274 274 274 390 390 390 390 333 333 333 417
[421] 250 250 421 421 206 206 236 236 236 236 236 338  55  55  55  55 385 386 378 378 378  42  42 345 391 391 242 242
[449] 242 242 310 310 292 292 433  56 442 246 246 195 195 218  24 382 423 423 326 326 326 140 192 323 323 323 293 379
[477] 379 379 379 379 349 349 136 136 447 447 363 420 278 278 219 190 328 380 380 380 380 472 472 472 289 289 289 498
[505] 166 460 343 343 343 343 226 226 226 226 499 499 396 396 396 427 427  68  68  68  68 448 196 196 243 243 243 243
[533] 494 392 392 397 193 311 458 458 393 481  94 372 504 504 504 504 504 483 483 483 252  77  77  77  77 312 467 534
[561] 307 538 538 538 558 562 562 366 511 511 331 281 464 539 539 295 429 389 389 335 335 573 573 125 125 571 571 571
[589] 425 545 545 400 449 406 488 401 398 398 565 537 537 234 477 407 407 407  25 584 584 495 495 495 440 440 141 446
[617] 604 604 220 434 247 597 493 493 567 567 530 530 578 578 579 418 373 518 297 297 594 308 308 638 313 408 489 489
[645] 374 482 616 616 132 132 580 415 443 341 180 505 649  35 595 370 601 589 589 500 582 533 613 546 502 465 478 662
[673] 176 519 453 453 264 593 282 480 497 652 617 262 618 570 299 645 654 680 585 585 673 237 237 353 684  85 659 528
[701] 191 548 371 371 371 371 531 665 657 614 515 181 556 644 249 457 532 450 714 509  87 235 691 631

$EXTANT
  [1] FALSE FALSE FALSE FALSE FALSE FALSE FALSE FALSE FALSE FALSE  TRUE  TRUE FALSE FALSE  TRUE FALSE FALSE FALSE FALSE
 [20] FALSE FALSE FALSE FALSE FALSE  TRUE FALSE  TRUE FALSE FALSE FALSE FALSE  TRUE  TRUE  TRUE  TRUE  TRUE FALSE FALSE
 [39]  TRUE FALSE FALSE  TRUE  TRUE FALSE  TRUE  TRUE FALSE  TRUE FALSE FALSE FALSE FALSE  TRUE FALSE  TRUE FALSE  TRUE
 [58] FALSE FALSE FALSE  TRUE  TRUE  TRUE FALSE FALSE  TRUE  TRUE  TRUE  TRUE FALSE FALSE  TRUE FALSE FALSE  TRUE  TRUE
 [77]  TRUE  TRUE  TRUE FALSE FALSE FALSE  TRUE  TRUE FALSE  TRUE  TRUE  TRUE FALSE FALSE FALSE FALSE  TRUE  TRUE  TRUE
 [96] FALSE FALSE  TRUE FALSE  TRUE FALSE FALSE  TRUE FALSE  TRUE FALSE  TRUE  TRUE FALSE  TRUE  TRUE FALSE  TRUE FALSE
[115] FALSE FALSE  TRUE FALSE FALSE  TRUE FALSE FALSE  TRUE FALSE  TRUE FALSE FALSE FALSE FALSE  TRUE  TRUE  TRUE FALSE
[134]  TRUE FALSE  TRUE FALSE  TRUE FALSE FALSE  TRUE  TRUE  TRUE  TRUE  TRUE  TRUE FALSE  TRUE  TRUE  TRUE FALSE FALSE
[153] FALSE  TRUE  TRUE  TRUE FALSE  TRUE FALSE FALSE FALSE  TRUE  TRUE FALSE FALSE FALSE  TRUE FALSE FALSE FALSE  TRUE
[172] FALSE FALSE  TRUE FALSE  TRUE FALSE FALSE FALSE  TRUE  TRUE FALSE  TRUE  TRUE  TRUE  TRUE  TRUE FALSE  TRUE  TRUE
[191]  TRUE  TRUE  TRUE FALSE  TRUE  TRUE FALSE  TRUE  TRUE  TRUE FALSE FALSE  TRUE FALSE FALSE FALSE  TRUE FALSE FALSE
[210]  TRUE  TRUE  TRUE FALSE  TRUE FALSE FALSE FALSE  TRUE  TRUE  TRUE FALSE  TRUE  TRUE FALSE  TRUE  TRUE  TRUE  TRUE
[229]  TRUE  TRUE  TRUE  TRUE FALSE FALSE  TRUE  TRUE  TRUE FALSE  TRUE FALSE FALSE  TRUE  TRUE  TRUE  TRUE  TRUE  TRUE
[248]  TRUE  TRUE FALSE FALSE  TRUE  TRUE  TRUE  TRUE  TRUE  TRUE  TRUE  TRUE  TRUE FALSE  TRUE  TRUE  TRUE  TRUE  TRUE
[267]  TRUE  TRUE FALSE FALSE FALSE FALSE FALSE FALSE  TRUE  TRUE  TRUE FALSE FALSE FALSE FALSE  TRUE  TRUE  TRUE  TRUE
[286]  TRUE  TRUE  TRUE  TRUE FALSE  TRUE  TRUE  TRUE FALSE  TRUE  TRUE FALSE  TRUE  TRUE FALSE FALSE  TRUE  TRUE  TRUE
[305] FALSE FALSE  TRUE  TRUE  TRUE  TRUE  TRUE  TRUE  TRUE  TRUE  TRUE  TRUE  TRUE  TRUE  TRUE  TRUE FALSE FALSE  TRUE
[324] FALSE  TRUE  TRUE  TRUE FALSE  TRUE  TRUE  TRUE  TRUE  TRUE FALSE  TRUE FALSE  TRUE  TRUE  TRUE  TRUE  TRUE  TRUE
[343]  TRUE FALSE  TRUE  TRUE  TRUE FALSE  TRUE  TRUE FALSE  TRUE FALSE  TRUE  TRUE  TRUE FALSE  TRUE FALSE  TRUE  TRUE
[362]  TRUE  TRUE FALSE FALSE  TRUE  TRUE FALSE FALSE  TRUE  TRUE  TRUE  TRUE  TRUE  TRUE  TRUE  TRUE  TRUE  TRUE FALSE
[381]  TRUE  TRUE FALSE  TRUE  TRUE  TRUE  TRUE  TRUE FALSE  TRUE  TRUE FALSE  TRUE  TRUE FALSE  TRUE  TRUE  TRUE FALSE
[400]  TRUE  TRUE  TRUE  TRUE  TRUE  TRUE FALSE  TRUE  TRUE  TRUE FALSE  TRUE  TRUE  TRUE FALSE  TRUE  TRUE  TRUE  TRUE
[419]  TRUE FALSE FALSE FALSE  TRUE FALSE  TRUE  TRUE  TRUE  TRUE  TRUE  TRUE  TRUE  TRUE  TRUE  TRUE FALSE  TRUE  TRUE
[438]  TRUE FALSE FALSE  TRUE  TRUE  TRUE FALSE  TRUE  TRUE  TRUE  TRUE  TRUE  TRUE FALSE FALSE  TRUE  TRUE  TRUE FALSE
[457]  TRUE FALSE  TRUE  TRUE  TRUE  TRUE  TRUE FALSE FALSE  TRUE  TRUE  TRUE  TRUE  TRUE  TRUE  TRUE  TRUE  TRUE  TRUE
[476] FALSE  TRUE  TRUE FALSE  TRUE FALSE FALSE  TRUE  TRUE  TRUE  TRUE  TRUE  TRUE  TRUE FALSE  TRUE FALSE  TRUE  TRUE
[495]  TRUE FALSE  TRUE  TRUE  TRUE  TRUE  TRUE  TRUE  TRUE  TRUE  TRUE  TRUE  TRUE FALSE  TRUE  TRUE  TRUE  TRUE FALSE
[514]  TRUE  TRUE  TRUE FALSE  TRUE  TRUE  TRUE  TRUE  TRUE  TRUE  TRUE FALSE  TRUE  TRUE  TRUE FALSE  TRUE  TRUE  TRUE
[533]  TRUE  TRUE  TRUE FALSE FALSE  TRUE  TRUE  TRUE FALSE FALSE  TRUE  TRUE FALSE  TRUE  TRUE  TRUE  TRUE FALSE  TRUE
[552]  TRUE FALSE  TRUE  TRUE  TRUE  TRUE FALSE  TRUE FALSE  TRUE  TRUE  TRUE  TRUE  TRUE FALSE  TRUE FALSE  TRUE  TRUE
[571]  TRUE  TRUE  TRUE FALSE  TRUE FALSE  TRUE  TRUE  TRUE  TRUE  TRUE  TRUE  TRUE  TRUE  TRUE  TRUE  TRUE  TRUE  TRUE
[590] FALSE  TRUE  TRUE  TRUE  TRUE  TRUE FALSE FALSE  TRUE  TRUE  TRUE FALSE  TRUE  TRUE  TRUE  TRUE FALSE  TRUE FALSE
[609]  TRUE FALSE  TRUE  TRUE  TRUE  TRUE  TRUE  TRUE  TRUE  TRUE  TRUE FALSE  TRUE FALSE  TRUE  TRUE  TRUE FALSE  TRUE
[628]  TRUE  TRUE FALSE  TRUE  TRUE  TRUE  TRUE  TRUE  TRUE  TRUE  TRUE  TRUE  TRUE  TRUE  TRUE  TRUE  TRUE  TRUE  TRUE
[647]  TRUE  TRUE  TRUE  TRUE FALSE  TRUE  TRUE  TRUE  TRUE  TRUE  TRUE  TRUE  TRUE  TRUE FALSE  TRUE  TRUE  TRUE  TRUE
[666]  TRUE  TRUE  TRUE FALSE  TRUE  TRUE  TRUE  TRUE FALSE  TRUE  TRUE  TRUE  TRUE  TRUE  TRUE  TRUE  TRUE FALSE  TRUE
[685]  TRUE  TRUE  TRUE  TRUE  TRUE  TRUE  TRUE  TRUE FALSE  TRUE  TRUE  TRUE  TRUE  TRUE  TRUE  TRUE  TRUE  TRUE  TRUE
[704]  TRUE  TRUE  TRUE  TRUE  TRUE  TRUE  TRUE  TRUE  TRUE  TRUE  TRUE  TRUE  TRUE  TRUE  TRUE  TRUE  TRUE  TRUE  TRUE
[723]  TRUE  TRUE

